time, seeders, joined, request_count, response_size, left, awareness, bad_data, leechers
0, 0.0, 0.0, 0.0, 0.0, 0.0, 5001.0, 0.0, 0.0
1, 0.0, 9.0, 1229.11111, 1.39143, 0.0, 14485.512, 0.0, 9.0
2, 0.0, 1.22, 1163.93443, 2.37183, 1.426, 11037.824, 4748.142, 9.794
3, 0.0, 1.16892, 1127.16763, 2.75385, 1.21429, 11042.516, 5127.634, 9.834
4, 0.0, 1.13492, 1132.86713, 2.67901, 1.11719, 11056.79, 5433.702, 9.834
5, 0.0, 1.17544, 1194.02985, 2.5875, 1.06667, 11131.442, 5674.466, 9.878
6, 0.0, 1.08411, 1172.41379, 2.52206, 1.10784, 11153.384, 5919.206, 9.884
7, 0.0, 1.15152, 1192.98246, 2.79412, 1.13761, 11144.612, 6193.798, 9.864
8, 0.0, 1.08197, 1189.39394, 2.87261, 1.1028, 11172.586, 6472.7, 9.892
9, 0.0, 1.13084, 1123.96694, 3.18382, 1.11404, 11153.044, 6756.06, 9.88
10, 0.0, 1.125, 1125.92593, 3.04605, 1.18033, 11123.066, 7081.252, 9.862
11, 3.22485, 1.125, 1096.2963, 3.10811, 1.14815, 11123.998, 7335.08, 8.794
12, 7.128, 1.03846, 1160.49383, 2.94681, 1.0, 11169.142, 7434.48, 3.05857
13, 7.614, 1.10588, 1191.48936, 3.08036, 1.12903, 11036.328, 7747.934, 2.47461
14, 7.712, 1.10909, 1139.34426, 3.13669, 1.08421, 11043.332, 7975.75, 2.43527
15, 7.762, 1.12371, 1220.18349, 3.06767, 1.11538, 11023.19, 8218.734, 2.34292
16, 7.83, 1.13978, 1169.81132, 3.00806, 1.07792, 11066.752, 8380.07, 2.31347
17, 7.888, 1.06757, 1126.58228, 3.1573, 1.10811, 11038.228, 8543.882, 2.27803
18, 7.924, 1.11538, 1241.37931, 3.34259, 1.04819, 11019.838, 8735.406, 2.26304
19, 8.008, 1.06849, 1256.41026, 3.45918, 1.09756, 10995.966, 8911.654, 2.21077
20, 8.04, 1.07447, 1178.21782, 3.5042, 1.06522, 10997.524, 9105.16, 2.18545
21, 8.13, 1.125, 1101.0101, 3.50459, 1.14118, 10964.26, 9312.85, 2.11429
22, 8.174, 1.10465, 1126.31579, 3.70093, 1.09756, 10952.65, 9495.224, 2.05425
23, 8.184, 1.09091, 1202.38095, 3.33663, 1.05128, 10949.9, 9655.604, 2.08153
24, 8.174, 1.09091, 1238.09524, 3.51923, 1.09524, 10945.492, 9823.784, 2.10462
25, 8.232, 1.09877, 1168.53933, 3.38462, 1.13158, 10943.218, 9988.622, 2.05134
26, 8.242, 1.11905, 1138.29787, 3.72897, 1.02041, 10914.244, 10186.528, 2.0344
27, 8.258, 1.06742, 1147.36842, 3.88991, 1.0641, 10929.682, 10343.032, 2.03423
28, 8.244, 1.02667, 1090.90909, 3.58333, 1.05556, 10892.172, 10502.072, 2.0339
29, 8.254, 1.11842, 1070.58824, 3.94505, 1.07229, 10853.49, 10676.162, 2.0468
30, 8.238, 1.15068, 1095.2381, 3.86957, 1.05882, 10819.322, 10847.3, 2.067
31, 8.262, 1.08434, 1233.33333, 3.72072, 1.03571, 10834.636, 11006.82, 2.02457
32, 8.27, 1.08046, 1148.93617, 3.58333, 1.05263, 10812.742, 11197.798, 1.9951
33, 8.264, 1.03226, 1208.33333, 3.40517, 1.07143, 10810.88, 11383.678, 1.97837
34, 8.252, 1.04301, 1144.3299, 4.13514, 1.09375, 10774.898, 11593.33, 1.97831
35, 8.222, 1.10638, 1211.53846, 3.64286, 1.11364, 10794.48, 11777.446, 2.01435
36, 8.26, 1.06849, 1153.84615, 3.52222, 1.02899, 10805.268, 11897.572, 2.0
37, 8.262, 1.08, 1185.18519, 3.85417, 1.10843, 10766.82, 12078.72, 1.95227
38, 8.296, 1.11765, 1178.94737, 3.82143, 1.08, 10789.514, 12230.606, 1.95913
39, 8.282, 1.05195, 1172.83951, 3.93684, 1.0625, 10781.774, 12378.57, 2.01478
40, 8.28, 1.0875, 1183.90805, 3.86408, 1.07407, 10782.828, 12533.196, 2.02723
41, 8.254, 1.07407, 1218.3908, 4.0283, 1.05, 10772.074, 12705.29, 2.05665
42, 8.246, 1.06329, 1166.66667, 3.95918, 1.06, 10712.306, 12910.46, 2.01728
43, 8.258, 1.11579, 1216.98113, 4.05426, 1.11538, 10764.178, 13065.644, 2.04938
44, 8.258, 1.07143, 1146.66667, 4.4186, 1.05952, 10706.368, 13243.324, 1.99024
45, 8.26, 1.09278, 1207.54717, 4.16406, 1.06667, 10691.966, 13461.728, 1.98284
46, 8.226, 1.0495, 1179.24528, 4.36, 1.08421, 10693.084, 13658.326, 2.00242
47, 8.234, 1.07692, 1173.46939, 4.08696, 1.09333, 10727.046, 13801.818, 1.96495
48, 8.256, 1.08696, 1160.0, 4.29885, 1.06667, 10693.736, 13955.514, 1.92757
49, 8.27, 1.09524, 1184.78261, 4.02752, 1.07792, 10697.764, 14115.978, 1.95508
50, 8.23, 1.11392, 1102.27273, 4.62887, 1.13187, 10636.274, 14317.69, 1.98568
51, 8.242, 1.06667, 1197.91667, 4.43478, 1.03409, 10645.366, 14484.698, 1.96454
52, 8.226, 1.09195, 1157.89474, 4.12727, 1.10417, 10607.074, 14688.134, 1.96209
53, 8.226, 1.10112, 1214.28571, 4.07563, 1.05882, 10641.154, 14837.622, 2.02421
54, 8.228, 1.07955, 1157.89474, 4.48182, 1.075, 10649.916, 14994.042, 2.05854
55, 8.212, 1.11905, 1244.68085, 4.36752, 1.07447, 10634.052, 15188.25, 2.06098
56, 8.26, 1.03896, 1112.5, 4.98876, 1.09091, 10631.942, 15312.172, 2.01703
57, 8.276, 1.08, 1234.5679, 4.73, 1.08861, 10631.698, 15456.52, 2.02481
58, 8.25, 1.08235, 1141.30435, 4.59048, 1.1125, 10605.692, 15636.124, 2.04926
59, 8.172, 1.03261, 1157.89474, 4.5, 1.11538, 10551.944, 15852.918, 2.04327
60, 8.198, 1.11579, 1198.11321, 4.89764, 1.13415, 10573.926, 16027.434, 2.04327
61, 8.218, 1.13253, 1180.85106, 4.71171, 1.14493, 10611.176, 16154.54, 2.08537
62, 8.226, 1.07595, 1176.47059, 4.51, 1.05495, 10582.666, 16324.616, 2.01923
63, 8.234, 1.08333, 1142.85714, 5.02885, 1.05556, 10609.506, 16447.962, 2.01182
64, 8.25, 1.09722, 1189.87342, 4.67021, 1.07143, 10567.122, 16620.114, 2.0
65, 8.266, 1.0625, 1200.0, 4.79412, 1.02564, 10588.8, 16743.1, 2.00726
66, 8.272, 1.04054, 1168.83117, 4.76667, 1.06098, 10558.724, 16893.892, 1.95683
67, 8.276, 1.07792, 1253.01205, 4.83654, 1.04167, 10588.376, 17013.158, 1.96651
68, 8.31, 1.0625, 1152.94118, 4.44898, 1.04167, 10600.932, 17137.102, 1.9686
69, 8.28, 1.02326, 1159.09091, 4.86275, 1.07071, 10542.096, 17339.776, 1.95663
70, 8.306, 1.05263, 1200.0, 4.95833, 1.04598, 10572.31, 17488.692, 1.95169
71, 8.31, 1.02326, 1238.63636, 4.6055, 1.06593, 10553.986, 17664.054, 1.91127
72, 8.304, 1.05618, 1170.21277, 4.87273, 1.12048, 10548.36, 17828.634, 1.92548
73, 8.29, 1.06593, 1092.78351, 4.83019, 1.06593, 10528.42, 17998.986, 1.94699
74, 8.29, 1.10127, 1160.91954, 5.29703, 1.0625, 10526.496, 18140.84, 1.9708
75, 8.302, 1.0875, 1229.88506, 4.79439, 1.07692, 10550.972, 18268.606, 1.9828
76, 8.286, 1.0625, 1188.23529, 4.9604, 1.08333, 10572.148, 18386.882, 2.03465
77, 8.268, 1.1125, 1191.01124, 5.07547, 1.1, 10577.03, 18532.03, 2.04423
78, 8.26, 1.09859, 1166.66667, 5.13187, 1.03571, 10545.65, 18682.382, 2.00728
79, 8.258, 1.08861, 1174.4186, 5.0495, 1.1087, 10511.212, 18855.304, 2.0099
80, 8.244, 1.07447, 1158.41584, 4.97436, 1.01099, 10527.514, 19008.9, 2.05459
81, 8.23, 1.07692, 1173.46939, 5.24348, 1.11628, 10529.082, 19173.332, 2.02663
82, 8.22, 1.11224, 1266.05505, 5.23188, 1.10417, 10547.238, 19367.01, 2.05596
83, 8.212, 1.07229, 1134.83146, 5.29703, 1.05952, 10533.8, 19518.084, 2.04087
84, 8.216, 1.04762, 1250.0, 5.02727, 1.07865, 10543.432, 19663.752, 2.02657
85, 8.236, 1.0875, 1287.35632, 5.13393, 1.09333, 10569.292, 19796.656, 1.9763
86, 8.276, 1.05747, 1260.86957, 5.48276, 1.06494, 10600.784, 19931.674, 1.97129
87, 8.256, 1.01266, 1100.0, 5.34091, 1.07792, 10575.718, 20066.958, 1.98804
88, 8.256, 1.02564, 1200.0, 5.39583, 1.05479, 10586.05, 20181.738, 2.0
89, 8.232, 1.07407, 1172.41379, 5.41176, 1.1, 10586.054, 20319.576, 1.99764
90, 8.24, 1.09333, 1170.73171, 5.57292, 1.12195, 10563.688, 20467.132, 1.96919
91, 8.284, 1.1039, 1105.88235, 5.30851, 1.09589, 10560.962, 20590.766, 1.97573
92, 8.308, 1.05, 1202.38095, 5.40594, 1.05128, 10575.936, 20710.3, 1.96098
93, 8.326, 1.03448, 1133.33333, 5.98039, 1.15, 10549.8, 20872.736, 1.93888
94, 8.304, 1.13889, 1146.34146, 5.76596, 1.13483, 10500.056, 21042.522, 1.94307
95, 8.3, 1.10753, 1174.75728, 5.70248, 1.07317, 10543.452, 21172.734, 1.96569
96, 8.314, 1.06024, 1090.90909, 5.82292, 1.075, 10530.312, 21309.52, 1.98259
97, 8.312, 1.04651, 1122.22222, 6.0297, 1.07407, 10523.446, 21449.59, 1.98759
98, 8.286, 1.06742, 1252.63158, 5.56303, 1.04598, 10535.654, 21606.29, 2.01478
99, 8.264, 1.08861, 1116.27907, 5.95833, 1.09783, 10487.39, 21777.458, 2.00988
100, 8.236, 1.15476, 1103.09278, 5.99065, 1.10714, 10473.922, 21934.74, 1.9952
101, 8.214, 1.10345, 1135.41667, 5.72477, 1.05155, 10449.828, 22106.682, 2.02663
102, 8.192, 1.10526, 1171.42857, 5.42276, 1.14474, 10507.562, 22224.578, 2.02336
103, 8.206, 1.11594, 1129.87013, 5.65517, 1.06757, 10502.05, 22332.946, 2.00234
104, 8.194, 1.09589, 1150.0, 6.0, 1.08333, 10472.886, 22475.058, 2.02375
105, 8.196, 1.10345, 1125.0, 5.85185, 1.11494, 10463.294, 22629.168, 2.0
106, 8.166, 1.1, 1172.72727, 5.91473, 1.10891, 10447.58, 22831.318, 2.05967
107, 8.158, 1.09091, 1259.25926, 5.91176, 1.08333, 10471.37, 23007.114, 2.09375
108, 8.192, 1.06818, 1212.76596, 5.66667, 1.08046, 10473.404, 23159.814, 2.11911
109, 8.194, 1.08434, 1211.11111, 6.0367, 1.04225, 10510.404, 23268.766, 2.10922
110, 8.214, 1.02778, 1148.64865, 6.12941, 1.1358, 10465.632, 23409.876, 2.07143
111, 8.218, 1.10714, 1215.05376, 5.87611, 1.04545, 10483.548, 23544.676, 2.02899
112, 8.236, 1.01235, 1170.73171, 6.07292, 1.04054, 10484.67, 23662.356, 2.04401
113, 8.26, 1.11494, 1051.54639, 6.03922, 1.08235, 10476.64, 23800.818, 2.02195
114, 8.246, 1.05063, 1240.96386, 5.80583, 1.0274, 10498.82, 23910.538, 2.06357
115, 8.216, 1.03571, 1183.90805, 6.17476, 1.02941, 10452.522, 24088.348, 2.05623
116, 8.242, 1.05333, 1139.24051, 6.25556, 1.12, 10437.466, 24208.67, 2.0321
117, 8.24, 1.10101, 1183.48624, 6.08527, 1.10753, 10470.218, 24358.794, 2.03931
118, 8.26, 1.10256, 1116.27907, 6.05208, 1.12987, 10458.924, 24487.228, 2.01724
119, 8.29, 1.11628, 1208.33333, 6.2931, 1.14286, 10481.842, 24620.866, 2.0297
120, 8.314, 1.08451, 1155.84416, 6.30337, 1.08824, 10484.108, 24720.128, 2.02244
121, 8.306, 1.0678, 1142.85714, 6.45833, 1.0411, 10441.02, 24831.766, 1.99502
122, 8.28, 1.11494, 1134.02062, 6.07273, 1.07292, 10415.646, 25001.378, 1.95411
123, 8.288, 1.07317, 1136.36364, 6.4, 1.12857, 10426.52, 25113.982, 1.96618
124, 8.298, 1.09091, 1104.16667, 6.08491, 1.07955, 10417.47, 25258.76, 1.9378
125, 8.308, 1.06757, 1341.77215, 6.17925, 1.07692, 10420.546, 25390.716, 1.95122
126, 8.29, 1.08602, 1158.41584, 6.38462, 1.06098, 10456.108, 25511.32, 2.00732
127, 8.298, 1.06579, 1308.64198, 6.33019, 1.06098, 10452.516, 25649.298, 1.9781
128, 8.326, 1.06494, 1182.92683, 6.05155, 1.12346, 10428.63, 25789.018, 1.89904
129, 8.342, 1.07317, 1147.72727, 6.56436, 1.06494, 10433.932, 25906.792, 1.91727
130, 8.348, 1.1039, 1152.94118, 6.63265, 1.02564, 10431.384, 26026.534, 1.94581
131, 8.322, 1.05952, 1191.01124, 6.46226, 1.06024, 10447.074, 26143.732, 1.97543
132, 8.304, 1.15278, 1132.53012, 6.70213, 1.09412, 10412.62, 26286.85, 2.01759
133, 8.304, 1.05063, 1168.6747, 6.39175, 1.075, 10402.67, 26411.462, 1.99501
134, 8.3, 1.04301, 1134.02062, 6.39091, 1.08333, 10401.906, 26552.91, 1.96594
135, 8.284, 1.08235, 1293.47826, 6.40336, 1.04348, 10414.234, 26698.738, 1.99509
136, 8.296, 1.12, 1285.71429, 6.26852, 1.0875, 10429.936, 26818.066, 1.96814
137, 8.314, 1.11842, 1117.64706, 6.54737, 1.09211, 10412.15, 26945.166, 1.93674
138, 8.282, 1.05102, 1252.42718, 6.48837, 1.0989, 10435.24, 27099.404, 1.97337
139, 8.276, 1.04706, 1157.30337, 6.82524, 1.09639, 10435.57, 27223.954, 1.95683
140, 8.266, 1.10976, 1197.8022, 6.69725, 1.15385, 10443.814, 27352.406, 2.0
141, 8.246, 1.04396, 1168.42105, 7.02703, 1.08247, 10426.87, 27508.994, 2.0
142, 8.214, 1.08911, 1172.72727, 6.86047, 1.07843, 10423.62, 27688.23, 2.01442
143, 8.198, 1.13924, 1233.33333, 7.28829, 1.05128, 10455.414, 27795.936, 2.04306
144, 8.206, 1.07792, 1180.72289, 6.91837, 1.05882, 10433.87, 27930.71, 2.05109
145, 8.214, 1.08989, 1175.25773, 6.92982, 1.06757, 10455.004, 28054.726, 2.07005
146, 8.252, 1.06849, 1282.05128, 6.41, 1.04286, 10487.928, 28138.364, 2.0561
147, 8.244, 1.03175, 1138.46154, 6.85135, 1.04225, 10458.774, 28232.118, 2.05897
148, 8.302, 1.07353, 1178.08219, 6.76744, 1.01408, 10451.598, 28327.358, 2.00495
149, 8.298, 1.05634, 1080.0, 7.41975, 1.06173, 10400.046, 28457.102, 1.99751
150, 8.26, 1.06522, 1204.08163, 6.70339, 1.07692, 10409.412, 28599.15, 1.99513
151, 8.25, 1.08511, 1176.47059, 7.01667, 1.09756, 10452.936, 28711.75, 2.00719
152, 8.3, 1.07895, 1231.70732, 7.32673, 1.09211, 10456.594, 28825.398, 2.02244
153, 8.298, 1.05063, 1240.96386, 6.69903, 1.11905, 10435.956, 28967.428, 1.99751
154, 8.316, 1.08602, 1237.62376, 7.136, 1.0875, 10480.984, 29087.456, 1.97549
155, 8.34, 1.07246, 1148.64865, 7.52941, 1.13636, 10455.046, 29198.706, 1.97756
156, 8.348, 1.07143, 1213.33333, 7.38462, 1.03947, 10446.428, 29304.284, 1.94789
157, 8.334, 1.08434, 1200.0, 6.92593, 1.07317, 10455.462, 29425.114, 1.93659
158, 8.336, 1.0274, 1106.66667, 7.21687, 1.07143, 10428.424, 29531.586, 1.94363
159, 8.336, 1.06579, 1197.53086, 7.30928, 1.08642, 10398.14, 29669.712, 1.95037
160, 8.352, 1.11688, 1209.30233, 7.26923, 1.13889, 10390.854, 29797.474, 1.96977
161, 8.33, 1.14458, 1147.36842, 7.05505, 1.08421, 10363.082, 29956.788, 2.00255
162, 8.336, 1.13095, 1178.94737, 7.33036, 1.09091, 10369.27, 30087.836, 1.97722
163, 8.32, 1.13636, 1310.0, 7.09924, 1.11905, 10395.732, 30235.66, 1.9875
164, 8.322, 1.16667, 1166.66667, 7.39796, 1.07317, 10393.058, 30346.024, 2.02564
165, 8.308, 1.06522, 1153.06122, 6.97345, 1.11688, 10420.492, 30456.412, 2.05852
166, 8.286, 1.15152, 1144.73684, 7.06897, 1.14474, 10395.354, 30567.09, 2.07969
167, 8.288, 1.10667, 1180.72289, 7.12245, 1.02632, 10402.954, 30666.402, 2.05303
168, 8.262, 1.04706, 1191.01124, 7.33019, 1.04348, 10399.01, 30793.176, 2.04239
169, 8.242, 1.05319, 1212.12121, 7.425, 1.07595, 10444.536, 30898.636, 2.03133
170, 8.23, 1.20833, 1195.4023, 7.375, 1.08247, 10398.664, 31063.014, 1.98329
171, 8.222, 1.15054, 1205.60748, 7.6124, 1.08537, 10455.504, 31173.904, 2.02613
172, 8.246, 1.10145, 1105.26316, 7.66667, 1.09756, 10405.654, 31301.666, 2.00728
173, 8.24, 1.07527, 1290.0, 7.63566, 1.09195, 10428.358, 31446.832, 2.05665
174, 8.242, 1.1375, 1164.83516, 7.39623, 1.08989, 10412.772, 31583.776, 2.0597
175, 8.246, 1.0625, 1200.0, 7.53922, 1.05882, 10395.886, 31714.278, 2.02716
176, 8.226, 1.13043, 1115.38462, 7.7931, 1.05952, 10424.844, 31826.754, 2.0534
177, 8.206, 1.09211, 1096.38554, 7.75824, 1.14286, 10371.216, 31970.602, 2.08229
178, 8.212, 1.16327, 1184.21053, 7.71111, 1.08974, 10435.57, 32085.124, 2.09489
179, 8.232, 1.10448, 1175.67568, 7.65517, 1.05128, 10413.838, 32188.066, 2.08148
180, 8.23, 1.07692, 1112.2449, 8.02752, 1.05495, 10382.418, 32345.886, 2.08374
181, 8.238, 1.08108, 1150.0, 7.30435, 1.09333, 10386.672, 32433.868, 2.06897
182, 8.246, 1.15152, 1171.05263, 7.67416, 1.0375, 10385.142, 32520.998, 2.01703
183, 8.228, 1.08696, 1250.0, 7.88, 1.08333, 10412.694, 32650.362, 2.06083
184, 8.234, 1.05195, 1197.53086, 7.69072, 1.13793, 10351.152, 32812.954, 1.99517
185, 8.244, 1.09184, 1186.91589, 7.29134, 1.08046, 10388.188, 32936.534, 2.0292
186, 8.228, 1.0125, 1148.14815, 7.82796, 1.06579, 10385.716, 33032.216, 2.02404
187, 8.23, 1.06593, 1164.94845, 8.0354, 1.09756, 10406.846, 33143.27, 2.02387
188, 8.272, 1.04706, 1112.35955, 7.78788, 1.05882, 10383.802, 33270.68, 2.03951
189, 8.26, 1.03409, 1153.84615, 7.71429, 1.08989, 10370.62, 33399.602, 2.01463
190, 8.268, 1.05063, 1277.10843, 7.88679, 1.04762, 10362.54, 33524.418, 2.02228
191, 8.276, 1.07778, 1247.42268, 7.91736, 1.06098, 10373.608, 33660.092, 2.00243
192, 8.266, 1.07143, 1200.0, 7.65741, 1.08247, 10349.246, 33804.692, 1.98778
193, 8.242, 1.09677, 1117.64706, 8.12281, 1.04706, 10361.018, 33925.218, 2.05392
194, 8.302, 1.05714, 1067.56757, 8.20253, 1.06349, 10342.01, 34007.042, 1.98297
195, 8.292, 1.1, 1207.79221, 7.88172, 1.04651, 10315.218, 34124.14, 1.9828
196, 8.274, 1.09375, 1238.09524, 7.73846, 1.13043, 10339.65, 34263.04, 1.98301
197, 8.266, 1.12195, 1228.26087, 8.0, 1.08974, 10360.858, 34371.142, 2.00484
198, 8.24, 1.06329, 1190.47619, 8.11, 1.1125, 10356.984, 34478.66, 2.02421
199, 8.232, 1.05952, 1191.01124, 7.96226, 1.10465, 10334.522, 34615.524, 1.98571
200, 8.296, 1.04938, 1152.94118, 8.65306, 1.07042, 10358.682, 34690.372, 1.98775
201, 8.298, 1.03797, 1231.70732, 7.9901, 1.07229, 10350.934, 34803.098, 1.98762
202, 8.296, 1.08235, 1282.6087, 7.67797, 1.07792, 10388.102, 34904.86, 1.98293
203, 8.306, 1.06579, 1160.49383, 8.1383, 1.07692, 10374.076, 35008.882, 1.97304
204, 8.308, 1.15584, 1202.24719, 8.75701, 1.09756, 10378.19, 35121.752, 2.02267
205, 8.284, 1.04706, 1112.35955, 7.50505, 1.08642, 10370.592, 35228.936, 2.04511
206, 8.258, 1.03529, 1159.09091, 8.05882, 1.08046, 10362.29, 35342.354, 2.04218
207, 8.278, 1.0875, 1160.91954, 8.08911, 1.15385, 10356.436, 35451.49, 1.96126
208, 8.262, 1.16471, 1101.0101, 8.46789, 1.06383, 10341.274, 35585.33, 1.99756
209, 8.284, 1.09412, 1204.30108, 8.04464, 1.09091, 10370.006, 35680.898, 2.01733
210, 8.252, 1.08537, 1168.53933, 8.11538, 1.04545, 10372.704, 35786.534, 2.0344
211, 8.226, 1.11905, 1180.85106, 8.24324, 1.10465, 10368.39, 35913.59, 2.05379
212, 8.218, 1.0814, 1225.80645, 8.24561, 1.07792, 10393.796, 36015.996, 2.07786
213, 8.216, 1.04938, 1152.94118, 8.23469, 1.08511, 10354.402, 36151.524, 2.0439
214, 8.24, 1.06897, 1172.04301, 8.00917, 1.06329, 10374.408, 36249.008, 2.03659
215, 8.224, 1.04598, 1076.92308, 8.44898, 1.0814, 10346.362, 36372.728, 2.06127
216, 8.234, 1.11538, 1218.3908, 8.32075, 1.10127, 10344.27, 36485.228, 2.07444
217, 8.248, 1.05882, 1200.0, 8.63889, 1.06329, 10367.854, 36575.76, 2.05665
218, 8.268, 1.03488, 1202.24719, 7.86916, 1.0375, 10387.014, 36669.052, 2.0468
219, 8.31, 1.0303, 1102.94118, 7.82667, 1.12121, 10361.202, 36743.138, 1.9901
220, 8.29, 1.06742, 1210.52632, 8.38261, 1.07955, 10385.372, 36847.31, 2.00988
221, 8.296, 1.07143, 1222.22222, 8.38182, 1.06173, 10398.016, 36953.292, 2.00739
222, 8.294, 1.11268, 1278.48101, 8.31683, 1.10714, 10386.122, 37064.338, 2.02015
223, 8.262, 1.08163, 1179.24528, 8.112, 1.1, 10391.06, 37207.248, 2.00988
224, 8.244, 1.07527, 1190.0, 8.53782, 1.06897, 10408.352, 37325.014, 2.01946
225, 8.25, 1.05747, 1141.30435, 8.68571, 1.05952, 10405.802, 37434.59, 2.00969
226, 8.24, 1.07895, 1182.92683, 8.46392, 1.04762, 10388.726, 37542.642, 2.00726
227, 8.224, 1.06383, 1210.0, 8.72727, 1.1087, 10388.044, 37681.62, 2.03659
228, 8.208, 1.05263, 1180.0, 8.73729, 1.07317, 10410.43, 37791.626, 2.06024
229, 8.196, 1.04, 1217.94872, 8.65263, 1.03614, 10394.488, 37893.998, 2.04556
230, 8.192, 1.1, 1102.27273, 8.65979, 1.06098, 10385.38, 37992.608, 2.04785
231, 8.19, 1.07955, 1136.84211, 8.38889, 1.12941, 10395.086, 38094.484, 2.08273
232, 8.19, 1.06742, 1147.36842, 9.11927, 1.08235, 10393.112, 38209.784, 2.0649
233, 8.182, 1.10843, 1163.04348, 9.08411, 1.0396, 10370.59, 38340.44, 2.019
234, 8.234, 1.01, 1198.0198, 8.78512, 1.06757, 10422.246, 38425.266, 2.02392
235, 8.22, 1.09639, 1164.83516, 8.85849, 1.15476, 10405.216, 38548.842, 2.03118
236, 8.212, 1.13415, 1161.29032, 8.68519, 1.08602, 10381.172, 38682.92, 2.01193
237, 8.208, 1.11236, 1191.91919, 9.39831, 1.03297, 10387.16, 38807.256, 2.04327
238, 8.2, 1.04167, 1210.0, 8.77686, 1.07527, 10380.898, 38949.264, 2.0237
239, 8.202, 1.06098, 1160.91954, 9.05941, 1.04545, 10355.874, 39069.208, 2.00948
240, 8.178, 1.07059, 1109.89011, 8.45545, 1.11842, 10356.86, 39163.206, 2.01395
241, 8.194, 1.08537, 1179.77528, 8.79048, 1.10127, 10359.592, 39263.524, 2.01878
242, 8.212, 1.05882, 1233.33333, 8.2973, 1.07317, 10375.448, 39362.48, 1.96544
243, 8.21, 1.07692, 1142.85714, 9.13542, 1.08333, 10335.24, 39486.758, 2.02632
244, 8.218, 1.03448, 1188.88889, 8.74766, 1.08235, 10334.242, 39593.768, 2.04126
245, 8.21, 1.10526, 1161.90476, 9.09836, 1.12222, 10350.21, 39713.282, 2.04087
246, 8.226, 1.12048, 1182.7957, 8.78182, 1.07042, 10396.514, 39778.328, 2.07748
247, 8.262, 1.02985, 1159.42029, 9.3125, 1.09333, 10362.228, 39864.032, 2.00242
248, 8.286, 1.08219, 1139.24051, 8.47778, 1.06944, 10370.068, 39928.06, 1.96867
249, 8.296, 1.10127, 1172.41379, 9.80392, 1.11842, 10371.058, 40022.296, 1.99022
250, 8.298, 1.10959, 1172.83951, 9.76842, 1.03448, 10348.358, 40127.172, 1.99504
251, 8.318, 1.07792, 1156.62651, 9.26042, 1.12162, 10348.812, 40209.198, 1.99497
252, 8.284, 1.10112, 1153.06122, 8.9823, 1.0989, 10349.556, 40325.718, 2.05852
253, 8.314, 1.07229, 1146.06742, 9.11765, 1.07895, 10356.216, 40413.852, 2.05913
254, 8.292, 1.12821, 1125.0, 8.83838, 1.0814, 10342.356, 40515.326, 2.06923
255, 8.302, 1.07865, 1208.33333, 8.93966, 1.06593, 10345.054, 40634.272, 2.05385
256, 8.306, 1.06316, 1198.0198, 9.39669, 1.03333, 10360.122, 40752.134, 2.04304
257, 8.32, 1.08108, 1125.0, 9.21111, 1.05634, 10359.788, 40822.33, 2.0125
258, 8.23, 1.05952, 1213.48315, 9.37963, 1.10714, 10287.826, 40999.322, 2.02233
259, 8.228, 1.11881, 1230.0885, 8.97122, 1.075, 10355.182, 41098.022, 2.04116
260, 8.244, 1.04762, 1227.27273, 8.61111, 1.03529, 10356.222, 41201.624, 1.9881
261, 8.232, 1.10667, 1180.72289, 9.66327, 1.03896, 10356.778, 41285.356, 2.00952
262, 8.256, 1.04054, 1155.84416, 9.53933, 1.0137, 10356.068, 41351.726, 1.98337
263, 8.256, 1.05882, 1122.22222, 9.77228, 1.06452, 10322.392, 41475.964, 1.95735
264, 8.262, 1.0875, 1241.37931, 9.66667, 1.04, 10353.952, 41548.118, 1.97156
265, 8.284, 1.05063, 1204.81928, 8.96, 1.04, 10360.024, 41629.802, 1.98082
266, 8.298, 1.04, 1217.94872, 8.71579, 1.08861, 10358.864, 41709.052, 1.97805
267, 8.304, 1.06024, 1136.36364, 9.03, 1.08235, 10339.6, 41815.724, 1.97059
268, 8.254, 1.05747, 1152.17391, 9.67925, 1.06818, 10322.108, 41932.994, 2.01217
269, 8.276, 1.08235, 1228.26087, 9.13274, 1.07595, 10348.848, 42018.724, 1.99757
270, 8.28, 1.11842, 1105.88235, 9.68085, 1.06897, 10315.086, 42126.93, 2.00246
271, 8.304, 1.07407, 1183.90805, 9.38835, 1.05882, 10305.536, 42228.11, 1.97525
272, 8.242, 1.06452, 1111.11111, 8.86364, 1.10784, 10283.824, 42356.152, 2.0375
273, 8.262, 1.17241, 1215.68627, 9.75806, 1.0597, 10364.654, 42409.478, 2.0642
274, 8.284, 1.09091, 1107.14286, 9.49462, 1.11392, 10335.93, 42510.384, 2.03218
275, 8.242, 1.11236, 1242.42424, 9.30894, 1.13402, 10341.168, 42636.788, 2.04177
276, 8.218, 1.09474, 1173.07692, 9.31148, 1.07865, 10363.986, 42743.006, 2.08068
277, 8.19, 1.10588, 1148.93617, 10.27778, 1.09574, 10348.21, 42859.858, 2.06763
278, 8.2, 1.08974, 1188.23529, 9.60396, 1.07595, 10349.538, 42945.38, 2.07056
279, 8.228, 1.07317, 1147.72727, 9.37624, 1.02667, 10374.566, 43006.044, 2.04337
280, 8.206, 1.06494, 1170.73171, 9.07292, 1.07527, 10335.208, 43122.068, 2.05122
281, 8.194, 1.09474, 1153.84615, 9.3, 1.07609, 10329.082, 43252.438, 2.04808
282, 8.21, 1.10465, 1210.52632, 10.01739, 1.08537, 10358.714, 43337.884, 2.05314
283, 8.24, 1.02353, 1103.44828, 9.625, 1.05128, 10355.7, 43416.62, 2.0438
284, 8.234, 1.05263, 1237.5, 9.41414, 1.04878, 10353.266, 43501.13, 2.05651
285, 8.25, 1.08974, 1247.05882, 9.66038, 1.05195, 10377.922, 43571.896, 2.03171
286, 8.284, 1.05479, 1298.7013, 10.07, 1.03846, 10387.812, 43645.542, 2.0099
287, 8.316, 1.05747, 1250.0, 9.16522, 1.05814, 10404.04, 43742.418, 1.99749
288, 8.296, 1.1125, 1213.48315, 9.7037, 1.07865, 10387.916, 43857.754, 1.97044
289, 8.262, 1.10465, 1200.0, 10.19298, 1.07407, 10413.742, 43942.552, 2.0073
290, 8.238, 1.08235, 1271.73913, 9.76068, 1.04396, 10419.33, 44054.15, 1.99045
291, 8.23, 1.07229, 1168.53933, 10.68269, 1.10638, 10390.626, 44172.552, 2.00243
292, 8.286, 1.11494, 1154.63918, 9.69643, 1.07463, 10438.648, 44230.56, 1.98068
293, 8.296, 1.06061, 1100.0, 9.93506, 1.06061, 10412.9, 44292.582, 1.9878
294, 8.248, 1.07059, 1197.8022, 9.77982, 1.06863, 10367.096, 44438.594, 1.97831
295, 8.25, 1.05319, 1181.81818, 9.62393, 1.03448, 10382.886, 44538.562, 1.98801
296, 8.228, 1.04819, 1160.91954, 10.19802, 1.1, 10327.184, 44677.796, 1.96867
297, 8.236, 1.09091, 1092.59259, 10.40678, 1.03846, 10367.432, 44753.778, 2.02899
298, 8.234, 1.10256, 1209.30233, 9.68269, 1.13415, 10363.334, 44846.988, 2.03415
299, 8.226, 1.12658, 1224.7191, 10.30275, 1.15663, 10349.09, 44959.48, 2.05693
300, 8.206, 1.11111, 1181.81818, 10.25385, 1.12222, 10384.134, 45064.596, 2.0936
301, 8.224, 1.06818, 1148.93617, 9.66667, 1.07895, 10398.208, 45146.586, 2.08557
302, 8.246, 1.10606, 1178.08219, 10.37209, 1.06173, 10368.202, 45228.592, 2.03686
303, 8.198, 1.13483, 1277.22772, 9.78295, 1.11458, 10371.64, 45362.452, 2.03118
304, 8.15, 1.125, 1141.41414, 9.43363, 1.09302, 10376.642, 45462.492, 2.08076
305, 8.184, 1.04545, 1141.30435, 9.60952, 1.04878, 10389.56, 45538.472, 2.02103
306, 8.198, 1.04598, 1208.79121, 10.11818, 1.10526, 10399.63, 45627.722, 2.04492
307, 8.2, 1.07229, 1202.24719, 10.5514, 1.05319, 10385.194, 45734.346, 2.03819
308, 8.2, 1.10588, 1212.76596, 10.0, 1.11628, 10387.952, 45838.25, 2.04808
309, 8.162, 1.14607, 1245.09804, 10.14173, 1.11702, 10410.608, 45948.042, 2.0716
310, 8.176, 1.10101, 1146.78899, 10.448, 1.15294, 10440.272, 46047.042, 2.04215
311, 8.174, 1.07692, 1190.47619, 10.01, 1.05495, 10423.984, 46141.534, 2.03546
312, 8.172, 1.11628, 1166.66667, 10.35714, 1.10345, 10414.328, 46252.88, 2.03302
313, 8.134, 1.07447, 1217.82178, 10.28455, 1.05618, 10430.012, 46360.588, 2.08941
314, 8.158, 1.11392, 1204.54545, 10.14151, 1.05814, 10400.398, 46479.454, 2.10361
315, 8.144, 1.08696, 1220.0, 10.4918, 1.04819, 10443.324, 46557.764, 2.16748
316, 8.144, 1.0122, 1084.33735, 10.2, 1.05618, 10408.432, 46649.64, 2.10501
317, 8.156, 1.06818, 1223.40426, 10.47826, 1.01087, 10418.034, 46746.596, 2.11325
318, 8.154, 1.05618, 1117.02128, 10.54286, 1.03529, 10434.428, 46817.138, 2.10979
319, 8.178, 1.08451, 1194.80519, 10.72826, 1.12195, 10411.12, 46900.904, 2.07005
320, 8.234, 1.08889, 1183.67347, 10.12069, 1.08046, 10434.986, 46985.158, 2.02184
321, 8.202, 1.08, 1148.14815, 10.37097, 1.0989, 10444.612, 47099.832, 2.0601
322, 8.198, 1.09524, 1217.3913, 9.96429, 1.09639, 10453.076, 47191.386, 2.09246
323, 8.174, 1.08046, 1117.02128, 10.52381, 1.12766, 10422.198, 47306.67, 2.10269
324, 8.192, 1.12644, 1234.69388, 10.68595, 1.125, 10445.066, 47400.206, 2.0799
325, 8.174, 1.13953, 1234.69388, 10.60331, 1.09783, 10432.334, 47530.188, 2.10462
326, 8.206, 1.04706, 1191.01124, 10.59434, 1.09722, 10451.902, 47597.122, 2.12099
327, 8.16, 1.08333, 1208.79121, 10.6, 1.10204, 10435.568, 47708.15, 2.10976
328, 8.182, 1.07843, 1190.90909, 10.91603, 1.05682, 10470.214, 47810.22, 2.0988
329, 8.176, 1.03846, 1271.60494, 10.26214, 1.05435, 10459.704, 47901.082, 2.04773
330, 8.228, 1.03529, 1136.36364, 10.54, 1.03077, 10498.908, 47935.782, 2.08049
331, 8.224, 1.08451, 1259.74026, 10.36082, 1.125, 10507.98, 47994.424, 2.08068
332, 8.232, 1.12791, 1237.1134, 10.64167, 1.16092, 10514.132, 48101.57, 2.02158
333, 8.26, 1.07895, 1231.70732, 10.56436, 1.01176, 10503.328, 48187.762, 2.01711
334, 8.28, 1.07792, 1277.10843, 10.39623, 1.12329, 10516.078, 48259.904, 1.99511
335, 8.262, 1.1, 1242.42424, 10.73171, 1.05263, 10523.206, 48370.488, 2.00976
336, 8.31, 1.03704, 1202.38095, 10.21782, 1.08824, 10544.294, 48423.462, 1.99017
337, 8.308, 1.04651, 1277.77778, 10.6087, 1.06818, 10556.818, 48513.112, 1.9635
338, 8.306, 1.17105, 1235.95506, 10.33636, 1.11111, 10539.096, 48624.022, 1.98259
339, 8.334, 1.05618, 1170.21277, 10.35455, 1.07407, 10560.542, 48694.462, 1.95062
340, 8.324, 1.08642, 1159.09091, 10.84314, 1.11111, 10534.392, 48796.452, 1.97756
341, 8.312, 1.07895, 1085.36585, 10.78652, 1.05, 10509.406, 48871.454, 2.01263
342, 8.318, 1.03571, 1218.3908, 10.10377, 1.05063, 10508.434, 48955.974, 2.03053
343, 8.324, 1.04598, 1131.86813, 11.24272, 1.06024, 10498.152, 49043.82, 1.995
344, 8.326, 1.02667, 1220.77922, 10.93617, 1.0625, 10473.26, 49128.3, 1.95782
345, 8.338, 1.05128, 1256.09756, 10.58252, 1.11111, 10507.244, 49172.316, 1.9727
346, 8.35, 1.09589, 1125.0, 11.03333, 1.14773, 10453.164, 49277.564, 1.93451
347, 8.342, 1.11236, 1121.21212, 11.64865, 1.10667, 10474.704, 49349.022, 2.01535
348, 8.338, 1.07595, 1223.52941, 10.77885, 1.06818, 10464.958, 49437.344, 1.98728
349, 8.292, 1.11224, 1174.31193, 11.375, 1.10784, 10450.72, 49578.294, 1.99501
350, 8.24, 1.11538, 1068.96552, 10.71774, 1.05882, 10442.76, 49704.862, 2.09023
351, 8.246, 1.02703, 1157.89474, 11.35227, 1.02778, 10425.11, 49768.826, 2.10354
352, 8.25, 1.08333, 1164.83516, 11.22642, 1.13333, 10444.958, 49831.234, 2.10831
353, 8.264, 1.0411, 1210.52632, 9.93478, 1.05263, 10434.242, 49896.626, 2.07018
354, 8.21, 1.03614, 1069.76744, 10.88043, 1.14444, 10368.924, 50015.922, 2.05405
355, 8.21, 1.13793, 1181.81818, 11.13675, 1.13514, 10401.954, 50086.232, 2.09091
356, 8.204, 1.08861, 1220.93023, 11.17143, 1.07317, 10377.886, 50189.656, 2.07805
357, 8.178, 1.03297, 1138.29787, 10.29907, 1.07527, 10359.75, 50290.566, 2.11057
358, 8.228, 1.125, 1111.11111, 11.03636, 1.10526, 10374.29, 50364.638, 2.04578
359, 8.236, 1.03571, 1114.94253, 10.76289, 1.06593, 10339.518, 50462.128, 2.0267
360, 8.242, 1.05319, 1242.42424, 10.88618, 1.11236, 10354.24, 50562.246, 1.98095
361, 8.292, 1.05814, 1219.78022, 10.82883, 1.06098, 10345.778, 50660.926, 1.93556
362, 8.27, 1.07692, 1321.42857, 11.18018, 1.075, 10363.172, 50733.218, 1.98547
363, 8.24, 1.07407, 1241.37931, 11.4537, 1.08434, 10376.266, 50803.494, 1.9952
364, 8.266, 1.05682, 1225.80645, 11.81579, 1.05195, 10409.466, 50866.468, 2.00241
365, 8.25, 1.04348, 1180.55556, 11.16471, 1.04706, 10372.868, 50940.148, 1.98551
366, 8.226, 1.14943, 1280.0, 10.625, 1.09412, 10423.656, 51012.814, 2.03632
367, 8.234, 1.09474, 1144.23077, 11.36134, 1.08889, 10431.788, 51110.284, 2.01675
368, 8.212, 1.05128, 1231.70732, 11.37624, 1.06667, 10408.308, 51202.022, 2.00957
369, 8.262, 1.11765, 1221.05263, 10.68103, 1.08824, 10461.394, 51248.318, 1.96706
370, 8.256, 1.02899, 1211.26761, 11.39535, 1.08434, 10423.174, 51325.0, 1.96643
371, 8.274, 1.09302, 1212.76596, 11.33333, 1.09459, 10461.122, 51381.606, 1.94799
372, 8.272, 1.06173, 1197.67442, 11.64078, 1.05063, 10461.224, 51454.09, 1.94366
373, 8.29, 1.07042, 1092.10526, 11.75904, 1.08333, 10439.464, 51508.166, 1.93144
374, 8.296, 1.12987, 1195.4023, 11.25962, 1.07143, 10449.738, 51571.822, 1.95422
375, 8.318, 1.08108, 1162.5, 11.96774, 1.15385, 10458.834, 51614.2, 1.93046
376, 8.286, 1.10843, 1239.13043, 10.72807, 1.08911, 10410.916, 51756.154, 1.96814
377, 8.314, 1.06383, 1200.0, 10.8, 1.06329, 10462.764, 51809.67, 1.99257
378, 8.294, 1.10256, 1139.53488, 11.28571, 1.10714, 10435.572, 51899.118, 1.99506
379, 8.31, 1.06329, 1154.7619, 11.76289, 1.10811, 10438.118, 51957.022, 1.98025
380, 8.292, 1.10256, 1174.4186, 11.48515, 1.12658, 10428.878, 52033.986, 1.96594
381, 8.286, 1.06757, 1303.79747, 10.8932, 1.04819, 10429.006, 52104.956, 1.95854
382, 8.312, 1.05882, 1222.22222, 11.43636, 1.09589, 10447.574, 52171.1, 1.9656
383, 8.318, 1.12676, 1162.5, 11.10753, 1.04, 10424.516, 52245.224, 1.99252
384, 8.322, 1.06329, 1261.90476, 10.98113, 1.05195, 10450.688, 52295.416, 1.97531
385, 8.342, 1.04545, 1159.42029, 11.425, 1.07792, 10411.534, 52360.164, 1.96456
386, 8.372, 1.04545, 1141.30435, 10.91429, 1.05797, 10448.558, 52398.48, 1.9697
387, 8.344, 1.03409, 1142.85714, 11.60577, 1.11828, 10414.286, 52505.218, 1.96725
388, 8.366, 1.07229, 1123.59551, 11.09, 1.10959, 10429.546, 52554.08, 1.96465
389, 8.354, 1.10127, 1114.94253, 11.57732, 1.09639, 10397.428, 52643.904, 1.9598
390, 8.342, 1.14103, 1134.83146, 10.92079, 1.07143, 10396.25, 52710.466, 1.97236
391, 8.33, 1.14286, 1075.0, 11.9186, 1.02247, 10355.218, 52787.454, 1.97468
392, 8.322, 1.05435, 1175.25773, 11.84211, 1.10976, 10363.73, 52870.222, 1.95545
393, 8.322, 1.11765, 1157.89474, 11.45455, 1.13924, 10364.356, 52953.03, 1.96296
394, 8.28, 1.13043, 1163.46154, 11.27273, 1.06, 10352.962, 53069.772, 2.00988
395, 8.264, 1.03896, 1150.0, 11.47826, 1.06667, 10344.65, 53124.138, 2.02463
396, 8.238, 1.07865, 1166.66667, 11.48214, 1.04444, 10343.834, 53211.864, 2.05651
397, 8.226, 1.11111, 1212.5, 11.37113, 1.13953, 10323.726, 53289.336, 2.04208
398, 8.2, 1.15957, 1128.44037, 11.89431, 1.05747, 10355.722, 53365.924, 2.08537
399, 8.216, 1.10112, 1255.10204, 11.68293, 1.06977, 10386.808, 53443.442, 2.07039
400, 8.23, 1.08, 1197.53086, 11.85567, 1.06667, 10392.486, 53493.642, 2.02632
401, 8.218, 1.1, 1147.72727, 11.56436, 1.05882, 10382.118, 53567.78, 2.04567
402, 8.2, 1.10714, 1172.04301, 11.6422, 1.15556, 10345.902, 53683.402, 2.03597
403, 8.212, 1.19444, 1139.53488, 11.91837, 1.1625, 10323.832, 53762.556, 2.02421
404, 8.24, 1.16049, 1159.57447, 12.25688, 1.08451, 10351.338, 53813.542, 2.05134
405, 8.272, 1.08, 1185.18519, 11.64583, 1.08065, 10379.168, 53839.774, 2.08209
406, 8.266, 1.10606, 1068.49315, 11.9359, 1.06024, 10335.932, 53900.526, 2.09924
407, 8.252, 1.05556, 1263.15789, 11.63333, 1.05556, 10356.41, 53981.002, 2.05432
408, 8.254, 1.05195, 1160.49383, 12.1383, 1.06494, 10337.66, 54050.116, 2.1066
409, 8.254, 1.04762, 1227.27273, 11.97222, 1.04706, 10347.828, 54117.53, 2.05707
410, 8.266, 1.11494, 1154.63918, 11.34821, 1.11392, 10360.376, 54189.45, 2.00966
411, 8.286, 1.06944, 1116.88312, 12.33721, 1.05, 10342.658, 54240.176, 2.02233
412, 8.302, 1.10843, 1141.30435, 11.60952, 1.07595, 10340.112, 54313.122, 2.02993
413, 8.278, 1.06579, 1197.53086, 11.24742, 1.11224, 10285.812, 54422.72, 1.98507
414, 8.272, 1.08333, 1192.30769, 12.04839, 1.09091, 10310.972, 54505.786, 1.98284
415, 8.268, 1.09091, 1305.55556, 11.70213, 1.07368, 10358.71, 54600.142, 2.00737
416, 8.228, 1.08, 1185.18519, 11.79688, 1.11957, 10378.62, 54695.258, 2.05868
417, 8.218, 1.05882, 1200.0, 11.71296, 1.01149, 10390.294, 54759.558, 2.09113
418, 8.224, 1.03846, 1197.53086, 12.13402, 1.06757, 10400.67, 54802.73, 2.07335
419, 8.228, 1.06329, 1190.47619, 12.14, 1.06977, 10381.982, 54879.554, 2.07426
420, 8.226, 1.08989, 1154.63918, 12.34821, 1.12658, 10379.466, 54964.722, 2.10697
421, 8.232, 1.08333, 1141.02564, 11.66292, 1.11268, 10368.904, 55012.184, 2.10224
422, 8.194, 1.13415, 1258.06452, 11.76923, 1.09375, 10371.594, 55102.144, 2.13033
423, 8.206, 1.11828, 1250.0, 11.5, 1.11688, 10427.114, 55165.3, 2.08717
424, 8.228, 1.06061, 1100.0, 12.57143, 1.0411, 10395.574, 55209.088, 2.03614
425, 8.246, 1.07042, 1184.21053, 11.52222, 1.075, 10384.566, 55257.776, 2.02451
426, 8.256, 1.09375, 1285.71429, 11.79259, 1.10227, 10440.26, 55329.814, 2.03686
427, 8.27, 1.06897, 1161.29032, 11.98148, 1.07143, 10410.404, 55433.372, 2.00495
428, 8.208, 1.09346, 1264.95726, 11.79054, 1.08911, 10455.214, 55543.184, 2.02387
429, 8.176, 1.06818, 1138.29787, 11.90654, 1.08696, 10440.58, 55628.822, 2.02358
430, 8.176, 1.11111, 1230.0, 11.97561, 1.05682, 10484.168, 55689.288, 2.05952
431, 8.19, 1.07229, 1247.19101, 11.33333, 1.1, 10491.772, 55760.112, 2.0799
432, 8.158, 1.11905, 1127.65957, 12.04717, 1.11364, 10487.276, 55833.296, 2.10896
433, 8.148, 1.12941, 1125.0, 12.35185, 1.08791, 10456.5, 55937.098, 2.09856
434, 8.146, 1.07, 1336.4486, 12.26573, 1.06, 10486.226, 56050.352, 2.07838
435, 8.136, 1.12162, 1265.06024, 11.95238, 1.06944, 10503.546, 56099.046, 2.07981
436, 8.126, 1.10227, 1247.42268, 11.59504, 1.06818, 10524.348, 56176.494, 2.13876
437, 8.172, 1.15663, 1291.66667, 11.79839, 1.06098, 10564.02, 56240.524, 2.10024
438, 8.18, 1.04225, 1121.62162, 11.77108, 1.07059, 10506.124, 56320.282, 2.07488
439, 8.236, 1.08046, 1191.48936, 12.75893, 1.02857, 10564.724, 56341.868, 2.04556
440, 8.248, 1.0339, 1098.36066, 12.85075, 1.03659, 10504.496, 56392.708, 1.97837
441, 8.258, 1.04, 1163.46154, 11.65289, 1.07447, 10499.71, 56495.8, 1.99272
442, 8.248, 1.11702, 1142.85714, 11.89167, 1.14815, 10532.688, 56558.068, 2.03398
443, 8.266, 1.03896, 1350.0, 11.91667, 1.03797, 10535.242, 56626.42, 2.03194
444, 8.304, 1.07042, 1197.36842, 11.94505, 1.04225, 10534.83, 56664.27, 2.01493
445, 8.328, 1.05195, 1185.18519, 12.32292, 1.06757, 10533.074, 56712.788, 1.97044
446, 8.384, 1.02778, 1175.67568, 12.2069, 1.0411, 10524.94, 56748.616, 1.95929
447, 8.392, 1.02469, 1180.72289, 12.70408, 1.07229, 10507.618, 56817.498, 1.89055
448, 8.372, 1.05435, 1195.87629, 12.38793, 1.04819, 10526.474, 56884.524, 1.8932
449, 8.42, 1.04545, 1188.4058, 11.64634, 1.02703, 10496.796, 56932.998, 1.85396
450, 8.382, 1.05495, 1166.66667, 12.9375, 1.09195, 10496.562, 57012.388, 1.8848
451, 8.366, 1.05263, 1312.5, 11.86667, 1.08537, 10496.076, 57076.508, 1.90099
452, 8.364, 1.125, 1121.21212, 12.41441, 1.09195, 10476.748, 57171.652, 1.84487
453, 8.396, 1.04938, 1211.76471, 11.57282, 1.07042, 10516.256, 57193.066, 1.85922
454, 8.382, 1.08955, 1191.78082, 13.29885, 1.10294, 10497.212, 57239.082, 1.87591
455, 8.346, 1.0274, 1226.66667, 12.09783, 1.09412, 10468.808, 57305.736, 1.86232
456, 8.328, 1.08602, 1099.0099, 12.67568, 1.10112, 10465.696, 57384.04, 1.88221
457, 8.296, 1.09412, 1215.05376, 12.09735, 1.06098, 10474.008, 57455.046, 1.92124
458, 8.278, 1.0989, 1220.0, 12.08197, 1.14943, 10484.312, 57542.13, 1.9951
459, 8.252, 1.11688, 1093.02326, 12.8617, 1.03333, 10448.408, 57619.586, 1.98547
460, 8.242, 1.04, 1182.69231, 12.60163, 1.09783, 10454.974, 57711.73, 2.0
461, 8.234, 1.07059, 1142.85714, 12.60577, 1.03704, 10466.2, 57761.514, 1.98815
462, 8.222, 1.1125, 1224.7191, 12.47706, 1.09091, 10446.574, 57850.712, 2.00959
463, 8.25, 1.07407, 1264.36782, 12.17273, 1.15278, 10457.35, 57912.818, 2.00971
464, 8.248, 1.0241, 1176.47059, 12.96, 1.10811, 10466.058, 57957.14, 2.0
465, 8.228, 1.09091, 1154.7619, 13.20619, 1.09639, 10451.0, 58018.594, 2.02179
466, 8.224, 1.1125, 1247.19101, 12.57658, 1.06667, 10488.07, 58055.228, 2.0534
467, 8.248, 1.04545, 1206.52174, 12.13514, 1.07778, 10487.988, 58129.966, 2.03186
468, 8.222, 1.08696, 1150.0, 12.32174, 1.13187, 10463.192, 58237.088, 2.02657
469, 8.23, 1.07527, 1160.0, 12.67241, 1.08537, 10472.564, 58311.744, 2.0534
470, 8.238, 1.06579, 1197.53086, 11.93814, 1.11392, 10453.836, 58375.806, 2.0267
471, 8.218, 1.04878, 1151.16279, 12.85859, 1.04651, 10431.638, 58447.474, 2.05122
472, 8.222, 1.03125, 1191.91919, 12.22034, 1.09783, 10425.694, 58540.344, 2.02174
473, 8.256, 1.09639, 1175.82418, 12.58879, 1.125, 10446.342, 58584.17, 2.01456
474, 8.244, 1.0875, 1103.44828, 13.52083, 1.09195, 10408.486, 58664.6, 2.05459
475, 8.214, 1.07216, 1173.07692, 12.54918, 1.08081, 10409.1, 58758.512, 2.04878
476, 8.214, 1.07527, 1130.0, 12.15044, 1.11905, 10409.412, 58834.658, 2.05839
477, 8.244, 1.16418, 1217.94872, 13.2, 1.04938, 10383.152, 58901.838, 2.04467
478, 8.258, 1.03659, 1152.94118, 13.07143, 1.08571, 10392.756, 58938.418, 2.04963
479, 8.228, 1.10989, 1168.31683, 12.55932, 1.1, 10384.184, 59033.27, 2.06452
480, 8.22, 1.16667, 1244.89796, 12.36885, 1.06522, 10398.294, 59112.9, 2.05911
