time, seeders, joined, request_count, response_size, left, awareness, bad_data, leechers
0, 0.0, 0.0, 0.0, 0.0, 0.0, 1001.0, 0.0, 0.0
1, 0.0, 999.0, 146.57237, 1.39557, 0.0, 133553.25, 0.0, 999.0
2, 0.0, 25.32, 105.49763, 2.71174, 49.55, 127675.174, 7414.27, 975.77
3, 0.0, 36.31, 105.97632, 2.75083, 24.62, 128292.168, 10610.386, 987.46
4, 0.0, 25.27, 105.30273, 2.8257, 25.386, 127724.726, 13825.982, 987.344
5, 0.0, 25.046, 105.58971, 2.85215, 24.824, 127125.04, 17052.19, 987.566
6, 0.0, 24.62, 105.32088, 2.91716, 24.752, 126437.322, 20306.884, 987.434
7, 0.0, 24.658, 105.28834, 2.99214, 24.57, 125824.19, 23481.524, 987.522
8, 0.0, 24.768, 105.9593, 3.01928, 24.562, 125287.618, 26596.972, 987.728
9, 0.0, 24.648, 106.34534, 3.08698, 24.914, 124738.926, 29713.292, 987.462
10, 0.0, 25.136, 106.28581, 3.12015, 25.188, 124198.41, 32865.446, 987.41
11, 778.836, 15.392, 106.28898, 3.15086, 5.79158, 124933.42, 33398.672, 218.186
12, 773.27, 18.132, 106.80565, 3.1894, 30.44, 122724.816, 37219.254, 211.444
13, 788.416, 24.246, 106.43405, 3.26009, 18.208, 122809.528, 39345.536, 202.336
14, 794.548, 18.58, 106.79225, 3.30834, 18.588, 122274.354, 41503.3, 196.196
15, 800.63, 18.364, 106.8068, 3.31906, 18.192, 121719.14, 43660.278, 190.286
16, 806.382, 18.14, 106.72547, 3.3405, 18.148, 121167.44, 45787.728, 184.526
17, 811.748, 18.312, 106.6623, 3.37119, 18.468, 120680.756, 47866.482, 179.004
18, 817.466, 18.174, 107.01001, 3.39099, 17.986, 120215.64, 49916.232, 173.474
19, 822.814, 18.118, 107.66089, 3.42766, 18.178, 119800.918, 51916.506, 168.066
20, 828.564, 18.06, 107.34219, 3.49355, 17.868, 119299.266, 53995.782, 162.508
21, 826.716, 18.024, 106.81314, 3.49948, 18.026, 118794.156, 56061.218, 164.354
22, 826.61, 17.93, 107.79699, 3.53125, 18.33, 118323.012, 58097.468, 164.06
23, 831.552, 18.192, 108.15743, 3.53568, 17.958, 117915.92, 60099.048, 159.352
24, 832.276, 17.888, 107.74821, 3.58722, 17.79, 117516.744, 62048.032, 158.726
25, 832.732, 18.04, 107.57206, 3.63382, 17.9, 117106.744, 64018.692, 158.41
26, 833.072, 17.744, 106.89811, 3.657, 17.902, 116658.804, 65979.094, 157.912
27, 833.228, 18.028, 108.8418, 3.66222, 18.09, 116299.512, 67911.594, 157.694
28, 833.428, 17.874, 108.62706, 3.72507, 17.838, 115867.452, 69894.544, 157.53
29, 833.424, 17.994, 107.8804, 3.73522, 17.882, 115494.95, 71809.984, 157.646
30, 833.774, 17.778, 108.67364, 3.76335, 17.844, 115140.608, 73697.456, 157.23
31, 833.788, 18.074, 107.7238, 3.83133, 18.078, 114689.594, 75693.202, 157.212
32, 833.714, 17.912, 108.05047, 3.86793, 17.988, 114314.636, 77597.374, 157.21
33, 833.86, 17.886, 109.07973, 3.89031, 17.948, 113990.554, 79461.148, 157.002
34, 833.608, 18.226, 108.05443, 3.91937, 18.21, 113632.62, 81377.242, 157.27
35, 833.368, 18.142, 108.49961, 3.94859, 18.164, 113313.456, 83247.474, 157.488
36, 833.202, 18.13, 108.5604, 3.99004, 18.02, 112936.088, 85173.016, 157.764
37, 833.078, 18.148, 110.14988, 3.97939, 18.12, 112629.064, 87055.85, 157.916
38, 833.212, 17.942, 108.97336, 4.01862, 17.77, 112346.704, 88864.718, 157.954
39, 833.13, 17.816, 108.82353, 4.08758, 18.02, 112013.478, 90705.36, 157.832
40, 832.804, 18.088, 109.63069, 4.06848, 18.194, 111746.622, 92519.772, 158.052
41, 832.71, 18.224, 109.06497, 4.11199, 18.244, 111462.846, 94354.018, 158.126
42, 832.6, 18.104, 109.73266, 4.11477, 17.942, 111242.974, 96120.158, 158.398
43, 832.652, 17.93, 109.28054, 4.22966, 18.018, 110976.242, 97902.056, 158.258
44, 832.962, 18.142, 109.92173, 4.19627, 17.932, 110713.44, 99711.858, 158.158
45, 833.14, 17.808, 109.57996, 4.21933, 17.906, 110412.0, 101512.112, 157.882
46, 833.27, 17.856, 109.47581, 4.27409, 17.962, 110134.66, 103291.56, 157.646
47, 833.396, 18.11, 110.16013, 4.30596, 17.942, 109907.448, 105054.622, 157.688
48, 833.27, 18.008, 110.88405, 4.29978, 18.162, 109679.522, 106817.616, 157.66
49, 833.218, 17.936, 109.44469, 4.33459, 17.982, 109421.47, 108573.09, 157.666
50, 833.056, 17.976, 109.74633, 4.39386, 17.982, 109185.124, 110314.124, 157.822
51, 833.576, 18.072, 109.86056, 4.41704, 17.854, 108955.37, 112057.786, 157.52
52, 833.632, 17.802, 109.54949, 4.46293, 17.82, 108699.08, 113788.798, 157.446
53, 833.766, 17.932, 110.95249, 4.45537, 17.862, 108530.146, 115466.378, 157.382
54, 834.034, 17.892, 110.82048, 4.48548, 17.716, 108305.05, 117192.826, 157.29
55, 833.91, 17.852, 110.47502, 4.52348, 18.032, 108076.582, 118907.864, 157.234
56, 833.706, 17.968, 109.9065, 4.5716, 18.05, 107868.622, 120600.21, 157.356
57, 833.752, 17.878, 110.32554, 4.62837, 17.932, 107670.99, 122278.482, 157.256
58, 833.596, 17.908, 111.2352, 4.6009, 18.074, 107445.39, 124003.52, 157.246
59, 833.764, 17.998, 109.99, 4.64205, 17.878, 107236.652, 125695.986, 157.198
60, 833.852, 18.01, 110.54969, 4.6891, 17.908, 107012.012, 127411.196, 157.212
61, 833.762, 18.068, 110.91432, 4.69701, 18.32, 106765.86, 129157.264, 157.05
62, 833.65, 18.182, 110.71389, 4.75012, 17.894, 106598.514, 130829.02, 157.45
63, 833.616, 17.866, 111.32878, 4.74751, 18.21, 106438.766, 132466.238, 157.14
64, 833.202, 18.39, 110.59271, 4.79634, 18.378, 106240.856, 134185.922, 157.566
65, 833.028, 18.114, 111.09639, 4.85321, 18.092, 106069.93, 135849.728, 157.762
66, 832.852, 18.376, 111.43883, 4.84481, 18.116, 105929.174, 137517.942, 158.198
67, 832.822, 17.91, 111.09994, 4.8629, 18.154, 105739.34, 139172.084, 157.984
68, 832.834, 18.222, 111.18428, 4.93228, 17.878, 105636.906, 140772.094, 158.316
69, 832.692, 17.84, 111.70404, 4.93527, 18.074, 105497.036, 142374.258, 158.224
70, 832.656, 18.106, 111.73092, 5.01256, 18.232, 105326.206, 144032.272, 158.134
71, 832.448, 18.366, 110.96592, 5.01678, 18.146, 105182.786, 145674.688, 158.562
72, 832.374, 18.24, 111.08553, 5.01323, 18.266, 105033.13, 147309.214, 158.61
73, 832.1, 18.066, 110.74947, 5.11505, 18.172, 104896.886, 148901.016, 158.778
74, 832.512, 18.246, 111.03804, 5.0926, 17.996, 104792.894, 150480.352, 158.616
75, 832.65, 17.826, 111.43274, 5.17408, 17.824, 104673.75, 152035.718, 158.48
76, 832.562, 18.012, 112.14746, 5.1395, 18.244, 104561.378, 153612.376, 158.336
77, 832.444, 18.1, 111.61326, 5.18325, 17.978, 104449.138, 155187.438, 158.576
78, 832.734, 18.048, 111.99025, 5.2359, 17.92, 104371.586, 156723.906, 158.414
79, 832.828, 17.59, 112.00682, 5.22515, 17.644, 104243.898, 158255.966, 158.266
80, 833.138, 17.78, 111.34983, 5.27063, 17.716, 104153.304, 159756.752, 158.02
81, 833.254, 17.802, 110.66172, 5.31452, 17.964, 104022.718, 161286.442, 157.742
82, 833.532, 17.756, 112.10858, 5.32051, 17.838, 103879.136, 162846.332, 157.382
83, 833.856, 17.782, 111.40479, 5.38516, 17.794, 103781.018, 164350.524, 157.046
84, 834.192, 18.082, 111.82391, 5.37319, 17.94, 103674.52, 165897.738, 156.852
85, 834.078, 18.012, 112.09194, 5.41664, 17.94, 103607.898, 167398.27, 157.038
86, 834.414, 17.722, 112.0641, 5.41732, 17.714, 103522.966, 168881.73, 156.71
87, 834.578, 17.73, 112.18274, 5.49281, 17.998, 103411.612, 170392.012, 156.278
88, 834.818, 18.244, 112.03683, 5.48718, 17.904, 103358.146, 171896.534, 156.378
89, 834.516, 17.976, 111.03694, 5.58116, 17.988, 103249.264, 173407.87, 156.668
90, 833.986, 17.87, 113.00504, 5.54184, 18.052, 103145.316, 174931.438, 157.016
91, 833.658, 18.042, 111.58408, 5.5905, 18.244, 103012.878, 176477.16, 157.142
92, 833.316, 18.168, 111.99912, 5.59485, 18.136, 102924.522, 177996.882, 157.516
93, 833.268, 18.104, 111.68802, 5.64807, 17.946, 102850.35, 179485.792, 157.722
94, 833.362, 17.882, 112.30287, 5.64545, 17.786, 102748.636, 180986.078, 157.724
95, 833.224, 18.052, 111.76601, 5.73573, 18.122, 102651.788, 182486.42, 157.792
96, 833.216, 17.976, 111.90476, 5.71436, 17.78, 102554.748, 183978.444, 157.996
97, 833.014, 17.86, 113.02352, 5.71832, 18.134, 102488.99, 185443.374, 157.924
98, 833.062, 18.12, 111.68874, 5.76539, 18.132, 102389.1, 186942.164, 157.864
99, 832.872, 18.146, 112.59782, 5.82292, 18.148, 102316.788, 188431.434, 158.052
100, 832.596, 18.056, 111.48649, 5.81242, 18.064, 102197.396, 189937.122, 158.32
101, 832.874, 18.142, 113.35024, 5.86715, 18.01, 102178.74, 191378.262, 158.174
102, 833.138, 17.908, 111.88296, 5.84987, 18.07, 102091.362, 192833.858, 157.748
103, 833.054, 18.316, 112.61192, 5.94997, 18.152, 102056.862, 194290.426, 157.996
104, 832.886, 17.958, 112.52923, 5.98525, 17.902, 101983.324, 195743.598, 158.22
105, 833.196, 17.63, 112.63755, 5.97543, 17.832, 101927.196, 197142.404, 157.708
106, 833.6, 17.67, 112.75608, 6.02178, 17.58, 101870.328, 198544.416, 157.394
107, 833.348, 17.964, 111.63438, 6.06343, 17.984, 101811.364, 199957.436, 157.626
108, 833.398, 18.128, 112.16902, 6.0418, 18.098, 101746.384, 201403.242, 157.606
109, 833.554, 18.046, 112.29081, 6.09149, 18.066, 101671.518, 202849.452, 157.43
110, 833.424, 18.26, 112.59584, 6.11625, 18.19, 101625.794, 204292.466, 157.63
111, 833.432, 18.074, 112.22751, 6.15125, 18.21, 101553.7, 205730.968, 157.486
112, 833.308, 17.996, 111.89153, 6.16379, 17.866, 101499.666, 207132.472, 157.74
113, 833.73, 17.99, 112.81823, 6.17215, 17.704, 101492.264, 208500.2, 157.604
114, 833.634, 17.636, 112.54253, 6.18289, 18.112, 101390.724, 209917.766, 157.224
115, 832.938, 18.24, 113.03728, 6.24445, 18.28, 101353.59, 211342.122, 157.88
116, 832.806, 18.242, 112.64116, 6.22338, 17.998, 101342.964, 212731.32, 158.256
117, 832.854, 17.818, 113.43585, 6.27687, 17.778, 101321.722, 214093.432, 158.248
118, 833.098, 18.084, 112.30922, 6.30084, 17.902, 101301.1, 215461.398, 158.186
119, 832.96, 17.84, 112.54484, 6.31836, 18.242, 101223.61, 216860.34, 157.922
120, 833.488, 18.062, 112.32422, 6.34799, 17.578, 101234.144, 218188.916, 157.878
121, 833.79, 17.682, 113.39215, 6.3988, 17.804, 101175.808, 219560.612, 157.454
122, 833.682, 17.908, 113.64753, 6.42296, 18.178, 101119.558, 220957.624, 157.292
123, 833.57, 17.97, 112.73233, 6.45, 18.122, 101069.516, 222336.276, 157.252
124, 833.496, 18.112, 112.38958, 6.53085, 18.008, 101012.67, 223729.62, 157.43
125, 833.822, 17.988, 112.49722, 6.49358, 17.996, 100956.058, 225106.652, 157.096
126, 834.118, 18.03, 113.16694, 6.50784, 17.738, 100956.354, 226438.746, 157.092
127, 834.062, 17.73, 112.37451, 6.58382, 17.874, 100911.216, 227769.366, 157.004
128, 833.962, 18.058, 112.482, 6.56597, 18.12, 100861.06, 229139.414, 157.042
129, 834.134, 17.908, 113.08912, 6.60034, 17.8, 100858.154, 230453.818, 156.978
130, 834.312, 17.734, 112.58599, 6.64359, 17.882, 100811.878, 231778.58, 156.652
131, 833.806, 18.056, 112.54984, 6.67021, 17.996, 100766.756, 233134.826, 157.218
132, 833.898, 18.06, 112.7464, 6.72557, 17.998, 100744.752, 234470.904, 157.188
133, 833.76, 17.998, 113.00144, 6.70469, 18.12, 100665.462, 235859.084, 157.204
134, 833.688, 18.02, 113.05216, 6.72629, 17.872, 100672.676, 237159.424, 157.424
135, 833.772, 17.742, 113.12141, 6.76652, 17.74, 100649.086, 238456.254, 157.342
136, 833.74, 18.04, 113.6918, 6.81804, 18.088, 100618.316, 239804.598, 157.326
137, 833.952, 17.874, 113.18116, 6.81522, 17.82, 100586.622, 241120.432, 157.168
138, 834.16, 17.758, 113.35736, 6.83, 17.908, 100530.752, 242448.676, 156.81
139, 833.596, 18.328, 113.09472, 6.87293, 18.43, 100468.046, 243841.802, 157.272
140, 833.55, 17.884, 113.19615, 6.92245, 17.76, 100448.032, 245137.33, 157.442
141, 833.478, 18.018, 112.56521, 6.92713, 18.034, 100405.452, 246459.568, 157.498
142, 833.664, 18.01, 112.88173, 6.93153, 17.73, 100411.308, 247733.796, 157.592
143, 833.306, 17.964, 112.12425, 6.97458, 18.246, 100342.448, 249062.46, 157.668
144, 833.126, 18.124, 112.1055, 6.99075, 18.222, 100316.234, 250362.08, 157.75
145, 833.212, 18.046, 113.82024, 7.04275, 17.734, 100350.984, 251621.014, 157.976
146, 833.284, 17.912, 113.29835, 7.05923, 18.024, 100325.696, 252912.842, 157.792
147, 833.168, 17.958, 113.34224, 7.10484, 18.058, 100299.412, 254210.078, 157.808
148, 833.06, 17.91, 113.19933, 7.06866, 17.756, 100299.256, 255469.984, 158.07
149, 833.24, 18.026, 113.03672, 7.1115, 18.124, 100277.248, 256757.8, 157.792
150, 833.238, 18.108, 112.87829, 7.22808, 17.97, 100263.78, 258041.37, 157.932
151, 833.176, 17.788, 113.68338, 7.16269, 17.972, 100250.248, 259299.266, 157.81
152, 833.298, 17.796, 111.98022, 7.2213, 17.938, 100197.018, 260566.168, 157.546
153, 833.464, 18.2, 112.59341, 7.20398, 17.932, 100203.998, 261825.846, 157.648
154, 833.964, 17.684, 113.3454, 7.24865, 17.62, 100179.646, 263069.38, 157.212
155, 834.42, 17.42, 112.39954, 7.338, 17.444, 100149.192, 264270.75, 156.732
156, 834.366, 17.802, 113.51534, 7.29949, 18.266, 100081.186, 265570.668, 156.322
157, 834.712, 18.264, 112.06746, 7.37669, 17.56, 100105.788, 266801.88, 156.68
158, 834.286, 17.514, 112.70983, 7.37913, 18.11, 100036.95, 268052.138, 156.51
159, 834.434, 18.144, 112.65432, 7.37074, 17.756, 100066.066, 269269.378, 156.75
160, 834.446, 17.832, 111.9336, 7.43577, 18.044, 99977.824, 270553.31, 156.526
161, 834.326, 18.018, 113.28671, 7.44366, 17.948, 99978.204, 271789.928, 156.716
162, 834.162, 17.87, 113.30722, 7.45269, 17.948, 99970.058, 273018.97, 156.802
163, 834.386, 17.952, 113.11275, 7.46784, 18.058, 99944.186, 274267.098, 156.472
164, 834.22, 18.162, 112.57571, 7.53272, 17.97, 99939.338, 275505.468, 156.83
165, 833.844, 17.948, 111.95676, 7.50373, 17.952, 99905.498, 276735.094, 157.202
166, 833.99, 17.944, 113.27463, 7.56538, 17.854, 99893.854, 277963.154, 157.146
167, 834.008, 17.716, 113.17453, 7.56688, 17.966, 99849.0, 279194.044, 156.878
168, 833.858, 18.046, 113.55425, 7.60365, 17.718, 99878.442, 280391.192, 157.356
169, 834.142, 17.846, 112.63028, 7.62378, 17.778, 99859.766, 281595.3, 157.14
170, 833.946, 17.806, 112.87207, 7.68385, 18.12, 99800.812, 282838.298, 157.022
171, 833.86, 17.918, 112.81393, 7.64322, 17.98, 99780.556, 284050.258, 157.046
172, 833.526, 18.208, 112.26933, 7.7238, 18.236, 99745.1, 285297.564, 157.352
173, 833.3, 18.014, 113.81148, 7.70774, 18.102, 99739.364, 286518.814, 157.49
174, 833.556, 18.312, 113.60856, 7.71669, 18.028, 99758.412, 287741.928, 157.518
175, 833.666, 18.04, 113.92461, 7.70884, 17.916, 99786.348, 288931.592, 157.532
176, 833.816, 17.672, 113.56949, 7.81734, 17.728, 99763.078, 290119.9, 157.326
177, 833.322, 17.97, 113.33333, 7.82972, 18.14, 99751.26, 291323.076, 157.65
178, 833.278, 18.048, 113.9406, 7.86238, 18.166, 99746.09, 292536.018, 157.576
179, 833.094, 18.244, 113.12212, 7.8527, 18.068, 99764.432, 293729.358, 157.936
180, 832.878, 17.872, 112.99239, 7.86937, 17.942, 99745.68, 294915.756, 158.082
181, 832.704, 18.146, 113.30321, 7.89553, 18.138, 99745.066, 296116.91, 158.264
182, 833.126, 17.966, 112.81309, 7.9481, 17.812, 99749.422, 297282.282, 157.996
183, 833.402, 17.906, 112.69965, 7.9776, 17.774, 99750.604, 298439.918, 157.852
184, 833.638, 17.552, 113.49134, 7.99036, 17.996, 99706.556, 299612.558, 157.172
185, 833.686, 18.09, 113.62078, 8.00642, 18.012, 99706.17, 300803.94, 157.202
186, 833.134, 18.13, 112.984, 8.03251, 18.198, 99680.878, 302010.78, 157.686
187, 833.444, 18.032, 113.2764, 8.04494, 17.854, 99688.468, 303172.76, 157.554
188, 833.578, 17.956, 113.44397, 8.12204, 17.94, 99695.712, 304329.026, 157.436
189, 834.012, 17.912, 112.43859, 8.09136, 17.858, 99668.53, 305494.954, 157.056
190, 833.724, 17.876, 113.23562, 8.11303, 18.102, 99631.612, 306677.04, 157.118
191, 833.766, 18.14, 112.60198, 8.16166, 18.028, 99619.312, 307853.67, 157.188
192, 833.658, 18.004, 113.85248, 8.10811, 18.008, 99627.296, 309012.322, 157.292
193, 833.478, 17.94, 112.72018, 8.18989, 17.892, 99624.058, 310151.408, 157.52
194, 833.272, 17.796, 113.26141, 8.20927, 17.852, 99609.044, 311296.726, 157.67
195, 833.368, 17.958, 113.47589, 8.2541, 17.992, 99609.04, 312443.2, 157.54
196, 833.532, 18.21, 113.00384, 8.29672, 18.026, 99620.026, 313601.85, 157.56
197, 833.542, 17.89, 112.85634, 8.3048, 17.852, 99616.664, 314727.644, 157.588
198, 833.57, 17.738, 112.2449, 8.34927, 17.854, 99570.98, 315867.224, 157.444
199, 833.428, 18.03, 112.6345, 8.29604, 18.204, 99531.42, 317040.028, 157.412
200, 833.572, 18.17, 112.80132, 8.32553, 17.762, 99561.254, 318156.85, 157.676
201, 833.624, 17.698, 113.41395, 8.41471, 17.99, 99526.572, 319294.398, 157.332
202, 833.602, 18.066, 113.35105, 8.43403, 17.976, 99551.734, 320410.574, 157.444
203, 833.498, 17.806, 112.09705, 8.47645, 18.004, 99519.304, 321528.696, 157.35
204, 833.482, 18.192, 113.09367, 8.4321, 17.98, 99546.356, 322643.132, 157.578
205, 833.472, 18.002, 113.07632, 8.45412, 17.918, 99555.772, 323755.082, 157.672
206, 833.564, 17.82, 113.14254, 8.49033, 18.052, 99513.516, 324895.142, 157.348
207, 833.53, 18.09, 113.52128, 8.50097, 17.832, 99552.62, 325989.528, 157.64
208, 833.178, 18.086, 113.44686, 8.48855, 18.236, 99527.636, 327142.586, 157.842
209, 833.106, 18.06, 112.75748, 8.55667, 18.104, 99530.782, 328250.942, 157.87
210, 832.986, 18.232, 112.4287, 8.60211, 18.204, 99521.524, 329381.814, 158.018
211, 832.53, 18.198, 112.75964, 8.61374, 18.232, 99514.986, 330510.974, 158.44
212, 832.782, 18.072, 114.12129, 8.57661, 18.08, 99514.444, 331641.678, 158.18
213, 832.522, 18.08, 113.21903, 8.62277, 18.024, 99510.984, 332760.172, 158.496
214, 832.362, 18.106, 113.85176, 8.64228, 18.53, 99466.72, 333932.128, 158.232
215, 832.332, 18.468, 113.74269, 8.65496, 18.114, 99518.33, 335041.14, 158.616
216, 832.498, 17.906, 113.35865, 8.66007, 17.7, 99534.68, 336110.164, 158.656
217, 832.662, 17.828, 113.10298, 8.77058, 17.796, 99544.586, 337174.382, 158.524
218, 832.538, 18.022, 112.93974, 8.82185, 18.2, 99525.614, 338281.526, 158.47
219, 832.664, 17.954, 113.21154, 8.77625, 17.96, 99522.046, 339369.0, 158.338
220, 832.656, 18.064, 113.6736, 8.82975, 18.08, 99529.504, 340465.82, 158.33
221, 832.886, 17.89, 113.66126, 8.82709, 17.916, 99534.036, 341542.266, 158.074
222, 833.02, 18.102, 112.59529, 8.85399, 18.122, 99512.25, 342647.232, 157.92
223, 832.93, 18.22, 113.44676, 8.90905, 18.088, 99538.114, 343732.728, 158.142
224, 832.702, 18.272, 113.10201, 8.89867, 18.26, 99525.684, 344847.922, 158.382
225, 833.258, 17.826, 113.45226, 8.87292, 17.858, 99509.088, 345923.594, 157.794
226, 833.224, 17.796, 112.49719, 8.91878, 17.886, 99480.842, 346989.838, 157.738
227, 833.264, 17.802, 113.35805, 8.95332, 17.95, 99464.91, 348057.912, 157.55
228, 832.996, 18.244, 113.12212, 8.94399, 17.99, 99472.492, 349145.114, 158.072
229, 833.13, 17.916, 112.8042, 8.95854, 17.992, 99447.778, 350218.954, 157.862
230, 833.166, 18.254, 113.66276, 8.97156, 18.07, 99482.134, 351287.126, 158.01
231, 832.99, 17.686, 113.3552, 9.03591, 17.948, 99459.36, 352339.206, 157.924
232, 833.202, 18.098, 113.20588, 9.06345, 17.924, 99478.328, 353390.956, 157.886
233, 833.37, 17.844, 112.6317, 9.09812, 18.108, 99447.148, 354447.51, 157.454
234, 833.552, 18.156, 113.25182, 9.10077, 17.914, 99469.596, 355499.696, 157.514
235, 833.268, 17.99, 112.89605, 9.12368, 18.07, 99467.436, 356547.986, 157.718
236, 833.2, 17.926, 113.09829, 9.10111, 17.696, 99489.824, 357564.81, 158.016
237, 832.998, 17.854, 113.91285, 9.10473, 18.216, 99464.94, 358637.018, 157.856
238, 833.192, 17.996, 112.6028, 9.20568, 17.912, 99459.274, 359677.416, 157.746
239, 833.102, 18.1, 112.79558, 9.26401, 18.118, 99440.528, 360742.96, 157.818
240, 833.574, 18.13, 113.1936, 9.20339, 18.036, 99443.508, 361796.346, 157.44
241, 833.22, 17.894, 114.56354, 9.23532, 18.06, 99442.562, 362848.356, 157.628
242, 833.43, 18.128, 113.31642, 9.26989, 17.952, 99461.174, 363883.158, 157.594
243, 833.224, 17.848, 113.29, 9.26311, 17.96, 99457.312, 364905.854, 157.688
244, 833.262, 18.306, 113.21971, 9.32819, 18.134, 99468.668, 365958.672, 157.822
245, 833.21, 18.082, 113.74848, 9.33372, 18.184, 99469.828, 367005.866, 157.772
246, 832.988, 18.102, 114.28571, 9.31574, 18.134, 99492.694, 368040.076, 157.962
247, 832.664, 17.956, 112.8982, 9.43577, 18.042, 99490.362, 369056.276, 158.2
248, 832.728, 18.064, 113.0093, 9.35926, 17.936, 99508.892, 370064.626, 158.264
249, 832.798, 18.078, 112.84434, 9.46216, 18.062, 99506.836, 371087.318, 158.21
250, 832.94, 17.974, 113.30811, 9.42355, 17.98, 99494.21, 372116.116, 158.062
251, 832.87, 18.1, 113.23757, 9.51356, 18.024, 99512.074, 373127.036, 158.208
252, 832.89, 17.97, 112.88815, 9.4896, 18.092, 99479.942, 374165.222, 158.066
253, 833.012, 17.874, 113.50565, 9.46855, 17.756, 99483.426, 375164.4, 158.062
254, 833.274, 17.746, 113.18607, 9.50553, 17.764, 99474.412, 376154.966, 157.782
255, 833.236, 18.114, 113.88981, 9.51953, 18.16, 99478.738, 377182.766, 157.774
256, 833.26, 18.088, 113.60018, 9.51625, 18.034, 99489.116, 378195.506, 157.804
257, 833.406, 17.92, 113.68304, 9.55527, 17.784, 99510.36, 379175.95, 157.794
258, 833.286, 17.818, 113.3685, 9.60752, 18.07, 99473.22, 380196.098, 157.662
259, 833.416, 18.054, 113.10513, 9.66964, 18.04, 99456.918, 381217.168, 157.546
260, 833.22, 17.966, 113.89291, 9.66171, 18.114, 99452.75, 382226.678, 157.594
261, 833.24, 18.154, 113.41853, 9.62963, 18.116, 99454.232, 383243.28, 157.612
262, 833.356, 18.028, 113.1795, 9.69006, 17.844, 99472.96, 384219.102, 157.68
263, 833.384, 18.15, 113.63085, 9.70956, 18.01, 99480.74, 385225.374, 157.792
264, 832.948, 18.104, 114.16262, 9.65938, 18.214, 99473.244, 386250.062, 158.118
265, 833.142, 17.91, 113.19933, 9.74825, 17.856, 99467.594, 387234.83, 157.978
266, 833.336, 17.756, 112.9759, 9.77428, 17.74, 99457.27, 388196.52, 157.8
267, 833.324, 17.864, 113.40125, 9.82585, 17.88, 99460.248, 389163.768, 157.796
268, 833.156, 17.848, 114.4442, 9.77186, 18.004, 99463.798, 390146.104, 157.808
269, 833.25, 18.08, 113.5177, 9.81095, 17.994, 99474.676, 391128.18, 157.8
270, 833.152, 17.888, 113.78578, 9.78992, 18.062, 99457.65, 392118.622, 157.724
271, 833.066, 18.098, 113.19483, 9.86976, 18.096, 99465.462, 393095.41, 157.812
272, 832.95, 18.1, 113.23757, 9.87588, 18.01, 99477.152, 394068.804, 158.018
273, 832.874, 18.202, 112.98758, 9.87474, 18.284, 99466.632, 395067.73, 158.012
274, 832.726, 18.244, 113.73602, 9.8668, 18.248, 99476.282, 396061.492, 158.156
275, 833.138, 18.184, 112.83546, 9.95419, 17.938, 99487.238, 397028.184, 157.99
276, 832.792, 18.04, 113.51441, 10.03379, 18.136, 99480.428, 398006.688, 158.24
277, 832.812, 17.732, 113.20776, 9.93773, 17.758, 99469.196, 398948.938, 158.194
278, 832.762, 17.968, 113.06768, 9.98002, 17.954, 99459.078, 399910.252, 158.258
279, 832.976, 18.072, 112.29526, 10.06839, 17.908, 99446.58, 400867.114, 158.208
280, 832.798, 18.004, 113.33037, 10.0644, 18.178, 99417.892, 401852.172, 158.212
281, 832.83, 17.874, 113.40495, 10.06838, 18.09, 99390.724, 402821.97, 157.964
282, 832.856, 18.268, 113.13773, 10.09909, 18.006, 99404.496, 403788.004, 158.2
283, 832.988, 17.988, 114.09829, 10.05691, 17.978, 99424.816, 404731.826, 158.078
284, 833.3, 17.888, 113.02549, 10.15768, 17.888, 99423.59, 405667.644, 157.766
285, 833.476, 17.824, 113.88016, 10.06227, 17.942, 99402.792, 406624.69, 157.472
286, 833.716, 17.986, 113.56611, 10.12915, 17.878, 99397.378, 407576.184, 157.34
287, 833.724, 17.738, 113.72195, 10.13365, 17.644, 99405.972, 408488.452, 157.426
288, 833.804, 17.814, 113.36028, 10.20927, 17.958, 99385.24, 409431.304, 157.202
289, 833.742, 18.07, 113.30382, 10.2154, 18.172, 99368.452, 410394.164, 157.162
290, 833.47, 18.21, 113.44316, 10.19837, 18.208, 99378.924, 411343.532, 157.436
291, 833.694, 17.934, 113.57199, 10.23331, 17.602, 99410.562, 412240.888, 157.544
292, 833.994, 17.506, 112.78419, 10.22903, 17.856, 99359.87, 413157.198, 156.894
293, 833.722, 18.192, 112.75286, 10.22826, 18.004, 99386.824, 414069.872, 157.354
294, 833.504, 17.994, 113.1266, 10.33504, 18.134, 99377.358, 415005.012, 157.432
295, 833.224, 18.12, 112.92494, 10.34395, 18.174, 99376.328, 415937.772, 157.658
296, 833.172, 18.222, 112.66601, 10.29937, 18.138, 99363.566, 416884.812, 157.794
297, 833.468, 17.972, 112.94235, 10.3963, 17.556, 99397.312, 417762.364, 157.914
298, 833.174, 17.652, 113.89078, 10.37207, 18.112, 99372.028, 418682.244, 157.748
299, 833.476, 17.702, 114.1001, 10.3636, 17.696, 99385.328, 419569.444, 157.452
300, 833.982, 17.804, 112.45787, 10.39786, 17.676, 99392.48, 420442.628, 157.074
301, 833.974, 17.978, 113.00478, 10.42548, 18.106, 99377.46, 421360.54, 156.954
302, 833.732, 18.122, 112.91248, 10.48451, 17.804, 99392.54, 422260.674, 157.514
303, 833.892, 17.646, 113.78216, 10.48889, 18.032, 99359.708, 423176.36, 156.968
304, 833.848, 18.112, 113.52694, 10.51697, 17.972, 99385.222, 424075.116, 157.152
305, 834.138, 17.988, 113.55348, 10.446, 17.77, 99403.35, 424964.088, 157.08
306, 834.804, 17.65, 113.16714, 10.49024, 17.504, 99409.26, 425820.222, 156.56
307, 834.67, 17.858, 113.14817, 10.53598, 18.102, 99367.43, 426745.758, 156.45
308, 834.144, 17.928, 113.4315, 10.55321, 18.046, 99351.03, 427659.42, 156.858
309, 834.528, 17.686, 113.28735, 10.56728, 17.328, 99384.466, 428491.452, 156.832
310, 834.524, 17.596, 114.03728, 10.61657, 17.916, 99354.422, 429385.324, 156.516
311, 834.534, 17.85, 113.46779, 10.56789, 17.75, 99368.566, 430250.692, 156.606
312, 834.924, 17.746, 114.1553, 10.566, 17.742, 99382.64, 431113.932, 156.22
313, 834.896, 17.788, 113.13245, 10.60157, 17.638, 99395.744, 431964.738, 156.398
314, 834.786, 17.9, 113.11732, 10.6291, 18.256, 99348.55, 432887.926, 156.152
315, 834.688, 18.114, 112.12322, 10.70596, 17.952, 99341.61, 433773.596, 156.412
316, 834.688, 17.686, 113.61529, 10.64238, 17.772, 99337.216, 434632.526, 156.326
317, 834.608, 17.96, 113.04009, 10.72436, 17.88, 99338.764, 435502.368, 156.486
318, 834.538, 17.894, 113.21113, 10.75516, 18.01, 99329.318, 436382.648, 156.44
319, 834.27, 18.038, 113.13893, 10.73648, 17.96, 99333.214, 437257.95, 156.786
320, 834.038, 17.988, 113.09762, 10.7731, 18.118, 99322.314, 438138.02, 156.888
321, 834.034, 18.176, 113.35827, 10.80722, 17.946, 99346.124, 439009.05, 157.122
322, 833.906, 17.806, 113.07424, 10.84365, 18.0, 99328.87, 439874.712, 157.056
323, 833.712, 18.066, 113.16285, 10.79427, 17.948, 99342.626, 440735.808, 157.368
324, 833.746, 17.922, 113.99397, 10.80441, 17.948, 99340.754, 441611.17, 157.308
325, 833.816, 17.884, 113.01722, 10.82961, 17.898, 99337.404, 442463.088, 157.224
326, 833.516, 17.902, 113.22757, 10.88604, 18.05, 99335.066, 443320.374, 157.376
327, 833.232, 18.364, 113.43934, 10.86492, 18.46, 99344.498, 444217.846, 157.564
328, 833.072, 18.474, 113.71657, 10.92765, 18.084, 99406.18, 445077.386, 158.114
329, 833.08, 17.71, 112.89667, 10.90897, 17.838, 99392.51, 445910.018, 157.978
330, 833.384, 17.632, 113.73639, 10.93178, 17.7, 99378.988, 446747.142, 157.606
331, 833.558, 18.018, 113.17571, 10.98548, 18.1, 99373.854, 447605.258, 157.35
332, 833.428, 18.082, 113.28393, 10.99238, 17.926, 99381.506, 448463.608, 157.636
333, 833.448, 18.028, 113.39028, 10.98797, 17.938, 99392.658, 449308.112, 157.706
334, 833.264, 17.682, 113.34691, 10.97096, 18.028, 99343.6, 450173.074, 157.544
335, 833.21, 18.372, 114.56564, 11.00979, 18.118, 99403.482, 451024.418, 157.852
336, 833.11, 17.988, 113.47565, 11.07182, 17.922, 99412.036, 451863.136, 158.018
337, 833.41, 17.938, 113.22332, 11.08538, 17.994, 99405.166, 452706.518, 157.662
338, 833.896, 17.818, 114.21035, 11.05641, 18.058, 99369.598, 453579.944, 156.936
339, 833.796, 18.054, 113.2713, 11.01154, 17.814, 99386.1, 454409.52, 157.276
340, 833.434, 17.768, 111.85277, 11.05273, 17.93, 99351.234, 455232.418, 157.476
341, 833.666, 18.116, 113.54604, 11.12202, 17.902, 99376.878, 456062.278, 157.458
342, 833.692, 18.094, 113.09826, 11.11151, 18.31, 99346.444, 456940.148, 157.216
343, 833.814, 17.956, 113.16552, 11.13642, 17.826, 99356.278, 457760.112, 157.224
344, 833.48, 17.87, 112.55736, 11.17272, 17.888, 99346.106, 458577.312, 157.54
345, 833.946, 17.65, 113.89235, 11.15471, 17.624, 99350.828, 459376.644, 157.1
346, 834.174, 17.794, 113.1505, 11.19787, 17.818, 99328.976, 460199.792, 156.848
347, 834.132, 18.05, 113.27424, 11.23281, 17.98, 99341.24, 461021.376, 156.96
348, 834.116, 17.686, 113.60398, 11.24627, 17.754, 99341.268, 461815.168, 156.908
349, 834.178, 18.028, 113.10184, 11.22374, 18.052, 99355.746, 462621.784, 156.822
350, 833.998, 18.008, 114.01599, 11.24644, 18.11, 99360.458, 463455.882, 156.9
351, 834.096, 18.262, 114.36863, 11.30662, 18.026, 99399.48, 464283.666, 157.038
352, 834.328, 17.814, 113.42764, 11.25725, 17.948, 99387.31, 465098.532, 156.672
353, 834.354, 17.952, 113.291, 11.34841, 17.858, 99379.886, 465917.376, 156.74
354, 834.2, 17.886, 112.61322, 11.2953, 18.042, 99340.938, 466745.792, 156.738
355, 833.976, 17.812, 112.75545, 11.334, 17.902, 99308.112, 467562.15, 156.872
356, 833.914, 18.082, 113.28393, 11.39416, 17.876, 99316.362, 468373.058, 157.14
357, 834.198, 17.796, 113.04788, 11.37767, 17.558, 99340.384, 469132.898, 157.094
358, 834.334, 17.474, 113.91782, 11.36281, 17.484, 99342.48, 469892.992, 156.948
359, 834.722, 17.414, 113.41449, 11.42633, 17.49, 99323.778, 470656.126, 156.484
360, 835.032, 17.65, 112.90652, 11.47812, 17.768, 99291.874, 471447.938, 156.056
361, 835.094, 17.968, 113.00089, 11.48059, 17.984, 99286.864, 472248.154, 155.978
362, 834.998, 17.768, 113.07969, 11.39289, 17.872, 99273.112, 473033.418, 155.97
363, 835.224, 17.956, 113.70016, 11.46336, 17.868, 99288.472, 473818.356, 155.832
364, 835.218, 17.936, 113.2025, 11.48513, 17.896, 99281.94, 474614.902, 155.878
365, 835.266, 17.796, 113.62104, 11.43126, 17.83, 99296.654, 475378.13, 155.796
366, 835.518, 17.926, 113.39953, 11.48032, 17.592, 99333.206, 476127.316, 155.878
367, 835.354, 17.708, 113.05625, 11.55195, 18.01, 99304.538, 476914.234, 155.74
368, 834.782, 18.158, 113.88919, 11.54778, 18.36, 99292.424, 477746.042, 156.11
369, 834.166, 18.184, 113.67136, 11.52395, 17.968, 99325.804, 478530.064, 156.942
370, 834.286, 17.744, 112.29711, 11.63475, 17.61, 99321.536, 479276.578, 156.956
371, 834.236, 17.756, 113.67425, 11.58006, 18.024, 99308.046, 480057.13, 156.738
372, 834.134, 17.974, 113.47502, 11.60169, 18.074, 99304.914, 480845.72, 156.74
373, 834.174, 17.94, 113.02118, 11.64746, 17.73, 99319.764, 481600.158, 156.91
374, 833.976, 18.164, 113.44418, 11.62273, 18.24, 99344.2, 482377.824, 157.032
375, 834.186, 17.976, 113.46239, 11.61188, 17.728, 99361.808, 483142.436, 157.07
376, 833.89, 17.912, 113.67798, 11.70494, 18.108, 99335.084, 483945.088, 157.17
377, 833.628, 17.88, 114.22819, 11.66011, 17.844, 99342.596, 484718.802, 157.468
378, 833.73, 17.72, 112.56208, 11.70019, 17.886, 99315.044, 485475.448, 157.2
379, 833.726, 18.038, 113.57135, 11.65118, 18.168, 99311.682, 486264.292, 157.074
380, 833.694, 17.826, 113.26153, 11.72739, 17.592, 99329.288, 486998.768, 157.34
381, 833.676, 17.798, 114.05776, 11.70433, 17.98, 99307.844, 487783.432, 157.176
382, 833.364, 18.172, 113.68039, 11.7386, 18.144, 99323.388, 488562.46, 157.516
383, 833.574, 18.094, 112.81088, 11.77797, 17.844, 99338.026, 489316.222, 157.556
384, 833.766, 17.744, 113.06357, 11.75775, 17.744, 99326.99, 490060.272, 157.364
385, 833.824, 17.8, 113.35955, 11.86698, 17.984, 99307.158, 490821.748, 157.122
386, 833.92, 17.944, 112.87338, 11.83934, 17.734, 99319.354, 491557.446, 157.236
387, 833.788, 17.79, 113.60315, 11.88679, 18.032, 99290.124, 492329.008, 157.126
388, 833.568, 18.156, 113.57127, 11.81018, 18.034, 99305.8, 493097.43, 157.468
389, 833.572, 18.076, 113.77517, 11.87523, 17.952, 99328.638, 493848.95, 157.588
390, 833.668, 17.6, 113.21591, 11.83509, 17.828, 99299.038, 494586.954, 157.264
391, 833.572, 18.048, 113.73005, 11.86787, 18.036, 99325.412, 495322.926, 157.372
392, 833.796, 18.032, 113.32076, 11.9265, 17.95, 99331.958, 496072.046, 157.23
393, 833.596, 18.232, 113.96446, 11.92174, 18.364, 99337.636, 496853.526, 157.298
394, 833.396, 18.026, 112.92577, 11.92543, 17.904, 99320.98, 497616.248, 157.62
395, 833.592, 17.85, 113.27731, 11.94965, 17.682, 99325.564, 498341.67, 157.592
396, 833.472, 17.682, 113.56181, 12.04562, 17.932, 99300.684, 499083.95, 157.462
397, 833.044, 18.162, 113.4897, 12.00495, 18.268, 99304.61, 499843.258, 157.784
398, 833.13, 18.236, 113.424, 11.98318, 18.034, 99324.294, 500594.822, 157.9
399, 833.224, 18.254, 113.07111, 12.06182, 18.27, 99319.03, 501362.75, 157.79
400, 833.162, 17.782, 113.77798, 12.09806, 17.704, 99341.128, 502063.156, 157.93
401, 833.08, 17.982, 113.10199, 12.05989, 18.258, 99298.852, 502835.498, 157.736
402, 833.374, 17.862, 113.26839, 12.02788, 17.74, 99302.856, 503553.18, 157.564
403, 833.546, 18.004, 114.03022, 11.99786, 18.07, 99308.84, 504296.076, 157.326
404, 833.536, 18.146, 113.01664, 12.15077, 18.174, 99299.796, 505050.18, 157.308
405, 833.448, 18.162, 113.00518, 12.08829, 17.914, 99327.51, 505767.972, 157.644
406, 833.236, 17.81, 113.105, 12.1385, 17.926, 99311.738, 506491.172, 157.74
407, 833.08, 18.172, 113.18512, 12.14362, 18.228, 99305.334, 507243.066, 157.84
408, 833.516, 18.052, 113.61622, 12.12579, 17.474, 99371.206, 507917.738, 157.982
409, 833.93, 17.35, 113.60231, 12.1727, 17.71, 99339.502, 508604.652, 157.208
410, 833.752, 17.722, 112.74123, 12.17628, 17.946, 99319.018, 509309.366, 157.162
411, 833.634, 18.096, 112.84262, 12.21352, 18.034, 99308.008, 510044.09, 157.342
412, 833.398, 17.838, 113.062, 12.22213, 18.06, 99297.024, 510750.818, 157.356
413, 833.322, 18.358, 113.79235, 12.2158, 18.172, 99328.464, 511485.282, 157.618
414, 833.418, 17.812, 113.66494, 12.19411, 17.942, 99322.29, 512191.538, 157.392
415, 833.444, 18.266, 113.56619, 12.223, 18.266, 99324.704, 512942.54, 157.366
416, 833.32, 18.152, 113.45306, 12.25619, 18.052, 99334.27, 513666.632, 157.59
417, 833.598, 18.078, 113.01029, 12.25795, 17.95, 99341.382, 514376.908, 157.44
418, 833.724, 17.702, 113.64818, 12.3216, 17.754, 99335.384, 515070.682, 157.262
419, 832.88, 18.114, 113.92293, 12.35249, 18.292, 99333.608, 515808.16, 157.928
420, 832.308, 18.222, 114.30139, 12.36835, 18.082, 99382.67, 516510.77, 158.64
421, 832.67, 17.958, 112.57378, 12.33419, 17.922, 99360.326, 517219.274, 158.314
422, 832.742, 18.05, 112.86427, 12.37679, 17.85, 99358.352, 517920.656, 158.442
423, 833.39, 17.6, 113.375, 12.44693, 17.634, 99354.998, 518583.978, 157.76
424, 833.624, 17.602, 114.49835, 12.38553, 17.574, 99385.714, 519232.24, 157.554
425, 833.922, 17.56, 113.41686, 12.41796, 17.88, 99351.554, 519919.514, 156.936
426, 833.986, 18.222, 113.12699, 12.41021, 17.948, 99373.468, 520620.446, 157.146
427, 834.14, 17.834, 113.26679, 12.46891, 17.794, 99387.39, 521285.48, 157.032
428, 834.034, 17.806, 113.97282, 12.39736, 17.976, 99372.462, 521985.684, 156.968
429, 834.142, 18.066, 114.28097, 12.3902, 18.142, 99379.506, 522701.114, 156.784
430, 834.306, 18.07, 113.42557, 12.46712, 17.97, 99377.744, 523407.1, 156.72
431, 834.236, 17.88, 113.22148, 12.52756, 18.006, 99355.712, 524104.038, 156.664
432, 834.338, 17.97, 113.22204, 12.47823, 17.844, 99370.784, 524773.038, 156.688
433, 833.79, 18.064, 112.95394, 12.53137, 18.07, 99378.884, 525452.322, 157.23
434, 833.47, 18.056, 112.70492, 12.50241, 18.132, 99357.948, 526156.38, 157.474
435, 833.208, 17.926, 112.50697, 12.53451, 17.86, 99358.11, 526821.114, 157.802
436, 833.454, 17.956, 113.10982, 12.61782, 17.884, 99365.71, 527490.478, 157.628
437, 833.564, 17.782, 112.67574, 12.58016, 17.77, 99338.802, 528166.764, 157.53
438, 833.552, 17.956, 113.6556, 12.50333, 18.008, 99349.822, 528834.09, 157.49
439, 833.298, 18.072, 112.80434, 12.60914, 18.364, 99314.52, 529548.412, 157.452
440, 833.34, 18.156, 113.5933, 12.60657, 17.69, 99365.812, 530201.284, 157.876
441, 833.416, 17.676, 113.81534, 12.58674, 17.938, 99341.622, 530873.942, 157.538
442, 833.584, 18.104, 111.90897, 12.69763, 17.938, 99340.214, 531535.278, 157.536
443, 833.622, 18.002, 113.14298, 12.74146, 18.154, 99328.856, 532216.314, 157.346
444, 833.662, 17.924, 112.61995, 12.69256, 17.946, 99320.974, 532876.088, 157.284
445, 833.456, 18.168, 112.83576, 12.62254, 18.056, 99330.204, 533551.532, 157.602
446, 833.142, 17.982, 113.23546, 12.76289, 18.276, 99280.6, 534267.67, 157.622
447, 832.978, 18.402, 113.13988, 12.71201, 18.146, 99312.238, 534949.544, 158.042
448, 833.1, 17.82, 113.40067, 12.73703, 17.776, 99310.028, 535599.386, 157.964
449, 833.286, 17.954, 113.52345, 12.68256, 18.14, 99292.666, 536277.638, 157.592
450, 833.338, 18.012, 112.91361, 12.73803, 17.906, 99305.68, 536919.63, 157.646
451, 832.752, 17.988, 112.46386, 12.75334, 18.066, 99293.486, 537576.192, 158.154
452, 832.826, 18.046, 113.521, 12.79313, 17.994, 99301.586, 538238.114, 158.132
453, 833.104, 17.974, 113.69756, 12.74604, 17.684, 99342.864, 538861.962, 158.144
454, 832.79, 17.932, 113.5735, 12.75606, 18.278, 99324.97, 539531.072, 158.112
455, 833.048, 17.952, 112.32175, 12.79687, 17.972, 99302.198, 540184.976, 157.834
456, 833.064, 18.17, 112.66924, 12.80686, 17.904, 99325.518, 540823.098, 158.084
457, 833.496, 18.156, 112.96541, 12.78674, 18.23, 99309.008, 541507.414, 157.578
458, 833.31, 17.984, 112.83363, 12.86566, 17.826, 99309.564, 542147.092, 157.922
459, 833.348, 17.836, 112.7495, 12.87161, 18.022, 99283.648, 542796.148, 157.698
460, 833.586, 17.766, 112.9123, 12.87308, 17.678, 99276.852, 543421.302, 157.548
461, 833.368, 17.988, 114.36513, 12.88217, 18.058, 99293.446, 544067.98, 157.696
462, 833.486, 17.982, 113.20209, 12.8482, 17.92, 99298.2, 544707.102, 157.64
463, 833.9, 17.762, 113.66963, 12.84121, 17.73, 99307.312, 545327.046, 157.258
464, 833.808, 17.926, 113.55573, 12.88357, 17.948, 99318.304, 545956.904, 157.328
465, 833.65, 17.978, 113.38302, 12.96252, 18.084, 99294.522, 546624.144, 157.38
466, 833.674, 17.934, 113.83963, 12.92124, 18.114, 99304.184, 547255.782, 157.176
467, 833.686, 18.14, 113.58324, 12.90643, 17.986, 99331.596, 547888.08, 157.318
468, 833.984, 17.892, 112.79902, 13.01397, 17.94, 99304.396, 548535.7, 156.972
469, 834.218, 17.94, 113.31104, 13.00984, 17.656, 99330.628, 549142.642, 157.022
470, 834.27, 17.514, 113.56629, 13.00432, 17.77, 99302.56, 549759.526, 156.714
471, 834.506, 17.816, 113.53839, 12.8947, 17.598, 99332.948, 550346.004, 156.696
472, 834.576, 17.726, 113.34762, 13.07804, 17.766, 99318.158, 550964.098, 156.586
473, 834.52, 17.714, 113.05182, 12.98202, 18.07, 99269.208, 551611.758, 156.286
474, 834.368, 18.098, 113.50425, 13.01655, 17.968, 99289.266, 552239.982, 156.568
475, 834.426, 18.062, 113.05503, 12.98639, 17.86, 99305.8, 552854.226, 156.712
476, 834.162, 18.002, 113.98733, 12.99864, 18.066, 99313.868, 553485.95, 156.912
477, 834.642, 17.894, 113.51291, 13.04697, 17.502, 99364.758, 554052.552, 156.824
478, 834.528, 17.358, 112.90471, 13.14369, 18.036, 99284.518, 554677.772, 156.26
479, 834.832, 18.072, 113.39088, 13.08491, 17.858, 99308.612, 555288.318, 156.17
480, 834.484, 17.932, 113.14968, 13.14529, 18.048, 99308.008, 555901.738, 156.402
