time, seeders, joined, request_count, response_size, left, awareness, bad_data, leechers
0, 0.0, 0.0, 0.0, 0.0, 0.0, 5000.998, 0.0, 0.0
1, 0.0, 148.702, 539.93894, 4.06041, 0.0, 77861.166, 0.0, 148.702
2, 0.0, 70.62, 491.03653, 9.21054, 8.378, 103062.028, 7899.26, 211.944
3, 0.0, 67.736, 487.65797, 12.44781, 7.014, 131908.818, 11326.644, 272.666
4, 0.0, 66.5, 484.52632, 15.6196, 8.18, 159349.3, 15293.476, 330.986
5, 0.0, 63.636, 481.36275, 18.67635, 9.566, 184437.886, 19945.192, 385.056
6, 0.0, 61.38, 480.93842, 21.64004, 10.99, 207670.916, 25261.992, 435.446
7, 0.0, 59.55, 478.15281, 24.37866, 12.384, 229112.244, 31275.006, 482.612
8, 0.0, 57.684, 474.62035, 27.19801, 13.658, 248811.292, 37889.11, 526.638
9, 0.0, 56.028, 473.10273, 29.77312, 14.338, 267287.116, 44816.384, 568.328
10, 0.0, 54.514, 472.26401, 32.42898, 15.486, 284495.628, 52215.436, 607.356
11, 115.858, 51.906, 471.73737, 34.68529, 13.726, 300786.518, 58661.414, 529.678
12, 167.016, 50.546, 468.60286, 36.9905, 16.726, 314789.27, 66555.262, 512.34
13, 215.916, 48.77, 467.56203, 39.23085, 16.24, 328189.836, 74109.578, 495.97
14, 263.094, 46.818, 465.24841, 41.19902, 16.694, 340406.2, 81834.054, 478.916
15, 307.342, 45.22, 464.32994, 43.24642, 16.964, 351717.6, 89676.736, 462.924
16, 349.054, 43.99, 463.46897, 45.15455, 17.518, 362239.02, 97690.286, 447.684
17, 388.43, 42.676, 463.07058, 47.02439, 17.86, 372029.96, 105810.848, 433.124
18, 426.124, 41.118, 461.67129, 48.81979, 17.708, 381090.904, 113891.572, 418.84
19, 461.814, 40.366, 460.01585, 50.5213, 18.042, 389642.944, 122063.302, 405.474
20, 495.966, 39.13, 460.20956, 52.26183, 18.064, 397659.97, 130208.584, 392.388
21, 527.17, 37.602, 458.00755, 53.92335, 18.694, 404672.378, 138604.546, 380.092
22, 557.14, 36.44, 458.64435, 55.39006, 18.586, 411255.334, 146910.414, 367.976
23, 585.364, 35.404, 456.1349, 56.89442, 18.918, 417216.338, 155284.966, 356.238
24, 611.372, 33.944, 455.54443, 58.31055, 18.946, 422476.012, 163699.642, 345.228
25, 636.012, 32.838, 457.57963, 59.60409, 18.92, 427420.398, 171984.16, 334.506
26, 659.452, 31.678, 457.44681, 61.00711, 19.316, 431659.038, 180469.766, 323.428
27, 681.322, 30.468, 454.31272, 62.35479, 19.172, 435386.944, 188828.16, 312.854
28, 701.512, 29.684, 454.35251, 63.62942, 19.646, 438578.076, 197386.188, 302.702
29, 721.044, 28.728, 454.12141, 64.6359, 19.486, 441469.84, 205811.372, 292.412
30, 739.152, 27.684, 454.23349, 65.58958, 19.366, 443962.484, 214182.56, 282.622
31, 755.844, 26.58, 453.83747, 66.79126, 19.502, 445968.784, 222540.05, 273.008
32, 771.008, 26.002, 454.042, 67.92055, 20.15, 447482.142, 231165.398, 263.696
33, 785.042, 24.892, 452.99695, 68.74308, 20.202, 448498.652, 239779.158, 254.352
34, 798.036, 24.224, 451.94848, 69.7605, 19.894, 449352.92, 248220.356, 245.688
35, 810.146, 23.41, 453.90859, 70.42208, 19.582, 450101.902, 256439.856, 237.406
36, 820.776, 22.826, 452.33506, 71.50663, 20.08, 450346.33, 264893.448, 229.522
37, 830.52, 22.022, 451.04895, 72.30333, 19.402, 450510.654, 273020.258, 222.398
38, 839.408, 21.228, 452.8453, 73.18236, 19.64, 450329.374, 281188.426, 215.098
39, 847.554, 20.834, 452.48152, 74.02111, 19.524, 450008.464, 289311.508, 208.262
40, 854.646, 20.014, 453.13281, 74.75367, 19.36, 449500.896, 297267.202, 201.824
41, 860.762, 19.34, 451.86143, 75.43071, 19.484, 448610.502, 305291.508, 195.564
42, 866.36, 18.608, 452.54729, 76.15105, 19.518, 447419.364, 313318.272, 189.056
43, 871.15, 17.996, 452.76728, 76.81554, 19.188, 446128.684, 321164.694, 183.074
44, 875.246, 17.376, 453.84438, 77.29762, 19.3, 444568.228, 329035.614, 177.054
45, 878.376, 17.158, 453.31624, 77.89226, 19.158, 442993.472, 336794.874, 171.924
46, 881.522, 16.238, 455.78273, 78.41481, 18.934, 441183.894, 344422.474, 166.082
47, 883.698, 15.576, 451.9774, 79.01534, 18.914, 439069.232, 352013.304, 160.568
48, 885.33, 15.336, 455.7903, 79.46552, 18.94, 436910.64, 359588.83, 155.332
49, 886.584, 14.646, 452.41021, 79.91594, 18.842, 434488.302, 367082.198, 149.882
50, 887.376, 14.464, 455.33739, 80.6491, 18.516, 432165.3, 374412.988, 145.038
51, 887.586, 13.886, 453.47832, 80.75401, 18.342, 429675.172, 381628.016, 140.372
52, 886.89, 13.3, 452.03008, 81.42033, 18.696, 426836.538, 388924.286, 135.672
53, 885.912, 12.876, 454.6443, 81.91766, 18.35, 423933.812, 396127.4, 131.176
54, 884.652, 12.412, 453.5933, 82.46572, 17.972, 421050.862, 403065.268, 126.876
55, 882.882, 11.85, 454.59916, 82.51884, 18.216, 417826.58, 410133.358, 122.28
56, 880.53, 11.73, 456.18073, 83.11362, 17.788, 414730.346, 417012.27, 118.574
57, 878.18, 11.412, 452.94427, 83.06268, 17.46, 411678.028, 423658.67, 114.876
58, 875.598, 10.678, 456.63982, 83.39869, 17.434, 408368.138, 430281.57, 110.702
59, 872.316, 10.688, 458.64521, 83.94349, 17.43, 405101.91, 436876.208, 107.242
60, 868.828, 10.188, 455.92854, 83.97352, 17.57, 401556.044, 443505.854, 103.348
61, 865.1, 9.926, 453.25408, 84.19627, 17.382, 397988.816, 450007.294, 99.62
62, 861.234, 9.422, 457.0155, 84.64282, 16.612, 394538.098, 456176.886, 96.296
63, 856.632, 9.152, 457.82343, 84.73699, 16.83, 390927.382, 462396.848, 93.22
64, 852.092, 8.732, 458.54329, 85.03521, 16.544, 387225.964, 468527.024, 89.948
65, 847.168, 8.816, 459.16515, 85.38365, 16.322, 383721.618, 474477.264, 87.366
66, 841.792, 8.614, 457.27885, 85.27113, 16.646, 379990.802, 480559.986, 84.71
67, 836.884, 8.102, 456.80079, 85.89976, 15.97, 376290.29, 486359.722, 81.75
68, 831.298, 7.978, 461.14314, 86.04865, 15.764, 372693.596, 492019.968, 79.55
69, 825.946, 7.628, 456.47614, 86.15767, 15.494, 369019.806, 497558.968, 77.036
70, 819.844, 7.21042, 462.61812, 86.21808, 15.832, 365057.006, 503250.276, 74.502
71, 813.708, 7.026, 456.87447, 86.45016, 15.66, 361100.762, 508808.302, 72.004
72, 807.616, 6.84168, 462.06796, 86.22377, 15.178, 357282.938, 514154.318, 69.746
73, 801.25, 6.57515, 459.61597, 86.3445, 15.14, 353415.528, 519418.482, 67.534
74, 794.442, 6.41165, 458.18979, 86.74744, 15.294, 349403.99, 524743.34, 65.434
75, 788.238, 6.19038, 458.88637, 86.89912, 14.608, 345591.872, 529752.422, 63.208
76, 781.846, 5.89759, 460.16343, 86.7636, 14.736, 341596.638, 534819.924, 60.738
77, 775.186, 5.8672, 459.53361, 86.56679, 14.546, 337680.532, 539782.16, 58.684
78, 768.42, 5.65392, 459.96441, 86.96054, 14.424, 333691.858, 544718.688, 56.646
79, 761.696, 5.27273, 465.51724, 87.0679, 14.116, 329747.712, 549446.524, 54.474
80, 754.5, 5.12298, 467.92601, 86.70059, 14.192, 325722.202, 554202.272, 52.56
81, 747.498, 5.29518, 461.50929, 87.2387, 13.782, 321911.544, 558782.878, 51.054
82, 740.364, 4.896, 467.52451, 87.67977, 13.664, 318049.53, 563268.054, 49.42
83, 733.278, 4.88129, 464.5507, 87.31012, 13.318, 314315.898, 567581.818, 48.04
84, 726.222, 4.60887, 469.59755, 87.28039, 13.296, 310469.352, 571903.864, 46.372
85, 718.786, 4.34476, 467.05336, 87.38748, 13.35, 306531.748, 576182.55, 44.768
86, 711.362, 4.14343, 466.35787, 87.30633, 13.24, 302509.566, 580448.524, 43.054
87, 703.944, 4.17276, 470.04384, 87.01192, 12.994, 298604.724, 584606.382, 41.584
88, 696.496, 4.02429, 466.04628, 87.43551, 12.852, 294708.972, 588675.73, 40.156
89, 688.964, 4.02268, 466.68375, 87.48819, 12.616, 290921.852, 592594.71, 38.974
90, 681.48, 3.81429, 466.82718, 87.45043, 12.292, 287181.63, 596379.438, 37.904
91, 674.07, 3.77254, 467.68061, 87.36179, 12.522, 283348.594, 600241.436, 36.474
92, 666.708, 3.6294, 466.34341, 87.09847, 11.986, 279640.52, 603879.834, 35.356
93, 659.328, 3.45661, 469.51584, 87.16359, 11.898, 275924.012, 607465.08, 34.184
94, 651.968, 3.46612, 468.00948, 87.10696, 11.676, 272338.666, 610912.67, 33.244
95, 644.064, 3.14557, 472.83702, 87.38014, 12.092, 268420.166, 614538.636, 32.038
96, 636.464, 3.3112, 474.93734, 86.89578, 11.498, 264849.52, 617901.896, 31.332
97, 629.106, 3.16981, 470.89947, 87.09902, 11.346, 261252.236, 621203.802, 30.368
98, 621.906, 3.05096, 477.03549, 86.76805, 11.106, 257696.366, 624405.626, 29.336
99, 614.666, 2.95127, 467.33668, 87.12442, 11.042, 254128.252, 627549.672, 28.32
100, 607.294, 2.85319, 476.51007, 87.19562, 11.026, 250551.012, 630678.18, 27.348
101, 600.122, 2.82796, 469.58175, 86.69231, 10.7, 247044.604, 633687.556, 26.45
102, 592.852, 2.71125, 472.98356, 86.68626, 10.632, 243576.014, 636630.558, 25.642
103, 585.724, 2.64176, 469.63394, 86.88485, 10.372, 240120.716, 639473.76, 24.802
104, 578.622, 2.5859, 468.90971, 87.4505, 10.358, 236687.494, 642269.72, 23.894
105, 571.388, 2.48438, 477.53819, 86.73848, 10.156, 233297.318, 644981.944, 23.198
106, 564.448, 2.57175, 462.94682, 86.44539, 9.934, 230011.312, 647578.69, 22.498
107, 557.378, 2.35892, 476.07656, 86.73166, 10.0, 226656.254, 650182.334, 21.658
108, 550.256, 2.34676, 472.83127, 86.3246, 9.876, 223341.464, 652742.938, 21.002
109, 543.182, 2.16479, 474.45255, 86.74286, 9.742, 220014.922, 655234.51, 20.252
110, 536.08, 2.25287, 470.91837, 85.92308, 9.66, 216757.676, 657665.288, 19.654
111, 529.094, 2.13527, 480.20362, 85.87633, 9.63, 213439.23, 660087.096, 18.778
112, 522.412, 2.15815, 471.81511, 86.1828, 9.116, 210315.252, 662291.694, 18.118
113, 515.762, 2.15981, 475.89686, 86.14841, 9.0, 207241.62, 664458.292, 17.552
114, 509.304, 2.16707, 475.41899, 85.38778, 8.72144, 204307.264, 666479.75, 17.096
115, 502.382, 2.08437, 476.19048, 85.7525, 9.086, 201212.016, 668617.284, 16.612
116, 495.726, 2.00741, 476.62977, 86.28, 8.91, 198144.336, 670701.01, 15.984
117, 489.11, 1.97739, 471.41042, 85.05526, 8.588, 195190.128, 672636.148, 15.586
118, 482.648, 1.98985, 479.59184, 85.40426, 8.46894, 192300.662, 674516.298, 15.164
119, 476.102, 1.86842, 475.35211, 84.96296, 8.436, 189354.12, 676380.536, 14.694
120, 469.43, 1.80716, 480.94512, 84.91759, 8.63, 186285.956, 678321.08, 14.048
121, 462.626, 1.86667, 474.28571, 84.84789, 8.508, 183329.084, 680185.724, 13.744
122, 456.064, 1.73098, 479.59184, 84.70049, 8.258, 180380.19, 681988.098, 13.322
123, 449.74, 1.75775, 483.97436, 84.70861, 8.03, 177535.234, 683675.788, 12.864
124, 443.576, 1.72222, 479.03226, 84.76263, 7.788, 174816.058, 685225.664, 12.48
125, 437.448, 1.66575, 483.41625, 83.96569, 7.69, 172121.642, 686739.44, 12.124
126, 431.562, 1.7654, 478.40532, 85.11806, 7.446, 169506.504, 688163.588, 11.768
127, 425.634, 1.71471, 479.41681, 83.70483, 7.478, 166880.184, 689584.344, 11.384
128, 419.89, 1.60241, 485.90226, 84.43133, 7.26253, 164314.8, 690904.806, 10.944
129, 414.236, 1.58882, 490.68323, 84.48523, 7.044, 161771.336, 692159.054, 10.52
130, 408.544, 1.52288, 478.54077, 83.97982, 7.002, 159245.434, 693369.128, 10.156
131, 402.85, 1.5342, 483.01486, 83.65275, 7.08216, 156714.958, 694593.956, 9.724
132, 397.052, 1.56393, 477.98742, 83.70833, 7.04609, 154175.354, 695830.768, 9.46293
133, 391.55, 1.54817, 483.90558, 82.74058, 6.69739, 151780.696, 696910.128, 9.194
134, 386.034, 1.41801, 482.9932, 83.49296, 6.678, 149376.146, 697975.216, 8.914
135, 380.616, 1.45183, 473.68421, 83.02899, 6.608, 147008.738, 698998.426, 8.598
136, 375.116, 1.47744, 480.91603, 83.75132, 6.668, 144566.17, 700063.81, 8.216
137, 369.644, 1.46324, 492.46231, 83.21684, 6.52505, 142215.606, 701050.278, 7.972
138, 364.28, 1.4031, 484.80663, 82.60399, 6.46386, 139877.31, 701986.752, 7.622
139, 359.082, 1.43796, 492.38579, 83.39433, 6.15431, 137655.424, 702842.058, 7.466
140, 353.82, 1.3745, 489.85507, 82.71006, 6.16064, 135431.692, 703652.954, 7.282
141, 348.788, 1.33202, 485.1632, 82.29358, 5.9498, 133288.792, 704366.464, 7.062
142, 343.676, 1.34241, 476.81159, 81.70517, 6.1006, 131080.14, 705158.1, 6.81363
143, 338.798, 1.33613, 484.27673, 82.98701, 5.78557, 128981.108, 705815.896, 6.54
144, 333.922, 1.37295, 488.0597, 82.24159, 5.74749, 126874.606, 706501.102, 6.36273
145, 328.914, 1.32212, 481.81818, 81.45283, 5.89759, 124675.648, 707220.892, 6.04609
146, 324.184, 1.35945, 483.05085, 82.03509, 5.52016, 122684.55, 707751.516, 5.91348
147, 319.518, 1.30909, 480.90278, 80.40072, 5.44289, 120703.022, 708266.174, 5.73387
148, 314.73, 1.27404, 484.90566, 82.51751, 5.45892, 118712.852, 708777.972, 5.60282
149, 310.256, 1.41743, 491.90939, 80.59211, 5.2495, 116852.496, 709201.908, 5.48687
150, 305.55, 1.27273, 477.44361, 81.42913, 5.41532, 114887.372, 709683.47, 5.31928
151, 300.902, 1.26966, 488.93805, 80.57466, 5.35081, 112900.862, 710161.71, 5.12072
152, 296.424, 1.29082, 490.11858, 79.22984, 5.11623, 111043.386, 710529.35, 5.00806
153, 292.036, 1.27528, 480.17621, 80.6422, 5.07056, 109179.882, 710876.836, 4.83806
154, 287.7, 1.1326, 487.80488, 80.045, 4.95992, 107347.382, 711176.082, 4.63158
155, 283.346, 1.16471, 472.22222, 79.7861, 4.9497, 105516.844, 711464.92, 4.46856
156, 278.972, 1.21053, 483.69565, 79.23596, 4.96364, 103688.27, 711743.574, 4.29412
157, 274.868, 1.27869, 487.17949, 80.07895, 4.72323, 101981.712, 711955.594, 4.21429
158, 270.66, 1.1931, 488.43931, 79.04142, 4.79108, 100215.616, 712166.756, 4.02439
159, 266.756, 1.18966, 485.50725, 77.54229, 4.57724, 98587.404, 712275.156, 3.84318
160, 262.732, 1.20625, 489.63731, 79.97354, 4.53831, 96951.698, 712383.632, 3.78029
161, 258.594, 1.19424, 496.98795, 80.14545, 4.60563, 95243.564, 712544.83, 3.69979
162, 254.726, 1.14, 491.22807, 78.125, 4.37449, 93652.326, 712588.796, 3.56173
163, 250.866, 1.19745, 492.02128, 77.96216, 4.37959, 92096.562, 712618.93, 3.51134
164, 247.226, 1.12598, 489.51049, 79.29286, 4.12602, 90580.74, 712566.004, 3.42977
165, 243.296, 1.12782, 483.33333, 79.53103, 4.3697, 88976.654, 712607.622, 3.32914
166, 239.508, 1.09756, 488.88889, 77.25, 4.18182, 87446.926, 712568.364, 3.29149
167, 235.794, 1.14783, 477.27273, 78.66667, 4.2624, 85917.962, 712524.168, 3.13404
168, 232.182, 1.18103, 496.35036, 77.29412, 4.03043, 84447.4, 712434.728, 3.03397
169, 228.664, 1.16667, 495.79832, 77.05932, 3.98163, 82991.614, 712312.19, 2.89744
170, 225.164, 1.06306, 491.52542, 78.76724, 3.94286, 81562.428, 712164.762, 2.78448
171, 221.744, 1.10619, 484.0, 78.06612, 3.79837, 80187.478, 711969.756, 2.71983
172, 218.364, 1.15464, 486.60714, 76.38532, 3.7771, 78801.728, 711779.392, 2.65142
173, 214.988, 1.09649, 500.0, 77.808, 3.81224, 77438.534, 711582.26, 2.55385
174, 211.51, 1.07143, 479.16667, 76.37391, 3.8791, 76055.084, 711400.942, 2.47912
175, 208.136, 1.10101, 486.23853, 78.00943, 3.80745, 74703.52, 711178.53, 2.4382
176, 204.906, 1.07527, 490.0, 77.94898, 3.63941, 73418.306, 710886.422, 2.36971
177, 201.646, 1.06796, 495.45455, 76.24771, 3.61145, 72125.66, 710614.774, 2.35909
178, 198.476, 1.13415, 483.87097, 75.82222, 3.54021, 70852.886, 710306.422, 2.29128
179, 195.442, 1.09783, 480.19802, 78.20619, 3.36345, 69638.844, 709947.47, 2.23007
180, 192.538, 1.15385, 466.66667, 76.65476, 3.28482, 68468.214, 709531.596, 2.20892
181, 189.718, 1.06061, 495.2381, 77.22115, 3.26709, 67359.88, 709082.444, 2.17606
182, 186.694, 1.08571, 500.0, 75.10526, 3.4109, 66161.594, 708699.844, 2.16058
183, 183.814, 1.09859, 500.0, 75.11538, 3.2236, 65001.776, 708280.06, 2.06068
184, 180.972, 1.04, 487.17949, 76.21053, 3.23629, 63863.34, 707840.548, 2.01485
185, 178.136, 1.02985, 478.26087, 75.84848, 3.23207, 62721.978, 707396.924, 1.93216
186, 175.39, 1.06349, 485.07463, 76.49231, 3.14133, 61634.66, 706899.238, 1.87374
187, 172.788, 1.03509, 500.0, 74.55932, 2.96391, 60590.862, 706355.886, 1.80563
188, 170.024, 1.10345, 500.0, 74.1875, 3.15418, 59506.316, 705862.294, 1.80106
189, 167.434, 1.08108, 500.0, 74.3, 2.9383, 58503.394, 705307.998, 1.80429
190, 164.792, 1.01613, 500.0, 75.52381, 2.99576, 57460.104, 704774.076, 1.72849
191, 162.27, 1.09859, 493.58974, 74.48052, 2.88009, 56494.658, 704183.31, 1.75967
192, 159.76, 1.08772, 500.0, 75.93548, 2.80632, 55529.822, 703579.734, 1.6921
193, 157.2, 1.11538, 500.0, 75.39655, 2.89979, 54537.288, 703000.266, 1.68258
194, 154.854, 1.0339, 500.0, 75.18033, 2.72549, 53639.508, 702333.564, 1.68696
195, 152.38, 1.0, 500.0, 74.81633, 2.77872, 52679.12, 701720.614, 1.67262
196, 150.028, 1.05263, 508.33333, 72.93443, 2.7146, 51771.942, 701070.088, 1.65269
197, 147.826, 1.02326, 488.63636, 75.46512, 2.54367, 50915.416, 700356.132, 1.60725
198, 145.624, 1.04082, 500.0, 74.39216, 2.54486, 50062.44, 699651.534, 1.57879
199, 143.372, 1.02083, 510.20408, 74.06, 2.62939, 49184.46, 698968.752, 1.52454
200, 141.088, 1.0, 500.0, 76.14286, 2.63755, 48293.512, 698283.712, 1.49026
201, 138.892, 1.06667, 510.41667, 72.67347, 2.55727, 47442.796, 697580.016, 1.49495
202, 136.714, 1.04651, 500.0, 72.93333, 2.55928, 46624.97, 696842.648, 1.46622
203, 134.46, 1.1, 477.27273, 70.83333, 2.64653, 45782.568, 696128.65, 1.4807
204, 132.366, 1.02857, 500.0, 74.52778, 2.51826, 44974.732, 695381.544, 1.47253
205, 130.336, 1.05556, 500.0, 72.26316, 2.37444, 44204.794, 694601.832, 1.46125
206, 128.28, 1.0, 484.375, 73.03226, 2.44944, 43406.384, 693842.126, 1.40769
207, 126.266, 1.03125, 500.0, 72.78788, 2.36795, 42659.288, 693034.13, 1.38372
208, 124.278, 1.0625, 514.70588, 72.94286, 2.41435, 41904.476, 692241.534, 1.39592
209, 122.374, 1.07895, 487.80488, 73.425, 2.31395, 41196.89, 691410.512, 1.38776
210, 120.436, 1.02632, 487.17949, 71.47368, 2.31019, 40491.042, 690584.386, 1.37255
211, 118.574, 1.1, 500.0, 74.63636, 2.2369, 39774.794, 689751.422, 1.36596
212, 116.688, 1.0625, 500.0, 71.35294, 2.27126, 39063.952, 688928.188, 1.34783
213, 114.818, 1.03448, 500.0, 70.63333, 2.27209, 38355.258, 688099.27, 1.31278
214, 112.978, 1.0, 500.0, 67.11111, 2.36634, 37669.086, 687241.512, 1.31455
215, 111.222, 1.03704, 517.85714, 72.51724, 2.20773, 37015.024, 686365.582, 1.32683
216, 109.396, 1.05263, 525.0, 73.80952, 2.19347, 36336.264, 685511.636, 1.30049
217, 107.572, 1.0, 480.76923, 71.4, 2.26683, 35657.538, 684662.456, 1.27586
218, 105.898, 1.03333, 500.0, 69.48387, 2.07416, 35045.764, 683751.804, 1.27451
219, 104.362, 1.08, 500.0, 69.59259, 1.99015, 34468.844, 682809.556, 1.30688
220, 102.662, 1.0, 529.41176, 68.05556, 2.18137, 33821.868, 681929.042, 1.30233
221, 101.084, 1.0, 555.55556, 70.56667, 1.99754, 33245.048, 680992.906, 1.33918
222, 99.604, 1.0, 520.0, 71.07692, 1.91852, 32690.504, 680034.148, 1.25434
223, 97.966, 1.0, 500.0, 72.0, 2.04578, 32082.04, 679120.816, 1.24224
224, 96.322, 1.0, 529.41176, 70.11111, 2.11, 31486.658, 678206.696, 1.25
225, 94.814, 1.0, 535.71429, 68.03333, 2.05744, 30922.998, 677269.25, 1.23529
226, 93.35, 1.0, 533.33333, 68.3125, 1.89698, 30389.916, 676292.212, 1.19868
227, 91.862, 1.04545, 500.0, 68.69565, 1.94656, 29856.21, 675327.03, 1.18831
228, 90.346, 1.0, 562.5, 73.16667, 1.94074, 29303.388, 674380.16, 1.17931
229, 88.938, 1.0, 500.0, 67.78261, 1.82412, 28794.388, 673394.812, 1.2028
230, 87.522, 1.0, 500.0, 68.5625, 1.91821, 28283.036, 672411.466, 1.19858
231, 86.028, 1.0, 552.63158, 70.28571, 2.0, 27742.516, 671461.904, 1.21014
232, 84.608, 1.0, 527.77778, 67.42105, 1.89664, 27236.064, 670480.01, 1.2197
233, 83.172, 1.0, 500.0, 64.90909, 1.91864, 26725.38, 669496.998, 1.22308
234, 81.792, 1.0, 533.33333, 69.3125, 1.92935, 26237.078, 668502.588, 1.20313
235, 80.524, 1.0, 500.0, 65.54545, 1.77778, 25774.87, 667482.834, 1.1626
236, 79.23, 1.0, 500.0, 70.72727, 1.768, 25304.248, 666471.696, 1.13115
237, 78.016, 1.0, 529.41176, 69.38889, 1.73538, 24871.28, 665433.984, 1.13934
238, 76.826, 1.0, 607.14286, 69.52941, 1.64595, 24444.412, 664392.348, 1.13008
239, 75.586, 1.08333, 576.92308, 64.53333, 1.69841, 24001.072, 663365.186, 1.13043
240, 74.324, 1.0, 541.66667, 67.92308, 1.76839, 23567.448, 662329.26, 1.13761
241, 73.122, 1.0, 535.71429, 65.06667, 1.78902, 23141.516, 661289.238, 1.13208
242, 71.854, 1.0, 615.38462, 69.1875, 1.80055, 22703.478, 660267.328, 1.11429
243, 70.714, 1.0, 571.42857, 70.375, 1.68208, 22300.372, 659208.956, 1.09804
244, 69.544, 1.0, 500.0, 64.4, 1.71347, 21888.626, 658166.488, 1.1068
245, 68.432, 1.0, 611.11111, 68.45455, 1.69552, 21504.008, 657097.778, 1.07767
246, 67.296, 1.0, 500.0, 62.0, 1.68012, 21097.636, 656048.77, 1.0625
247, 66.236, 1.0, 500.0, 68.4, 1.63473, 20720.726, 654976.394, 1.04348
248, 65.11, 1.0, 625.0, 63.8, 1.69322, 20330.488, 653915.488, 1.05952
249, 63.95, 1.0, 571.42857, 64.375, 1.75, 19934.984, 652865.314, 1.08642
250, 62.804, 1.0, 533.33333, 65.25, 1.70262, 19548.622, 651817.59, 1.10843
251, 61.752, 1.0, 590.90909, 64.84615, 1.66667, 19186.808, 650749.192, 1.1125
252, 60.736, 1.0, 666.66667, 64.875, 1.54142, 18835.716, 649665.354, 1.09333
253, 59.764, 1.0, 562.5, 65.55556, 1.60912, 18503.416, 648567.92, 1.06494
254, 58.818, 1.0, 650.0, 61.69231, 1.58824, 18177.052, 647469.41, 1.05333
255, 57.892, 1.125, 500.0, 64.11111, 1.50962, 17854.998, 646365.812, 1.09589
256, 56.974, 1.0, 571.42857, 68.5, 1.57576, 17532.7, 645264.62, 1.08333
257, 56.032, 1.0, 571.42857, 71.25, 1.59468, 17220.538, 644156.194, 1.0411
258, 55.074, 1.0, 500.0, 64.4, 1.57143, 16894.956, 643061.87, 1.02703
259, 54.19, 1.0, 500.0, 64.28571, 1.51007, 16597.542, 641944.714, 1.0274
260, 53.28, 1.0, 666.66667, 63.25, 1.53268, 16287.302, 640841.912, 1.06349
261, 52.372, 1.0, 583.33333, 62.85714, 1.56711, 15973.442, 639745.51, 1.07143
262, 51.54, 1.0, 500.0, 67.75, 1.45862, 15685.118, 638627.818, 1.07018
263, 50.672, 1.0, 500.0, 75.0, 1.54577, 15394.136, 637514.964, 1.07018
264, 49.928, 1.0, 500.0, 70.5, 1.42007, 15137.142, 636371.406, 1.07547
265, 49.004, 1.0, 562.5, 63.11111, 1.57966, 14829.598, 635281.234, 1.07018
266, 48.218, 1.0, 500.0, 65.5, 1.49071, 14557.192, 634156.804, 1.05769
267, 47.392, 1.125, 666.66667, 67.83333, 1.4433, 14282.118, 633043.07, 1.07547
268, 46.612, 1.0, 666.66667, 62.5, 1.47955, 14016.506, 631919.74, 1.08333
269, 45.87, 1.0, 875.0, 63.71429, 1.38828, 13767.724, 630781.54, 1.09091
270, 45.096, 1.0, 833.33333, 64.1, 1.43796, 13510.172, 629659.216, 1.02174
271, 44.386, 1.0, 666.66667, 63.25, 1.41176, 13269.766, 628516.496, 1.02273
272, 43.6, 1.0, 500.0, 67.0, 1.44043, 13002.45, 627403.84, 1.02564
273, 42.932, 1.0, 1000.0, 59.125, 1.33858, 12777.492, 626257.304, 1.05556
274, 42.168, 1.0, 666.66667, 60.5, 1.43333, 12526.246, 625132.504, 1.0
275, 41.53, 1.0, 1500.0, 55.66667, 1.31048, 12309.8, 623975.014, 1.0
276, 40.784, 1.2, 500.0, 65.16667, 1.41509, 12064.322, 622855.31, 1.09375
277, 40.188, 1.0, 500.0, 62.875, 1.30342, 11866.578, 621692.658, 1.09091
278, 39.522, 1.0, 833.33333, 64.8, 1.36032, 11648.992, 620551.842, 1.11429
279, 38.836, 1.0, 1500.0, 63.0, 1.37849, 11435.564, 619414.902, 1.11111
280, 38.214, 1.0, 625.0, 55.6, 1.37229, 11230.19, 618264.38, 1.11765
281, 37.55, 1.0, 500.0, 65.0, 1.35887, 11009.394, 617129.788, 1.09677
282, 36.88, 1.0, 875.0, 63.57143, 1.42797, 10793.798, 615999.012, 1.125
283, 36.276, 1.0, 750.0, 63.0, 1.36771, 10596.038, 614846.916, 1.09375
284, 35.67, 0.0, 0.0, 0.0, 1.3722, 10398.592, 613696.054, 1.10345
285, 35.124, 1.0, 666.66667, 59.25, 1.29245, 10230.548, 612522.144, 1.09677
286, 34.55, 1.0, 500.0, 59.0, 1.33486, 10040.23, 611369.554, 1.06897
287, 33.962, 1.0, 500.0, 63.0, 1.33778, 9843.18, 610227.834, 1.04167
288, 33.412, 1.0, 1000.0, 74.5, 1.25, 9656.65, 609078.746, 1.0
289, 32.922, 1.0, 500.0, 68.0, 1.245, 9497.45, 607908.314, 1.0
290, 32.378, 1.0, 1250.0, 61.2, 1.31905, 9318.668, 606759.5, 1.0
291, 31.914, 1.0, 1000.0, 61.0, 1.25806, 9168.71, 605584.294, 1.0
292, 31.376, 0.0, 0.0, 0.0, 1.27442, 8988.902, 604437.172, 1.0
293, 30.862, 1.0, 600.0, 59.16667, 1.27094, 8830.498, 603277.872, 1.08333
294, 30.274, 1.0, 2000.0, 60.0, 1.29515, 8648.142, 602145.794, 1.07692
295, 29.758, 1.0, 500.0, 58.0, 1.28571, 8486.212, 600991.892, 1.09091
296, 29.246, 0.0, 0.0, 0.0, 1.22275, 8322.564, 599839.086, 1.11111
297, 28.772, 1.0, 500.0, 58.0, 1.35795, 8174.996, 598676.88, 1.125
298, 28.296, 1.0, 666.66667, 60.75, 1.28495, 8028.396, 597519.502, 1.1
299, 27.812, 0.0, 0.0, 0.0, 1.24103, 7867.612, 596373.614, 1.1
300, 27.37, 1.0, 500.0, 64.0, 1.1623, 7725.478, 595213.78, 1.1
301, 26.938, 1.0, 500.0, 64.5, 1.20556, 7593.082, 594045.576, 1.0
302, 26.53, 1.0, 750.0, 52.66667, 1.21176, 7461.282, 592883.948, 1.0
303, 26.046, 1.0, 1833.33333, 59.36364, 1.21782, 7324.656, 591738.318, 1.0
304, 25.628, 1.0, 500.0, 58.5, 1.2069, 7197.512, 590581.09, 1.07692
305, 25.222, 1.0, 500.0, 61.0, 1.22892, 7069.598, 589420.442, 1.07692
306, 24.804, 1.0, 1250.0, 62.6, 1.25904, 6946.268, 588262.584, 1.06667
307, 24.422, 1.0, 1000.0, 57.5, 1.19375, 6828.692, 587096.548, 1.0625
308, 23.97, 0.0, 0.0, 0.0, 1.28492, 6687.428, 585958.426, 1.08333
309, 23.604, 1.0, 1000.0, 67.0, 1.22819, 6573.234, 584796.552, 1.07692
310, 23.238, 1.0, 1000.0, 55.75, 1.22819, 6461.984, 583637.6, 1.06667
311, 22.856, 1.0, 1500.0, 66.33333, 1.18519, 6347.668, 582481.452, 1.0
312, 22.518, 1.0, 1000.0, 58.5, 1.1958, 6243.25, 581321.446, 1.0
313, 22.168, 0.0, 0.0, 0.0, 1.19463, 6132.496, 580165.376, 1.0
314, 21.776, 1.0, 750.0, 60.66667, 1.21212, 6011.762, 579026.382, 1.0
315, 21.384, 0.0, 0.0, 0.0, 1.16568, 5889.48, 577886.284, 1.0
316, 21.032, 0.0, 0.0, 0.0, 1.21233, 5779.636, 576737.12, 1.0
317, 20.664, 0.0, 0.0, 0.0, 1.24832, 5665.43, 575592.748, 1.0
318, 20.32, 1.0, 3000.0, 55.16667, 1.1931, 5559.814, 574449.39, 1.0
319, 20.088, 1.0, 1000.0, 52.5, 1.08333, 5487.5, 573273.716, 1.0
320, 19.736, 1.0, 1333.33333, 57.625, 1.1195, 5389.724, 572130.41, 1.0
321, 19.356, 0.0, 0.0, 0.0, 1.24837, 5274.316, 570997.738, 1.0
322, 19.03, 1.0, 500.0, 55.0, 1.15493, 5179.594, 569849.81, 1.0
323, 18.678, 0.0, 0.0, 0.0, 1.22069, 5073.332, 568716.744, 1.0
324, 18.368, 0.0, 0.0, 0.0, 1.13669, 4978.398, 567573.032, 1.0
325, 18.066, 0.0, 0.0, 0.0, 1.17054, 4888.556, 566428.164, 1.0
326, 17.716, 0.0, 0.0, 0.0, 1.16667, 4785.8, 565296.716, 1.0
327, 17.438, 1.0, 750.0, 61.0, 1.15833, 4700.92, 564153.804, 1.0
328, 17.144, 0.0, 0.0, 0.0, 1.1746, 4616.734, 563012.808, 1.0
329, 16.874, 1.0, 1000.0, 53.5, 1.11475, 4536.352, 561868.978, 1.0
330, 16.62, 0.0, 0.0, 0.0, 1.13158, 4454.812, 560727.106, 1.0
331, 16.344, 0.0, 0.0, 0.0, 1.12097, 4371.62, 559592.46, 1.0
332, 16.09, 0.0, 0.0, 0.0, 1.14286, 4294.22, 558453.554, 1.0
333, 15.818, 1.0, 1000.0, 41.5, 1.15254, 4214.418, 557323.028, 1.0
334, 15.552, 0.0, 0.0, 0.0, 1.10833, 4135.846, 556189.712, 1.0
335, 15.28, 0.0, 0.0, 0.0, 1.12397, 4054.138, 555062.642, 1.0
336, 15.002, 0.0, 0.0, 0.0, 1.13934, 3971.53, 553938.932, 1.0
337, 14.782, 1.0, 4750.0, 56.36842, 1.12121, 3925.932, 552799.22, 1.0
338, 14.568, 0.0, 0.0, 0.0, 1.10309, 3864.35, 551658.694, 1.0
339, 14.368, 0.0, 0.0, 0.0, 1.11111, 3804.286, 550519.368, 1.0
340, 14.108, 1.0, 2500.0, 49.6, 1.14912, 3733.532, 549399.466, 1.0
341, 13.852, 1.0, 750.0, 47.0, 1.12281, 3654.812, 548285.03, 1.0
342, 13.6, 0.0, 0.0, 0.0, 1.11404, 3574.97, 547173.184, 1.0
343, 13.366, 1.0, 1000.0, 57.5, 1.08257, 3511.706, 546050.266, 1.0
344, 13.192, 1.0, 1000.0, 55.5, 1.04819, 3469.046, 544913.958, 1.0
345, 12.94, 1.0, 1000.0, 56.5, 1.24752, 3401.858, 543805.21, 1.0
346, 12.724, 0.0, 0.0, 0.0, 1.17391, 3339.066, 542686.736, 1.0
347, 12.546, 1.0, 500.0, 52.0, 1.16883, 3286.812, 541560.23, 1.0
348, 12.364, 0.0, 0.0, 0.0, 1.10976, 3231.468, 540441.69, 1.0
349, 12.16, 0.0, 0.0, 0.0, 1.14607, 3165.534, 539334.008, 1.0
350, 11.978, 0.0, 0.0, 0.0, 1.05814, 3114.114, 538214.674, 1.0
351, 11.736, 0.0, 0.0, 0.0, 1.19417, 3041.148, 537119.784, 1.0
352, 11.554, 0.0, 0.0, 0.0, 1.09639, 2985.056, 536010.31, 1.0
353, 11.362, 1.0, 2166.66667, 53.07692, 1.07778, 2943.394, 534900.794, 1.0
354, 11.194, 1.0, 3000.0, 51.0, 1.18667, 2898.086, 533796.62, 1.0
355, 11.034, 1.0, 1500.0, 51.33333, 1.10959, 2854.42, 532688.396, 1.0
356, 10.86, 0.0, 0.0, 0.0, 1.07317, 2805.354, 531580.788, 1.0
357, 10.688, 0.0, 0.0, 0.0, 1.10127, 2755.588, 530476.932, 1.0
358, 10.492, 0.0, 0.0, 0.0, 1.11364, 2698.722, 529384.64, 1.0
359, 10.34, 0.0, 0.0, 0.0, 1.11765, 2655.206, 528279.976, 1.0
360, 10.136, 1.0, 1000.0, 60.0, 1.08511, 2597.516, 527194.488, 1.0
361, 9.978, 0.0, 0.0, 0.0, 1.05333, 2553.482, 526096.988, 1.0
362, 9.808, 0.0, 0.0, 0.0, 1.08974, 2506.474, 525002.398, 1.0
363, 9.666, 0.0, 0.0, 0.0, 1.09091, 2465.246, 523905.296, 1.0
364, 9.538, 0.0, 0.0, 0.0, 1.11864, 2425.43, 522804.312, 1.0
365, 9.378, 0.0, 0.0, 0.0, 1.06494, 2380.996, 521715.04, 1.0
366, 9.242, 0.0, 0.0, 0.0, 1.0625, 2338.52, 520626.862, 1.0
367, 9.092, 0.0, 0.0, 0.0, 1.04167, 2295.166, 519543.032, 1.0
368, 8.908, 1.0, 1500.0, 49.0, 1.06977, 2246.318, 518466.892, 1.0
369, 8.764, 0.0, 0.0, 0.0, 1.09091, 2201.382, 517387.136, 1.0
370, 8.614, 0.0, 0.0, 0.0, 1.15385, 2161.472, 516308.908, 1.0
371, 8.444, 1.0, 3500.0, 49.0, 1.10256, 2120.844, 515237.34, 1.0
372, 8.318, 0.0, 0.0, 0.0, 1.10526, 2085.818, 514156.76, 1.0
373, 8.162, 0.0, 0.0, 0.0, 1.08333, 2044.566, 513083.954, 1.0
374, 8.024, 0.0, 0.0, 0.0, 1.06154, 2008.89, 512008.45, 1.0
375, 7.898, 0.0, 0.0, 0.0, 1.03279, 1972.324, 510939.226, 1.0
376, 7.7495, 0.0, 0.0, 0.0, 1.06494, 1932.42485, 509878.83, 1.0
377, 7.59319, 0.0, 0.0, 0.0, 1.09859, 1891.69138, 508811.86373, 1.0
378, 7.46092, 0.0, 0.0, 0.0, 1.1, 1856.57715, 507745.75351, 1.0
379, 7.30862, 0.0, 0.0, 0.0, 1.05556, 1815.1483, 506689.62325, 1.0
380, 7.18637, 0.0, 0.0, 0.0, 1.05085, 1780.98597, 505627.28056, 1.0
381, 7.08617, 0.0, 0.0, 0.0, 1.06383, 1755.22645, 504558.03006, 1.0
382, 6.95792, 0.0, 0.0, 0.0, 1.04918, 1720.70341, 503501.19238, 1.0
383, 6.86546, 0.0, 0.0, 0.0, 1.06, 1694.66466, 502440.87575, 1.0
384, 6.72892, 0.0, 0.0, 0.0, 1.09677, 1658.61446, 501382.75904, 1.0
385, 6.61245, 0.0, 0.0, 0.0, 1.09259, 1627.98594, 500328.72289, 0.0
386, 6.50402, 0.0, 0.0, 0.0, 1.01887, 1597.60442, 499278.89558, 0.0
387, 6.41968, 0.0, 0.0, 0.0, 1.05, 1572.10843, 498223.19076, 0.0
388, 6.28715, 0.0, 0.0, 0.0, 1.08197, 1535.58032, 497180.97992, 0.0
389, 6.17269, 0.0, 0.0, 0.0, 1.07547, 1506.06225, 496134.91566, 0.0
390, 6.08835, 1.0, 3000.0, 50.0, 1.02439, 1487.45582, 495087.3755, 1.0
391, 5.98394, 0.0, 0.0, 0.0, 1.01961, 1459.25904, 494043.82932, 1.0
392, 5.87525, 0.0, 0.0, 0.0, 1.07143, 1430.43461, 493007.02209, 1.0
393, 5.78873, 0.0, 0.0, 0.0, 1.02381, 1405.97183, 491949.29376, 1.0
394, 5.69014, 0.0, 0.0, 0.0, 1.02083, 1379.167, 490911.15091, 1.0
395, 5.57948, 0.0, 0.0, 0.0, 1.0, 1350.49095, 489878.35614, 1.0
396, 5.47485, 0.0, 0.0, 0.0, 1.0, 1320.66398, 488848.45473, 1.0
397, 5.37425, 0.0, 0.0, 0.0, 1.0, 1295.0664, 487815.73038, 1.0
398, 5.26157, 0.0, 0.0, 0.0, 1.03704, 1265.16901, 486792.48893, 1.0
399, 5.19115, 1.0, 9500.0, 48.94737, 1.02941, 1264.41247, 485758.74849, 1.0
400, 5.11469, 1.0, 1000.0, 48.0, 1.05556, 1245.93159, 484729.34608, 1.0
401, 5.04646, 0.0, 0.0, 0.0, 1.0, 1225.75354, 483708.89738, 1.0
402, 4.93535, 0.0, 0.0, 0.0, 1.03774, 1193.27071, 482679.82424, 1.0
403, 4.84413, 0.0, 0.0, 0.0, 1.02041, 1170.67409, 481661.22424, 1.0
404, 4.7931, 0.0, 0.0, 0.0, 1.03448, 1149.15822, 480634.31377, 1.0
405, 4.69309, 0.0, 0.0, 0.0, 1.125, 1126.29065, 479622.13793, 1.0
406, 4.60976, 0.0, 0.0, 0.0, 1.025, 1103.90244, 478611.72561, 1.0
407, 4.5336, 0.0, 0.0, 0.0, 1.07692, 1084.32179, 477602.0752, 1.0
408, 4.46843, 0.0, 0.0, 0.0, 1.06667, 1067.93483, 476585.38289, 1.0
409, 4.39308, 0.0, 0.0, 0.0, 1.02778, 1048.69246, 475575.82077, 1.0
410, 4.32383, 0.0, 0.0, 0.0, 1.0, 1032.23218, 474567.68432, 1.0
411, 4.25458, 0.0, 0.0, 0.0, 1.0303, 1015.0224, 473559.27495, 1.0
412, 4.17719, 0.0, 0.0, 0.0, 1.08571, 995.67617, 472554.13849, 1.0
413, 4.07943, 0.0, 0.0, 0.0, 1.09091, 966.25255, 471562.6945, 1.0
414, 3.9898, 0.0, 0.0, 0.0, 1.08889, 926.35306, 470588.23625, 1.0
415, 3.9407, 0.0, 0.0, 0.0, 1.0, 911.48466, 469598.56531, 1.0
416, 3.89528, 0.0, 0.0, 0.0, 1.0, 897.61602, 468598.02045, 1.0
417, 3.82305, 0.0, 0.0, 0.0, 1.05405, 880.72634, 467599.93224, 1.0
418, 3.75876, 1.0, 1500.0, 47.33333, 1.06061, 867.49691, 466604.77366, 1.0
419, 3.71636, 0.0, 0.0, 0.0, 1.07692, 855.04555, 465607.81856, 1.0
420, 3.64938, 0.0, 0.0, 0.0, 1.0, 833.43776, 464620.24224, 1.0
421, 3.60625, 0.0, 0.0, 0.0, 1.0, 821.43333, 463633.02075, 1.0
422, 3.56276, 0.0, 0.0, 0.0, 1.03704, 808.45816, 462645.86875, 1.0
423, 3.48954, 0.0, 0.0, 0.0, 1.0, 790.841, 461654.75314, 1.0
424, 3.45493, 0.0, 0.0, 0.0, 1.05263, 776.90356, 460675.34519, 1.0
425, 3.40546, 0.0, 0.0, 0.0, 1.03846, 762.95168, 459689.37945, 1.0
426, 3.34664, 0.0, 0.0, 0.0, 1.0, 749.73529, 458710.7521, 1.0
427, 3.30105, 0.0, 0.0, 0.0, 1.04167, 737.65263, 457734.14496, 1.0
428, 3.25053, 0.0, 0.0, 0.0, 1.0, 724.61684, 456750.93474, 1.0
429, 3.20211, 0.0, 0.0, 0.0, 1.09091, 712.25684, 455778.06526, 1.0
430, 3.13263, 0.0, 0.0, 0.0, 1.06452, 695.56, 454811.74526, 1.0
431, 3.09494, 0.0, 0.0, 0.0, 1.0, 685.8692, 453844.20842, 1.0
432, 3.04017, 0.0, 0.0, 0.0, 1.0, 669.75264, 452871.32489, 0.0
433, 3.00425, 0.0, 0.0, 0.0, 1.04545, 661.28238, 451909.12896, 0.0
434, 2.97222, 0.0, 0.0, 0.0, 1.0, 651.28632, 450950.04246, 0.0
435, 2.9379, 0.0, 0.0, 0.0, 1.0, 642.11135, 449967.55556, 0.0
436, 2.88197, 0.0, 0.0, 0.0, 1.03571, 627.43348, 449007.39615, 0.0
437, 2.84052, 0.0, 0.0, 0.0, 1.0, 617.01724, 448051.83906, 0.0
438, 2.78664, 0.0, 0.0, 0.0, 1.0, 605.13793, 447102.84483, 0.0
439, 2.75378, 0.0, 0.0, 0.0, 1.05882, 597.14255, 446148.22845, 0.0
440, 2.72294, 0.0, 0.0, 0.0, 1.0, 589.29654, 445199.84665, 0.0
441, 2.69197, 0.0, 0.0, 0.0, 1.0625, 574.2321, 444248.15801, 0.0
442, 2.63617, 0.0, 0.0, 0.0, 1.0, 561.77996, 443300.9436, 0.0
443, 2.60613, 0.0, 0.0, 0.0, 1.0, 554.26696, 442360.53595, 0.0
444, 2.58462, 0.0, 0.0, 0.0, 1.0, 548.00879, 441423.5558, 0.0
445, 2.54425, 0.0, 0.0, 0.0, 1.04, 533.29425, 440482.58022, 0.0
446, 2.52889, 0.0, 0.0, 0.0, 1.0, 528.92222, 439540.36283, 0.0
447, 2.50667, 0.0, 0.0, 0.0, 1.0, 524.17333, 438586.51778, 0.0
448, 2.47768, 0.0, 0.0, 0.0, 1.0, 516.54018, 437651.66, 0.0
449, 2.44072, 0.0, 0.0, 0.0, 1.05556, 508.82998, 436708.93973, 0.0
450, 2.42247, 0.0, 0.0, 0.0, 1.0, 503.87191, 435778.57718, 0.0
451, 2.39229, 0.0, 0.0, 0.0, 1.0, 496.78685, 434852.45843, 0.0
452, 2.35601, 0.0, 0.0, 0.0, 1.0, 489.04308, 433920.21995, 0.0
453, 2.32727, 0.0, 0.0, 0.0, 1.0, 481.57045, 432995.10204, 0.0
454, 2.29291, 0.0, 0.0, 0.0, 1.04762, 474.53776, 432071.35909, 0.0
455, 2.25806, 0.0, 0.0, 0.0, 1.0, 466.72581, 431157.2357, 0.0
456, 2.24884, 0.0, 0.0, 0.0, 1.0, 464.07442, 430231.38249, 0.0
457, 2.2243, 0.0, 0.0, 0.0, 1.0, 457.61916, 429311.86744, 0.0
458, 2.1986, 0.0, 0.0, 0.0, 1.1, 451.65187, 428392.9486, 0.0
459, 2.16745, 0.0, 0.0, 0.0, 1.04762, 444.36792, 427483.6285, 0.0
460, 2.14048, 0.0, 0.0, 0.0, 1.0, 437.59524, 426560.01415, 0.0
461, 2.10766, 0.0, 0.0, 0.0, 1.05882, 430.13876, 425640.40952, 0.0
462, 2.0799, 0.0, 0.0, 0.0, 1.0, 423.33172, 424736.65789, 0.0
463, 2.06068, 0.0, 0.0, 0.0, 1.0, 418.21602, 423833.07264, 0.0
464, 2.05432, 0.0, 0.0, 0.0, 1.0625, 415.32099, 422929.65777, 0.0
465, 2.0297, 0.0, 0.0, 0.0, 1.0, 409.23267, 422006.40741, 0.0
466, 2.01759, 0.0, 0.0, 0.0, 1.0, 405.65578, 421119.30941, 0.0
467, 2.00505, 0.0, 0.0, 0.0, 1.0, 402.54545, 420229.75126, 0.0
468, 1.99237, 0.0, 0.0, 0.0, 1.0, 397.97455, 419321.44192, 0.0
469, 1.96675, 0.0, 0.0, 0.0, 1.0, 392.04859, 418417.0916, 0.0
470, 1.94845, 0.0, 0.0, 0.0, 1.0, 383.85309, 417519.57289, 0.0
471, 1.93211, 0.0, 0.0, 0.0, 1.0, 380.19843, 416627.46907, 0.0
472, 1.90838, 0.0, 0.0, 0.0, 1.1, 374.8089, 415729.67624, 0.0
473, 1.8939, 0.0, 0.0, 0.0, 1.0, 370.98674, 414853.92932, 0.0
474, 1.88472, 0.0, 0.0, 0.0, 1.0, 368.19303, 413982.11406, 0.0
475, 1.86757, 0.0, 0.0, 0.0, 1.0, 363.94324, 413074.09115, 0.0
476, 1.85326, 0.0, 0.0, 0.0, 1.0, 360.11957, 412187.32432, 0.0
477, 1.83288, 0.0, 0.0, 0.0, 1.0, 355.65205, 411295.52174, 0.0
478, 1.82271, 0.0, 0.0, 0.0, 1.0, 353.17452, 410396.39726, 0.0
479, 1.80899, 0.0, 0.0, 0.0, 1.0, 348.88202, 409510.4903, 0.0
480, 1.80791, 0.0, 0.0, 0.0, 1.0, 348.28531, 408644.88483, 0.0
481, 1.80057, 0.0, 0.0, 0.0, 1.0, 345.80912, 407755.4887, 0.0
482, 1.80172, 0.0, 0.0, 0.0, 1.0, 345.6408, 406874.83191, 0.0
483, 1.80175, 0.0, 0.0, 0.0, 1.0, 344.65015, 406009.06609, 0.0
484, 1.78363, 0.0, 0.0, 0.0, 1.0, 340.82456, 405127.81924, 0.0
485, 1.77059, 0.0, 0.0, 0.0, 1.0, 337.79706, 404262.26608, 0.0
486, 1.74336, 0.0, 0.0, 0.0, 1.0, 332.28024, 403378.18824, 0.0
487, 1.74096, 0.0, 0.0, 0.0, 1.0, 330.53313, 402512.12684, 0.0
488, 1.74006, 0.0, 0.0, 0.0, 1.0, 329.95719, 401636.98494, 0.0
489, 1.72446, 0.0, 0.0, 0.0, 1.0, 326.68111, 400784.61774, 0.0
490, 1.71739, 0.0, 0.0, 0.0, 1.0, 324.63975, 399899.47678, 0.0
491, 1.7125, 0.0, 0.0, 0.0, 1.0, 322.94063, 399042.08696, 0.0
492, 1.6875, 0.0, 0.0, 0.0, 1.0, 317.975, 398177.50625, 0.0
493, 1.67823, 0.0, 0.0, 0.0, 1.0, 316.05047, 397324.6375, 0.0
494, 1.66032, 0.0, 0.0, 0.0, 1.0, 311.53968, 396503.04732, 0.0
495, 1.6465, 0.0, 0.0, 0.0, 1.0, 307.87898, 395635.40317, 0.0
496, 1.6463, 0.0, 0.0, 0.0, 1.0, 307.30547, 394792.11783, 0.0
497, 1.63961, 0.0, 0.0, 0.0, 1.0, 306.70779, 393955.68167, 0.0
498, 1.61765, 0.0, 0.0, 0.0, 1.0, 301.88562, 393109.56818, 0.0
499, 1.61056, 0.0, 0.0, 0.0, 1.0, 300.48515, 392253.58497, 0.0
500, 1.60943, 0.0, 0.0, 0.0, 1.0, 300.2963, 391411.34983, 0.0
501, 1.60204, 0.0, 0.0, 0.0, 1.0, 298.68707, 390531.56902, 0.0
502, 1.58219, 0.0, 0.0, 0.0, 1.0, 294.2911, 389708.98639, 0.0
503, 1.57388, 0.0, 0.0, 0.0, 1.0, 291.91065, 388847.03425, 0.0
504, 1.56643, 0.0, 0.0, 0.0, 1.0, 289.56993, 388014.01718, 0.0
505, 1.55789, 0.0, 0.0, 0.0, 1.0, 287.39298, 387175.65035, 0.0
506, 1.54064, 0.0, 0.0, 0.0, 1.0, 283.00707, 386353.27719, 0.0
507, 1.53929, 0.0, 0.0, 0.0, 1.0, 282.81429, 385532.73498, 0.0
508, 1.52899, 0.0, 0.0, 0.0, 1.125, 280.46377, 384693.33571, 0.0
509, 1.52747, 0.0, 0.0, 0.0, 1.0, 279.58242, 383866.95652, 0.0
510, 1.51481, 0.0, 0.0, 0.0, 1.0, 276.67037, 383038.55678, 0.0
511, 1.50187, 0.0, 0.0, 0.0, 1.0, 273.57303, 382232.96667, 0.0
512, 1.5, 0.0, 0.0, 0.0, 1.0, 273.07955, 381408.0412, 0.0
513, 1.49618, 0.0, 0.0, 0.0, 1.0, 271.82824, 380587.93182, 0.0
514, 1.48263, 0.0, 0.0, 0.0, 1.0, 268.55598, 379784.80916, 0.0
515, 1.48047, 0.0, 0.0, 0.0, 1.0, 265.8125, 378955.85328, 0.0
516, 1.47451, 0.0, 0.0, 0.0, 1.0, 263.91765, 378157.49609, 0.0
517, 1.46063, 0.0, 0.0, 0.0, 1.0, 261.1063, 377326.38431, 0.0
518, 1.45783, 0.0, 0.0, 0.0, 1.0, 260.64257, 376514.60236, 0.0
519, 1.45528, 0.0, 0.0, 0.0, 1.0, 259.4187, 375759.91165, 0.0
520, 1.4321, 0.0, 0.0, 0.0, 1.11111, 254.35391, 374961.34553, 0.0
521, 1.42324, 0.0, 0.0, 0.0, 1.0, 249.26556, 374177.01235, 0.0
522, 1.42979, 0.0, 0.0, 0.0, 1.0, 249.68085, 373375.17012, 0.0
523, 1.4188, 0.0, 0.0, 0.0, 1.0, 247.21368, 372568.38298, 0.0
524, 1.41558, 0.0, 0.0, 0.0, 1.0, 245.48918, 371776.34615, 0.0
525, 1.39738, 0.0, 0.0, 0.0, 1.0, 242.53275, 370979.5671, 0.0
526, 1.38326, 0.0, 0.0, 0.0, 1.0, 240.5859, 370155.48472, 0.0
527, 1.37168, 0.0, 0.0, 0.0, 1.0, 238.83628, 369361.04405, 0.0
528, 1.36486, 0.0, 0.0, 0.0, 1.0, 236.86937, 368571.76106, 0.0
529, 1.36073, 0.0, 0.0, 0.0, 1.0, 236.31963, 367784.64865, 0.0
530, 1.35648, 0.0, 0.0, 0.0, 1.0, 234.42593, 366970.43836, 0.0
531, 1.34579, 0.0, 0.0, 0.0, 1.0, 231.80841, 366167.25463, 0.0
532, 1.34272, 0.0, 0.0, 0.0, 1.0, 230.8169, 365395.83178, 0.0
533, 1.34286, 0.0, 0.0, 0.0, 1.0, 230.35238, 364614.59624, 0.0
534, 1.33971, 0.0, 0.0, 0.0, 1.0, 229.13397, 363798.42381, 0.0
535, 1.32692, 0.0, 0.0, 0.0, 1.0, 226.375, 363009.42105, 0.0
536, 1.32692, 0.0, 0.0, 0.0, 0.0, 225.90865, 362222.91827, 0.0
537, 1.32039, 0.0, 0.0, 0.0, 1.0, 224.5, 361451.74038, 0.0
538, 1.31553, 0.0, 0.0, 0.0, 1.0, 223.26699, 360669.35922, 0.0
539, 1.31068, 0.0, 0.0, 0.0, 1.0, 221.97573, 359893.6068, 0.0
540, 1.30244, 0.0, 0.0, 0.0, 1.0, 220.22439, 359119.59709, 0.0
541, 1.30198, 0.0, 0.0, 0.0, 1.0, 219.61386, 358369.02927, 0.0
542, 1.295, 0.0, 0.0, 0.0, 1.0, 217.91, 357577.13861, 0.0
543, 1.28571, 0.0, 0.0, 0.0, 1.0, 217.5, 356796.555, 0.0
544, 1.26943, 0.0, 0.0, 0.0, 1.0, 214.17098, 356016.12755, 0.0
545, 1.25131, 0.0, 0.0, 0.0, 1.2, 210.57592, 355248.73057, 0.0
546, 1.24468, 0.0, 0.0, 0.0, 1.0, 209.96277, 354487.26178, 0.0
547, 1.25, 0.0, 0.0, 0.0, 1.0, 210.31522, 353744.84043, 0.0
548, 1.24309, 0.0, 0.0, 0.0, 1.0, 209.70718, 352978.92391, 0.0
549, 1.24719, 0.0, 0.0, 0.0, 1.0, 210.48315, 352206.73481, 0.0
550, 1.25287, 0.0, 0.0, 0.0, 1.0, 210.97126, 351442.64045, 0.0
551, 1.25146, 0.0, 0.0, 0.0, 1.0, 210.38596, 350699.02299, 0.0
552, 1.23977, 0.0, 0.0, 0.0, 1.0, 208.00585, 349931.76608, 0.0
553, 1.23494, 0.0, 0.0, 0.0, 1.0, 205.90361, 349200.2807, 0.0
554, 1.23602, 0.0, 0.0, 0.0, 1.0, 204.54037, 348471.30723, 0.0
555, 1.23899, 0.0, 0.0, 0.0, 1.0, 204.58491, 347668.32919, 0.0
556, 1.23418, 0.0, 0.0, 0.0, 1.0, 203.40506, 346882.91824, 0.0
557, 1.22581, 0.0, 0.0, 0.0, 1.0, 202.50968, 346137.22785, 0.0
558, 1.22368, 0.0, 0.0, 0.0, 1.0, 202.73026, 345391.47742, 0.0
559, 1.23611, 0.0, 0.0, 0.0, 1.0, 205.44444, 344656.71711, 0.0
560, 1.22378, 0.0, 0.0, 0.0, 1.0, 202.36364, 343791.51389, 0.0
561, 1.22464, 0.0, 0.0, 0.0, 1.0, 201.00725, 343058.72028, 0.0
562, 1.21481, 0.0, 0.0, 0.0, 1.0, 200.01481, 342298.97826, 0.0
563, 1.20896, 0.0, 0.0, 0.0, 1.0, 198.44776, 341608.57037, 0.0
564, 1.20301, 0.0, 0.0, 0.0, 1.0, 196.8797, 340869.0, 0.0
565, 1.20455, 0.0, 0.0, 0.0, 1.0, 197.95455, 340119.70677, 0.0
566, 1.20769, 0.0, 0.0, 0.0, 1.0, 198.3, 339400.48485, 0.0
567, 1.20472, 0.0, 0.0, 0.0, 1.0, 197.69291, 338666.2, 0.0
568, 1.19685, 0.0, 0.0, 0.0, 1.0, 196.13386, 337896.88189, 0.0
569, 1.20161, 0.0, 0.0, 0.0, 1.0, 196.40323, 337177.05512, 0.0
570, 1.19355, 0.0, 0.0, 0.0, 1.0, 195.93548, 336412.75, 0.0
571, 1.19672, 0.0, 0.0, 0.0, 1.0, 195.80328, 335695.79839, 0.0
572, 1.19492, 0.0, 0.0, 0.0, 1.0, 195.19492, 335029.44262, 0.0
573, 1.18803, 0.0, 0.0, 0.0, 1.0, 193.5812, 334310.9661, 0.0
574, 1.18803, 0.0, 0.0, 0.0, 0.0, 193.13675, 333584.64957, 0.0
575, 1.16667, 0.0, 0.0, 0.0, 1.0, 188.32456, 332878.60684, 0.0
576, 1.17431, 0.0, 0.0, 0.0, 1.0, 188.9633, 332189.14035, 0.0
577, 1.16822, 0.0, 0.0, 0.0, 1.0, 187.36449, 331403.3578, 0.0
578, 1.16346, 0.0, 0.0, 0.0, 1.0, 186.27885, 330694.28037, 0.0
579, 1.16505, 0.0, 0.0, 0.0, 1.0, 186.23301, 329992.75962, 0.0
580, 1.16832, 0.0, 0.0, 0.0, 1.0, 186.36634, 329268.4466, 0.0
581, 1.17, 0.0, 0.0, 0.0, 1.0, 186.22, 328568.09901, 0.0
582, 1.16495, 0.0, 0.0, 0.0, 1.0, 185.40206, 327898.47, 0.0
583, 1.15625, 0.0, 0.0, 0.0, 1.0, 183.83333, 327186.51546, 0.0
584, 1.15789, 0.0, 0.0, 0.0, 1.0, 183.81053, 326488.52083, 0.0
585, 1.15789, 0.0, 0.0, 0.0, 0.0, 183.38947, 325794.6, 0.0
586, 1.16129, 0.0, 0.0, 0.0, 1.0, 182.90323, 325102.68421, 0.0
587, 1.16667, 0.0, 0.0, 0.0, 1.0, 182.11111, 324499.32258, 0.0
588, 1.15909, 0.0, 0.0, 0.0, 1.0, 180.55682, 323800.42222, 0.0
589, 1.15476, 0.0, 0.0, 0.0, 1.0, 178.89286, 323170.43182, 0.0
590, 1.15476, 0.0, 0.0, 0.0, 0.0, 178.4881, 322488.58333, 0.0
591, 1.15476, 0.0, 0.0, 0.0, 0.0, 178.16667, 321790.44048, 0.0
592, 1.14458, 0.0, 0.0, 0.0, 1.0, 176.24096, 321103.77381, 0.0
593, 1.14458, 0.0, 0.0, 0.0, 0.0, 175.92771, 320399.74699, 0.0
594, 1.1519, 0.0, 0.0, 0.0, 1.0, 176.83544, 319736.77108, 0.0
595, 1.14286, 0.0, 0.0, 0.0, 1.0, 173.63636, 319018.3038, 0.0
596, 1.11688, 0.0, 0.0, 0.0, 1.0, 169.0, 318328.31169, 0.0
597, 1.10811, 0.0, 0.0, 0.0, 1.0, 167.39189, 317660.61039, 0.0
598, 1.09722, 0.0, 0.0, 0.0, 1.0, 164.79167, 316979.36486, 0.0
599, 1.09722, 0.0, 0.0, 0.0, 0.0, 164.44444, 316271.66667, 0.0
600, 1.09859, 0.0, 0.0, 0.0, 1.0, 164.5493, 315599.90278, 0.0
601, 1.1, 0.0, 0.0, 0.0, 1.0, 164.42857, 314941.26761, 0.0
602, 1.1, 0.0, 0.0, 0.0, 0.0, 164.11429, 314338.02857, 0.0
603, 1.10145, 0.0, 0.0, 0.0, 1.0, 163.98551, 313658.14286, 0.0
604, 1.10448, 0.0, 0.0, 0.0, 1.0, 163.86567, 313021.66667, 0.0
605, 1.10769, 0.0, 0.0, 0.0, 1.0, 166.09231, 312294.52239, 0.0
606, 1.07813, 0.0, 0.0, 0.0, 1.0, 163.125, 311643.72308, 0.0
607, 1.0625, 0.0, 0.0, 0.0, 1.0, 159.85938, 311009.15625, 0.0
608, 1.06349, 0.0, 0.0, 0.0, 1.0, 159.98413, 310346.29688, 0.0
609, 1.06452, 0.0, 0.0, 0.0, 1.0, 159.3871, 309621.96825, 0.0
610, 1.04839, 0.0, 0.0, 0.0, 1.0, 156.5, 308920.51613, 0.0
611, 1.05172, 0.0, 0.0, 0.0, 1.0, 163.34483, 308278.53226, 0.0
612, 1.05172, 0.0, 0.0, 0.0, 0.0, 163.03448, 307574.2069, 0.0
613, 1.05172, 0.0, 0.0, 0.0, 0.0, 162.67241, 306906.7931, 0.0
614, 1.05172, 0.0, 0.0, 0.0, 0.0, 162.17241, 306243.25862, 0.0
615, 1.05357, 0.0, 0.0, 0.0, 1.0, 160.66071, 305597.98276, 0.0
616, 1.05357, 0.0, 0.0, 0.0, 0.0, 160.39286, 304974.64286, 0.0
617, 1.05455, 0.0, 0.0, 0.0, 1.0, 160.23636, 304329.21429, 0.0
618, 1.0566, 0.0, 0.0, 0.0, 1.0, 160.13208, 303559.52727, 0.0
619, 1.05882, 0.0, 0.0, 0.0, 1.0, 160.98039, 302957.90566, 0.0
620, 1.05882, 0.0, 0.0, 0.0, 0.0, 160.58824, 302274.2549, 0.0
621, 1.06, 0.0, 0.0, 0.0, 1.0, 160.56, 301631.62745, 0.0
622, 1.06, 0.0, 0.0, 0.0, 0.0, 160.34, 300946.72, 0.0
623, 1.06, 0.0, 0.0, 0.0, 0.0, 160.0, 300294.7, 0.0
624, 1.06122, 0.0, 0.0, 0.0, 1.0, 159.83673, 299653.1, 0.0
625, 1.06383, 0.0, 0.0, 0.0, 1.0, 160.46809, 299051.87755, 0.0
626, 1.06383, 0.0, 0.0, 0.0, 0.0, 160.25532, 298350.23404, 0.0
627, 1.06383, 0.0, 0.0, 0.0, 0.0, 159.85106, 297703.53191, 0.0
628, 1.06667, 0.0, 0.0, 0.0, 1.0, 159.37778, 297088.51064, 0.0
629, 1.06818, 0.0, 0.0, 0.0, 1.0, 159.72727, 296489.73333, 0.0
630, 1.06818, 0.0, 0.0, 0.0, 0.0, 159.38636, 295759.52273, 0.0
631, 1.06977, 0.0, 0.0, 0.0, 1.0, 159.16279, 295132.27273, 0.0
632, 1.07692, 0.0, 0.0, 0.0, 1.0, 150.05128, 294515.44186, 0.0
633, 1.07895, 0.0, 0.0, 0.0, 1.0, 149.34211, 293689.20513, 0.0
634, 1.07895, 0.0, 0.0, 0.0, 0.0, 149.10526, 293047.92105, 0.0
635, 1.07895, 0.0, 0.0, 0.0, 0.0, 148.84211, 292417.78947, 0.0
636, 1.05263, 0.0, 0.0, 0.0, 1.0, 143.68421, 291785.89474, 0.0
637, 1.05405, 0.0, 0.0, 0.0, 1.0, 143.86486, 291158.55263, 0.0
638, 1.05556, 0.0, 0.0, 0.0, 1.0, 143.80556, 290561.51351, 0.0
639, 1.05714, 0.0, 0.0, 0.0, 1.0, 143.17143, 289911.41667, 0.0
640, 1.05714, 0.0, 0.0, 0.0, 0.0, 142.8, 289210.71429, 0.0
641, 1.05714, 0.0, 0.0, 0.0, 0.0, 142.4, 288578.6, 0.0
642, 1.05714, 0.0, 0.0, 0.0, 0.0, 142.17143, 287954.94286, 0.0
643, 1.05714, 0.0, 0.0, 0.0, 0.0, 141.68571, 287336.94286, 0.0
644, 1.06061, 0.0, 0.0, 0.0, 1.0, 140.78788, 286733.2, 0.0
645, 1.0625, 0.0, 0.0, 0.0, 1.0, 139.5, 286104.06061, 0.0
646, 1.06452, 0.0, 0.0, 0.0, 1.0, 138.83871, 285415.53125, 0.0
647, 1.06452, 0.0, 0.0, 0.0, 0.0, 138.51613, 284710.03226, 0.0
648, 1.06452, 0.0, 0.0, 0.0, 0.0, 138.32258, 284105.16129, 0.0
649, 1.06667, 0.0, 0.0, 0.0, 1.0, 138.56667, 283512.35484, 0.0
650, 1.06667, 0.0, 0.0, 0.0, 0.0, 138.33333, 282885.56667, 0.0
651, 1.06667, 0.0, 0.0, 0.0, 0.0, 138.06667, 282275.33333, 0.0
652, 1.06667, 0.0, 0.0, 0.0, 0.0, 137.63333, 281673.1, 0.0
653, 1.03333, 0.0, 0.0, 0.0, 1.0, 132.0, 281074.93333, 0.0
654, 1.03448, 0.0, 0.0, 0.0, 1.0, 132.51724, 280468.2, 0.0
655, 1.03448, 0.0, 0.0, 0.0, 0.0, 132.0, 279744.7931, 0.0
656, 1.03571, 0.0, 0.0, 0.0, 1.0, 132.42857, 279161.10345, 0.0
657, 1.03571, 0.0, 0.0, 0.0, 0.0, 132.14286, 278550.0, 0.0
658, 1.03704, 0.0, 0.0, 0.0, 1.0, 131.92593, 277982.17857, 0.0
659, 1.03704, 0.0, 0.0, 0.0, 0.0, 131.62963, 277253.22222, 0.0
660, 1.03704, 0.0, 0.0, 0.0, 0.0, 131.40741, 276647.18519, 0.0
661, 1.03846, 0.0, 0.0, 0.0, 1.0, 130.03846, 276072.85185, 0.0
662, 1.03846, 0.0, 0.0, 0.0, 0.0, 129.80769, 275468.42308, 0.0
663, 1.03846, 0.0, 0.0, 0.0, 0.0, 129.57692, 274871.76923, 0.0
664, 1.03846, 0.0, 0.0, 0.0, 0.0, 129.30769, 274278.80769, 0.0
665, 1.04, 0.0, 0.0, 0.0, 1.0, 128.76, 273702.5, 0.0
666, 1.04, 0.0, 0.0, 0.0, 0.0, 128.68, 273154.52, 0.0
667, 1.04, 0.0, 0.0, 0.0, 0.0, 128.4, 272563.84, 0.0
668, 1.04, 0.0, 0.0, 0.0, 0.0, 128.04, 271972.04, 0.0
669, 1.04, 0.0, 0.0, 0.0, 0.0, 127.72, 271382.4, 0.0
670, 1.04167, 0.0, 0.0, 0.0, 1.0, 126.83333, 270818.0, 0.0
671, 1.04167, 0.0, 0.0, 0.0, 0.0, 126.66667, 270140.79167, 0.0
672, 1.0, 0.0, 0.0, 0.0, 1.0, 121.375, 269556.41667, 0.0
673, 1.0, 0.0, 0.0, 0.0, 0.0, 121.04167, 268968.66667, 0.0
674, 1.0, 0.0, 0.0, 0.0, 0.0, 120.83333, 268385.83333, 0.0
675, 1.0, 0.0, 0.0, 0.0, 0.0, 120.41667, 267809.08333, 0.0
676, 1.0, 0.0, 0.0, 0.0, 0.0, 120.04167, 267234.33333, 0.0
677, 1.0, 0.0, 0.0, 0.0, 0.0, 119.83333, 266662.375, 0.0
678, 1.0, 0.0, 0.0, 0.0, 0.0, 119.66667, 266092.33333, 0.0
679, 1.0, 0.0, 0.0, 0.0, 0.0, 119.29167, 265519.20833, 0.0
680, 1.0, 0.0, 0.0, 0.0, 0.0, 119.0, 264952.45833, 0.0
681, 1.0, 0.0, 0.0, 0.0, 1.0, 119.63636, 264393.0, 0.0
682, 1.0, 0.0, 0.0, 0.0, 1.0, 120.04762, 263637.13636, 0.0
683, 1.0, 0.0, 0.0, 0.0, 1.0, 125.6, 263092.19048, 0.0
684, 1.0, 0.0, 0.0, 0.0, 0.0, 125.3, 262506.05, 0.0
685, 1.0, 0.0, 0.0, 0.0, 0.0, 125.1, 261947.65, 0.0
686, 1.0, 0.0, 0.0, 0.0, 0.0, 124.9, 261381.45, 0.0
687, 1.0, 0.0, 0.0, 0.0, 0.0, 124.55, 260823.4, 0.0
688, 1.0, 0.0, 0.0, 0.0, 0.0, 124.4, 260268.3, 0.0
689, 1.0, 0.0, 0.0, 0.0, 0.0, 124.25, 259714.9, 0.0
690, 1.0, 0.0, 0.0, 0.0, 0.0, 124.0, 259150.95, 0.0
691, 1.0, 0.0, 0.0, 0.0, 0.0, 123.8, 258594.7, 0.0
692, 1.0, 0.0, 0.0, 0.0, 0.0, 123.5, 258033.85, 0.0
693, 1.0, 0.0, 0.0, 0.0, 0.0, 123.25, 257480.85, 0.0
694, 1.0, 0.0, 0.0, 0.0, 1.0, 121.73684, 256952.3, 0.0
695, 1.0, 0.0, 0.0, 0.0, 0.0, 121.31579, 256383.73684, 0.0
696, 1.0, 0.0, 0.0, 0.0, 0.0, 121.10526, 255837.47368, 0.0
697, 1.0, 0.0, 0.0, 0.0, 0.0, 120.73684, 255287.68421, 0.0
698, 1.0, 0.0, 0.0, 0.0, 1.0, 119.70588, 254769.57895, 0.0
699, 1.0, 0.0, 0.0, 0.0, 0.0, 119.47059, 254187.82353, 0.0
700, 1.0, 0.0, 0.0, 0.0, 0.0, 119.17647, 253643.0, 0.0
701, 1.0, 0.0, 0.0, 0.0, 1.0, 117.26667, 253137.0, 0.0
702, 1.0, 0.0, 0.0, 0.0, 0.0, 117.0, 252664.86667, 0.0
703, 1.0, 0.0, 0.0, 0.0, 0.0, 116.86667, 252120.73333, 0.0
704, 1.0, 0.0, 0.0, 0.0, 0.0, 116.53333, 251564.93333, 0.0
705, 1.0, 0.0, 0.0, 0.0, 0.0, 116.33333, 251025.2, 0.0
706, 1.0, 0.0, 0.0, 0.0, 0.0, 116.06667, 250480.93333, 0.0
707, 1.0, 0.0, 0.0, 0.0, 0.0, 115.86667, 249945.13333, 0.0
708, 1.0, 0.0, 0.0, 0.0, 0.0, 115.8, 249406.6, 0.0
709, 1.0, 0.0, 0.0, 0.0, 1.0, 114.71429, 248886.33333, 0.0
710, 1.0, 0.0, 0.0, 0.0, 0.0, 114.42857, 248269.71429, 0.0
711, 1.0, 0.0, 0.0, 0.0, 0.0, 114.28571, 247721.71429, 0.0
712, 1.0, 0.0, 0.0, 0.0, 0.0, 114.07143, 247186.28571, 0.0
713, 1.0, 0.0, 0.0, 0.0, 0.0, 113.71429, 246652.35714, 0.0
714, 1.0, 0.0, 0.0, 0.0, 1.0, 113.61538, 246160.71429, 0.0
715, 1.0, 0.0, 0.0, 0.0, 0.0, 113.53846, 245461.92308, 0.0
716, 1.0, 0.0, 0.0, 0.0, 0.0, 113.07692, 244928.23077, 0.0
717, 1.0, 0.0, 0.0, 0.0, 0.0, 112.84615, 244404.15385, 0.0
718, 1.0, 0.0, 0.0, 0.0, 0.0, 112.53846, 243859.53846, 0.0
719, 1.0, 0.0, 0.0, 0.0, 0.0, 112.38462, 243348.84615, 0.0
720, 1.0, 0.0, 0.0, 0.0, 0.0, 112.15385, 242826.0, 0.0
721, 1.0, 0.0, 0.0, 0.0, 1.0, 110.58333, 242339.84615, 0.0
722, 1.0, 0.0, 0.0, 0.0, 0.0, 110.41667, 241672.16667, 0.0
723, 1.0, 0.0, 0.0, 0.0, 0.0, 109.91667, 241139.5, 0.0
724, 1.0, 0.0, 0.0, 0.0, 0.0, 109.83333, 240622.5, 0.0
725, 1.0, 0.0, 0.0, 0.0, 0.0, 109.5, 240103.83333, 0.0
726, 1.0, 0.0, 0.0, 0.0, 0.0, 109.33333, 239584.08333, 0.0
727, 1.0, 0.0, 0.0, 0.0, 0.0, 109.16667, 239059.0, 0.0
728, 1.0, 0.0, 0.0, 0.0, 1.0, 109.36364, 238590.75, 0.0
729, 1.0, 0.0, 0.0, 0.0, 0.0, 109.0, 238028.63636, 0.0
730, 1.0, 0.0, 0.0, 0.0, 0.0, 108.81818, 237524.0, 0.0
731, 1.0, 0.0, 0.0, 0.0, 0.0, 108.45455, 237018.0, 0.0
732, 1.0, 0.0, 0.0, 0.0, 0.0, 108.27273, 236511.36364, 0.0
733, 1.0, 0.0, 0.0, 0.0, 1.0, 105.7, 236033.09091, 0.0
734, 1.0, 0.0, 0.0, 0.0, 0.0, 105.5, 235554.6, 0.0
735, 1.0, 0.0, 0.0, 0.0, 0.0, 105.4, 235062.1, 0.0
736, 1.0, 0.0, 0.0, 0.0, 0.0, 105.3, 234546.4, 0.0
737, 1.0, 0.0, 0.0, 0.0, 0.0, 105.2, 234044.3, 0.0
738, 1.0, 0.0, 0.0, 0.0, 0.0, 104.8, 233542.8, 0.0
739, 1.0, 0.0, 0.0, 0.0, 0.0, 104.7, 233048.7, 0.0
740, 1.0, 0.0, 0.0, 0.0, 0.0, 104.6, 232552.3, 0.0
741, 1.0, 0.0, 0.0, 0.0, 0.0, 104.3, 232042.6, 0.0
742, 1.0, 0.0, 0.0, 0.0, 1.0, 102.44444, 231564.1, 0.0
743, 1.0, 0.0, 0.0, 0.0, 0.0, 102.33333, 231207.77778, 0.0
744, 1.0, 0.0, 0.0, 0.0, 0.0, 102.11111, 230701.77778, 0.0
745, 1.0, 0.0, 0.0, 0.0, 0.0, 101.66667, 230215.22222, 0.0
746, 1.0, 0.0, 0.0, 0.0, 0.0, 101.33333, 229710.88889, 0.0
747, 1.0, 0.0, 0.0, 0.0, 0.0, 101.22222, 229218.22222, 0.0
748, 1.0, 0.0, 0.0, 0.0, 0.0, 101.11111, 228714.77778, 0.0
749, 1.0, 0.0, 0.0, 0.0, 0.0, 101.0, 228219.44444, 0.0
750, 1.0, 0.0, 0.0, 0.0, 0.0, 100.44444, 227735.0, 0.0
751, 1.0, 0.0, 0.0, 0.0, 1.0, 112.75, 227291.66667, 0.0
752, 1.0, 0.0, 0.0, 0.0, 0.0, 112.375, 227047.25, 0.0
753, 1.0, 0.0, 0.0, 0.0, 0.0, 112.0, 226554.75, 0.0
754, 1.0, 0.0, 0.0, 0.0, 0.0, 112.0, 226074.625, 0.0
755, 1.0, 0.0, 0.0, 0.0, 0.0, 111.875, 225597.25, 0.0
756, 1.0, 0.0, 0.0, 0.0, 0.0, 111.625, 225108.5, 0.0
757, 1.0, 0.0, 0.0, 0.0, 0.0, 111.5, 224625.75, 0.0
758, 1.0, 0.0, 0.0, 0.0, 0.0, 111.25, 224134.0, 0.0
759, 1.0, 0.0, 0.0, 0.0, 0.0, 111.25, 223634.25, 0.0
760, 1.0, 0.0, 0.0, 0.0, 0.0, 111.0, 223154.375, 0.0
761, 1.0, 0.0, 0.0, 0.0, 0.0, 110.75, 222677.75, 0.0
762, 1.0, 0.0, 0.0, 0.0, 0.0, 110.5, 222208.125, 0.0
763, 1.0, 0.0, 0.0, 0.0, 0.0, 110.375, 221740.0, 0.0
764, 1.0, 0.0, 0.0, 0.0, 0.0, 110.125, 221263.75, 0.0
765, 1.0, 0.0, 0.0, 0.0, 0.0, 109.875, 220783.75, 0.0
766, 1.0, 0.0, 0.0, 0.0, 0.0, 109.625, 220301.0, 0.0
767, 1.0, 0.0, 0.0, 0.0, 0.0, 109.125, 219845.125, 0.0
768, 1.0, 0.0, 0.0, 0.0, 0.0, 109.0, 219367.625, 0.0
769, 1.0, 0.0, 0.0, 0.0, 1.0, 104.14286, 218943.75, 0.0
770, 1.0, 0.0, 0.0, 0.0, 0.0, 104.14286, 218828.57143, 0.0
771, 1.0, 0.0, 0.0, 0.0, 0.0, 104.0, 218365.14286, 0.0
772, 1.0, 0.0, 0.0, 0.0, 0.0, 103.71429, 217907.42857, 0.0
773, 1.0, 0.0, 0.0, 0.0, 0.0, 103.57143, 217429.28571, 0.0
774, 1.0, 0.0, 0.0, 0.0, 0.0, 103.57143, 216968.14286, 0.0
775, 1.0, 0.0, 0.0, 0.0, 0.0, 103.57143, 216481.57143, 0.0
776, 1.0, 0.0, 0.0, 0.0, 0.0, 103.0, 216015.85714, 0.0
777, 1.0, 0.0, 0.0, 0.0, 0.0, 102.85714, 215545.0, 0.0
778, 1.0, 0.0, 0.0, 0.0, 0.0, 102.42857, 215097.0, 0.0
779, 1.0, 0.0, 0.0, 0.0, 0.0, 101.85714, 214629.57143, 0.0
780, 1.0, 0.0, 0.0, 0.0, 0.0, 101.14286, 214179.14286, 0.0
781, 1.0, 0.0, 0.0, 0.0, 0.0, 101.0, 213717.14286, 0.0
782, 1.0, 0.0, 0.0, 0.0, 0.0, 100.57143, 213262.0, 0.0
783, 1.0, 0.0, 0.0, 0.0, 1.0, 100.66667, 212847.57143, 0.0
784, 1.0, 0.0, 0.0, 0.0, 0.0, 100.66667, 212512.16667, 0.0
785, 1.0, 0.0, 0.0, 0.0, 0.0, 100.0, 212046.83333, 0.0
786, 1.0, 0.0, 0.0, 0.0, 0.0, 99.83333, 211588.66667, 0.0
787, 1.0, 0.0, 0.0, 0.0, 0.0, 99.33333, 211130.83333, 0.0
788, 1.0, 0.0, 0.0, 0.0, 0.0, 99.0, 210663.83333, 0.0
789, 1.0, 0.0, 0.0, 0.0, 0.0, 98.83333, 210218.66667, 0.0
790, 1.0, 0.0, 0.0, 0.0, 0.0, 98.33333, 209755.0, 0.0
791, 1.0, 0.0, 0.0, 0.0, 0.0, 98.33333, 209309.83333, 0.0
792, 1.0, 0.0, 0.0, 0.0, 0.0, 98.16667, 208854.66667, 0.0
793, 1.0, 0.0, 0.0, 0.0, 1.0, 98.4, 208453.66667, 0.0
794, 1.0, 0.0, 0.0, 0.0, 0.0, 98.0, 208095.8, 0.0
795, 1.0, 0.0, 0.0, 0.0, 0.0, 97.8, 207658.4, 0.0
796, 1.0, 0.0, 0.0, 0.0, 0.0, 97.8, 207208.0, 0.0
797, 1.0, 0.0, 0.0, 0.0, 0.0, 97.6, 206769.0, 0.0
798, 1.0, 0.0, 0.0, 0.0, 0.0, 97.6, 206299.8, 0.0
799, 1.0, 0.0, 0.0, 0.0, 0.0, 97.6, 205869.0, 0.0
800, 1.0, 0.0, 0.0, 0.0, 0.0, 97.6, 205438.8, 0.0
801, 1.0, 0.0, 0.0, 0.0, 0.0, 97.0, 204988.4, 0.0
802, 1.0, 0.0, 0.0, 0.0, 0.0, 96.8, 204531.0, 0.0
803, 1.0, 0.0, 0.0, 0.0, 0.0, 96.0, 204084.0, 0.0
804, 1.0, 0.0, 0.0, 0.0, 0.0, 95.6, 203626.2, 0.0
805, 1.0, 0.0, 0.0, 0.0, 0.0, 95.4, 203177.6, 0.0
806, 1.0, 0.0, 0.0, 0.0, 0.0, 95.4, 202736.0, 0.0
807, 1.0, 0.0, 0.0, 0.0, 0.0, 95.4, 202280.6, 0.0
808, 1.0, 0.0, 0.0, 0.0, 0.0, 95.0, 201837.8, 0.0
809, 1.0, 0.0, 0.0, 0.0, 0.0, 94.6, 201398.8, 0.0
810, 1.0, 0.0, 0.0, 0.0, 0.0, 94.4, 200985.8, 0.0
811, 1.0, 0.0, 0.0, 0.0, 0.0, 94.2, 200548.8, 0.0
812, 1.0, 0.0, 0.0, 0.0, 1.0, 97.75, 200163.6, 0.0
813, 1.0, 0.0, 0.0, 0.0, 0.0, 97.25, 199049.0, 0.0
814, 1.0, 0.0, 0.0, 0.0, 0.0, 97.25, 198626.25, 0.0
815, 1.0, 0.0, 0.0, 0.0, 0.0, 97.25, 198189.75, 0.0
816, 1.0, 0.0, 0.0, 0.0, 0.0, 96.75, 197775.5, 0.0
817, 1.0, 0.0, 0.0, 0.0, 0.0, 96.5, 197362.0, 0.0
818, 1.0, 0.0, 0.0, 0.0, 0.0, 96.25, 196926.5, 0.0
819, 1.0, 0.0, 0.0, 0.0, 0.0, 96.25, 196517.25, 0.0
820, 1.0, 0.0, 0.0, 0.0, 0.0, 96.0, 196111.25, 0.0
821, 1.0, 0.0, 0.0, 0.0, 0.0, 96.0, 195694.25, 0.0
822, 1.0, 0.0, 0.0, 0.0, 0.0, 96.0, 195266.25, 0.0
823, 1.0, 0.0, 0.0, 0.0, 1.0, 93.0, 194933.75, 0.0
824, 1.0, 0.0, 0.0, 0.0, 0.0, 93.0, 194438.33333, 0.0
825, 1.0, 0.0, 0.0, 0.0, 0.0, 93.0, 194017.66667, 0.0
826, 1.0, 0.0, 0.0, 0.0, 0.0, 93.0, 193585.33333, 0.0
827, 1.0, 0.0, 0.0, 0.0, 0.0, 93.0, 193167.0, 0.0
828, 1.0, 0.0, 0.0, 0.0, 0.0, 92.66667, 192718.33333, 0.0
829, 1.0, 0.0, 0.0, 0.0, 0.0, 92.33333, 192313.33333, 0.0
830, 1.0, 0.0, 0.0, 0.0, 0.0, 92.33333, 191906.0, 0.0
831, 1.0, 0.0, 0.0, 0.0, 0.0, 92.33333, 191502.0, 0.0
832, 1.0, 0.0, 0.0, 0.0, 0.0, 92.33333, 191084.66667, 0.0
833, 1.0, 0.0, 0.0, 0.0, 0.0, 92.0, 190688.0, 0.0
834, 1.0, 0.0, 0.0, 0.0, 0.0, 91.33333, 190279.33333, 0.0
835, 1.0, 0.0, 0.0, 0.0, 0.0, 90.66667, 189848.33333, 0.0
836, 1.0, 0.0, 0.0, 0.0, 0.0, 90.33333, 189446.66667, 0.0
837, 1.0, 0.0, 0.0, 0.0, 0.0, 90.33333, 189028.66667, 0.0
838, 1.0, 0.0, 0.0, 0.0, 0.0, 90.0, 188630.33333, 0.0
839, 1.0, 0.0, 0.0, 0.0, 0.0, 89.66667, 188225.0, 0.0
840, 1.0, 0.0, 0.0, 0.0, 0.0, 89.66667, 187810.66667, 0.0
841, 1.0, 0.0, 0.0, 0.0, 0.0, 89.66667, 187405.33333, 0.0
842, 1.0, 0.0, 0.0, 0.0, 0.0, 89.66667, 187006.0, 0.0
843, 1.0, 0.0, 0.0, 0.0, 0.0, 89.0, 186601.0, 0.0
844, 1.0, 0.0, 0.0, 0.0, 0.0, 89.0, 186180.66667, 0.0
845, 1.0, 0.0, 0.0, 0.0, 0.0, 89.0, 185764.66667, 0.0
846, 1.0, 0.0, 0.0, 0.0, 0.0, 89.0, 185362.33333, 0.0
847, 1.0, 0.0, 0.0, 0.0, 0.0, 89.0, 184966.33333, 0.0
848, 1.0, 0.0, 0.0, 0.0, 1.0, 86.5, 184620.33333, 0.0
849, 1.0, 0.0, 0.0, 0.0, 0.0, 85.5, 184164.0, 0.0
850, 1.0, 0.0, 0.0, 0.0, 0.0, 85.5, 183774.0, 0.0
851, 1.0, 0.0, 0.0, 0.0, 0.0, 85.5, 183382.0, 0.0
852, 1.0, 0.0, 0.0, 0.0, 0.0, 85.0, 182975.5, 0.0
853, 1.0, 0.0, 0.0, 0.0, 0.0, 84.5, 182558.0, 0.0
854, 1.0, 0.0, 0.0, 0.0, 0.0, 84.5, 182194.5, 0.0
855, 1.0, 0.0, 0.0, 0.0, 0.0, 84.0, 181837.5, 0.0
856, 1.0, 0.0, 0.0, 0.0, 0.0, 83.5, 181461.5, 0.0
857, 1.0, 0.0, 0.0, 0.0, 1.0, 81.0, 181194.0, 0.0
858, 1.0, 0.0, 0.0, 0.0, 0.0, 81.0, 180791.0, 0.0
859, 1.0, 0.0, 0.0, 0.0, 0.0, 81.0, 180379.0, 0.0
860, 1.0, 0.0, 0.0, 0.0, 0.0, 81.0, 180009.0, 0.0
861, 1.0, 0.0, 0.0, 0.0, 0.0, 81.0, 179632.0, 0.0
862, 1.0, 0.0, 0.0, 0.0, 0.0, 81.0, 179222.0, 0.0
863, 1.0, 0.0, 0.0, 0.0, 0.0, 81.0, 178873.0, 0.0
864, 1.0, 0.0, 0.0, 0.0, 0.0, 81.0, 178478.0, 0.0
865, 1.0, 0.0, 0.0, 0.0, 0.0, 81.0, 178095.0, 0.0
866, 1.0, 0.0, 0.0, 0.0, 0.0, 81.0, 177738.0, 0.0
867, 1.0, 0.0, 0.0, 0.0, 0.0, 80.0, 177368.0, 0.0
868, 1.0, 0.0, 0.0, 0.0, 0.0, 80.0, 176999.0, 0.0
869, 1.0, 0.0, 0.0, 0.0, 0.0, 80.0, 176611.0, 0.0
870, 1.0, 0.0, 0.0, 0.0, 0.0, 80.0, 176226.0, 0.0
871, 1.0, 0.0, 0.0, 0.0, 0.0, 80.0, 175885.0, 0.0
872, 1.0, 0.0, 0.0, 0.0, 0.0, 79.0, 175520.0, 0.0
873, 1.0, 0.0, 0.0, 0.0, 0.0, 79.0, 175141.0, 0.0
874, 1.0, 0.0, 0.0, 0.0, 0.0, 78.0, 174773.0, 0.0
875, 1.0, 0.0, 0.0, 0.0, 0.0, 78.0, 174352.0, 0.0
876, 1.0, 0.0, 0.0, 0.0, 0.0, 77.0, 173957.0, 0.0
877, 1.0, 0.0, 0.0, 0.0, 0.0, 77.0, 173554.0, 0.0
878, 1.0, 0.0, 0.0, 0.0, 0.0, 77.0, 173147.0, 0.0
879, 1.0, 0.0, 0.0, 0.0, 0.0, 77.0, 172759.0, 0.0
880, 1.0, 0.0, 0.0, 0.0, 0.0, 77.0, 172361.0, 0.0
881, 1.0, 0.0, 0.0, 0.0, 0.0, 76.0, 171987.0, 0.0
882, 1.0, 0.0, 0.0, 0.0, 0.0, 76.0, 171628.0, 0.0
883, 1.0, 0.0, 0.0, 0.0, 0.0, 76.0, 171273.0, 0.0
884, 1.0, 0.0, 0.0, 0.0, 0.0, 76.0, 170915.0, 0.0
885, 1.0, 0.0, 0.0, 0.0, 0.0, 75.0, 170548.0, 0.0
886, 1.0, 0.0, 0.0, 0.0, 0.0, 75.0, 170199.0, 0.0
887, 1.0, 0.0, 0.0, 0.0, 0.0, 75.0, 169836.0, 0.0
888, 1.0, 0.0, 0.0, 0.0, 0.0, 75.0, 169467.0, 0.0
889, 1.0, 0.0, 0.0, 0.0, 0.0, 74.0, 169068.0, 0.0
890, 1.0, 0.0, 0.0, 0.0, 0.0, 74.0, 168713.0, 0.0
891, 1.0, 0.0, 0.0, 0.0, 0.0, 73.0, 168312.0, 0.0
892, 1.0, 0.0, 0.0, 0.0, 0.0, 73.0, 167926.0, 0.0
893, 1.0, 0.0, 0.0, 0.0, 0.0, 73.0, 167556.0, 0.0
894, 1.0, 0.0, 0.0, 0.0, 0.0, 73.0, 167203.0, 0.0
895, 1.0, 0.0, 0.0, 0.0, 0.0, 73.0, 166836.0, 0.0
896, 1.0, 0.0, 0.0, 0.0, 0.0, 73.0, 166457.0, 0.0
897, 1.0, 0.0, 0.0, 0.0, 0.0, 73.0, 166144.0, 0.0
898, 1.0, 0.0, 0.0, 0.0, 0.0, 73.0, 165765.0, 0.0
899, 1.0, 0.0, 0.0, 0.0, 0.0, 72.0, 165429.0, 0.0
900, 1.0, 0.0, 0.0, 0.0, 0.0, 71.0, 165071.0, 0.0
901, 1.0, 0.0, 0.0, 0.0, 0.0, 71.0, 164714.0, 0.0
902, 1.0, 0.0, 0.0, 0.0, 0.0, 71.0, 164356.0, 0.0
903, 1.0, 0.0, 0.0, 0.0, 0.0, 71.0, 163991.0, 0.0
904, 1.0, 0.0, 0.0, 0.0, 0.0, 71.0, 163624.0, 0.0
905, 1.0, 0.0, 0.0, 0.0, 0.0, 71.0, 163294.0, 0.0
906, 1.0, 0.0, 0.0, 0.0, 0.0, 71.0, 162926.0, 0.0
907, 1.0, 0.0, 0.0, 0.0, 0.0, 71.0, 162561.0, 0.0
908, 1.0, 0.0, 0.0, 0.0, 0.0, 71.0, 162214.0, 0.0
909, 1.0, 0.0, 0.0, 0.0, 0.0, 71.0, 161870.0, 0.0
910, 1.0, 0.0, 0.0, 0.0, 0.0, 71.0, 161524.0, 0.0
911, 1.0, 0.0, 0.0, 0.0, 0.0, 71.0, 161182.0, 0.0
912, 1.0, 0.0, 0.0, 0.0, 0.0, 71.0, 160830.0, 0.0
913, 1.0, 0.0, 0.0, 0.0, 0.0, 70.0, 160449.0, 0.0
914, 1.0, 0.0, 0.0, 0.0, 0.0, 70.0, 160118.0, 0.0
915, 1.0, 0.0, 0.0, 0.0, 0.0, 70.0, 159754.0, 0.0
916, 1.0, 0.0, 0.0, 0.0, 0.0, 69.0, 159447.0, 0.0
917, 1.0, 0.0, 0.0, 0.0, 0.0, 69.0, 159116.0, 0.0
918, 1.0, 0.0, 0.0, 0.0, 0.0, 69.0, 158777.0, 0.0
919, 1.0, 0.0, 0.0, 0.0, 0.0, 69.0, 158446.0, 0.0
920, 1.0, 0.0, 0.0, 0.0, 0.0, 68.0, 158084.0, 0.0
921, 1.0, 0.0, 0.0, 0.0, 0.0, 68.0, 157753.0, 0.0
922, 1.0, 0.0, 0.0, 0.0, 0.0, 68.0, 157393.0, 0.0
923, 1.0, 0.0, 0.0, 0.0, 0.0, 68.0, 157059.0, 0.0
924, 1.0, 0.0, 0.0, 0.0, 0.0, 68.0, 156729.0, 0.0
925, 1.0, 0.0, 0.0, 0.0, 0.0, 68.0, 156370.0, 0.0
926, 1.0, 0.0, 0.0, 0.0, 0.0, 68.0, 156026.0, 0.0
927, 1.0, 0.0, 0.0, 0.0, 0.0, 68.0, 155682.0, 0.0
928, 1.0, 0.0, 0.0, 0.0, 0.0, 68.0, 155358.0, 0.0
929, 1.0, 0.0, 0.0, 0.0, 0.0, 68.0, 155057.0, 0.0
930, 1.0, 0.0, 0.0, 0.0, 0.0, 68.0, 154756.0, 0.0
931, 1.0, 0.0, 0.0, 0.0, 0.0, 68.0, 154401.0, 0.0
932, 1.0, 0.0, 0.0, 0.0, 0.0, 68.0, 154107.0, 0.0
933, 1.0, 0.0, 0.0, 0.0, 0.0, 68.0, 153759.0, 0.0
934, 1.0, 0.0, 0.0, 0.0, 0.0, 68.0, 153435.0, 0.0
935, 1.0, 0.0, 0.0, 0.0, 0.0, 68.0, 153143.0, 0.0
936, 1.0, 0.0, 0.0, 0.0, 0.0, 67.0, 152832.0, 0.0
937, 1.0, 0.0, 0.0, 0.0, 0.0, 67.0, 152469.0, 0.0
938, 1.0, 0.0, 0.0, 0.0, 0.0, 67.0, 152154.0, 0.0
939, 1.0, 0.0, 0.0, 0.0, 0.0, 67.0, 151822.0, 0.0
940, 1.0, 0.0, 0.0, 0.0, 0.0, 66.0, 151487.0, 0.0
941, 1.0, 0.0, 0.0, 0.0, 0.0, 66.0, 151146.0, 0.0
942, 1.0, 0.0, 0.0, 0.0, 0.0, 66.0, 150834.0, 0.0
943, 1.0, 0.0, 0.0, 0.0, 0.0, 66.0, 150521.0, 0.0
944, 1.0, 0.0, 0.0, 0.0, 0.0, 65.0, 150173.0, 0.0
945, 1.0, 0.0, 0.0, 0.0, 0.0, 65.0, 149838.0, 0.0
946, 1.0, 0.0, 0.0, 0.0, 0.0, 64.0, 149512.0, 0.0
947, 1.0, 0.0, 0.0, 0.0, 0.0, 64.0, 149199.0, 0.0
948, 0.0, 0.0, 0.0, 0.0, 1.0, 0.0, 149076.0, 0.0
