time, seeders, joined, request_count, response_size, left, awareness, bad_data, leechers
0, 0.0, 0.0, 0.0, 0.0, 0.0, 1001.0, 0.0, 0.0
1, 0.0, 149.026, 302.56868, 0.42245, 0.0, 41672.224, 0.0, 149.026
2, 0.0, 70.594, 166.52123, 0.93855, 8.37, 50061.842, 2882.192, 212.25
3, 0.0, 67.536, 149.7927, 1.14304, 7.07831, 58595.952, 4389.114, 272.736
4, 0.0, 66.696, 138.92587, 1.34277, 8.372, 66120.47, 6074.598, 331.06
5, 0.0, 64.14, 131.04459, 1.51811, 9.656, 72689.566, 7852.052, 385.544
6, 0.0, 61.6, 125.8961, 1.68787, 10.81, 78488.954, 9742.716, 436.334
7, 0.0, 59.232, 122.17382, 1.8381, 11.984, 83610.49, 11786.246, 483.582
8, 0.0, 57.78, 119.70578, 1.97328, 13.628, 88129.782, 14107.486, 527.734
9, 0.0, 55.608, 117.24932, 2.10755, 14.342, 92275.716, 16398.636, 569.0
10, 0.0, 54.032, 115.82396, 2.22524, 15.216, 96125.046, 18716.818, 607.816
11, 115.91, 51.804, 113.80202, 2.34495, 12.87, 100094.09, 20346.516, 530.84
12, 167.616, 50.182, 112.51445, 2.47356, 16.846, 102878.832, 22893.872, 512.47
13, 216.602, 48.84, 111.58886, 2.55347, 16.008, 105847.582, 25043.612, 496.316
14, 264.14, 47.362, 110.53587, 2.68414, 16.196, 108557.584, 27230.85, 479.944
15, 309.432, 45.874, 109.78332, 2.77014, 16.834, 111034.48, 29447.562, 463.692
16, 351.568, 44.176, 109.41235, 2.85286, 17.462, 113201.57, 31767.988, 448.27
17, 390.924, 42.746, 108.62303, 2.95072, 17.436, 115185.954, 34074.264, 434.224
18, 428.948, 41.974, 107.86677, 3.03795, 17.65, 117079.816, 36350.792, 420.524
19, 464.41, 40.036, 107.30343, 3.12616, 17.984, 118742.288, 38623.968, 407.114
20, 498.216, 38.734, 107.37853, 3.17681, 18.338, 120210.262, 40953.414, 393.704
21, 529.748, 37.35, 107.06292, 3.27553, 18.694, 121511.412, 43281.538, 380.828
22, 559.488, 36.26, 106.70712, 3.35087, 18.838, 122654.112, 45633.274, 368.51
23, 587.89, 35.136, 107.16644, 3.41403, 19.128, 123703.194, 47968.854, 356.116
24, 614.146, 33.59, 106.04942, 3.4893, 19.184, 124523.434, 50326.302, 344.266
25, 638.966, 32.52, 106.10701, 3.5457, 19.408, 125307.648, 52600.966, 332.558
26, 662.402, 32.07, 105.56907, 3.60184, 19.148, 126004.644, 54892.532, 322.044
27, 684.092, 30.518, 105.85884, 3.63332, 19.526, 126511.504, 57215.974, 311.346
28, 705.146, 30.132, 105.38298, 3.71002, 19.492, 126963.132, 59533.428, 300.932
29, 724.03, 28.78, 106.01112, 3.74113, 19.528, 127326.168, 61812.558, 291.3
30, 741.718, 27.668, 105.1106, 3.82635, 19.582, 127551.488, 64081.114, 281.698
31, 757.826, 26.99, 105.29085, 3.88352, 19.616, 127765.108, 66291.13, 272.964
32, 772.912, 26.088, 105.13646, 3.93277, 19.822, 127817.454, 68558.574, 264.144
33, 786.924, 24.984, 105.29139, 3.9537, 19.73, 127804.648, 70778.112, 255.386
34, 799.798, 24.286, 105.38582, 4.05056, 19.76, 127706.048, 73006.998, 247.038
35, 811.296, 23.694, 105.40221, 4.05854, 19.826, 127570.0, 75208.526, 239.408
36, 822.126, 23.042, 105.31204, 4.1144, 20.076, 127290.728, 77480.884, 231.544
37, 832.002, 21.674, 105.1398, 4.12384, 19.506, 126937.774, 79676.228, 223.836
38, 841.316, 21.348, 105.38692, 4.18153, 19.672, 126529.686, 81894.156, 216.198
39, 849.25, 20.49, 105.78819, 4.17577, 19.924, 126078.5, 84070.882, 208.83
40, 856.674, 19.936, 105.87881, 4.21831, 19.28, 125649.348, 86162.648, 202.062
41, 862.962, 18.912, 105.94332, 4.30196, 19.542, 125093.612, 88273.236, 195.144
42, 868.75, 18.502, 105.56697, 4.28579, 19.088, 124568.312, 90298.456, 188.77
43, 873.348, 17.82, 105.88103, 4.34959, 19.136, 123975.094, 92323.53, 182.856
44, 877.542, 17.534, 105.96555, 4.39139, 19.222, 123310.246, 94388.18, 176.974
45, 881.084, 16.754, 106.39847, 4.37844, 19.248, 122590.202, 96432.804, 170.938
46, 884.268, 16.192, 106.39822, 4.3824, 19.058, 121860.88, 98422.58, 164.888
47, 886.346, 15.942, 107.3391, 4.39972, 19.034, 121122.64, 100406.892, 159.718
48, 888.188, 15.25, 106.9377, 4.51766, 18.486, 120397.11, 102295.432, 154.64
49, 889.306, 14.876, 107.07179, 4.45881, 18.622, 119582.196, 104233.994, 149.776
50, 889.756, 14.016, 106.23573, 4.48731, 18.796, 118675.042, 106159.61, 144.546
51, 889.376, 13.768, 107.45206, 4.56645, 18.738, 117781.292, 108059.164, 139.956
52, 889.048, 13.338, 106.95756, 4.54521, 18.052, 116898.746, 109893.558, 135.57
53, 888.292, 12.914, 107.17051, 4.5802, 18.042, 115987.418, 111711.944, 131.198
54, 887.034, 12.27, 107.90546, 4.56662, 18.21, 115035.974, 113508.426, 126.516
55, 885.28, 11.94, 109.24623, 4.58755, 17.774, 114075.208, 115294.336, 122.436
56, 883.108, 12.126, 109.26934, 4.60755, 17.936, 113158.682, 117051.602, 118.798
57, 880.25, 10.93, 109.35041, 4.60776, 18.26, 112052.062, 118872.234, 114.326
58, 877.42, 10.81, 108.97317, 4.66367, 17.504, 110996.328, 120623.73, 110.462
59, 874.228, 10.604, 109.41154, 4.62317, 17.588, 109952.67, 122341.148, 106.67
60, 870.236, 10.312, 110.29868, 4.63496, 17.432, 108918.518, 124023.7, 103.542
61, 866.326, 10.08, 109.90079, 4.6846, 17.184, 107902.93, 125656.3, 100.348
62, 862.33, 9.584, 111.0601, 4.64938, 16.946, 106832.312, 127302.886, 96.982
63, 857.538, 9.144, 110.12686, 4.7138, 17.332, 105713.076, 128937.884, 93.586
64, 852.538, 8.79, 111.55859, 4.6906, 16.96, 104604.514, 130535.192, 90.416
65, 847.36, 8.606, 112.54938, 4.71815, 16.65, 103522.732, 132090.392, 87.55
66, 842.558, 8.398, 112.43153, 4.71595, 16.492, 102360.688, 133703.768, 84.258
67, 836.828, 7.9, 111.82278, 4.73104, 16.208, 101298.75, 135152.44, 81.68
68, 831.298, 7.74349, 112.34472, 4.6821, 15.91, 100226.96, 136594.492, 79.028
69, 825.722, 7.57515, 112.03704, 4.72609, 15.724, 99124.186, 138045.912, 76.44
70, 820.004, 7.392, 113.41991, 4.7729, 15.66, 98028.846, 139479.362, 73.89
71, 814.14, 7.09237, 111.74972, 4.82037, 15.462, 96881.674, 140915.902, 71.356
72, 807.918, 6.712, 115.70322, 4.73294, 15.398, 95777.07, 142295.238, 68.892
73, 801.346, 6.75952, 115.26831, 4.73971, 15.37, 94668.846, 143678.148, 66.84
74, 794.61, 6.47, 115.39413, 4.80605, 15.082, 93589.21, 145002.684, 64.964
75, 788.064, 6.094, 115.78602, 4.7843, 14.894, 92478.01, 146315.402, 62.71
76, 781.486, 6.02429, 115.6922, 4.80685, 14.848, 91347.244, 147629.49, 60.392
77, 774.536, 5.69679, 115.43884, 4.8345, 14.528, 90239.458, 148887.484, 58.488
78, 767.55, 5.54509, 116.40766, 4.78764, 14.442, 89133.386, 150130.606, 56.566
79, 760.562, 5.41734, 117.26833, 4.81815, 14.146, 88050.416, 151338.71, 54.782
80, 753.594, 5.23695, 117.90644, 4.78959, 14.072, 86951.878, 152544.316, 52.894
81, 746.59, 5.083, 120.39028, 4.86206, 13.754, 85874.84, 153717.256, 51.166
82, 739.124, 4.96787, 120.45271, 4.83624, 13.918, 84771.238, 154909.072, 49.662
83, 732.294, 4.85542, 120.22333, 4.79567, 13.426, 83762.676, 155990.842, 47.902
84, 725.026, 4.63618, 119.81587, 4.82693, 13.506, 82690.818, 157099.988, 46.226
85, 717.77, 4.57317, 120.35556, 4.87445, 13.028, 81680.718, 158142.08, 44.954
86, 710.728, 4.38697, 121.07707, 4.82439, 12.792, 80667.17, 159166.65, 43.512
87, 703.694, 4.09331, 124.33102, 4.81507, 12.562, 79647.214, 160179.014, 42.02
88, 696.322, 3.9919, 122.9716, 4.80907, 12.806, 78574.282, 161228.16, 40.53
89, 689.004, 3.94898, 121.96382, 4.79195, 12.392, 77583.52, 162181.198, 39.326
90, 681.532, 3.9613, 123.08483, 4.82623, 12.532, 76568.072, 163166.38, 38.156
91, 674.308, 3.66804, 129.39854, 4.76108, 12.108, 75561.85, 164124.088, 36.83
92, 666.96, 3.54527, 126.98781, 4.79433, 12.18, 74523.406, 165091.6, 35.444
93, 659.528, 3.53719, 126.22664, 4.76677, 11.944, 73526.018, 166010.49, 34.356
94, 652.352, 3.54772, 126.08187, 4.77458, 11.582, 72594.848, 166862.07, 33.37
95, 645.02, 3.39248, 129.96923, 4.74858, 11.578, 71635.382, 167731.336, 32.374
96, 637.704, 3.26261, 127.36639, 4.81446, 11.478, 70679.998, 168572.834, 31.318
97, 630.156, 2.98529, 132.58269, 4.76327, 11.412, 69702.076, 169417.864, 30.296
98, 622.766, 3.06582, 130.26316, 4.79692, 11.12, 68733.908, 170251.598, 29.454
99, 615.398, 2.9957, 134.02728, 4.797, 11.17, 67775.336, 171073.954, 28.438
100, 608.158, 2.98101, 133.47488, 4.72853, 10.906, 66849.496, 171865.93, 27.598
101, 600.886, 2.83766, 133.56217, 4.85665, 10.796, 65920.432, 172634.546, 26.696
102, 593.65, 2.7, 130.75684, 4.69766, 10.574, 64977.588, 173393.898, 25.842
103, 586.23, 2.56637, 136.2931, 4.75206, 10.734, 64025.304, 174151.804, 24.848
104, 579.298, 2.64302, 139.01007, 4.8105, 10.182, 63160.976, 174837.34, 23.982
105, 572.194, 2.51416, 140.03466, 4.68317, 10.268, 62297.422, 175515.544, 23.126
106, 565.406, 2.41309, 137.04397, 4.71058, 9.764, 61448.202, 176148.55, 22.288
107, 558.344, 2.40487, 141.03036, 4.81931, 9.87, 60580.922, 176813.278, 21.654
108, 551.29, 2.41055, 140.05709, 4.77649, 9.794, 59686.794, 177494.438, 21.016
109, 544.2, 2.32715, 140.97707, 4.80339, 9.744, 58822.432, 178133.786, 20.368
110, 537.354, 2.30425, 140.12282, 4.89116, 9.558, 57966.188, 178754.652, 19.61
111, 530.49, 2.23415, 143.34061, 4.7997, 9.334, 57123.946, 179352.634, 18.972
112, 523.624, 2.11138, 144.95413, 4.69778, 9.25, 56303.71, 179918.35, 18.332
113, 516.78, 2.07506, 142.007, 4.74363, 9.1984, 55487.53, 180470.836, 17.71
114, 509.932, 2.00733, 148.35566, 4.64532, 9.17, 54667.364, 181028.15, 17.03
115, 503.258, 2.03951, 149.51574, 4.71093, 8.872, 53854.796, 181581.768, 16.484
116, 496.264, 2.14146, 150.56948, 4.68306, 9.066, 53069.028, 182123.704, 16.168
117, 489.836, 2.00254, 152.85171, 4.69818, 8.488, 52326.228, 182603.156, 15.686
118, 483.438, 1.8992, 147.34637, 4.7327, 8.478, 51541.388, 183094.084, 15.038
119, 477.012, 1.96579, 157.69746, 4.74109, 8.29, 50818.006, 183547.036, 14.668
120, 470.74, 1.86301, 157.35294, 4.57477, 8.186, 50051.518, 184023.534, 14.114
121, 464.478, 1.77311, 158.76777, 4.73035, 7.988, 49332.57, 184438.938, 13.654
122, 458.116, 1.75881, 153.77504, 4.65832, 8.074, 48583.086, 184885.81, 13.24
123, 451.76, 1.75668, 164.07915, 4.6039, 8.036, 47879.518, 185302.654, 12.874
124, 445.788, 1.67847, 162.74165, 4.56911, 7.526, 47195.342, 185670.276, 12.458
125, 439.4, 1.75358, 158.98693, 4.72251, 7.998, 46469.386, 186089.082, 12.072
126, 433.53, 1.64653, 163.30275, 4.7764, 7.548, 45773.67, 186461.722, 11.484
127, 427.748, 1.63836, 158.34933, 4.62545, 7.258, 45096.434, 186801.97, 11.05
128, 421.888, 1.65529, 169.48454, 4.73844, 7.306, 44414.098, 187148.49, 10.574
129, 416.182, 1.67049, 170.3259, 4.53374, 7.098, 43784.656, 187479.53, 10.348
130, 410.274, 1.4984, 166.52452, 4.70551, 7.242, 43118.294, 187803.684, 9.952
131, 404.554, 1.57643, 169.89899, 4.55529, 6.95, 42483.432, 188109.746, 9.712
132, 398.884, 1.46207, 177.12264, 4.60852, 6.874, 41842.928, 188402.006, 9.356
133, 393.3, 1.53676, 173.44498, 4.63448, 6.84369, 41182.36, 188710.866, 8.946
134, 387.696, 1.52703, 178.53982, 4.63321, 6.712, 40583.27, 188974.932, 8.742
135, 382.334, 1.45973, 179.08046, 4.60205, 6.53507, 39977.18, 189241.67, 8.452
136, 376.76, 1.42254, 185.64356, 4.56, 6.606, 39372.194, 189500.784, 8.228
137, 371.25, 1.40071, 186.58228, 4.55902, 6.556, 38735.018, 189791.886, 7.972
138, 365.97, 1.45247, 185.60209, 4.58815, 6.262, 38153.996, 190021.952, 7.754
139, 360.876, 1.42194, 180.11869, 4.55519, 6.22736, 37566.244, 190235.954, 7.332
140, 355.54, 1.41152, 192.12828, 4.49621, 6.23046, 36994.352, 190448.4, 7.136
141, 350.404, 1.43651, 179.00552, 4.67901, 6.10822, 36433.38, 190647.738, 6.9
142, 345.212, 1.38521, 195.78652, 4.52511, 6.012, 35888.548, 190839.936, 6.792
143, 339.988, 1.30508, 206.81818, 4.4898, 6.09619, 35317.046, 191050.082, 6.56112
144, 334.952, 1.26977, 196.337, 4.56903, 5.914, 34748.862, 191235.292, 6.22846
145, 330.204, 1.38208, 206.48464, 4.53388, 5.60922, 34220.068, 191397.496, 5.96393
146, 325.246, 1.29646, 196.24573, 4.42087, 5.69539, 33674.57, 191569.652, 5.812
147, 320.516, 1.32018, 216.6113, 4.54448, 5.54747, 33175.76, 191712.01, 5.6747
148, 315.698, 1.31925, 203.20285, 4.44308, 5.58753, 32651.906, 191865.044, 5.51107
149, 310.97, 1.23153, 205.6, 4.36965, 5.4375, 32131.106, 192003.656, 5.36566
150, 306.378, 1.22596, 216.47059, 4.52174, 5.30303, 31631.508, 192129.05, 5.17435
151, 302.01, 1.29384, 215.75092, 4.41766, 5.0481, 31176.672, 192217.048, 5.06024
152, 297.602, 1.25926, 211.76471, 4.31746, 5.08652, 30686.916, 192323.182, 4.89738
153, 293.23, 1.33333, 213.52459, 4.36276, 5.01006, 30216.222, 192413.626, 4.78629
154, 288.83, 1.29268, 258.01887, 4.31444, 5.02823, 29740.992, 192516.5, 4.6303
155, 284.4, 1.27273, 223.33333, 4.36887, 5.04427, 29259.892, 192612.67, 4.42886
156, 280.23, 1.21341, 228.64322, 4.52967, 4.74749, 28808.23, 192676.632, 4.27565
157, 276.158, 1.2293, 226.42487, 4.48055, 4.71111, 28364.138, 192727.658, 4.10142
158, 272.008, 1.18405, 233.67876, 4.40133, 4.70423, 27912.71, 192791.74, 3.96748
159, 267.928, 1.22086, 231.15578, 4.33043, 4.63083, 27492.098, 192827.458, 3.90184
160, 263.966, 1.2069, 251.42857, 4.31629, 4.52024, 27075.912, 192872.752, 3.82377
161, 259.938, 1.15972, 234.73054, 4.31888, 4.58384, 26634.26, 192915.72, 3.65092
162, 256.0, 1.15232, 255.17241, 4.39414, 4.44422, 26185.678, 192977.584, 3.57438
163, 252.23, 1.19048, 254.85714, 4.23991, 4.32515, 25789.912, 192987.402, 3.46074
164, 248.184, 1.1831, 241.07143, 4.27654, 4.50303, 25366.702, 193018.784, 3.3614
165, 244.358, 1.08462, 263.12057, 4.50943, 4.30832, 24956.106, 193030.416, 3.29202
166, 240.758, 1.15972, 220.95808, 4.21409, 4.03441, 24566.904, 193023.28, 3.21042
167, 237.206, 1.13333, 259.47712, 4.28212, 4.00816, 24189.584, 193007.54, 3.15063
168, 233.524, 1.12281, 278.90625, 4.36134, 4.0749, 23807.256, 192989.35, 3.05858
169, 230.076, 1.11905, 244.68085, 4.33913, 3.86382, 23444.792, 192953.176, 2.98952
170, 226.568, 1.19417, 262.60163, 4.17028, 4.02053, 23068.214, 192926.334, 2.8617
171, 222.954, 1.11475, 266.91176, 4.38567, 4.00612, 22686.122, 192913.514, 2.86177
172, 219.558, 1.13402, 268.18182, 4.53559, 3.875, 22302.144, 192891.25, 2.71179
173, 216.226, 1.11504, 276.98413, 4.4212, 3.7577, 21969.35, 192828.082, 2.61171
174, 212.816, 1.06195, 275.0, 4.26364, 3.86722, 21613.994, 192784.27, 2.54367
175, 209.53, 1.06364, 280.34188, 4.41768, 3.66736, 21269.964, 192731.118, 2.54989
176, 206.158, 1.11702, 255.2381, 4.26866, 3.72121, 20906.93, 192685.672, 2.53811
177, 202.974, 1.08654, 267.25664, 4.40728, 3.56237, 20580.096, 192613.724, 2.48131
178, 199.832, 1.21176, 277.6699, 4.22028, 3.48454, 20263.188, 192526.596, 2.44393
179, 196.784, 1.07143, 283.33333, 4.23922, 3.42268, 19928.074, 192453.908, 2.40964
180, 193.662, 1.05814, 271.42857, 4.22672, 3.45492, 19596.228, 192374.166, 2.33333
181, 190.654, 1.11538, 306.89655, 4.20225, 3.41387, 19290.77, 192273.942, 2.23501
182, 187.79, 1.06186, 275.72816, 4.21831, 3.24842, 19002.17, 192161.292, 2.18957
183, 184.978, 1.075, 305.81395, 4.38403, 3.19665, 18691.312, 192069.572, 2.09434
184, 182.138, 1.12069, 321.53846, 4.11005, 3.225, 18376.388, 191970.426, 2.0122
185, 179.358, 1.11429, 334.61538, 4.37931, 3.15272, 18087.436, 191857.424, 1.98987
186, 176.564, 1.06154, 307.24638, 4.34434, 3.14737, 17800.174, 191734.542, 1.91646
187, 173.792, 1.06154, 291.30435, 3.9005, 3.16176, 17504.098, 191616.746, 1.86053
188, 171.156, 1.12069, 375.38462, 4.36885, 3.02361, 17235.038, 191481.592, 1.81117
189, 168.406, 1.05195, 306.17284, 4.1129, 3.05462, 16966.312, 191347.264, 1.80211
190, 165.804, 1.05455, 313.7931, 4.28022, 2.93684, 16685.984, 191212.696, 1.76776
191, 163.176, 1.10959, 390.12346, 3.98101, 2.91213, 16434.862, 191077.648, 1.81564
192, 160.602, 1.08511, 339.21569, 4.06358, 2.98265, 16170.692, 190929.21, 1.75645
193, 158.05, 1.01887, 353.7037, 4.26178, 2.8927, 15889.33, 190801.596, 1.73977
194, 155.574, 1.05357, 416.94915, 4.02846, 2.84464, 15641.4, 190652.756, 1.74118
195, 153.206, 1.05556, 398.24561, 4.30396, 2.71767, 15405.914, 190486.456, 1.73333
196, 150.854, 1.03846, 296.2963, 3.8875, 2.73348, 15151.22, 190327.824, 1.66964
197, 148.506, 1.09804, 389.28571, 4.07798, 2.71024, 14917.208, 190163.17, 1.66768
198, 146.164, 1.02222, 386.95652, 4.07303, 2.68913, 14677.022, 189996.746, 1.63665
199, 143.864, 1.0, 418.60465, 4.17222, 2.69231, 14435.8, 189831.28, 1.58654
200, 141.636, 1.06061, 354.28571, 4.05645, 2.62054, 14186.87, 189662.828, 1.51125
201, 139.492, 1.02, 362.7451, 4.22703, 2.55556, 13949.232, 189496.274, 1.49662
202, 137.408, 1.02041, 368.0, 4.0, 2.58411, 13731.08, 189311.654, 1.49477
203, 135.344, 1.0, 453.84615, 3.9096, 2.46259, 13523.352, 189117.04, 1.45775
204, 133.232, 1.02, 456.86275, 4.28326, 2.46652, 13327.538, 188918.726, 1.47518
205, 131.092, 1.02941, 417.14286, 3.9726, 2.53468, 13094.982, 188743.286, 1.45865
206, 128.912, 1.04545, 404.34783, 4.04301, 2.46855, 12875.522, 188563.646, 1.45113
207, 126.754, 1.02857, 450.0, 4.02469, 2.57631, 12665.974, 188368.406, 1.43411
208, 124.768, 1.09524, 536.95652, 3.90283, 2.39583, 12483.078, 188166.644, 1.43295
209, 122.768, 1.0, 477.41935, 3.65541, 2.34607, 12281.636, 187961.754, 1.42126
210, 120.754, 1.03333, 632.25806, 4.12245, 2.373, 12089.2, 187760.836, 1.39231
211, 118.772, 1.02857, 530.55556, 4.41361, 2.36073, 11891.234, 187564.424, 1.39764
212, 117.0, 1.0, 377.77778, 4.12745, 2.21513, 11691.022, 187353.618, 1.36777
213, 115.112, 1.03571, 406.89655, 3.92373, 2.30679, 11481.712, 187155.63, 1.38696
214, 113.296, 1.0, 426.31579, 4.11111, 2.19585, 11273.074, 186951.114, 1.3379
215, 111.538, 1.05263, 685.0, 3.56934, 2.18138, 11091.71, 186730.544, 1.343
216, 109.826, 1.0, 527.27273, 4.0, 2.23383, 10927.792, 186501.442, 1.32512
217, 108.054, 1.0, 411.76471, 3.95714, 2.18246, 10718.642, 186296.916, 1.30052
218, 106.38, 1.04348, 741.66667, 3.66854, 2.16216, 10553.686, 186071.612, 1.26776
219, 104.536, 1.04545, 434.78261, 3.79, 2.20882, 10367.488, 185851.208, 1.24309
220, 102.9, 1.0, 570.83333, 3.83212, 2.07654, 10209.724, 185611.348, 1.22162
221, 101.25, 1.03846, 414.81481, 3.82143, 2.10784, 10040.51, 185378.842, 1.25287
222, 99.532, 1.04, 673.07692, 3.65714, 2.16137, 9883.22, 185148.434, 1.2659
223, 97.904, 1.0, 588.23529, 3.64, 2.01914, 9708.022, 184921.756, 1.2561
224, 96.366, 1.04762, 763.63636, 3.875, 2.0, 9567.862, 184675.264, 1.25904
225, 94.732, 1.0, 580.95238, 3.77869, 2.12626, 9404.786, 184443.02, 1.21302
226, 93.226, 1.0, 753.33333, 3.81416, 1.96491, 9251.178, 184200.718, 1.1962
227, 91.688, 1.0, 612.5, 3.95918, 2.00254, 9082.236, 183960.654, 1.21233
228, 90.204, 1.0, 633.33333, 4.03008, 1.98701, 8937.228, 183716.106, 1.1745
229, 88.808, 1.0, 700.0, 4.07519, 1.86269, 8797.918, 183466.532, 1.16107
230, 87.364, 1.08333, 553.84615, 3.84722, 1.94517, 8648.0, 183214.704, 1.20741
231, 85.99, 1.0, 764.28571, 3.85981, 1.8534, 8518.762, 182950.236, 1.19084
232, 84.618, 1.0, 340.0, 3.92157, 1.83979, 8365.826, 182699.27, 1.17886
233, 83.252, 1.0, 664.70588, 3.84956, 1.86898, 8240.6, 182432.494, 1.168
234, 81.878, 1.0, 521.42857, 3.64384, 1.81748, 8093.862, 182181.302, 1.15702
235, 80.53, 1.0, 750.0, 3.75238, 1.85561, 7965.974, 181918.998, 1.15517
236, 79.118, 1.0, 700.0, 3.49451, 1.90716, 7825.346, 181666.412, 1.10744
237, 77.804, 1.0, 900.0, 3.5, 1.8103, 7684.364, 181411.912, 1.11966
238, 76.546, 1.0, 1078.57143, 3.52318, 1.75946, 7583.65, 181133.374, 1.12844
239, 75.332, 1.0, 557.14286, 3.69231, 1.76487, 7461.014, 180863.162, 1.1
240, 74.004, 1.0, 550.0, 3.97727, 1.84741, 7329.168, 180604.632, 1.11818
241, 72.774, 1.0, 430.0, 4.06977, 1.76901, 7203.606, 180331.06, 1.1215
242, 71.618, 1.0, 500.0, 4.22222, 1.70402, 7081.214, 180057.498, 1.11765
243, 70.336, 1.0, 954.54545, 3.5619, 1.84078, 6946.34, 179808.772, 1.11458
244, 69.114, 1.09091, 725.0, 3.6092, 1.72376, 6833.386, 179534.404, 1.08163
245, 67.946, 1.0, 1062.5, 3.38824, 1.7, 6725.296, 179255.916, 1.07292
246, 66.844, 1.0, 583.33333, 4.25714, 1.73231, 6601.604, 178984.946, 1.08989
247, 65.694, 1.07143, 1086.66667, 3.74847, 1.68497, 6501.212, 178716.586, 1.09474
248, 64.57, 1.0, 900.0, 3.4, 1.64387, 6378.654, 178457.604, 1.1
249, 63.508, 1.0, 1725.0, 3.2029, 1.60767, 6280.032, 178170.162, 1.09877
250, 62.562, 1.0, 575.0, 3.5, 1.54921, 6179.088, 177881.9, 1.06494
251, 61.52, 1.0, 1200.0, 3.08333, 1.60606, 6071.616, 177601.706, 1.05479
252, 60.552, 1.0, 740.0, 3.21622, 1.55346, 5963.454, 177320.44, 1.04348
253, 59.718, 1.0, 850.0, 3.97059, 1.4878, 5885.862, 177023.408, 1.08824
254, 58.756, 1.0, 485.71429, 3.23529, 1.51682, 5775.816, 176745.15, 1.06452
255, 57.828, 1.0, 450.0, 3.47222, 1.53247, 5658.268, 176474.546, 1.06452
256, 56.798, 1.0, 1400.0, 3.69048, 1.57879, 5553.192, 176202.108, 1.08197
257, 55.924, 1.0, 1044.44444, 3.92553, 1.50836, 5469.746, 175910.916, 1.07018
258, 54.982, 1.0, 1312.5, 3.59048, 1.53035, 5387.078, 175621.918, 1.05172
259, 54.054, 1.0, 1433.33333, 3.93023, 1.54455, 5287.418, 175338.812, 1.05263
260, 53.238, 1.0, 1162.5, 3.76344, 1.49281, 5210.01, 175044.578, 1.05172
261, 52.396, 1.0, 900.0, 3.75926, 1.48264, 5105.04, 174771.85, 1.0339
262, 51.592, 1.0, 810.0, 3.92593, 1.5037, 5032.134, 174471.63, 1.01515
263, 50.808, 1.0, 1100.0, 4.0, 1.3986, 4949.772, 174169.006, 1.01695
264, 49.966, 1.0, 380.0, 4.15789, 1.47751, 4856.982, 173878.37, 1.03509
265, 49.202, 1.0, 2866.66667, 3.75581, 1.47925, 4771.582, 173595.566, 1.04
266, 48.47, 1.0, 1314.28571, 3.8913, 1.45313, 4708.848, 173290.474, 1.03922
267, 47.632, 1.0, 1660.0, 3.3253, 1.48097, 4622.12, 173009.2, 1.02083
268, 46.836, 1.0, 460.0, 3.69565, 1.45487, 4540.124, 172711.376, 1.0
269, 46.128, 1.0, 1040.0, 3.76923, 1.38224, 4472.8, 172407.284, 1.0
270, 45.412, 1.0, 1011.11111, 3.10989, 1.464, 4411.946, 172104.67, 1.0
271, 44.642, 1.0, 936.36364, 3.61165, 1.41304, 4350.36, 171805.486, 1.01786
272, 43.944, 1.0, 2400.0, 3.5625, 1.46939, 4276.546, 171508.532, 1.0
273, 43.196, 1.0, 1080.0, 3.96296, 1.39405, 4199.278, 171215.168, 1.0
274, 42.48, 0.0, 0.0, 0.0, 1.37879, 4122.69, 170912.522, 1.0
275, 41.85, 1.0, 800.0, 3.08929, 1.325, 4066.506, 170603.034, 1.0
276, 41.102, 1.0, 1400.0, 2.78571, 1.47876, 3982.814, 170310.954, 1.0
277, 40.462, 1.0, 760.0, 3.60526, 1.33197, 3926.108, 170000.148, 1.0
278, 39.824, 1.0, 2125.0, 3.49412, 1.40175, 3868.318, 169700.12, 1.0
279, 39.224, 1.0, 1450.0, 3.2931, 1.33333, 3814.37, 169403.062, 1.0
280, 38.52, 1.0, 3066.66667, 3.43478, 1.38224, 3767.372, 169095.368, 1.0
281, 37.898, 0.0, 0.0, 0.0, 1.40351, 3697.338, 168792.094, 1.0
282, 37.256, 1.0, 2875.0, 3.1913, 1.35417, 3651.03, 168490.078, 1.0
283, 36.706, 1.0, 3400.0, 3.02941, 1.23348, 3589.472, 168189.11, 1.0
284, 36.056, 1.0, 1733.33333, 3.26923, 1.37131, 3532.338, 167895.566, 1.0303
285, 35.374, 0.0, 0.0, 0.0, 1.38095, 3454.182, 167603.478, 1.03846
286, 34.82, 0.0, 0.0, 0.0, 1.30516, 3394.594, 167293.916, 1.04
287, 34.228, 1.0, 880.0, 4.0, 1.33482, 3339.018, 166990.12, 1.03704
288, 33.652, 1.0, 2366.66667, 2.97183, 1.32432, 3285.506, 166689.244, 1.04167
289, 33.162, 1.0, 1725.0, 3.82609, 1.28718, 3249.874, 166373.574, 1.0
290, 32.638, 1.0, 2466.66667, 3.24324, 1.35714, 3205.89, 166066.014, 1.0
291, 32.046, 1.0, 3825.0, 3.29412, 1.3578, 3174.04, 165764.004, 1.0
292, 31.522, 1.0, 900.0, 3.33333, 1.21918, 3116.604, 165459.04, 1.0
293, 31.032, 1.0, 2066.66667, 3.45161, 1.21782, 3082.66, 165141.112, 1.0
294, 30.464, 1.0, 933.33333, 3.14286, 1.27313, 3021.038, 164844.274, 1.0
295, 29.976, 1.0, 2200.0, 2.97727, 1.25773, 2975.338, 164536.202, 1.0
296, 29.482, 1.0, 400.0, 4.25, 1.31217, 2927.102, 164222.184, 1.0
297, 28.992, 1.0, 2700.0, 3.37037, 1.25381, 2883.534, 163911.156, 1.0
298, 28.522, 1.0, 1700.0, 3.88235, 1.21429, 2836.082, 163600.98, 1.0
299, 28.084, 1.0, 1400.0, 3.64286, 1.23889, 2789.91, 163290.906, 1.0
300, 27.624, 1.0, 5600.0, 3.19643, 1.30168, 2746.386, 162986.34, 1.0
301, 27.112, 1.0, 500.0, 3.6, 1.27451, 2687.184, 162688.262, 1.0
302, 26.66, 1.0, 900.0, 3.0, 1.3046, 2637.82, 162381.914, 1.0
303, 26.214, 0.0, 0.0, 0.0, 1.25, 2588.472, 162075.016, 1.0
304, 25.752, 1.0, 900.0, 3.88889, 1.25806, 2545.636, 161765.77, 1.0
305, 25.28, 1.0, 3600.0, 3.16667, 1.19, 2507.672, 161455.672, 1.0
306, 24.854, 0.0, 0.0, 0.0, 1.28144, 2456.112, 161154.106, 1.0
307, 24.406, 1.0, 300.0, 3.66667, 1.30814, 2409.78, 160848.432, 1.0
308, 24.004, 0.0, 0.0, 0.0, 1.19643, 2357.574, 160549.112, 1.0
309, 23.598, 0.0, 0.0, 0.0, 1.2071, 2319.316, 160235.304, 1.0
310, 23.228, 1.0, 300.0, 3.66667, 1.24, 2283.204, 159920.322, 1.0
311, 22.832, 1.0, 4600.0, 3.32609, 1.18452, 2256.494, 159605.632, 1.0
312, 22.504, 0.0, 0.0, 0.0, 1.22059, 2197.392, 159314.56, 1.0
313, 22.156, 1.0, 1900.0, 2.94737, 1.18367, 2150.636, 159019.812, 1.0
314, 21.786, 1.0, 1800.0, 2.94444, 1.14815, 2113.446, 158712.888, 1.2
315, 21.41, 1.0, 4050.0, 3.08642, 1.17391, 2090.0, 158405.798, 1.16667
316, 21.056, 1.0, 900.0, 4.11111, 1.14935, 2056.27, 158096.066, 1.14286
317, 20.736, 1.0, 1500.0, 3.46667, 1.2197, 2025.136, 157783.94, 1.14286
318, 20.348, 1.0, 800.0, 3.125, 1.2037, 1981.878, 157482.306, 1.0
319, 20.018, 0.0, 0.0, 0.0, 1.17857, 1949.636, 157170.412, 1.0
320, 19.642, 1.0, 2933.33333, 3.375, 1.21935, 1920.154, 156873.372, 1.0
321, 19.352, 0.0, 0.0, 0.0, 1.11538, 1893.09, 156559.088, 1.0
322, 19.002, 1.0, 1850.0, 3.2973, 1.2069, 1871.454, 156246.488, 1.0
323, 18.7, 1.0, 1133.33333, 3.17647, 1.17557, 1844.306, 155939.796, 1.0
324, 18.418, 0.0, 0.0, 0.0, 1.18487, 1815.716, 155627.082, 1.0
325, 18.092, 0.0, 0.0, 0.0, 1.18705, 1771.002, 155332.29, 1.0
326, 17.788, 0.0, 0.0, 0.0, 1.17692, 1728.264, 155037.006, 1.0
327, 17.52, 1.0, 1700.0, 3.76471, 1.11667, 1703.85, 154725.696, 1.0
328, 17.21, 1.0, 1900.0, 3.52632, 1.15556, 1677.976, 154417.39, 1.0
329, 16.91, 0.0, 0.0, 0.0, 1.16279, 1647.098, 154111.182, 1.0
330, 16.578, 1.0, 6200.0, 3.12903, 1.12667, 1614.102, 153819.788, 1.0
331, 16.334, 1.0, 2000.0, 3.0, 1.07018, 1590.406, 153512.224, 1.0
332, 16.09, 1.0, 3633.33333, 3.0367, 1.13761, 1576.896, 153212.472, 1.0
333, 15.818, 0.0, 0.0, 0.0, 1.19828, 1551.892, 152902.94, 1.0
334, 15.55, 1.0, 5300.0, 3.28302, 1.19643, 1534.956, 152597.162, 1.0
335, 15.296, 0.0, 0.0, 0.0, 1.10435, 1510.612, 152288.888, 1.0
336, 14.994, 1.0, 100.0, 2.0, 1.14286, 1460.9, 152008.21, 1.0
337, 14.776, 0.0, 0.0, 0.0, 1.07843, 1433.384, 151704.502, 1.0
338, 14.532, 0.0, 0.0, 0.0, 1.12844, 1406.46, 151399.864, 1.0
339, 14.298, 0.0, 0.0, 0.0, 1.1028, 1380.884, 151097.562, 1.0
340, 14.11, 1.0, 8100.0, 3.2963, 1.04396, 1380.034, 150785.056, 1.0
341, 13.886, 0.0, 0.0, 0.0, 1.07619, 1349.76, 150487.64, 1.0
342, 13.68, 0.0, 0.0, 0.0, 1.09375, 1330.698, 150177.888, 1.0
343, 13.436, 0.0, 0.0, 0.0, 1.12963, 1306.94, 149874.312, 1.0
344, 13.23, 1.0, 300.0, 2.0, 1.07292, 1289.652, 149567.8, 1.0
345, 13.03, 1.0, 1000.0, 3.6, 1.16279, 1273.98, 149260.864, 1.0
346, 12.81, 0.0, 0.0, 0.0, 1.11, 1247.122, 148961.926, 1.0
347, 12.598, 1.0, 5200.0, 2.5, 1.13978, 1237.836, 148658.932, 1.0
348, 12.342, 0.0, 0.0, 0.0, 1.16364, 1216.764, 148355.926, 1.0
349, 12.136, 1.0, 8200.0, 2.7439, 1.11957, 1210.544, 148056.278, 1.0
350, 11.92, 0.0, 0.0, 0.0, 1.12371, 1192.17, 147752.764, 1.0
351, 11.716, 0.0, 0.0, 0.0, 1.0625, 1169.234, 147453.878, 1.0
352, 11.544, 0.0, 0.0, 0.0, 1.11688, 1149.27, 147153.418, 1.0
353, 11.362, 0.0, 0.0, 0.0, 1.05814, 1134.432, 146847.182, 1.0
354, 11.166, 0.0, 0.0, 0.0, 1.08791, 1117.028, 146545.93, 1.0
355, 11.006, 0.0, 0.0, 0.0, 1.06579, 1102.06, 146241.256, 1.0
356, 10.816, 0.0, 0.0, 0.0, 1.13095, 1071.828, 145954.428, 1.0
357, 10.626, 0.0, 0.0, 0.0, 1.13095, 1048.318, 145660.97, 1.0
358, 10.458, 0.0, 0.0, 0.0, 1.13333, 1030.328, 145363.376, 1.0
359, 10.322, 0.0, 0.0, 0.0, 1.09524, 1014.484, 145062.572, 0.0
360, 10.13, 0.0, 0.0, 0.0, 1.11628, 995.356, 144765.062, 0.0
361, 9.942, 1.0, 800.0, 3.625, 1.10588, 979.322, 144468.54, 1.0
362, 9.764, 1.0, 1900.0, 3.15789, 1.08537, 956.152, 144182.896, 1.0
363, 9.616, 0.0, 0.0, 0.0, 1.08824, 940.458, 143885.97, 1.0
364, 9.476, 0.0, 0.0, 0.0, 1.06061, 928.516, 143586.602, 1.0
365, 9.32, 0.0, 0.0, 0.0, 1.08333, 890.634, 143312.09, 1.0
366, 9.154, 0.0, 0.0, 0.0, 1.15278, 874.956, 143016.39, 1.0
367, 8.988, 0.0, 0.0, 0.0, 1.13699, 859.79, 142720.112, 1.0
368, 8.826, 0.0, 0.0, 0.0, 1.09459, 820.504, 142448.56, 1.0
369, 8.69, 0.0, 0.0, 0.0, 1.11475, 809.558, 142150.216, 1.0
370, 8.566, 0.0, 0.0, 0.0, 1.06897, 795.016, 141855.802, 1.0
371, 8.386, 0.0, 0.0, 0.0, 1.04651, 775.122, 141568.584, 1.0
372, 8.226, 0.0, 0.0, 0.0, 1.05195, 757.542, 141278.164, 1.0
373, 8.122, 0.0, 0.0, 0.0, 1.10638, 747.438, 140983.002, 1.0
374, 7.986, 0.0, 0.0, 0.0, 1.01471, 733.358, 140694.718, 0.0
375, 7.832, 0.0, 0.0, 0.0, 1.06944, 718.196, 140403.638, 0.0
376, 7.676, 0.0, 0.0, 0.0, 1.06849, 699.854, 140118.002, 0.0
377, 7.524, 0.0, 0.0, 0.0, 1.11765, 683.392, 139831.28, 0.0
378, 7.418, 0.0, 0.0, 0.0, 1.01923, 671.854, 139540.604, 0.0
379, 7.304, 0.0, 0.0, 0.0, 1.01786, 660.054, 139250.658, 0.0
380, 7.164, 0.0, 0.0, 0.0, 1.01449, 648.776, 138959.9, 0.0
381, 7.072, 0.0, 0.0, 0.0, 1.0, 613.03, 138694.58, 0.0
382, 6.972, 0.0, 0.0, 0.0, 1.06383, 602.146, 138404.182, 0.0
383, 6.874, 0.0, 0.0, 0.0, 1.06522, 593.974, 138113.836, 0.0
384, 6.766, 0.0, 0.0, 0.0, 1.03846, 582.47, 137824.254, 0.0
385, 6.67936, 1.0, 6800.0, 2.42647, 1.02041, 586.47695, 137536.538, 1.0
386, 6.56513, 0.0, 0.0, 0.0, 1.05556, 577.96593, 137252.78357, 1.0
387, 6.46293, 0.0, 0.0, 0.0, 1.0625, 563.32465, 136969.34669, 1.0
388, 6.35671, 0.0, 0.0, 0.0, 1.08163, 552.38677, 136682.96593, 1.0
389, 6.24449, 0.0, 0.0, 0.0, 1.01818, 542.77154, 136398.74148, 1.0
390, 6.13828, 0.0, 0.0, 0.0, 1.08163, 534.24649, 136112.42685, 1.0
391, 6.04609, 0.0, 0.0, 0.0, 1.04545, 526.61122, 135826.63527, 1.0
392, 5.93788, 0.0, 0.0, 0.0, 1.08, 514.86172, 135543.49499, 1.0
393, 5.84168, 0.0, 0.0, 0.0, 1.06667, 506.499, 135258.42084, 1.0
394, 5.7515, 0.0, 0.0, 0.0, 1.02273, 499.16433, 134974.19238, 1.0
395, 5.66333, 0.0, 0.0, 0.0, 1.02326, 484.21042, 134696.39479, 1.0
396, 5.58317, 0.0, 0.0, 0.0, 1.02564, 476.51904, 134412.47695, 1.0
397, 5.50201, 0.0, 0.0, 0.0, 1.04444, 466.49598, 134133.91784, 0.0
398, 5.41968, 0.0, 0.0, 0.0, 1.025, 457.45984, 133848.30723, 0.0
399, 5.34137, 0.0, 0.0, 0.0, 1.02632, 444.38554, 133571.40361, 0.0
400, 5.26506, 0.0, 0.0, 0.0, 1.0, 439.12651, 133287.38153, 0.0
401, 5.18712, 0.0, 0.0, 0.0, 1.04762, 433.16298, 133006.41365, 0.0
402, 5.09658, 1.0, 11800.0, 2.4661, 1.04651, 445.80483, 132724.05634, 1.0
403, 5.03018, 0.0, 0.0, 0.0, 1.06452, 440.57746, 132441.70825, 1.0
404, 4.94556, 0.0, 0.0, 0.0, 1.02174, 433.83266, 132162.23944, 1.0
405, 4.88485, 0.0, 0.0, 0.0, 1.0, 424.75152, 131887.96371, 1.0
406, 4.80364, 0.0, 0.0, 0.0, 1.02273, 418.22672, 131601.38384, 1.0
407, 4.72065, 0.0, 0.0, 0.0, 1.05128, 409.75101, 131325.92308, 1.0
408, 4.65789, 0.0, 0.0, 0.0, 1.03333, 404.74494, 131047.74696, 1.0
409, 4.60324, 0.0, 0.0, 0.0, 1.0, 400.18623, 130769.8502, 1.0
410, 4.52227, 0.0, 0.0, 0.0, 1.11111, 392.82591, 130493.63765, 1.0
411, 4.47358, 0.0, 0.0, 0.0, 1.0, 389.25, 130216.88664, 1.0
412, 4.39431, 0.0, 0.0, 0.0, 1.0, 383.5, 129938.39431, 1.0
413, 4.31365, 0.0, 0.0, 0.0, 1.125, 377.21385, 129666.13211, 0.0
414, 4.26994, 0.0, 0.0, 0.0, 1.0, 372.67076, 129392.77393, 0.0
415, 4.21721, 0.0, 0.0, 0.0, 1.07143, 369.67623, 129117.85072, 0.0
416, 4.14754, 0.0, 0.0, 0.0, 1.0303, 364.09221, 128842.8832, 0.0
417, 4.0883, 0.0, 0.0, 0.0, 1.06452, 358.423, 128571.42418, 0.0
418, 4.02053, 0.0, 0.0, 0.0, 1.0, 353.83778, 128295.79261, 0.0
419, 3.96914, 0.0, 0.0, 0.0, 1.03571, 350.00206, 128022.97741, 0.0
420, 3.90947, 0.0, 0.0, 0.0, 1.03571, 345.26132, 127745.82099, 0.0
421, 3.84156, 0.0, 0.0, 0.0, 1.06452, 339.95679, 127475.72634, 0.0
422, 3.78395, 0.0, 0.0, 0.0, 1.03704, 335.47942, 127204.52263, 0.0
423, 3.73554, 0.0, 0.0, 0.0, 1.0, 331.90496, 126935.10288, 0.0
424, 3.68944, 0.0, 0.0, 0.0, 1.0, 325.13665, 126664.27273, 0.0
425, 3.6294, 0.0, 0.0, 0.0, 1.0, 320.15942, 126395.26915, 0.0
426, 3.58506, 0.0, 0.0, 0.0, 1.0, 317.52905, 126125.00828, 0.0
427, 3.56042, 0.0, 0.0, 0.0, 1.0, 316.225, 125857.22199, 0.0
428, 3.50313, 0.0, 0.0, 0.0, 1.0, 311.56994, 125593.91667, 0.0
429, 3.45798, 1.0, 2200.0, 2.18182, 1.0, 307.10714, 125337.40084, 1.0
430, 3.42405, 0.0, 0.0, 0.0, 1.04545, 304.99156, 125048.69328, 1.0
431, 3.38266, 0.0, 0.0, 0.0, 1.04545, 302.78858, 124773.18565, 1.0
432, 3.32558, 0.0, 0.0, 0.0, 1.03846, 294.61734, 124509.43975, 1.0
433, 3.2845, 0.0, 0.0, 0.0, 1.0, 292.1741, 124245.14799, 1.0
434, 3.23142, 0.0, 0.0, 0.0, 1.04167, 288.06369, 123978.94904, 1.0
435, 3.18684, 0.0, 0.0, 0.0, 1.05, 284.06369, 123714.38217, 1.0
436, 3.15451, 0.0, 0.0, 0.0, 1.0, 279.65236, 123455.29936, 1.0
437, 3.10944, 0.0, 0.0, 0.0, 1.0, 274.32833, 123183.32403, 1.0
438, 3.06034, 0.0, 0.0, 0.0, 1.0, 270.77155, 122922.27253, 1.0
439, 3.02592, 0.0, 0.0, 0.0, 1.0, 268.65227, 122659.80819, 1.0
440, 2.99567, 0.0, 0.0, 0.0, 1.05882, 261.5368, 122405.92873, 0.0
441, 2.95879, 0.0, 0.0, 0.0, 1.0, 257.63774, 122148.05195, 0.0
442, 2.92609, 0.0, 0.0, 0.0, 1.05882, 255.53478, 121885.70716, 0.0
443, 2.88696, 0.0, 0.0, 0.0, 1.0, 251.18043, 121623.38043, 0.0
444, 2.84348, 0.0, 0.0, 0.0, 1.0, 234.80217, 121376.16087, 0.0
445, 2.79694, 0.0, 0.0, 0.0, 1.0, 231.80786, 121118.29348, 0.0
446, 2.76201, 0.0, 0.0, 0.0, 1.0, 227.84716, 120861.44105, 0.0
447, 2.71554, 0.0, 0.0, 0.0, 1.04348, 223.99781, 120605.43668, 0.0
448, 2.66958, 0.0, 0.0, 0.0, 1.05, 221.27352, 120346.31729, 0.0
449, 2.63636, 0.0, 0.0, 0.0, 1.0, 219.56319, 120092.41794, 0.0
450, 2.58889, 0.0, 0.0, 0.0, 1.14286, 216.48444, 119835.05765, 0.0
451, 2.5625, 0.0, 0.0, 0.0, 1.0, 214.96429, 119585.64222, 0.0
452, 2.55506, 0.0, 0.0, 0.0, 1.0, 214.46966, 119321.63393, 0.0
453, 2.52928, 0.0, 0.0, 0.0, 1.0, 211.6036, 119064.62472, 0.0
454, 2.48758, 0.0, 0.0, 0.0, 1.0, 208.84199, 118818.6982, 0.0
455, 2.45598, 0.0, 0.0, 0.0, 1.0, 204.67946, 118570.58916, 0.0
456, 2.43182, 0.0, 0.0, 0.0, 1.0, 203.12045, 118317.99097, 0.0
457, 2.4092, 0.0, 0.0, 0.0, 1.0, 202.4092, 118059.29545, 0.0
458, 2.38337, 0.0, 0.0, 0.0, 1.0, 200.60508, 117801.47816, 0.0
459, 2.35104, 0.0, 0.0, 0.0, 1.0, 197.32564, 117549.25404, 0.0
460, 2.32176, 0.0, 0.0, 0.0, 1.0, 195.42361, 117297.11316, 0.0
461, 2.28904, 0.0, 0.0, 0.0, 1.0, 190.71795, 117052.69676, 0.0
462, 2.24709, 0.0, 0.0, 0.0, 1.0, 188.25641, 116793.64569, 0.0
463, 2.22535, 0.0, 0.0, 0.0, 1.0, 187.44131, 116544.94406, 0.0
464, 2.19811, 0.0, 0.0, 0.0, 1.0, 186.09906, 116296.76056, 0.0
465, 2.18138, 0.0, 0.0, 0.0, 1.0, 182.24821, 116056.19575, 0.0
466, 2.15865, 0.0, 0.0, 0.0, 1.0, 181.38221, 115795.71599, 0.0
467, 2.13592, 0.0, 0.0, 0.0, 1.0, 179.59951, 115558.74279, 0.0
468, 2.12562, 0.0, 0.0, 0.0, 1.0, 179.84975, 115308.62621, 0.0
469, 2.10945, 0.0, 0.0, 0.0, 1.0, 179.06965, 115073.61576, 0.0
470, 2.09524, 0.0, 0.0, 0.0, 1.0, 178.48371, 114816.55224, 0.0
471, 2.08101, 0.0, 0.0, 0.0, 1.0, 178.07342, 114564.56642, 0.0
472, 2.0687, 0.0, 0.0, 0.0, 1.125, 176.90331, 114305.59241, 0.0
473, 2.03856, 0.0, 0.0, 0.0, 1.05263, 175.84062, 114051.6743, 0.0
474, 2.01813, 0.0, 0.0, 0.0, 1.0, 174.97409, 113798.89203, 0.0
475, 1.98953, 0.0, 0.0, 0.0, 1.0, 171.7199, 113562.9715, 0.0
476, 1.96316, 0.0, 0.0, 0.0, 1.0, 170.68158, 113321.16754, 0.0
477, 1.94667, 0.0, 0.0, 0.0, 1.0, 169.936, 113082.95, 0.0
478, 1.93548, 0.0, 0.0, 0.0, 1.0, 169.61022, 112838.424, 0.0
479, 1.90566, 0.0, 0.0, 0.0, 1.0, 167.30458, 112598.23925, 0.0
480, 1.88859, 0.0, 0.0, 0.0, 1.0, 166.59239, 112354.36927, 0.0
481, 1.86849, 0.0, 0.0, 0.0, 1.0, 165.79452, 112127.23913, 0.0
482, 1.84298, 0.0, 0.0, 0.0, 1.0, 162.15427, 111886.86849, 0.0
483, 1.83008, 0.0, 0.0, 0.0, 1.0, 161.88858, 111652.40496, 0.0
484, 1.82584, 0.0, 0.0, 0.0, 1.0, 161.4073, 111415.35933, 0.0
485, 1.81586, 0.0, 0.0, 0.0, 1.0, 161.31728, 111183.32022, 0.0
486, 1.79545, 0.0, 0.0, 0.0, 1.125, 160.35511, 110952.84703, 0.0
487, 1.78693, 0.0, 0.0, 0.0, 1.0, 159.52557, 110716.41477, 0.0
488, 1.76724, 0.0, 0.0, 0.0, 1.0, 158.33046, 110480.71307, 0.0
489, 1.75942, 0.0, 0.0, 0.0, 1.0, 150.95652, 110248.08908, 0.0
490, 1.74927, 0.0, 0.0, 0.0, 1.0, 150.62099, 110004.4, 0.0
491, 1.73529, 0.0, 0.0, 0.0, 1.0, 150.23235, 109761.94169, 0.0
492, 1.71598, 0.0, 0.0, 0.0, 1.0, 149.34024, 109525.22941, 0.0
493, 1.70659, 0.0, 0.0, 0.0, 1.11111, 149.11677, 109292.2574, 0.0
494, 1.70303, 0.0, 0.0, 0.0, 1.0, 148.47576, 109059.64072, 0.0
495, 1.69325, 0.0, 0.0, 0.0, 1.0, 148.66258, 108812.10303, 0.0
496, 1.67485, 0.0, 0.0, 0.0, 1.0, 147.39264, 108576.10123, 0.0
497, 1.66769, 0.0, 0.0, 0.0, 1.0, 147.07077, 108341.9908, 0.0
498, 1.64396, 0.0, 0.0, 0.0, 1.0, 145.23529, 108112.27385, 0.0
499, 1.625, 0.0, 0.0, 0.0, 1.0, 144.625, 107877.71827, 0.0
500, 1.61514, 0.0, 0.0, 0.0, 1.0, 144.03785, 107639.1125, 0.0
501, 1.61146, 0.0, 0.0, 0.0, 1.0, 114.26115, 107435.32492, 0.0
502, 1.60968, 0.0, 0.0, 0.0, 1.0, 114.12258, 107205.73567, 0.0
503, 1.6039, 0.0, 0.0, 0.0, 1.0, 113.50325, 106963.11613, 0.0
504, 1.58117, 0.0, 0.0, 0.0, 1.0, 112.28247, 106733.07468, 0.0
505, 1.58224, 0.0, 0.0, 0.0, 1.0, 112.6875, 106504.5487, 0.0
506, 1.55116, 0.0, 0.0, 0.0, 1.0, 111.21122, 106280.93421, 0.0
507, 1.53378, 0.0, 0.0, 0.0, 1.0, 109.73649, 106060.28383, 0.0
508, 1.51864, 0.0, 0.0, 0.0, 1.0, 104.20339, 105803.08108, 0.0
509, 1.4966, 0.0, 0.0, 0.0, 1.0, 98.54762, 105586.96271, 0.0
510, 1.49481, 0.0, 0.0, 0.0, 1.0, 99.10381, 105356.05782, 0.0
511, 1.48592, 0.0, 0.0, 0.0, 1.0, 98.84507, 105149.02768, 0.0
512, 1.45552, 0.0, 0.0, 0.0, 1.0, 95.80427, 104921.01056, 0.0
513, 1.44727, 0.0, 0.0, 0.0, 1.0, 96.04, 104679.20641, 0.0
514, 1.44689, 0.0, 0.0, 0.0, 1.0, 96.03663, 104444.07273, 0.0
515, 1.44444, 0.0, 0.0, 0.0, 1.0, 96.15926, 104237.30037, 0.0
516, 1.43866, 0.0, 0.0, 0.0, 1.0, 95.86617, 104010.68519, 0.0
517, 1.43233, 0.0, 0.0, 0.0, 1.0, 95.89474, 103790.63197, 0.0
518, 1.41762, 0.0, 0.0, 0.0, 1.1, 95.86207, 103567.34586, 0.0
519, 1.4, 0.0, 0.0, 0.0, 1.0, 91.75294, 103361.35632, 0.0
520, 1.40239, 0.0, 0.0, 0.0, 1.0, 92.33466, 103145.72941, 0.0
521, 1.40486, 0.0, 0.0, 0.0, 1.0, 91.97166, 102952.10359, 0.0
522, 1.4, 0.0, 0.0, 0.0, 1.0, 91.88571, 102743.28745, 0.0
523, 1.39834, 0.0, 0.0, 0.0, 1.0, 92.48548, 102517.42857, 0.0
524, 1.38819, 0.0, 0.0, 0.0, 1.0, 91.9789, 102298.6722, 0.0
525, 1.38034, 0.0, 0.0, 0.0, 1.0, 91.61538, 102076.0, 0.0
526, 1.37719, 0.0, 0.0, 0.0, 1.0, 91.67544, 101861.94872, 0.0
527, 1.36123, 0.0, 0.0, 0.0, 1.0, 90.88987, 101642.67982, 0.0
528, 1.35268, 0.0, 0.0, 0.0, 1.0, 90.97768, 101432.81498, 0.0
529, 1.34375, 0.0, 0.0, 0.0, 1.0, 90.3125, 101230.10714, 0.0
530, 1.32287, 0.0, 0.0, 0.0, 1.0, 89.5157, 101013.72321, 0.0
531, 1.31674, 0.0, 0.0, 0.0, 1.0, 89.45701, 100805.78475, 0.0
532, 1.30734, 0.0, 0.0, 0.0, 1.0, 89.48624, 100600.80543, 0.0
533, 1.29167, 0.0, 0.0, 0.0, 1.0, 88.88889, 100394.11468, 0.0
534, 1.28837, 0.0, 0.0, 0.0, 1.0, 88.72558, 100180.97685, 0.0
535, 1.29108, 0.0, 0.0, 0.0, 1.0, 88.99531, 99972.00465, 0.0
536, 1.28846, 0.0, 0.0, 0.0, 1.0, 89.65865, 99768.5493, 0.0
537, 1.2878, 0.0, 0.0, 0.0, 1.0, 89.32683, 99563.51923, 0.0
538, 1.27723, 0.0, 0.0, 0.0, 1.0, 88.93069, 99318.63902, 0.0
539, 1.28283, 0.0, 0.0, 0.0, 1.0, 89.33838, 99112.21287, 0.0
540, 1.27919, 0.0, 0.0, 0.0, 1.0, 89.28934, 98904.06061, 0.0
541, 1.27083, 0.0, 0.0, 0.0, 1.0, 88.98958, 98696.00508, 0.0
542, 1.26842, 0.0, 0.0, 0.0, 1.0, 88.60526, 98497.66146, 0.0
543, 1.25532, 0.0, 0.0, 0.0, 1.0, 88.30319, 98282.83158, 0.0
544, 1.25946, 0.0, 0.0, 0.0, 1.0, 88.64865, 98085.81915, 0.0
545, 1.25, 0.0, 0.0, 0.0, 1.0, 89.36111, 97889.37297, 0.0
546, 1.24022, 0.0, 0.0, 0.0, 1.0, 89.19553, 97674.80556, 0.0
547, 1.22599, 0.0, 0.0, 0.0, 1.0, 89.20339, 97465.17877, 0.0
548, 1.22941, 0.0, 0.0, 0.0, 1.0, 91.02353, 97264.02825, 0.0
549, 1.22892, 0.0, 0.0, 0.0, 1.0, 91.61446, 97050.04706, 0.0
550, 1.21951, 0.0, 0.0, 0.0, 1.0, 91.84146, 96828.12048, 0.0
551, 1.225, 0.0, 0.0, 0.0, 1.0, 91.78125, 96631.31098, 0.0
552, 1.22293, 0.0, 0.0, 0.0, 1.0, 91.92357, 96433.11875, 0.0
553, 1.22727, 0.0, 0.0, 0.0, 1.0, 92.81169, 96222.04459, 0.0
554, 1.22876, 0.0, 0.0, 0.0, 1.0, 92.71242, 96005.75974, 0.0
555, 1.22368, 0.0, 0.0, 0.0, 1.0, 92.47368, 95775.94771, 0.0
556, 1.21711, 0.0, 0.0, 0.0, 1.0, 91.71711, 95590.65789, 0.0
557, 1.21477, 0.0, 0.0, 0.0, 1.0, 92.18121, 95388.14474, 0.0
558, 1.21622, 0.0, 0.0, 0.0, 1.0, 92.21622, 95211.95973, 0.0
559, 1.2069, 0.0, 0.0, 0.0, 1.0, 89.54483, 95015.62838, 0.0
560, 1.19444, 0.0, 0.0, 0.0, 1.0, 88.86806, 94815.35172, 0.0
561, 1.18881, 0.0, 0.0, 0.0, 1.0, 88.57343, 94593.38194, 0.0
562, 1.17986, 0.0, 0.0, 0.0, 1.0, 86.41007, 94400.06294, 0.0
563, 1.17986, 0.0, 0.0, 0.0, 0.0, 86.19424, 94209.33813, 0.0
564, 1.17986, 0.0, 0.0, 0.0, 0.0, 86.02158, 94003.03597, 0.0
565, 1.17391, 0.0, 0.0, 0.0, 1.0, 85.68841, 93801.48921, 0.0
566, 1.16912, 0.0, 0.0, 0.0, 1.0, 84.69118, 93593.51449, 0.0
567, 1.16541, 0.0, 0.0, 0.0, 1.0, 85.26316, 93416.36765, 0.0
568, 1.16794, 0.0, 0.0, 0.0, 1.0, 85.84733, 93208.26316, 0.0
569, 1.16923, 0.0, 0.0, 0.0, 1.0, 85.87692, 92989.96947, 0.0
570, 1.1746, 0.0, 0.0, 0.0, 1.0, 85.14286, 92791.2, 0.0
571, 1.16935, 0.0, 0.0, 0.0, 1.0, 85.01613, 92609.46032, 0.0
572, 1.16667, 0.0, 0.0, 0.0, 1.0, 85.86667, 92422.00806, 0.0
573, 1.17241, 0.0, 0.0, 0.0, 1.0, 84.87069, 92253.01667, 0.0
574, 1.17391, 0.0, 0.0, 0.0, 1.0, 84.87826, 92064.22414, 0.0
575, 1.17544, 0.0, 0.0, 0.0, 1.0, 84.87719, 91883.74783, 0.0
576, 1.17857, 0.0, 0.0, 0.0, 1.0, 85.33929, 91691.62281, 0.0
577, 1.15455, 0.0, 0.0, 0.0, 1.0, 84.64545, 91498.4375, 0.0
578, 1.14953, 0.0, 0.0, 0.0, 1.0, 85.01869, 91304.48182, 0.0
579, 1.15385, 0.0, 0.0, 0.0, 1.0, 84.51923, 91126.84112, 0.0
580, 1.13725, 0.0, 0.0, 0.0, 1.0, 79.96078, 90964.03846, 0.0
581, 1.13, 0.0, 0.0, 0.0, 1.0, 80.4, 90768.07843, 0.0
582, 1.12121, 0.0, 0.0, 0.0, 1.0, 80.33333, 90562.24, 0.0
583, 1.12371, 0.0, 0.0, 0.0, 1.0, 80.98969, 90354.38384, 0.0
584, 1.1134, 0.0, 0.0, 0.0, 1.0, 80.40206, 90142.68041, 0.0
585, 1.11458, 0.0, 0.0, 0.0, 1.0, 80.85417, 89949.89691, 0.0
586, 1.11957, 0.0, 0.0, 0.0, 1.0, 81.92391, 89782.72917, 0.0
587, 1.1087, 0.0, 0.0, 0.0, 1.0, 81.73913, 89579.04348, 0.0
588, 1.10989, 0.0, 0.0, 0.0, 1.0, 62.01099, 89406.53261, 0.0
589, 1.10345, 0.0, 0.0, 0.0, 1.0, 62.51724, 89221.78022, 0.0
590, 1.09302, 0.0, 0.0, 0.0, 1.0, 62.45349, 89035.71264, 0.0
591, 1.09524, 0.0, 0.0, 0.0, 1.0, 62.69048, 88863.36047, 0.0
592, 1.09639, 0.0, 0.0, 0.0, 1.0, 62.54217, 88697.58333, 0.0
593, 1.1, 0.0, 0.0, 0.0, 1.0, 63.5125, 88515.79518, 0.0
594, 1.10127, 0.0, 0.0, 0.0, 1.0, 63.67089, 88336.7375, 0.0
595, 1.10256, 0.0, 0.0, 0.0, 1.0, 60.38462, 88155.34177, 0.0
596, 1.1039, 0.0, 0.0, 0.0, 1.0, 60.55844, 87958.17949, 0.0
597, 1.10811, 0.0, 0.0, 0.0, 1.0, 53.63514, 87765.0, 0.0
598, 1.10959, 0.0, 0.0, 0.0, 1.0, 53.24658, 87607.95946, 0.0
599, 1.09722, 0.0, 0.0, 0.0, 1.0, 53.51389, 87430.42466, 0.0
600, 1.09722, 0.0, 0.0, 0.0, 0.0, 53.41667, 87220.91667, 0.0
601, 1.1, 0.0, 0.0, 0.0, 1.0, 53.31429, 87035.5, 0.0
602, 1.08571, 0.0, 0.0, 0.0, 1.0, 52.84286, 86837.98571, 0.0
603, 1.08571, 0.0, 0.0, 0.0, 0.0, 52.71429, 86649.95714, 0.0
604, 1.08696, 0.0, 0.0, 0.0, 1.0, 52.84058, 86467.35714, 0.0
605, 1.08955, 0.0, 0.0, 0.0, 1.0, 52.9403, 86264.98551, 0.0
606, 1.08955, 0.0, 0.0, 0.0, 0.0, 52.86567, 86126.55224, 0.0
607, 1.09091, 0.0, 0.0, 0.0, 1.0, 52.95455, 85941.91045, 0.0
608, 1.09231, 0.0, 0.0, 0.0, 1.0, 53.03077, 85748.83333, 0.0
609, 1.09524, 0.0, 0.0, 0.0, 1.0, 52.85714, 85549.72308, 0.0
610, 1.09677, 0.0, 0.0, 0.0, 1.0, 53.20968, 85312.36508, 0.0
611, 1.09836, 0.0, 0.0, 0.0, 1.0, 52.83607, 85094.37097, 0.0
612, 1.09836, 0.0, 0.0, 0.0, 0.0, 52.77049, 84914.42623, 0.0
613, 1.10169, 0.0, 0.0, 0.0, 1.0, 53.54237, 84733.72131, 0.0
614, 1.10345, 0.0, 0.0, 0.0, 1.0, 53.81034, 84564.9322, 0.0
615, 1.08772, 0.0, 0.0, 0.0, 1.0, 51.91228, 84417.2931, 0.0
616, 1.08929, 0.0, 0.0, 0.0, 1.0, 52.17857, 84282.15789, 0.0
617, 1.07547, 0.0, 0.0, 0.0, 1.0, 51.75472, 84107.58929, 0.0
618, 1.07692, 0.0, 0.0, 0.0, 1.0, 52.26923, 83867.66038, 0.0
619, 1.07843, 0.0, 0.0, 0.0, 1.0, 52.43137, 83693.36538, 0.0
620, 1.07843, 0.0, 0.0, 0.0, 0.0, 52.35294, 83515.41176, 0.0
621, 1.08, 0.0, 0.0, 0.0, 1.0, 52.7, 83339.13725, 0.0
622, 1.08, 0.0, 0.0, 0.0, 0.0, 52.6, 83142.22, 0.0
623, 1.08, 0.0, 0.0, 0.0, 0.0, 52.56, 82964.64, 0.0
624, 1.08, 0.0, 0.0, 0.0, 0.0, 52.5, 82788.46, 0.0
625, 1.08163, 0.0, 0.0, 0.0, 1.0, 52.2449, 82615.82, 0.0
626, 1.08333, 0.0, 0.0, 0.0, 1.0, 52.52083, 82458.63265, 0.0
627, 1.08511, 0.0, 0.0, 0.0, 1.0, 52.25532, 82293.83333, 0.0
628, 1.08511, 0.0, 0.0, 0.0, 0.0, 52.19149, 82172.59574, 0.0
629, 1.08696, 0.0, 0.0, 0.0, 1.0, 52.73913, 82001.46809, 0.0
630, 1.08696, 0.0, 0.0, 0.0, 0.0, 52.67391, 81863.84783, 0.0
631, 1.08696, 0.0, 0.0, 0.0, 0.0, 52.45652, 81686.73913, 0.0
632, 1.08889, 0.0, 0.0, 0.0, 1.0, 52.86667, 81514.78261, 0.0
633, 1.09302, 0.0, 0.0, 0.0, 1.0, 48.13953, 81349.71111, 0.0
634, 1.09302, 0.0, 0.0, 0.0, 0.0, 48.02326, 81190.13953, 0.0
635, 1.06977, 0.0, 0.0, 0.0, 1.0, 47.18605, 81014.04651, 0.0
636, 1.04651, 0.0, 0.0, 0.0, 1.0, 46.32558, 80837.90698, 0.0
637, 1.04762, 0.0, 0.0, 0.0, 1.0, 46.47619, 80666.53488, 0.0
638, 1.02564, 0.0, 0.0, 0.0, 1.0, 46.07692, 80545.88095, 0.0
639, 1.02632, 0.0, 0.0, 0.0, 1.0, 46.52632, 80451.69231, 0.0
640, 1.0, 0.0, 0.0, 0.0, 1.0, 45.60526, 80339.23684, 0.0
641, 1.0, 0.0, 0.0, 0.0, 0.0, 45.52632, 80166.26316, 0.0
642, 1.0, 0.0, 0.0, 0.0, 1.0, 46.7027, 79996.07895, 0.0
643, 1.0, 0.0, 0.0, 0.0, 1.0, 46.77143, 79857.89189, 0.0
644, 1.0, 0.0, 0.0, 0.0, 0.0, 46.62857, 79622.14286, 0.0
645, 1.0, 0.0, 0.0, 0.0, 0.0, 46.48571, 79448.34286, 0.0
646, 1.0, 0.0, 0.0, 0.0, 0.0, 46.28571, 79280.74286, 0.0
647, 1.0, 0.0, 0.0, 0.0, 0.0, 46.05714, 79109.17143, 0.0
648, 1.0, 0.0, 0.0, 0.0, 0.0, 46.0, 78940.94286, 0.0
649, 1.0, 0.0, 0.0, 0.0, 1.0, 45.0, 78776.74286, 0.0
650, 1.0, 0.0, 0.0, 0.0, 0.0, 44.84848, 78603.72727, 0.0
651, 1.0, 0.0, 0.0, 0.0, 1.0, 45.375, 78433.45455, 0.0
652, 1.0, 0.0, 0.0, 0.0, 1.0, 45.67742, 78286.90625, 0.0
653, 1.0, 0.0, 0.0, 0.0, 1.0, 47.06897, 78127.16129, 0.0
654, 1.0, 0.0, 0.0, 0.0, 0.0, 47.0, 77965.27586, 0.0
655, 1.0, 0.0, 0.0, 0.0, 0.0, 46.82759, 77799.44828, 0.0
656, 1.0, 0.0, 0.0, 0.0, 1.0, 46.21429, 77636.65517, 0.0
657, 1.0, 0.0, 0.0, 0.0, 0.0, 46.10714, 77461.78571, 0.0
658, 1.0, 0.0, 0.0, 0.0, 0.0, 45.96429, 77298.14286, 0.0
659, 1.0, 0.0, 0.0, 0.0, 0.0, 45.85714, 77135.21429, 0.0
660, 1.0, 0.0, 0.0, 0.0, 1.0, 47.15385, 76980.78571, 0.0
661, 1.0, 0.0, 0.0, 0.0, 0.0, 47.11538, 76909.03846, 0.0
662, 1.0, 0.0, 0.0, 0.0, 0.0, 47.0, 76743.88462, 0.0
663, 1.0, 0.0, 0.0, 0.0, 0.0, 46.80769, 76578.0, 0.0
664, 1.0, 0.0, 0.0, 0.0, 0.0, 46.65385, 76409.57692, 0.0
665, 1.0, 0.0, 0.0, 0.0, 1.0, 46.04, 76249.65385, 0.0
666, 1.0, 0.0, 0.0, 0.0, 1.0, 46.875, 76073.4, 0.0
667, 1.0, 0.0, 0.0, 0.0, 1.0, 48.72727, 75959.45833, 0.0
668, 1.0, 0.0, 0.0, 0.0, 0.0, 48.63636, 75904.81818, 0.0
669, 1.0, 0.0, 0.0, 0.0, 0.0, 48.5, 75742.54545, 0.0
670, 1.0, 0.0, 0.0, 0.0, 0.0, 48.31818, 75574.72727, 0.0
671, 1.0, 0.0, 0.0, 0.0, 0.0, 48.27273, 75409.72727, 0.0
672, 1.0, 0.0, 0.0, 0.0, 0.0, 48.18182, 75251.18182, 0.0
673, 1.0, 0.0, 0.0, 0.0, 0.0, 48.0, 75087.86364, 0.0
674, 1.0, 0.0, 0.0, 0.0, 0.0, 47.90909, 74923.95455, 0.0
675, 1.0, 0.0, 0.0, 0.0, 1.0, 43.7, 74772.68182, 0.0
676, 1.0, 0.0, 0.0, 0.0, 1.0, 44.68421, 74614.05, 0.0
677, 1.0, 0.0, 0.0, 0.0, 0.0, 44.57895, 74534.36842, 0.0
678, 1.0, 0.0, 0.0, 0.0, 0.0, 44.42105, 74375.15789, 0.0
679, 1.0, 0.0, 0.0, 0.0, 0.0, 44.26316, 74214.47368, 0.0
680, 1.0, 0.0, 0.0, 0.0, 0.0, 44.10526, 74055.84211, 0.0
681, 1.0, 0.0, 0.0, 0.0, 0.0, 43.94737, 73893.42105, 0.0
682, 1.0, 0.0, 0.0, 0.0, 1.0, 44.17647, 73749.57895, 0.0
683, 1.0, 0.0, 0.0, 0.0, 0.0, 44.11765, 73570.0, 0.0
684, 1.0, 0.0, 0.0, 0.0, 0.0, 44.0, 73406.11765, 0.0
685, 1.0, 0.0, 0.0, 0.0, 1.0, 42.375, 73251.58824, 0.0
686, 1.0, 0.0, 0.0, 0.0, 0.0, 42.375, 73206.5, 0.0
687, 1.0, 0.0, 0.0, 0.0, 0.0, 42.3125, 73043.8125, 0.0
688, 1.0, 0.0, 0.0, 0.0, 0.0, 42.1875, 72884.3125, 0.0
689, 1.0, 0.0, 0.0, 0.0, 0.0, 42.125, 72729.6875, 0.0
690, 1.0, 0.0, 0.0, 0.0, 0.0, 42.0625, 72572.0, 0.0
691, 1.0, 0.0, 0.0, 0.0, 1.0, 37.53333, 72434.6875, 0.0
692, 1.0, 0.0, 0.0, 0.0, 1.0, 38.42857, 72428.73333, 0.0
693, 1.0, 0.0, 0.0, 0.0, 0.0, 38.42857, 72316.35714, 0.0
694, 1.0, 0.0, 0.0, 0.0, 0.0, 38.42857, 72161.42857, 0.0
695, 1.0, 0.0, 0.0, 0.0, 1.0, 33.07692, 72020.78571, 0.0
696, 1.0, 0.0, 0.0, 0.0, 0.0, 32.92308, 71999.69231, 0.0
697, 1.0, 0.0, 0.0, 0.0, 0.0, 32.84615, 71846.0, 0.0
698, 1.0, 0.0, 0.0, 0.0, 0.0, 32.84615, 71692.61538, 0.0
699, 1.0, 0.0, 0.0, 0.0, 0.0, 32.53846, 71533.53846, 0.0
700, 1.0, 0.0, 0.0, 0.0, 0.0, 32.53846, 71373.61538, 0.0
701, 1.0, 0.0, 0.0, 0.0, 0.0, 32.53846, 71224.53846, 0.0
702, 1.0, 0.0, 0.0, 0.0, 0.0, 32.46154, 71072.84615, 0.0
703, 1.0, 0.0, 0.0, 0.0, 0.0, 32.46154, 70917.76923, 0.0
704, 1.0, 0.0, 0.0, 0.0, 0.0, 32.38462, 70764.07692, 0.0
705, 1.0, 0.0, 0.0, 0.0, 0.0, 32.38462, 70608.53846, 0.0
706, 1.0, 0.0, 0.0, 0.0, 0.0, 32.38462, 70457.92308, 0.0
707, 1.0, 0.0, 0.0, 0.0, 0.0, 32.30769, 70306.15385, 0.0
708, 1.0, 0.0, 0.0, 0.0, 1.0, 32.83333, 70162.0, 0.0
709, 1.0, 0.0, 0.0, 0.0, 0.0, 32.66667, 69994.91667, 0.0
710, 1.0, 0.0, 0.0, 0.0, 0.0, 32.66667, 69837.91667, 0.0
711, 1.0, 0.0, 0.0, 0.0, 0.0, 32.66667, 69687.91667, 0.0
712, 1.0, 0.0, 0.0, 0.0, 0.0, 32.5, 69537.16667, 0.0
713, 1.0, 0.0, 0.0, 0.0, 0.0, 32.5, 69385.33333, 0.0
714, 1.0, 0.0, 0.0, 0.0, 0.0, 32.5, 69234.5, 0.0
715, 1.0, 0.0, 0.0, 0.0, 0.0, 32.33333, 69083.58333, 0.0
716, 1.0, 0.0, 0.0, 0.0, 0.0, 32.25, 68934.5, 0.0
717, 1.0, 0.0, 0.0, 0.0, 1.0, 32.72727, 68795.75, 0.0
718, 1.0, 0.0, 0.0, 0.0, 0.0, 32.63636, 68719.90909, 0.0
719, 1.0, 0.0, 0.0, 0.0, 0.0, 32.63636, 68570.63636, 0.0
720, 1.0, 0.0, 0.0, 0.0, 0.0, 32.63636, 68423.72727, 0.0
721, 1.0, 0.0, 0.0, 0.0, 0.0, 32.63636, 68277.27273, 0.0
722, 1.0, 0.0, 0.0, 0.0, 1.0, 32.1, 68144.90909, 0.0
723, 1.0, 0.0, 0.0, 0.0, 0.0, 31.9, 68125.4, 0.0
724, 1.0, 0.0, 0.0, 0.0, 0.0, 31.9, 67974.5, 0.0
725, 1.0, 0.0, 0.0, 0.0, 0.0, 31.8, 67825.8, 0.0
726, 1.0, 0.0, 0.0, 0.0, 0.0, 31.8, 67673.5, 0.0
727, 1.0, 0.0, 0.0, 0.0, 0.0, 31.6, 67530.4, 0.0
728, 1.0, 0.0, 0.0, 0.0, 0.0, 31.4, 67388.2, 0.0
729, 1.0, 0.0, 0.0, 0.0, 1.0, 30.5, 67270.2, 0.0
730, 1.0, 0.0, 0.0, 0.0, 0.0, 30.5, 67321.5, 0.0
731, 1.0, 0.0, 0.0, 0.0, 0.0, 30.5, 67177.375, 0.0
732, 1.0, 0.0, 0.0, 0.0, 0.0, 30.5, 67027.625, 0.0
733, 1.0, 0.0, 0.0, 0.0, 1.0, 31.42857, 66901.875, 0.0
734, 1.0, 0.0, 0.0, 0.0, 0.0, 31.42857, 66377.0, 0.0
735, 1.0, 0.0, 0.0, 0.0, 0.0, 31.28571, 66227.71429, 0.0
736, 1.0, 0.0, 0.0, 0.0, 1.0, 32.0, 66092.57143, 0.0
737, 1.0, 0.0, 0.0, 0.0, 0.0, 31.83333, 65513.83333, 0.0
738, 1.0, 0.0, 0.0, 0.0, 0.0, 31.83333, 65377.0, 0.0
739, 1.0, 0.0, 0.0, 0.0, 0.0, 31.83333, 65236.5, 0.0
740, 1.0, 0.0, 0.0, 0.0, 0.0, 31.83333, 65092.5, 0.0
741, 1.0, 0.0, 0.0, 0.0, 0.0, 31.83333, 64957.16667, 0.0
742, 1.0, 0.0, 0.0, 0.0, 0.0, 31.83333, 64816.33333, 0.0
743, 1.0, 0.0, 0.0, 0.0, 0.0, 31.66667, 64692.16667, 0.0
744, 1.0, 0.0, 0.0, 0.0, 1.0, 31.0, 64573.16667, 0.0
745, 1.0, 0.0, 0.0, 0.0, 1.0, 32.75, 64700.0, 0.0
746, 1.0, 0.0, 0.0, 0.0, 0.0, 32.75, 64400.0, 0.0
747, 1.0, 0.0, 0.0, 0.0, 0.0, 32.75, 64265.5, 0.0
748, 1.0, 0.0, 0.0, 0.0, 0.0, 32.75, 64120.5, 0.0
749, 1.0, 0.0, 0.0, 0.0, 0.0, 32.75, 63982.25, 0.0
750, 1.0, 0.0, 0.0, 0.0, 0.0, 32.75, 63853.5, 0.0
751, 1.0, 0.0, 0.0, 0.0, 0.0, 32.75, 63714.25, 0.0
752, 1.0, 0.0, 0.0, 0.0, 0.0, 32.75, 63577.75, 0.0
753, 1.0, 0.0, 0.0, 0.0, 0.0, 32.75, 63444.5, 0.0
754, 1.0, 0.0, 0.0, 0.0, 0.0, 32.75, 63311.25, 0.0
755, 1.0, 0.0, 0.0, 0.0, 1.0, 29.66667, 63212.25, 0.0
756, 1.0, 0.0, 0.0, 0.0, 0.0, 29.33333, 62736.66667, 0.0
757, 1.0, 0.0, 0.0, 0.0, 0.0, 29.33333, 62598.66667, 0.0
758, 1.0, 0.0, 0.0, 0.0, 0.0, 29.33333, 62465.0, 0.0
759, 1.0, 0.0, 0.0, 0.0, 0.0, 29.33333, 62335.66667, 0.0
760, 1.0, 0.0, 0.0, 0.0, 0.0, 29.33333, 62207.66667, 0.0
761, 1.0, 0.0, 0.0, 0.0, 0.0, 29.33333, 62074.33333, 0.0
762, 1.0, 0.0, 0.0, 0.0, 0.0, 29.33333, 61934.66667, 0.0
763, 1.0, 0.0, 0.0, 0.0, 0.0, 29.33333, 61792.0, 0.0
764, 1.0, 0.0, 0.0, 0.0, 0.0, 29.33333, 61661.0, 0.0
765, 1.0, 0.0, 0.0, 0.0, 0.0, 29.33333, 61535.33333, 0.0
766, 1.0, 0.0, 0.0, 0.0, 0.0, 29.33333, 61405.33333, 0.0
767, 1.0, 0.0, 0.0, 0.0, 0.0, 29.33333, 61276.66667, 0.0
768, 1.0, 0.0, 0.0, 0.0, 0.0, 29.33333, 61146.33333, 0.0
769, 1.0, 0.0, 0.0, 0.0, 0.0, 29.33333, 61017.33333, 0.0
770, 1.0, 0.0, 0.0, 0.0, 0.0, 29.33333, 60866.66667, 0.0
771, 1.0, 0.0, 0.0, 0.0, 0.0, 29.33333, 60730.66667, 0.0
772, 1.0, 0.0, 0.0, 0.0, 0.0, 29.33333, 60602.66667, 0.0
773, 1.0, 0.0, 0.0, 0.0, 0.0, 29.0, 60480.33333, 0.0
774, 1.0, 0.0, 0.0, 0.0, 0.0, 28.33333, 60341.0, 0.0
775, 1.0, 0.0, 0.0, 0.0, 0.0, 28.0, 60212.0, 0.0
776, 1.0, 0.0, 0.0, 0.0, 0.0, 28.0, 60079.0, 0.0
777, 1.0, 0.0, 0.0, 0.0, 0.0, 28.0, 59950.66667, 0.0
778, 1.0, 0.0, 0.0, 0.0, 0.0, 28.0, 59829.0, 0.0
779, 1.0, 0.0, 0.0, 0.0, 0.0, 28.0, 59697.33333, 0.0
780, 1.0, 0.0, 0.0, 0.0, 0.0, 27.66667, 59568.0, 0.0
781, 1.0, 0.0, 0.0, 0.0, 0.0, 27.66667, 59442.33333, 0.0
782, 1.0, 0.0, 0.0, 0.0, 0.0, 27.66667, 59324.66667, 0.0
783, 1.0, 0.0, 0.0, 0.0, 0.0, 27.66667, 59193.33333, 0.0
784, 1.0, 0.0, 0.0, 0.0, 0.0, 27.66667, 59078.66667, 0.0
785, 1.0, 0.0, 0.0, 0.0, 0.0, 27.66667, 58959.66667, 0.0
786, 1.0, 0.0, 0.0, 0.0, 0.0, 27.66667, 58845.66667, 0.0
787, 1.0, 0.0, 0.0, 0.0, 0.0, 27.66667, 58718.33333, 0.0
788, 1.0, 0.0, 0.0, 0.0, 0.0, 27.66667, 58594.33333, 0.0
789, 1.0, 0.0, 0.0, 0.0, 0.0, 27.33333, 58464.66667, 0.0
790, 1.0, 0.0, 0.0, 0.0, 0.0, 27.33333, 58340.0, 0.0
791, 1.0, 0.0, 0.0, 0.0, 1.0, 31.0, 58247.66667, 0.0
792, 1.0, 0.0, 0.0, 0.0, 0.0, 31.0, 57259.0, 0.0
793, 1.0, 0.0, 0.0, 0.0, 0.0, 31.0, 57119.5, 0.0
794, 1.0, 0.0, 0.0, 0.0, 0.0, 31.0, 56992.0, 0.0
795, 1.0, 0.0, 0.0, 0.0, 0.0, 30.5, 56872.0, 0.0
796, 1.0, 0.0, 0.0, 0.0, 0.0, 30.0, 56736.0, 0.0
797, 1.0, 0.0, 0.0, 0.0, 0.0, 30.0, 56609.5, 0.0
798, 1.0, 0.0, 0.0, 0.0, 0.0, 30.0, 56481.0, 0.0
799, 1.0, 0.0, 0.0, 0.0, 0.0, 30.0, 56355.0, 0.0
800, 1.0, 0.0, 0.0, 0.0, 0.0, 30.0, 56241.5, 0.0
801, 1.0, 0.0, 0.0, 0.0, 0.0, 29.5, 56113.0, 0.0
802, 1.0, 0.0, 0.0, 0.0, 0.0, 29.5, 55998.5, 0.0
803, 1.0, 0.0, 0.0, 0.0, 0.0, 29.5, 55884.5, 0.0
804, 1.0, 0.0, 0.0, 0.0, 0.0, 29.5, 55760.5, 0.0
805, 1.0, 0.0, 0.0, 0.0, 0.0, 29.5, 55647.0, 0.0
806, 1.0, 0.0, 0.0, 0.0, 0.0, 29.5, 55517.5, 0.0
807, 1.0, 0.0, 0.0, 0.0, 0.0, 29.5, 55404.0, 0.0
808, 1.0, 0.0, 0.0, 0.0, 0.0, 29.5, 55284.0, 0.0
809, 1.0, 0.0, 0.0, 0.0, 0.0, 29.5, 55160.0, 0.0
810, 1.0, 0.0, 0.0, 0.0, 0.0, 29.5, 55046.5, 0.0
811, 1.0, 0.0, 0.0, 0.0, 0.0, 29.5, 54928.5, 0.0
812, 1.0, 0.0, 0.0, 0.0, 0.0, 29.5, 54811.5, 0.0
813, 1.0, 0.0, 0.0, 0.0, 0.0, 29.5, 54682.0, 0.0
814, 1.0, 0.0, 0.0, 0.0, 0.0, 29.0, 54578.0, 0.0
815, 1.0, 0.0, 0.0, 0.0, 0.0, 29.0, 54446.5, 0.0
816, 1.0, 0.0, 0.0, 0.0, 0.0, 29.0, 54331.5, 0.0
817, 1.0, 0.0, 0.0, 0.0, 0.0, 29.0, 54220.0, 0.0
818, 1.0, 0.0, 0.0, 0.0, 0.0, 28.5, 54088.0, 0.0
819, 1.0, 0.0, 0.0, 0.0, 0.0, 28.5, 53967.0, 0.0
820, 1.0, 0.0, 0.0, 0.0, 0.0, 28.5, 53844.0, 0.0
821, 1.0, 0.0, 0.0, 0.0, 0.0, 28.5, 53720.5, 0.0
822, 1.0, 0.0, 0.0, 0.0, 0.0, 28.5, 53608.0, 0.0
823, 1.0, 0.0, 0.0, 0.0, 0.0, 28.0, 53480.5, 0.0
824, 1.0, 0.0, 0.0, 0.0, 0.0, 26.5, 53370.0, 0.0
825, 1.0, 0.0, 0.0, 0.0, 0.0, 26.5, 53253.0, 0.0
826, 1.0, 0.0, 0.0, 0.0, 0.0, 26.5, 53150.5, 0.0
827, 1.0, 0.0, 0.0, 0.0, 1.0, 36.0, 53082.0, 0.0
828, 1.0, 0.0, 0.0, 0.0, 0.0, 36.0, 51736.0, 0.0
829, 1.0, 0.0, 0.0, 0.0, 0.0, 36.0, 51619.0, 0.0
830, 1.0, 0.0, 0.0, 0.0, 0.0, 35.0, 51499.0, 0.0
831, 1.0, 0.0, 0.0, 0.0, 0.0, 35.0, 51396.0, 0.0
832, 1.0, 0.0, 0.0, 0.0, 0.0, 35.0, 51294.0, 0.0
833, 1.0, 0.0, 0.0, 0.0, 0.0, 35.0, 51156.0, 0.0
834, 1.0, 0.0, 0.0, 0.0, 0.0, 35.0, 51045.0, 0.0
835, 1.0, 0.0, 0.0, 0.0, 0.0, 35.0, 50933.0, 0.0
836, 1.0, 0.0, 0.0, 0.0, 0.0, 35.0, 50823.0, 0.0
837, 1.0, 0.0, 0.0, 0.0, 0.0, 35.0, 50729.0, 0.0
838, 1.0, 0.0, 0.0, 0.0, 0.0, 35.0, 50618.0, 0.0
839, 1.0, 0.0, 0.0, 0.0, 0.0, 35.0, 50512.0, 0.0
840, 1.0, 0.0, 0.0, 0.0, 0.0, 35.0, 50398.0, 0.0
841, 1.0, 0.0, 0.0, 0.0, 0.0, 35.0, 50273.0, 0.0
842, 1.0, 0.0, 0.0, 0.0, 0.0, 35.0, 50168.0, 0.0
843, 1.0, 0.0, 0.0, 0.0, 0.0, 35.0, 50069.0, 0.0
844, 1.0, 0.0, 0.0, 0.0, 0.0, 35.0, 49969.0, 0.0
845, 1.0, 0.0, 0.0, 0.0, 0.0, 35.0, 49868.0, 0.0
846, 1.0, 0.0, 0.0, 0.0, 0.0, 35.0, 49754.0, 0.0
847, 1.0, 0.0, 0.0, 0.0, 0.0, 35.0, 49642.0, 0.0
848, 1.0, 0.0, 0.0, 0.0, 0.0, 35.0, 49541.0, 0.0
849, 1.0, 0.0, 0.0, 0.0, 0.0, 35.0, 49416.0, 0.0
850, 1.0, 0.0, 0.0, 0.0, 0.0, 35.0, 49308.0, 0.0
851, 1.0, 0.0, 0.0, 0.0, 0.0, 35.0, 49218.0, 0.0
852, 1.0, 0.0, 0.0, 0.0, 0.0, 35.0, 49114.0, 0.0
853, 1.0, 0.0, 0.0, 0.0, 0.0, 35.0, 49014.0, 0.0
854, 1.0, 0.0, 0.0, 0.0, 0.0, 35.0, 48913.0, 0.0
855, 1.0, 0.0, 0.0, 0.0, 0.0, 35.0, 48805.0, 0.0
856, 1.0, 0.0, 0.0, 0.0, 0.0, 35.0, 48697.0, 0.0
857, 1.0, 0.0, 0.0, 0.0, 0.0, 35.0, 48577.0, 0.0
858, 1.0, 0.0, 0.0, 0.0, 0.0, 35.0, 48463.0, 0.0
859, 1.0, 0.0, 0.0, 0.0, 0.0, 35.0, 48350.0, 0.0
860, 1.0, 0.0, 0.0, 0.0, 0.0, 35.0, 48255.0, 0.0
861, 1.0, 0.0, 0.0, 0.0, 0.0, 35.0, 48161.0, 0.0
862, 1.0, 0.0, 0.0, 0.0, 0.0, 35.0, 48057.0, 0.0
863, 1.0, 0.0, 0.0, 0.0, 0.0, 35.0, 47949.0, 0.0
864, 1.0, 0.0, 0.0, 0.0, 0.0, 35.0, 47861.0, 0.0
865, 1.0, 0.0, 0.0, 0.0, 0.0, 35.0, 47738.0, 0.0
866, 1.0, 0.0, 0.0, 0.0, 0.0, 35.0, 47636.0, 0.0
867, 1.0, 0.0, 0.0, 0.0, 0.0, 35.0, 47528.0, 0.0
868, 1.0, 0.0, 0.0, 0.0, 0.0, 35.0, 47442.0, 0.0
869, 1.0, 0.0, 0.0, 0.0, 0.0, 35.0, 47342.0, 0.0
870, 1.0, 0.0, 0.0, 0.0, 0.0, 35.0, 47230.0, 0.0
871, 1.0, 0.0, 0.0, 0.0, 0.0, 35.0, 47122.0, 0.0
872, 1.0, 0.0, 0.0, 0.0, 0.0, 35.0, 47023.0, 0.0
873, 1.0, 0.0, 0.0, 0.0, 0.0, 35.0, 46929.0, 0.0
874, 1.0, 0.0, 0.0, 0.0, 0.0, 35.0, 46830.0, 0.0
875, 1.0, 0.0, 0.0, 0.0, 0.0, 35.0, 46718.0, 0.0
876, 1.0, 0.0, 0.0, 0.0, 0.0, 35.0, 46615.0, 0.0
877, 1.0, 0.0, 0.0, 0.0, 0.0, 35.0, 46496.0, 0.0
878, 1.0, 0.0, 0.0, 0.0, 0.0, 35.0, 46396.0, 0.0
879, 1.0, 0.0, 0.0, 0.0, 0.0, 35.0, 46285.0, 0.0
880, 1.0, 0.0, 0.0, 0.0, 0.0, 34.0, 46181.0, 0.0
881, 1.0, 0.0, 0.0, 0.0, 0.0, 34.0, 46075.0, 0.0
882, 1.0, 0.0, 0.0, 0.0, 0.0, 34.0, 45987.0, 0.0
883, 1.0, 0.0, 0.0, 0.0, 0.0, 34.0, 45891.0, 0.0
884, 1.0, 0.0, 0.0, 0.0, 0.0, 34.0, 45776.0, 0.0
885, 1.0, 0.0, 0.0, 0.0, 0.0, 34.0, 45698.0, 0.0
886, 1.0, 0.0, 0.0, 0.0, 0.0, 34.0, 45609.0, 0.0
887, 1.0, 0.0, 0.0, 0.0, 0.0, 34.0, 45525.0, 0.0
888, 1.0, 0.0, 0.0, 0.0, 0.0, 34.0, 45399.0, 0.0
889, 1.0, 0.0, 0.0, 0.0, 0.0, 34.0, 45304.0, 0.0
890, 1.0, 0.0, 0.0, 0.0, 0.0, 34.0, 45203.0, 0.0
891, 1.0, 0.0, 0.0, 0.0, 0.0, 33.0, 45120.0, 0.0
892, 1.0, 0.0, 0.0, 0.0, 0.0, 32.0, 45031.0, 0.0
893, 1.0, 0.0, 0.0, 0.0, 0.0, 32.0, 44920.0, 0.0
894, 1.0, 0.0, 0.0, 0.0, 0.0, 32.0, 44816.0, 0.0
895, 1.0, 0.0, 0.0, 0.0, 0.0, 32.0, 44727.0, 0.0
896, 1.0, 0.0, 0.0, 0.0, 0.0, 32.0, 44616.0, 0.0
897, 1.0, 0.0, 0.0, 0.0, 0.0, 32.0, 44525.0, 0.0
898, 0.0, 0.0, 0.0, 0.0, 1.0, 0.0, 44522.0, 0.0
