time, seeders, joined, request_count, response_size, left, awareness, bad_data, leechers
0, 0.0, 0.0, 0.0, 0.0, 0.0, 5001.0, 0.0, 0.0
1, 0.0, 710.66515, 936.99637, 58.30867, 0.0, 582633.2779, 0.0, 710.66515
2, 0.0, 339.03417, 853.85928, 138.51071, 35.51936, 793993.83827, 33938.71982, 1015.17995
3, 0.0, 325.65376, 812.46065, 187.90609, 33.05011, 987709.4533, 62044.67426, 1307.7836
4, 0.0, 313.74715, 777.83425, 234.04292, 40.97494, 1152504.14806, 96329.36674, 1580.55581
5, 0.0, 305.83371, 746.12881, 276.71977, 47.23462, 1295488.55125, 135069.17084, 1839.1549
6, 0.0, 294.50114, 721.19951, 316.66043, 53.2574, 1418771.50342, 177942.59453, 2080.39863
7, 0.0, 284.58314, 696.67499, 353.7863, 59.12301, 1525378.89977, 224604.2369, 2305.85877
8, 0.0, 274.92711, 677.59522, 388.52374, 64.10478, 1618548.29613, 274286.39636, 2516.68109
9, 0.0, 267.89522, 661.13974, 421.31216, 68.90661, 1701015.74032, 326997.79954, 2715.6697
10, 0.0, 258.22779, 646.23066, 452.45543, 72.70387, 1773394.10478, 381741.90205, 2901.19362
11, 552.59453, 249.8041, 631.91202, 481.34015, 64.17084, 1840966.61731, 427139.7631, 2534.23235
12, 798.18679, 242.20273, 618.18729, 508.41867, 80.45103, 1893717.9385, 485050.21412, 2450.3918
13, 1034.19362, 233.22551, 608.14955, 533.84547, 77.27563, 1942844.3303, 539124.54214, 2370.33485
14, 1257.47836, 226.42825, 595.20935, 557.50334, 79.62642, 1986422.09567, 593803.97722, 2293.85194
15, 1471.12528, 220.06378, 588.09829, 580.37152, 80.3918, 2026256.61048, 648158.83599, 2219.87699
16, 1672.58087, 212.88838, 583.06405, 602.13879, 81.55353, 2062316.59909, 702522.41002, 2149.75626
17, 1862.93394, 204.85877, 574.34979, 622.9213, 84.1754, 2093409.68337, 758003.90433, 2080.08656
18, 2041.98633, 197.30524, 566.00898, 642.41904, 85.54214, 2120524.8861, 813657.57859, 2012.79727
19, 2214.09339, 192.25513, 565.42654, 661.15014, 86.33257, 2146029.75171, 868590.49431, 1946.61276
20, 2375.2369, 185.64237, 560.20467, 678.76828, 88.05011, 2167879.95444, 924787.39408, 1883.0615
21, 2527.55809, 179.34396, 552.20241, 696.09391, 88.24374, 2187267.81321, 979849.56948, 1821.84055
22, 2671.76993, 171.60364, 544.54828, 712.00217, 89.55125, 2203083.6287, 1035261.67426, 1759.68109
23, 2806.04328, 166.39863, 544.82608, 727.14973, 89.72665, 2217472.78132, 1090107.83144, 1702.07973
24, 2932.64692, 162.50797, 540.04009, 742.10668, 91.36446, 2229562.88838, 1145910.88838, 1646.61959
25, 3053.00911, 156.54897, 535.39469, 756.11529, 91.72893, 2239615.6697, 1201150.88838, 1591.07745
26, 3165.63098, 151.14351, 534.15119, 769.61974, 92.30979, 2247766.82005, 1256540.31663, 1537.28929
27, 3268.959, 145.46014, 533.06607, 782.45687, 93.8861, 2254037.14806, 1312021.87244, 1485.53531
28, 3365.73576, 141.79954, 533.49398, 794.63755, 92.69704, 2259700.76765, 1366560.22551, 1437.86105
29, 3456.60137, 136.87016, 531.58806, 806.82837, 93.82916, 2263761.1754, 1420992.36674, 1390.03645
30, 3541.89066, 132.38041, 529.79437, 818.23054, 93.23462, 2266138.13895, 1475811.93622, 1343.89294
31, 3620.95444, 128.82688, 527.18593, 829.08482, 93.63781, 2267812.56264, 1529558.65604, 1300.01822
32, 3692.42825, 123.8451, 525.84241, 839.17524, 94.61276, 2267835.98178, 1583462.81777, 1257.77677
33, 3759.08428, 120.44191, 525.0974, 849.40055, 93.47836, 2267491.09795, 1636065.6492, 1218.08428
34, 3821.2779, 115.66743, 524.89267, 858.86399, 93.94533, 2265402.50114, 1689289.19362, 1177.61276
35, 3877.71982, 113.08884, 526.5681, 868.15768, 94.99772, 2262545.64237, 1742645.45558, 1139.26196
36, 3930.36219, 108.52392, 529.93157, 876.92621, 93.47608, 2259334.62415, 1794530.6697, 1101.66743
37, 3977.20729, 104.17995, 526.77381, 885.2627, 93.68109, 2254807.4738, 1846160.69476, 1065.32118
38, 4019.50569, 100.97494, 527.88305, 893.45265, 94.34852, 2249678.44647, 1897249.15718, 1029.6492
39, 4058.03872, 98.49658, 532.07678, 901.25836, 93.04328, 2244424.5467, 1947592.16401, 996.56948
40, 4092.3918, 94.5262, 526.71277, 908.75765, 93.42825, 2237621.29613, 1998054.94761, 963.31435
41, 4123.31435, 92.17995, 528.48, 916.28322, 93.23462, 2230351.28018, 2048198.33257, 931.33713
42, 4150.02278, 89.30979, 529.5738, 922.90382, 92.29613, 2222988.9795, 2097030.44647, 901.64237
43, 4174.07062, 85.63098, 530.83103, 929.50413, 91.92027, 2214301.94989, 2146370.33713, 871.30524
44, 4192.82005, 83.04328, 533.68444, 935.93215, 92.20957, 2205262.49431, 2195145.4533, 843.38952
45, 4210.22551, 80.51025, 533.10321, 941.56077, 91.12984, 2195955.28246, 2242867.74487, 815.36446
46, 4223.92255, 77.55581, 537.49229, 947.59645, 91.25057, 2186070.6287, 2290344.92255, 787.97267
47, 4234.36219, 75.26196, 538.40799, 953.10147, 90.10478, 2175784.00911, 2337245.62187, 762.69021
48, 4241.94989, 73.19134, 544.80097, 958.51025, 89.13212, 2165306.95216, 2383786.35991, 739.16173
49, 4246.81777, 70.2779, 540.54842, 963.80128, 90.0205, 2153820.99544, 2430118.35308, 714.55125
50, 4249.73121, 68.62642, 543.39961, 968.55372, 87.92027, 2142483.36446, 2475403.27563, 692.34396
51, 4249.87244, 65.32574, 540.03069, 973.20908, 88.40774, 2130166.55353, 2520305.33713, 669.12073
52, 4248.00683, 63.70615, 548.11027, 977.53846, 87.91344, 2117658.35535, 2565079.46925, 646.77904
53, 4244.07517, 61.56948, 546.33912, 981.75926, 86.28702, 2105129.40091, 2608493.2164, 625.99317
54, 4237.74715, 59.38269, 548.81277, 985.88355, 86.20957, 2092253.2779, 2651347.51481, 605.49431
55, 4229.95444, 58.01139, 547.02164, 990.04285, 85.29613, 2079022.32346, 2693846.29841, 586.00228
56, 4219.7426, 55.69476, 549.40695, 993.24343, 85.31891, 2065173.6492, 2736151.48519, 566.58998
57, 4207.62187, 53.94533, 557.80762, 997.46737, 84.10251, 2051444.96583, 2777622.51936, 548.55353
58, 4194.71298, 52.82005, 560.59169, 1000.69767, 83.74487, 2037634.14351, 2818632.95672, 530.53759
59, 4179.55809, 50.05467, 566.39665, 1003.7048, 83.04784, 2023383.50342, 2859033.91116, 512.69932
60, 4163.13667, 48.35763, 563.5687, 1007.1161, 82.79727, 2008574.46241, 2899149.33941, 494.68109
61, 4144.18679, 47.72437, 568.85113, 1009.60539, 81.79043, 1994130.68109, 2938453.33485, 479.56492
62, 4124.34852, 45.48747, 564.02424, 1012.44322, 81.06834, 1979009.68109, 2977264.20273, 463.82232
63, 4103.17995, 44.24146, 571.41386, 1015.1002, 80.74487, 1963728.30524, 3015793.47836, 448.48747
64, 4080.39863, 43.29613, 572.78897, 1018.15707, 80.041, 1948378.23235, 3053857.37813, 434.52392
65, 4058.18451, 41.0615, 571.72972, 1020.23501, 77.8656, 1932848.32802, 3090746.85649, 419.93394
66, 4033.11845, 39.41002, 576.38287, 1022.13899, 78.55125, 1916782.97039, 3127647.43964, 405.85877
67, 4007.68109, 38.28018, 584.76644, 1023.59062, 77.37813, 1900922.63326, 3163743.84966, 392.19818
68, 3982.19134, 36.99544, 585.73979, 1026.41102, 76.20501, 1885162.40091, 3198825.32574, 378.47836
69, 3954.94989, 36.50569, 583.17734, 1027.29703, 76.04328, 1869117.39636, 3233859.86788, 366.18223
70, 3926.44647, 35.18907, 590.75608, 1029.68924, 75.23235, 1853156.29613, 3268130.6697, 354.64237
71, 3898.46697, 33.62187, 595.66396, 1031.18403, 73.9795, 1836826.80182, 3302115.50797, 342.26424
72, 3868.38041, 33.3303, 590.14489, 1032.20313, 73.75626, 1820679.05695, 3335316.17995, 331.92483
73, 3838.46697, 31.7426, 601.43524, 1034.34936, 72.52847, 1804417.54897, 3367988.88383, 321.05239
74, 3807.92938, 31.01595, 607.52056, 1035.88117, 71.99772, 1788202.21412, 3400191.22551, 310.6082
75, 3775.93622, 29.51936, 608.99761, 1037.71059, 71.53986, 1771690.959, 3431869.78132, 300.58087
76, 3743.95216, 28.89749, 608.30837, 1038.42167, 70.18223, 1755346.2164, 3462750.36674, 291.28018
77, 3710.69932, 27.57175, 609.22009, 1039.12707, 70.14123, 1738497.18451, 3493539.64692, 281.96355
78, 3677.23918, 26.83827, 611.44118, 1040.17351, 68.88155, 1721762.52392, 3523639.36446, 273.38041
79, 3644.50569, 25.89522, 613.30049, 1041.20812, 67.75171, 1705180.37585, 3552807.99089, 264.2574
80, 3611.50797, 25.18223, 619.08639, 1042.06254, 66.85194, 1688757.5672, 3581306.8861, 255.58542
81, 3577.41686, 24.2369, 622.65038, 1042.69283, 66.53986, 1671791.2164, 3610043.40091, 247.37358
82, 3543.79954, 23.81093, 630.44102, 1042.939, 65.76082, 1655305.63326, 3637860.69248, 239.041
83, 3508.92027, 22.58087, 628.06416, 1043.93495, 65.38724, 1638349.60137, 3665413.35991, 231.1139
84, 3474.35991, 21.94989, 635.63719, 1044.18922, 64.14579, 1621789.53303, 3692009.75626, 223.47836
85, 3439.69248, 21.14806, 637.76389, 1045.12261, 63.34624, 1604783.72437, 3718724.60364, 215.94761
86, 3404.70387, 20.84738, 637.78409, 1045.55354, 62.78588, 1588197.74032, 3744478.13212, 208.99772
87, 3369.00456, 19.92938, 653.33181, 1044.27257, 62.36219, 1571488.45558, 3770053.41002, 202.26424
88, 3334.10251, 19.2369, 648.31261, 1045.35744, 61.04784, 1554778.54214, 3794937.52392, 195.35535
89, 3298.52847, 18.69932, 657.57096, 1045.69415, 60.6697, 1538111.6287, 3819502.57859, 188.959
90, 3263.23007, 18.05923, 651.74067, 1045.88485, 59.57175, 1521336.16856, 3843589.07745, 182.74487
91, 3228.07062, 17.36902, 657.18033, 1045.78507, 58.7221, 1504749.85194, 3866905.04328, 176.55125
92, 3192.30524, 16.49431, 659.57741, 1046.30674, 58.44419, 1487891.12301, 3889967.78815, 170.36674
93, 3157.10251, 16.16401, 663.19053, 1045.56056, 56.85421, 1471678.70159, 3911838.83827, 164.87927
94, 3121.58542, 15.73804, 666.66667, 1044.57099, 56.75171, 1455162.4328, 3933833.41686, 159.38269
95, 3085.84055, 15.47153, 672.70318, 1045.11293, 56.10251, 1438812.14123, 3955400.75399, 154.49658
96, 3050.53531, 14.78588, 666.92343, 1045.92469, 55.24146, 1422419.97039, 3976366.25513, 149.34624
97, 3015.83371, 14.09567, 673.40013, 1044.20062, 53.89294, 1406181.90205, 3996637.51253, 144.25057
98, 2980.74032, 13.93166, 686.06933, 1044.26049, 53.71526, 1390259.7836, 4016462.04328, 139.56036
99, 2945.31435, 13.22551, 687.90906, 1044.26565, 53.48747, 1373888.98178, 4036369.55809, 134.72437
100, 2910.38497, 13.01595, 698.45992, 1043.72663, 52.27335, 1357837.43052, 4055745.06834, 130.39636
101, 2875.3918, 12.25968, 690.44965, 1042.93891, 51.68565, 1341740.78815, 4074425.23007, 125.96355
102, 2839.86788, 12.21868, 685.12304, 1043.04816, 51.38269, 1325633.47153, 4092942.92255, 122.32346
103, 2805.39408, 11.48975, 693.69548, 1041.94999, 49.99544, 1309932.91116, 4110424.28474, 118.29157
104, 2771.23235, 11.35535, 700.1003, 1041.74155, 49.30296, 1294159.17084, 4127896.65604, 114.50569
105, 2736.79043, 10.86788, 715.99245, 1040.5363, 49.23462, 1278585.44191, 4144870.30524, 110.58087
106, 2702.5467, 10.53075, 704.95349, 1039.77938, 48.40091, 1262851.40547, 4161625.43964, 106.95444
107, 2668.55581, 10.0, 701.36674, 1038.53426, 47.66515, 1247068.44191, 4177960.65831, 103.28018
108, 2635.25513, 10.05239, 719.01201, 1038.36495, 46.50342, 1231776.5467, 4193766.64009, 100.12984
109, 2601.82688, 9.50797, 714.42262, 1037.37056, 46.14579, 1216702.33485, 4208759.24146, 96.92027
110, 2568.65376, 9.22323, 723.88244, 1036.97339, 45.74487, 1201443.10023, 4223834.75171, 93.57175
111, 2536.18907, 9.05011, 711.30128, 1035.97558, 44.50797, 1186484.32802, 4238181.30979, 90.57859
112, 2503.59681, 8.83827, 728.09278, 1035.11009, 44.34169, 1171520.29613, 4252487.41686, 87.66743
113, 2470.94533, 8.38269, 725.54348, 1034.40487, 43.81321, 1156602.58087, 4266292.4328, 84.88838
114, 2438.78588, 8.00911, 738.90785, 1032.22055, 43.05695, 1142011.43964, 4279447.82688, 82.0
115, 2406.63554, 7.78815, 732.67037, 1033.81916, 42.5467, 1127407.74715, 4292343.9795, 79.3918
116, 2374.84966, 7.54358, 730.31317, 1032.01873, 41.94989, 1112753.91344, 4305006.69704, 76.71982
117, 2343.34396, 7.38041, 751.23457, 1028.35867, 41.05011, 1098365.41002, 4317341.33257, 74.55581
118, 2312.4533, 7.29385, 752.9669, 1027.64372, 40.64237, 1084216.99089, 4329266.32574, 72.09795
119, 2281.42597, 6.93622, 740.22989, 1028.14419, 40.1549, 1069878.30296, 4341024.67426, 69.90661
120, 2250.93394, 6.38356, 747.49642, 1026.52584, 39.3508, 1055633.18451, 4352239.00456, 67.41686
121, 2220.73121, 6.5286, 740.6239, 1026.35116, 38.99317, 1041561.97494, 4363213.52847, 65.12528
122, 2190.63781, 6.22096, 764.92127, 1024.30158, 38.57631, 1027640.94305, 4373896.15034, 62.86333
123, 2160.84966, 5.94977, 780.12279, 1020.9577, 37.78815, 1014179.44647, 4383824.14123, 60.79954
124, 2131.1754, 5.88584, 763.38247, 1020.6997, 37.45786, 1000618.7221, 4393683.10706, 58.88838
125, 2102.02733, 5.70159, 765.48142, 1020.35386, 36.57403, 987176.01367, 4403242.25968, 57.16401
126, 2072.69932, 5.38991, 754.46809, 1019.79301, 36.59226, 973497.76082, 4412715.74487, 55.25285
127, 2043.90888, 5.10023, 774.00625, 1018.0779, 35.84738, 960129.54897, 4421678.46925, 53.29613
128, 2015.61503, 5.20413, 771.7056, 1018.01885, 35.35308, 947084.99544, 4430235.83371, 51.40547
129, 1987.23235, 4.87156, 774.95292, 1015.39247, 35.08884, 933659.38724, 4438992.03872, 49.53759
130, 1959.32346, 4.73394, 778.10078, 1012.08281, 34.08884, 920735.92711, 4446982.74715, 48.05923
131, 1931.90205, 4.63134, 782.08955, 1012.34288, 33.65604, 907836.8656, 4454824.33941, 46.40319
132, 1904.29613, 4.22018, 770.65217, 1012.36037, 33.60592, 894738.85194, 4462533.28018, 44.59453
133, 1877.33485, 4.37644, 781.53034, 1009.07833, 32.60137, 882261.49203, 4469595.00911, 43.27107
134, 1850.16629, 4.18664, 773.25261, 1008.08327, 32.66743, 869624.5877, 4476641.01367, 41.91116
135, 1823.80866, 4.04378, 790.31339, 1007.56164, 31.92027, 857230.99772, 4483297.6697, 40.34624
136, 1797.68337, 3.90345, 791.51943, 1006.85268, 31.22323, 845058.80638, 4489548.70387, 39.11617
137, 1771.9795, 3.78454, 782.79703, 1002.517, 30.59453, 832893.15262, 4495615.87699, 37.90661
138, 1746.34169, 3.7587, 804.93827, 1002.51304, 30.5262, 821022.37813, 4501392.34624, 36.70843
139, 1720.78815, 3.66353, 820.80925, 1000.91158, 30.34624, 808956.4328, 4507316.7836, 35.46241
140, 1696.21412, 3.52459, 812.62458, 999.88716, 29.20501, 797365.12073, 4512513.07517, 34.25968
141, 1671.57859, 3.39048, 806.17978, 999.16986, 29.03417, 785765.12756, 4517521.50342, 33.10478
142, 1647.2574, 3.24337, 805.34918, 997.27214, 28.44419, 774289.10934, 4522227.62415, 32.04784
143, 1623.16173, 3.26139, 814.70588, 994.89531, 28.32118, 762964.74032, 4526792.89522, 30.92027
144, 1599.34624, 3.27488, 806.07815, 993.37522, 27.62187, 751917.22551, 4531001.61503, 30.26196
145, 1575.84282, 3.04067, 830.84186, 992.56629, 27.3508, 740776.29385, 4535183.65604, 29.30979
146, 1552.4328, 2.95694, 801.77994, 989.42886, 27.22096, 729608.24374, 4539231.11617, 28.31435
147, 1529.51708, 3.05941, 810.67961, 989.48503, 26.46697, 718882.00683, 4542761.65831, 27.57859
148, 1506.61959, 2.85504, 827.88296, 988.30146, 26.49658, 707959.07062, 4546419.95216, 26.62642
149, 1484.1754, 2.8025, 850.13381, 986.02308, 25.87472, 697376.55809, 4549637.3303, 25.74943
150, 1462.01367, 2.73632, 825.45455, 985.35463, 25.39636, 686962.3918, 4552542.39863, 25.0205
151, 1440.15034, 2.67609, 829.01057, 981.04751, 25.02961, 676564.5672, 4555324.23235, 24.22551
152, 1418.51481, 2.36294, 844.25349, 980.01145, 24.66059, 666226.92027, 4557832.73804, 23.32118
153, 1397.20501, 2.54872, 838.02817, 979.12965, 24.32118, 655928.90433, 4560404.60364, 22.57403
154, 1376.44191, 2.45758, 845.18828, 977.44183, 23.73349, 645802.73804, 4562701.66059, 21.78132
155, 1355.80638, 2.36709, 854.54545, 976.74718, 23.36446, 636189.33485, 4564369.18451, 21.18223
156, 1335.41002, 2.34635, 840.17758, 975.98415, 23.08656, 626493.33941, 4566059.13895, 20.54442
157, 1315.49886, 2.19677, 849.07975, 973.36561, 22.57859, 616865.32346, 4567484.11617, 19.73349
158, 1295.97494, 2.17742, 845.67901, 971.98248, 22.04328, 607298.30068, 4568821.03189, 19.05923
159, 1276.41458, 2.1186, 839.69466, 969.18182, 22.09567, 597821.16629, 4569998.959, 18.31435
160, 1257.05695, 1.99465, 853.8874, 966.86185, 21.72437, 588459.17768, 4570990.8656, 17.64692
161, 1237.89066, 1.98592, 862.41135, 966.45395, 21.4738, 579208.47153, 4571790.65831, 16.94533
162, 1218.87927, 2.02023, 861.23033, 962.15116, 21.15718, 570068.22096, 4572451.03417, 16.3918
163, 1200.30979, 1.98542, 837.00441, 959.16842, 20.68337, 561069.78132, 4572861.25285, 15.82916
164, 1182.28702, 1.95846, 865.15152, 961.2627, 20.07745, 552494.47608, 4572793.08884, 15.2779
165, 1164.34852, 1.86269, 884.61538, 957.74275, 19.959, 543695.51025, 4572933.07062, 14.67882
166, 1146.53759, 1.86944, 874.60317, 955.46279, 19.66287, 535144.84282, 4572799.12301, 14.26196
167, 1128.89749, 1.79279, 855.9464, 954.72211, 19.38952, 526636.46469, 4572527.0205, 13.87244
168, 1111.6697, 1.83188, 881.32911, 951.94255, 18.97494, 518425.02961, 4572029.49203, 13.56492
169, 1094.54897, 1.71554, 880.34188, 949.95922, 18.90888, 510027.70387, 4571655.92711, 13.10934
170, 1077.93166, 1.83077, 885.71429, 948.9962, 18.26651, 502066.80866, 4570806.30068, 12.81549
171, 1061.8246, 1.67192, 886.79245, 949.38723, 17.71526, 494217.49203, 4569707.95216, 12.41458
172, 1045.54442, 1.76898, 888.0597, 944.87815, 17.84055, 486381.67654, 4568605.82232, 12.07517
173, 1029.60137, 1.61, 863.35404, 948.14149, 17.38724, 478551.01595, 4567378.46241, 11.73121
174, 1013.82688, 1.63669, 874.72527, 944.67588, 17.27563, 470834.57859, 4565964.27335, 11.26651
175, 998.40091, 1.69231, 867.96537, 941.08229, 16.82005, 463424.30524, 4564231.28474, 10.92483
176, 982.97039, 1.58478, 886.46288, 939.8202, 16.79271, 456022.1344, 4562512.75171, 10.60592
177, 967.96811, 1.4964, 932.69231, 939.62629, 16.30524, 448866.61503, 4560493.92483, 10.25057
178, 952.96128, 1.55513, 877.75061, 934.73538, 16.40547, 441467.82005, 4558680.90205, 9.7836
179, 938.22096, 1.53506, 891.82692, 936.89218, 16.07062, 434314.82688, 4556629.70615, 9.42237
180, 923.88838, 1.54244, 889.95215, 934.82796, 15.63098, 427365.79043, 4554360.08884, 9.05467
181, 909.12756, 1.51754, 881.50289, 933.18033, 15.959, 420182.49658, 4552206.97267, 8.64465
182, 895.11845, 1.54086, 878.78788, 926.24138, 15.14351, 413462.98178, 4549655.3303, 8.4123
183, 880.87472, 1.48696, 909.35673, 925.50482, 15.29613, 406543.16856, 4547260.76765, 8.13895
184, 866.79043, 1.48696, 891.81287, 923.57705, 15.12756, 399693.26424, 4544781.61048, 7.87472
185, 853.15718, 1.49576, 906.51558, 920.0125, 14.65148, 393165.85421, 4541971.94761, 7.66059
186, 839.99089, 1.38462, 879.08497, 921.18216, 14.1344, 386702.02961, 4538990.39636, 7.40639
187, 826.63098, 1.41176, 907.05128, 923.76325, 14.27335, 380189.61959, 4536113.8656, 7.2032
188, 813.67426, 1.41981, 897.00997, 918.90741, 13.83371, 373986.16173, 4532877.38497, 7.02746
189, 800.89522, 1.30415, 908.12721, 917.48249, 13.7426, 367668.50114, 4529744.27335, 6.70709
190, 788.54214, 1.35321, 915.25424, 915.45926, 13.24374, 361772.85194, 4526190.57631, 6.4726
191, 775.89294, 1.32804, 920.31873, 913.29437, 13.39863, 355631.23235, 4522833.64237, 6.29452
192, 763.83144, 1.38579, 860.80586, 914.68511, 12.91572, 349771.24601, 4519196.27107, 6.04784
193, 751.89977, 1.32857, 896.05735, 911.468, 12.68109, 344131.34624, 4515354.14123, 5.93394
194, 740.16173, 1.3587, 908.0, 913.48899, 12.52164, 338424.48292, 4511545.00228, 5.73288
195, 728.6082, 1.19388, 888.88889, 911.77404, 12.3508, 332737.55581, 4507683.7221, 5.48055
196, 717.14806, 1.25143, 904.10959, 907.98485, 12.15718, 327213.48519, 4503631.41458, 5.26941
197, 705.60137, 1.26012, 912.84404, 904.66332, 12.20729, 321651.59909, 4499654.73804, 5.10502
198, 694.53986, 1.27059, 893.51852, 901.43005, 11.69932, 316262.16173, 4495482.82916, 4.9589
199, 683.87016, 1.27451, 923.07692, 896.72778, 11.28246, 311062.05011, 4491095.22551, 4.80092
200, 673.15718, 1.24096, 883.49515, 897.93407, 11.34624, 305842.70159, 4486745.38269, 4.64679
201, 662.40547, 1.28302, 892.15686, 896.26923, 11.32346, 300659.52164, 4482369.79954, 4.55991
202, 652.1139, 1.2561, 927.18447, 889.38743, 10.89066, 295709.55809, 4477783.03417, 4.4388
203, 641.81777, 1.24648, 892.65537, 891.5443, 10.88383, 290712.58998, 4473180.9385, 4.27146
204, 631.72437, 1.30147, 887.00565, 899.71975, 10.61959, 285785.33713, 4468520.56492, 4.14617
205, 621.45103, 1.20382, 931.21693, 887.83523, 10.80866, 280716.75854, 4464084.58998, 4.09647
206, 611.39408, 1.20741, 907.97546, 883.39189, 10.53531, 275866.91344, 4459350.79954, 3.97653
207, 601.99772, 1.18182, 935.89744, 882.5, 9.88155, 271314.93622, 4454307.40547, 3.82477
208, 592.28474, 1.21088, 921.34831, 882.2439, 10.1549, 266709.01822, 4449378.41913, 3.81412
209, 582.66515, 1.15603, 957.05521, 885.0641, 10.03872, 262122.82005, 4444427.06834, 3.74707
210, 573.32346, 1.18571, 951.80723, 875.53165, 9.81549, 257689.07289, 4439339.08656, 3.66588
211, 564.17084, 1.18644, 935.71429, 883.32824, 9.60364, 253206.39636, 4434257.15945, 3.57143
212, 555.27335, 1.18033, 951.38889, 879.75182, 9.34396, 248875.04556, 4429044.75171, 3.45585
213, 546.36902, 1.19091, 954.19847, 877.664, 9.29613, 244499.15718, 4423877.71298, 3.358
214, 537.74032, 1.21818, 955.22388, 877.5625, 9.01139, 240398.55809, 4418421.45558, 3.30048
215, 529.38497, 1.1134, 972.22222, 870.53333, 8.77449, 236364.11845, 4412865.47608, 3.15572
216, 520.93394, 1.11579, 915.09434, 873.17526, 8.81279, 232302.08884, 4407324.03872, 3.04866
217, 512.55353, 1.10476, 974.13793, 874.76106, 8.74943, 228257.58314, 4401842.05011, 2.9439
218, 504.58998, 1.08696, 920.0, 872.1087, 8.34247, 224408.89749, 4396124.64237, 2.84406
219, 496.65148, 1.13333, 941.17647, 866.61607, 8.28018, 220666.12073, 4390339.82005, 2.77419
220, 488.94761, 1.15556, 923.07692, 861.23958, 8.05695, 216999.05467, 4384456.96811, 2.64764
221, 481.10478, 1.08696, 893.33333, 857.28358, 8.1754, 213165.82688, 4378716.89294, 2.53435
222, 473.48064, 1.15, 967.3913, 861.51685, 7.92027, 209547.91116, 4372810.48975, 2.48187
223, 466.01367, 1.12222, 920.79208, 855.66667, 7.77221, 205986.18907, 4366872.9385, 2.43421
224, 458.61503, 1.14634, 904.25532, 860.58824, 7.68337, 202407.44191, 4360949.46014, 2.37135
225, 451.15945, 1.09756, 988.88889, 855.8764, 7.68109, 198847.04556, 4355039.49431, 2.38544
226, 443.91116, 1.09677, 960.78431, 855.42857, 7.52283, 195454.39863, 4348990.62642, 2.28198
227, 436.71298, 1.15254, 911.76471, 857.62903, 7.46014, 191994.56036, 4342944.68565, 2.1706
228, 429.79271, 1.13636, 933.33333, 847.67143, 7.14806, 188653.48747, 4336807.35991, 2.16757
229, 422.82005, 1.09589, 950.0, 857.56579, 7.20273, 185365.9385, 4330630.30068, 2.11653
230, 415.8246, 1.06897, 967.74194, 842.4, 7.24485, 182017.03645, 4324510.67198, 2.03261
231, 409.10934, 1.05263, 987.5, 849.59494, 6.92694, 178883.6697, 4318230.16629, 2.01084
232, 402.42597, 1.1, 965.90909, 837.07059, 6.89522, 175830.51936, 4311901.78132, 2.03591
233, 395.99317, 1.09259, 966.10169, 844.19298, 6.6895, 172689.73804, 4305605.52392, 2.00581
234, 389.64465, 1.03125, 984.84848, 837.52308, 6.56492, 169712.74487, 4299174.0615, 1.97313
235, 383.31207, 1.10909, 918.03279, 837.05357, 6.59633, 166710.06606, 4292781.082, 1.88554
236, 377.2574, 1.0625, 926.47059, 838.1746, 6.27563, 163839.00456, 4286291.82232, 1.8483
237, 371.2779, 1.01613, 904.7619, 834.70175, 6.14384, 161007.39636, 4279763.72893, 1.81098
238, 365.26196, 1.09677, 955.88235, 834.66154, 6.19406, 158161.96355, 4273287.01595, 1.78788
239, 359.43052, 1.03846, 1000.0, 834.83333, 6.02733, 155420.41002, 4266671.92711, 1.76025
240, 353.78815, 1.02381, 930.23256, 831.525, 5.78767, 152745.85877, 4259998.53531, 1.73482
241, 348.1139, 1.02083, 979.59184, 828.3125, 5.8246, 150108.34852, 4253319.01595, 1.73026
242, 342.41002, 1.08333, 1000.0, 830.20513, 5.90618, 147419.16856, 4246688.80866, 1.69444
243, 336.74943, 1.04255, 959.18367, 826.19149, 5.7968, 144778.32802, 4240045.16401, 1.69474
244, 331.36674, 1.06818, 957.44681, 820.95556, 5.53318, 142228.51708, 4233317.12756, 1.6436
245, 325.8656, 1.04255, 979.59184, 820.97917, 5.65753, 139699.90205, 4226602.81093, 1.58966
246, 320.63554, 1.02326, 977.27273, 828.88372, 5.41743, 137210.03645, 4219858.18223, 1.58484
247, 315.26424, 1.07895, 902.43902, 815.37838, 5.52055, 134726.18907, 4213110.60364, 1.53846
248, 310.09795, 1.08333, 1000.0, 814.38462, 5.34554, 132264.7221, 4206373.57859, 1.54545
249, 305.27563, 1.04255, 959.18367, 817.04255, 4.94508, 130057.76538, 4199400.1959, 1.59036
250, 300.18679, 1.05128, 975.60976, 815.475, 5.20548, 127650.09795, 4192628.7631, 1.58943
251, 295.28018, 1.05556, 947.36842, 808.0, 5.02278, 125397.65831, 4185701.61731, 1.58824
252, 290.52847, 1.02564, 975.0, 804.48718, 4.90531, 123229.918, 4178724.65831, 1.52
253, 285.66515, 1.11111, 966.66667, 807.10345, 5.01376, 120912.28018, 4171894.41686, 1.48347
254, 281.11162, 1.03125, 939.39394, 803.35484, 4.73672, 118747.31663, 4164933.21868, 1.47186
255, 276.66059, 1.09677, 1000.0, 801.47059, 4.57666, 116651.61503, 4157918.36446, 1.38397
256, 272.27107, 1.02941, 971.42857, 804.52941, 4.60422, 114632.48292, 4150850.76082, 1.36709
257, 268.05923, 1.0, 1000.0, 797.85185, 4.35253, 112632.87699, 4143758.6697, 1.33476
258, 263.52392, 1.0625, 1000.0, 803.11765, 4.65826, 110507.07745, 4136787.24374, 1.30909
259, 259.2574, 1.0, 954.54545, 799.90476, 4.41705, 108481.23007, 4129737.75626, 1.32338
260, 255.13895, 1.03571, 931.03448, 796.11111, 4.2993, 106529.10934, 4122658.80638, 1.28205
261, 250.94305, 1.04, 923.07692, 789.41667, 4.36682, 104612.22323, 4115555.22779, 1.29688
262, 246.9795, 1.16, 965.51724, 801.75, 4.15421, 102799.56492, 4108381.43508, 1.31868
263, 242.82005, 1.15789, 1000.0, 799.0, 4.28935, 100871.30068, 4101330.07517, 1.32022
264, 238.74032, 1.04167, 1000.0, 796.16, 4.21478, 99031.5467, 4094219.32346, 1.30636
265, 234.95216, 1.03846, 962.96296, 775.80769, 3.97412, 97331.77221, 4086973.12301, 1.31214
266, 231.25968, 1.0, 916.66667, 786.04545, 3.85315, 95636.85421, 4079727.96128, 1.33537
267, 227.55809, 1.0, 1000.0, 789.92857, 3.83527, 93945.94533, 4072486.81549, 1.35762
268, 223.72893, 1.04348, 1000.0, 780.04167, 3.93271, 92298.8656, 4065236.14351, 1.37821
269, 220.22779, 1.05263, 950.0, 778.57895, 3.67217, 90709.18451, 4057928.98178, 1.36943
270, 216.71754, 1.0, 954.54545, 770.19048, 3.70353, 89070.60364, 4050701.53075, 1.31613
271, 213.13212, 1.0, 1000.0, 762.58333, 3.73256, 87412.23007, 4043483.89749, 1.23333
272, 209.73121, 1.0, 1000.0, 777.21429, 3.61137, 85805.1139, 4036239.63781, 1.1831
273, 206.30068, 1.0, 1000.0, 769.57143, 3.61848, 84279.97722, 4028953.959, 1.1831
274, 202.84282, 1.0, 954.54545, 787.7619, 3.61647, 82763.02733, 4021675.35535, 1.17123
275, 199.51936, 1.0, 1000.0, 778.80952, 3.48592, 81255.81321, 4014408.4328, 1.1773
276, 196.31663, 1.0, 1000.0, 773.78571, 3.40334, 79804.51708, 4007099.8041, 1.20301
277, 193.20501, 1.0, 937.5, 768.33333, 3.31807, 78371.56492, 3999781.73576, 1.2406
278, 190.02733, 1.0, 1000.0, 773.41176, 3.30445, 76967.27107, 3992457.33257, 1.22059
279, 186.95444, 1.06667, 1000.0, 759.8125, 3.21127, 75618.32118, 3985074.04556, 1.20741
280, 183.79499, 1.0, 923.07692, 762.41667, 3.32, 74197.35991, 3977786.07973, 1.19685
281, 180.91116, 1.0, 1000.0, 762.15385, 3.11436, 72901.84738, 3970388.74943, 1.17969
282, 177.87016, 1.0, 941.17647, 747.5, 3.26202, 71515.41686, 3963115.8451, 1.18699
283, 174.94533, 1.0, 933.33333, 754.42857, 3.13429, 70224.64009, 3955761.45558, 1.16949
284, 172.00683, 1.0, 1000.0, 769.5, 3.15942, 68884.70387, 3948459.72437, 1.16071
285, 169.29841, 1.0, 1000.0, 759.5, 2.97543, 67654.14579, 3941064.97722, 1.15152
286, 166.55581, 1.08333, 1000.0, 756.53846, 2.93012, 66442.1344, 3933674.46925, 1.13861
287, 163.8041, 1.0, 1000.0, 742.0, 2.95411, 65240.63554, 3926292.55581, 1.15152
288, 161.14123, 1.0, 1000.0, 755.3, 2.86893, 64056.86105, 3918910.03645, 1.16842
289, 158.58542, 1.0, 1000.0, 756.33333, 2.79803, 62953.01822, 3911463.11617, 1.17778
290, 155.97267, 1.0, 1000.0, 737.77778, 2.84108, 61809.14806, 3904073.50114, 1.23457
291, 153.4123, 1.0, 1000.0, 733.16667, 2.8475, 60658.49886, 3896696.86105, 1.1519
292, 150.84738, 1.0, 900.0, 748.66667, 2.83085, 59519.08428, 3889333.19818, 1.17105
293, 148.34169, 1.0, 1000.0, 751.11111, 2.80402, 58434.45786, 3881937.68793, 1.12329
294, 145.90888, 1.11111, 1000.0, 746.8, 2.78811, 57356.60137, 3874556.91116, 1.125
295, 143.44191, 1.0, 1000.0, 742.57143, 2.65207, 56297.12756, 3867178.2574, 1.08642
296, 140.9795, 1.0, 888.88889, 741.25, 2.68227, 55244.10251, 3859791.69021, 1.09877
297, 138.62187, 1.0, 857.14286, 748.83333, 2.58231, 54183.79727, 3852442.54214, 1.06667
298, 136.34852, 1.0, 909.09091, 737.1, 2.51629, 53197.70159, 3845051.31891, 1.07595
299, 134.05467, 1.0, 666.66667, 765.5, 2.50493, 52190.74943, 3837668.27335, 1.08333
300, 131.72893, 1.0, 1000.0, 741.875, 2.54074, 51173.24829, 3830317.28246, 1.06849
301, 129.6697, 1.0, 1000.0, 749.75, 2.40897, 50275.39636, 3822869.65604, 1.05479
302, 127.59226, 1.0, 1000.0, 736.85714, 2.37371, 49426.60592, 3815383.18679, 1.05634
303, 125.53303, 1.0, 1000.0, 714.85714, 2.37859, 48520.30296, 3807984.51481, 1.04167
304, 123.50797, 1.0, 1000.0, 724.81818, 2.35696, 47671.68109, 3800544.86788, 1.06944
305, 121.53986, 1.0, 1000.0, 717.77778, 2.3558, 46803.73576, 3793138.80182, 1.10145
306, 119.50797, 1.0, 1000.0, 728.5, 2.34545, 45910.6287, 3785773.12756, 1.12308
307, 117.50797, 1.16667, 1000.0, 719.28571, 2.31854, 45063.78815, 3778378.07062, 1.07692
308, 115.61503, 1.0, 1000.0, 719.0, 2.26005, 44237.12984, 3770982.84282, 1.11667
309, 113.71754, 1.0, 1000.0, 723.33333, 2.18799, 43421.5877, 3763588.05695, 1.13333
310, 111.80638, 1.0, 1000.0, 738.33333, 2.23219, 42645.1754, 3756174.08656, 1.09836
311, 109.90888, 1.0, 1000.0, 712.75, 2.23138, 41861.25285, 3748805.14579, 1.13115
312, 108.17312, 1.0, 1000.0, 733.33333, 2.12742, 41135.07062, 3741365.34624, 1.1
313, 106.40091, 1.0, 1000.0, 694.33333, 2.18056, 40407.76082, 3733947.46697, 1.12727
314, 104.59226, 1.0, 1000.0, 727.66667, 2.18207, 39648.17768, 3726574.082, 1.12
315, 102.87927, 1.0, 1000.0, 712.25, 2.10556, 38926.96811, 3719182.29613, 1.08
316, 101.19818, 1.0, 1000.0, 708.8, 2.06667, 38225.43508, 3711808.02961, 1.08163
317, 99.50797, 1.0, 1000.0, 706.0, 2.08914, 37526.90205, 3704433.19818, 1.08511
318, 97.95444, 1.0, 1000.0, 716.75, 2.02346, 36863.51253, 3697040.38269, 1.09302
319, 96.28702, 1.0, 1000.0, 727.0, 2.09632, 36180.85421, 3689668.70615, 1.025
320, 94.76538, 1.0, 1000.0, 696.75, 1.97085, 35534.26196, 3682294.55809, 1.02778
321, 93.12301, 1.0, 1000.0, 727.66667, 2.0565, 34839.24374, 3674987.01139, 1.03125
322, 91.53986, 1.0, 1000.0, 739.5, 2.05294, 34166.14123, 3667690.09339, 1.0303
323, 90.00683, 1.0, 1000.0, 708.5, 1.99115, 33543.67654, 3660338.55125, 1.02857
324, 88.51936, 1.0, 1000.0, 685.0, 1.89884, 32904.35991, 3653025.91344, 1.0
325, 87.12756, 0.0, 0.0, 0.0, 1.83631, 32309.67882, 3645675.93166, 1.0
326, 85.68565, 0.0, 0.0, 0.0, 1.87647, 31674.05695, 3638379.93622, 1.0
327, 84.24374, 1.0, 1000.0, 716.0, 1.88791, 31061.91572, 3631079.29157, 1.05882
328, 82.82688, 1.0, 1000.0, 709.0, 1.86012, 30470.20046, 3623768.6492, 1.06667
329, 81.38269, 1.0, 1000.0, 700.0, 1.88427, 29878.76765, 3616491.50797, 1.05882
330, 80.09795, 1.0, 1000.0, 669.66667, 1.83226, 29341.53531, 3609178.42369, 1.0625
331, 78.77221, 1.0, 1000.0, 714.0, 1.83648, 28759.74943, 3601923.28246, 1.0625
332, 77.46241, 0.0, 0.0, 0.0, 1.84665, 28227.918, 3594625.83144, 1.07692
333, 76.25057, 0.0, 0.0, 0.0, 1.68987, 27741.30524, 3587306.89749, 1.0
334, 75.05695, 1.0, 1000.0, 681.5, 1.6489, 27248.84055, 3580012.44191, 1.0
335, 73.81777, 1.0, 1000.0, 708.0, 1.76052, 26759.71526, 3572738.18907, 1.0
336, 72.56492, 1.0, 1000.0, 693.0, 1.71651, 26244.1139, 3565492.76765, 1.0
337, 71.39408, 1.0, 1000.0, 681.0, 1.74576, 25747.98861, 3558245.959, 1.0
338, 70.21868, 1.0, 1500.0, 647.33333, 1.68078, 25307.49203, 3550966.53759, 1.0
339, 69.11162, 1.0, 1000.0, 678.8, 1.6955, 24876.60137, 3543693.49658, 1.05556
340, 68.01139, 1.0, 1000.0, 669.0, 1.65306, 24424.2779, 3536456.71298, 1.0
341, 66.93622, 1.0, 1000.0, 699.0, 1.60269, 23980.86788, 3529221.62187, 1.0
342, 65.8451, 1.0, 1000.0, 638.5, 1.64948, 23541.65604, 3521997.60137, 1.0
343, 64.66059, 1.0, 1000.0, 647.5, 1.73913, 23076.73349, 3514829.29613, 1.0
344, 63.59681, 1.0, 1000.0, 681.0, 1.61092, 22629.77221, 3507654.49203, 1.0
345, 62.45558, 1.0, 1000.0, 645.0, 1.65461, 22201.33485, 3500471.18223, 1.0
346, 61.42141, 1.0, 1000.0, 664.0, 1.5979, 21785.24146, 3493300.29613, 1.0
347, 60.46469, 1.0, 1000.0, 686.5, 1.51439, 21409.65604, 3486101.74715, 1.0
348, 59.51708, 1.0, 1333.33333, 665.75, 1.55805, 21041.14123, 3478903.4738, 1.0
349, 58.52164, 0.0, 0.0, 0.0, 1.56028, 20651.21185, 3471750.38952, 1.0
350, 57.56264, 0.0, 0.0, 0.0, 1.55926, 20264.93622, 3464600.19134, 1.0
351, 56.64237, 1.0, 1000.0, 658.25, 1.53992, 19898.082, 3457457.45103, 1.0
352, 55.76082, 1.0, 1000.0, 692.0, 1.46792, 19584.57175, 3450278.91116, 1.0
353, 54.86333, 1.0, 1000.0, 676.0, 1.49248, 19222.51936, 3443157.07973, 1.0
354, 53.93394, 1.0, 1000.0, 662.0, 1.46763, 18860.60592, 3436059.99772, 1.0
355, 53.05923, 1.5, 1000.0, 635.66667, 1.57317, 18515.79499, 3428962.95444, 1.0625
356, 52.21185, 0.0, 0.0, 0.0, 1.50602, 18178.00683, 3421871.05923, 1.0
357, 51.28474, 1.0, 1000.0, 660.0, 1.54924, 17823.8451, 3414809.37358, 1.0
358, 50.48064, 1.0, 1000.0, 624.0, 1.4127, 17512.85421, 3407729.97267, 1.0
359, 49.69476, 0.0, 0.0, 0.0, 1.46809, 17195.44647, 3400659.48747, 1.0
360, 48.90661, 0.0, 0.0, 0.0, 1.40081, 16894.14806, 3393592.84282, 1.0
361, 48.04556, 1.0, 2000.0, 677.5, 1.5, 16560.28018, 3386590.10478, 1.0
362, 47.33713, 0.0, 0.0, 0.0, 1.42466, 16296.3303, 3379509.87927, 1.0
363, 46.57403, 0.0, 0.0, 0.0, 1.41176, 16000.37585, 3372466.33257, 1.0
364, 45.77904, 0.0, 0.0, 0.0, 1.46862, 15704.6492, 3365451.38041, 1.0
365, 45.041, 0.0, 0.0, 0.0, 1.42358, 15419.13667, 3358439.31663, 1.0
366, 44.25285, 1.0, 1000.0, 660.5, 1.51092, 15104.76538, 3351486.93166, 1.0
367, 43.51936, 1.0, 1000.0, 602.0, 1.45495, 14846.90433, 3344483.98633, 1.0
368, 42.76082, 1.0, 1000.0, 633.0, 1.40756, 14562.24374, 3337530.27335, 1.0
369, 42.02506, 1.0, 1000.0, 648.5, 1.38034, 14284.14579, 3330578.80866, 1.0
370, 41.26424, 1.0, 1000.0, 669.0, 1.34137, 13998.82688, 3323650.83144, 1.0
371, 40.6082, 1.0, 1000.0, 658.0, 1.35047, 13729.20046, 3316726.59681, 1.0
372, 39.95672, 1.0, 1000.0, 637.0, 1.40196, 13481.02733, 3309785.68337, 1.0
373, 39.23235, 1.0, 1000.0, 626.0, 1.39474, 13199.86333, 3302901.48975, 1.0
374, 38.56264, 0.0, 0.0, 0.0, 1.34862, 12965.7631, 3295987.89294, 1.0
375, 37.92938, 0.0, 0.0, 0.0, 1.36765, 12731.82005, 3289091.92711, 1.0
376, 37.32118, 0.0, 0.0, 0.0, 1.28708, 12483.71526, 3282218.20957, 1.0
377, 36.70615, 0.0, 0.0, 0.0, 1.36, 12241.58542, 3275360.30752, 1.0
378, 36.04328, 0.0, 0.0, 0.0, 1.43627, 12007.65376, 3268498.35991, 1.0
379, 35.49431, 1.0, 500.0, 629.0, 1.31694, 11786.78588, 3261651.08428, 1.0
380, 34.89522, 1.0, 1000.0, 639.0, 1.31841, 11559.99089, 3254820.73121, 1.0
381, 34.38041, 0.0, 0.0, 0.0, 1.28249, 11371.36219, 3247957.63781, 1.0
382, 33.80182, 0.0, 0.0, 0.0, 1.28788, 11146.06378, 3241145.48975, 1.0
383, 33.25285, 0.0, 0.0, 0.0, 1.26042, 10938.43736, 3234347.62642, 1.0
384, 32.66287, 1.0, 1000.0, 609.5, 1.34896, 10735.37813, 3227562.55809, 1.0
385, 32.14351, 0.0, 0.0, 0.0, 1.26667, 10546.44191, 3220771.25968, 1.0
386, 31.57403, 0.0, 0.0, 0.0, 1.32979, 10338.15034, 3214007.1959, 1.0
387, 31.07973, 1.0, 1000.0, 599.0, 1.25434, 10167.24374, 3207220.2779, 1.0
388, 30.5877, 1.0, 1000.0, 601.33333, 1.25581, 9977.91572, 3200477.7631, 1.0
389, 30.0205, 1.0, 1000.0, 671.0, 1.32275, 9772.96355, 3193766.77221, 1.0
390, 29.56264, 0.0, 0.0, 0.0, 1.22424, 9603.94533, 3187023.39408, 1.0
391, 29.1344, 1.0, 1000.0, 608.0, 1.22078, 9455.18907, 3180286.1754, 1.0
392, 28.63781, 0.0, 0.0, 0.0, 1.25143, 9271.7426, 3173585.84282, 1.0
393, 28.20273, 0.0, 0.0, 0.0, 1.23226, 9105.38952, 3166879.38724, 1.0
394, 27.70159, 1.0, 1000.0, 580.0, 1.30769, 8913.08656, 3160228.73804, 1.0
395, 27.15718, 0.0, 0.0, 0.0, 1.31319, 8710.89749, 3153597.51253, 1.0
396, 26.73576, 1.0, 1000.0, 644.0, 1.22517, 8560.31207, 3146919.44875, 1.0
397, 26.30524, 0.0, 0.0, 0.0, 1.26667, 8404.24829, 3140275.73804, 1.0
398, 25.89066, 0.0, 0.0, 0.0, 1.21711, 8248.86788, 3133639.93166, 1.0
399, 25.45558, 0.0, 0.0, 0.0, 1.24675, 8102.04328, 3127007.58087, 1.0
400, 25.03189, 0.0, 0.0, 0.0, 1.1625, 7952.64009, 3120399.31435, 1.0
401, 24.62415, 0.0, 0.0, 0.0, 1.20805, 7795.68565, 3113814.86333, 1.0
402, 24.16401, 1.0, 5000.0, 612.2, 1.24691, 7654.12528, 3107235.00911, 1.0
403, 23.73804, 0.0, 0.0, 0.0, 1.29861, 7509.48292, 3100661.47836, 1.0
404, 23.34169, 1.0, 1000.0, 608.0, 1.2069, 7367.14123, 3094104.76082, 1.0
405, 22.93622, 0.0, 0.0, 0.0, 1.22759, 7216.55353, 3087566.22096, 1.0
406, 22.54897, 0.0, 0.0, 0.0, 1.23913, 7087.49658, 3081016.70843, 1.0
407, 22.21412, 0.0, 0.0, 0.0, 1.18548, 6961.34624, 3074487.01139, 1.0
408, 21.82005, 0.0, 0.0, 0.0, 1.18493, 6807.73121, 3067992.38724, 1.0
409, 21.46469, 0.0, 0.0, 0.0, 1.2, 6682.18679, 3061482.74032, 1.0
410, 21.11845, 0.0, 0.0, 0.0, 1.20635, 6565.0205, 3054986.46241, 1.0
411, 20.76082, 0.0, 0.0, 0.0, 1.15441, 6436.04328, 3048515.33257, 1.0
412, 20.40319, 0.0, 0.0, 0.0, 1.21538, 6314.58087, 3042044.61959, 1.0
413, 20.05695, 1.0, 1000.0, 628.0, 1.19685, 6197.79727, 3035593.65831, 1.0
414, 19.76993, 0.0, 0.0, 0.0, 1.18519, 6075.94989, 3029150.46241, 0.0
415, 19.43964, 0.0, 0.0, 0.0, 1.17886, 5954.94077, 3022725.71754, 0.0
416, 19.16856, 0.0, 0.0, 0.0, 1.13333, 5855.69476, 3016283.75626, 0.0
417, 18.85649, 0.0, 0.0, 0.0, 1.17094, 5748.97494, 3009869.80866, 0.0
418, 18.56036, 0.0, 0.0, 0.0, 1.18182, 5648.29841, 3003462.84282, 0.0
419, 18.28246, 0.0, 0.0, 0.0, 1.18447, 5545.61731, 2997072.99089, 0.0
420, 17.959, 0.0, 0.0, 0.0, 1.24561, 5429.95672, 2990714.50797, 0.0
421, 17.62642, 0.0, 0.0, 0.0, 1.21667, 5324.18679, 2984350.11162, 0.0
422, 17.32802, 0.0, 0.0, 0.0, 1.20183, 5228.67654, 2977986.43508, 0.0
423, 17.00911, 0.0, 0.0, 0.0, 1.19658, 5131.40319, 2971656.87927, 0.0
424, 16.71982, 0.0, 0.0, 0.0, 1.15455, 5024.73349, 2965349.64692, 0.0
425, 16.42141, 0.0, 0.0, 0.0, 1.15929, 4915.65604, 2959045.79271, 0.0
426, 16.17995, 0.0, 0.0, 0.0, 1.10417, 4823.67426, 2952744.89522, 0.0
427, 15.90205, 0.0, 0.0, 0.0, 1.12963, 4732.17312, 2946463.24601, 0.0
428, 15.66059, 0.0, 0.0, 0.0, 1.10417, 4641.78588, 2940191.01595, 0.0
429, 15.35535, 0.0, 0.0, 0.0, 1.18584, 4541.51025, 2933944.49658, 0.0
430, 15.08656, 0.0, 0.0, 0.0, 1.11321, 4459.02733, 2927689.21185, 0.0
431, 14.82916, 0.0, 0.0, 0.0, 1.15306, 4376.81093, 2921444.96355, 0.0
432, 14.59226, 0.0, 0.0, 0.0, 1.15556, 4297.7836, 2915205.30979, 0.0
433, 14.34624, 0.0, 0.0, 0.0, 1.13684, 4209.27563, 2909006.01139, 0.0
434, 14.10251, 0.0, 0.0, 0.0, 1.05941, 4133.28474, 2902803.02278, 0.0
435, 13.86105, 0.0, 0.0, 0.0, 1.07071, 4046.84966, 2896612.87244, 0.0
436, 13.64692, 0.0, 0.0, 0.0, 1.10588, 3969.24374, 2890436.61731, 0.0
437, 13.44875, 1.0, 7000.0, 551.57143, 1.11538, 3919.41913, 2884249.27563, 1.0
438, 13.23007, 0.0, 0.0, 0.0, 1.07865, 3852.18451, 2878086.23918, 1.0
439, 13.00456, 0.0, 0.0, 0.0, 1.08791, 3782.42141, 2871930.24601, 1.0
440, 12.81549, 0.0, 0.0, 0.0, 1.12162, 3725.06834, 2865788.05467, 1.0
441, 12.59453, 0.0, 0.0, 0.0, 1.16867, 3654.90888, 2859671.43052, 1.0
442, 12.40774, 1.0, 1000.0, 523.0, 1.12329, 3597.86105, 2853558.42369, 1.0
443, 12.1344, 0.0, 0.0, 0.0, 1.16505, 3512.97267, 2847471.87244, 1.0
444, 11.90661, 0.0, 0.0, 0.0, 1.13636, 3434.69248, 2841407.5262, 1.0
445, 11.70615, 0.0, 0.0, 0.0, 1.15789, 3373.7836, 2835343.88838, 1.0
446, 11.48747, 0.0, 0.0, 0.0, 1.11628, 3309.6287, 2829288.21868, 1.0
447, 11.31435, 0.0, 0.0, 0.0, 1.04054, 3250.62187, 2823238.05923, 1.0
448, 11.10706, 0.0, 0.0, 0.0, 1.10976, 3181.30524, 2817221.37585, 1.0
449, 10.88383, 0.0, 0.0, 0.0, 1.11364, 3114.36674, 2811212.06834, 1.0
450, 10.67654, 0.0, 0.0, 0.0, 1.04598, 3048.57175, 2805200.69704, 1.0
451, 10.51481, 0.0, 0.0, 0.0, 1.04412, 2997.082, 2799199.35535, 1.0
452, 10.30752, 0.0, 0.0, 0.0, 1.06977, 2931.1344, 2793208.18679, 0.0
453, 10.10706, 0.0, 0.0, 0.0, 1.11392, 2870.40547, 2787227.34169, 0.0
454, 9.94989, 0.0, 0.0, 0.0, 1.09524, 2818.34852, 2781254.8656, 0.0
455, 9.79271, 0.0, 0.0, 0.0, 1.07813, 2768.92711, 2775303.9795, 0.0
456, 9.62642, 0.0, 0.0, 0.0, 1.14063, 2716.66287, 2769368.00911, 0.0
457, 9.4533, 0.0, 0.0, 0.0, 1.08571, 2661.91116, 2763446.6082, 0.0
458, 9.29613, 0.0, 0.0, 0.0, 1.07813, 2617.85877, 2757537.04556, 0.0
459, 9.10706, 0.0, 0.0, 0.0, 1.10667, 2565.70159, 2751637.1754, 0.0
460, 8.97722, 0.0, 0.0, 0.0, 1.01786, 2526.67654, 2745739.01367, 0.0
461, 8.83371, 0.0, 0.0, 0.0, 1.05, 2484.4533, 2739854.66515, 0.0
462, 8.68793, 0.0, 0.0, 0.0, 1.06667, 2436.2164, 2733994.97039, 0.0
463, 8.52847, 0.0, 0.0, 0.0, 1.09375, 2376.0615, 2728152.78815, 0.0
464, 8.38497, 0.0, 0.0, 0.0, 1.03279, 2330.46469, 2722308.63098, 0.0
465, 8.26879, 0.0, 0.0, 0.0, 1.02, 2295.77904, 2716467.79271, 0.0
466, 8.12073, 0.0, 0.0, 0.0, 1.08333, 2246.5672, 2710651.51936, 0.0
467, 7.97494, 0.0, 0.0, 0.0, 1.10345, 2207.19362, 2704843.76765, 0.0
468, 7.80638, 0.0, 0.0, 0.0, 1.10448, 2158.30752, 2699050.78815, 0.0
469, 7.71754, 0.0, 0.0, 0.0, 1.05405, 2127.05239, 2693260.49431, 0.0
470, 7.56492, 0.0, 0.0, 0.0, 1.15517, 2079.42825, 2687497.1139, 0.0
471, 7.45786, 0.0, 0.0, 0.0, 1.11905, 2047.43736, 2681733.07289, 0.0
472, 7.33257, 0.0, 0.0, 0.0, 1.12245, 2008.63098, 2675981.20729, 0.0
473, 7.21185, 0.0, 0.0, 0.0, 1.03922, 1975.49431, 2670240.82005, 0.0
474, 7.09339, 0.0, 0.0, 0.0, 1.06122, 1935.27335, 2664522.05011, 0.0
475, 7.0, 0.0, 0.0, 0.0, 1.07895, 1905.22096, 2658800.20046, 0.0
476, 6.8656, 0.0, 0.0, 0.0, 1.03509, 1862.07973, 2653110.55581, 0.0
477, 6.75854, 0.0, 0.0, 0.0, 1.09302, 1828.58542, 2647430.47836, 0.0
478, 6.65376, 0.0, 0.0, 0.0, 1.09524, 1793.82688, 2641756.30524, 0.0
479, 6.55809, 1.0, 1000.0, 501.0, 1.02439, 1762.92711, 2636086.19818, 1.0
480, 6.43052, 0.0, 0.0, 0.0, 1.05556, 1719.87016, 2630435.28018, 0.0
481, 6.32346, 1.0, 2000.0, 502.5, 1.06818, 1698.20273, 2624780.54214, 1.0
482, 6.2164, 0.0, 0.0, 0.0, 1.06818, 1660.68565, 2619156.54897, 1.0
483, 6.10023, 0.0, 0.0, 0.0, 1.08511, 1625.67198, 2613534.89522, 1.0
484, 6.01367, 0.0, 0.0, 0.0, 1.02703, 1604.53986, 2607920.96355, 1.0
485, 5.92938, 0.0, 0.0, 0.0, 1.02778, 1575.59453, 2602314.61503, 1.0
486, 5.81321, 0.0, 0.0, 0.0, 1.04082, 1540.72665, 2596734.32574, 1.0
487, 5.71526, 0.0, 0.0, 0.0, 1.04878, 1509.55809, 2591166.52164, 1.0
488, 5.6287, 0.0, 0.0, 0.0, 1.02703, 1483.44419, 2585601.01595, 1.0
489, 5.54214, 0.0, 0.0, 0.0, 1.0, 1453.8451, 2580046.22323, 1.0
490, 5.44875, 0.0, 0.0, 0.0, 1.07895, 1424.8861, 2574507.17995, 1.0
491, 5.35927, 0.0, 0.0, 0.0, 1.0, 1399.1968, 2568991.16629, 1.0
492, 5.2844, 0.0, 0.0, 0.0, 1.08333, 1371.22477, 2563390.32952, 0.0
493, 5.19725, 0.0, 0.0, 0.0, 1.05556, 1346.96789, 2557898.61468, 0.0
494, 5.13761, 0.0, 0.0, 0.0, 1.08333, 1331.63073, 2552398.84862, 0.0
495, 5.05046, 0.0, 0.0, 0.0, 1.08571, 1306.34404, 2546910.48853, 0.0
496, 4.97018, 0.0, 0.0, 0.0, 1.02941, 1282.43578, 2541433.83028, 0.0
497, 4.91055, 0.0, 0.0, 0.0, 1.04, 1266.13761, 2535968.87156, 0.0
498, 4.84332, 0.0, 0.0, 0.0, 1.05405, 1249.68664, 2530521.02982, 0.0
499, 4.73272, 0.0, 0.0, 0.0, 1.09091, 1224.3318, 2524966.26728, 0.0
500, 4.65668, 0.0, 0.0, 0.0, 1.06452, 1202.6682, 2519540.4977, 0.0
501, 4.58525, 0.0, 0.0, 0.0, 1.0, 1180.12673, 2514131.70737, 0.0
502, 4.51152, 0.0, 0.0, 0.0, 1.03226, 1157.74194, 2508727.99309, 0.0
503, 4.44342, 0.0, 0.0, 0.0, 1.0, 1139.01155, 2503340.75115, 0.0
504, 4.37269, 0.0, 0.0, 0.0, 1.02941, 1118.25, 2497944.82217, 0.0
505, 4.30093, 0.0, 0.0, 0.0, 1.14815, 1097.46991, 2492579.08102, 0.0
506, 4.22454, 0.0, 0.0, 0.0, 1.03125, 1079.55093, 2487218.3125, 0.0
507, 4.16667, 0.0, 0.0, 0.0, 1.04167, 1063.84954, 2481864.46065, 0.0
508, 4.10648, 0.0, 0.0, 0.0, 1.0, 1046.86806, 2476527.88889, 0.0
509, 4.05787, 0.0, 0.0, 0.0, 1.0, 1034.4838, 2471196.0162, 0.0
510, 4.0, 0.0, 0.0, 0.0, 1.03571, 1021.79814, 2465886.33796, 0.0
511, 3.93039, 0.0, 0.0, 0.0, 1.03448, 998.97912, 2460635.57077, 0.0
512, 3.87703, 0.0, 0.0, 0.0, 1.09524, 985.32947, 2455346.99072, 0.0
513, 3.82135, 0.0, 0.0, 0.0, 1.0, 969.64733, 2450066.34571, 0.0
514, 3.77855, 0.0, 0.0, 0.0, 1.0, 959.08625, 2444798.64733, 0.0
515, 3.72196, 0.0, 0.0, 0.0, 1.0, 942.43692, 2439515.54779, 0.0
516, 3.65888, 0.0, 0.0, 0.0, 1.03846, 926.73832, 2434256.67757, 0.0
517, 3.60748, 0.0, 0.0, 0.0, 1.04762, 914.01402, 2429015.9229, 0.0
518, 3.55738, 0.0, 0.0, 0.0, 1.13636, 901.71663, 2423790.79673, 0.0
519, 3.51059, 0.0, 0.0, 0.0, 1.03846, 890.11529, 2418533.47541, 0.0
520, 3.47059, 0.0, 0.0, 0.0, 1.0625, 880.05882, 2413309.57882, 0.0
521, 3.40802, 0.0, 0.0, 0.0, 1.03448, 861.43396, 2408133.75059, 0.0
522, 3.35934, 0.0, 0.0, 0.0, 1.0, 850.39716, 2402939.75, 0.0
523, 3.30024, 0.0, 0.0, 0.0, 1.0, 829.88889, 2397760.31442, 0.0
524, 3.24645, 0.0, 0.0, 0.0, 1.04, 815.80569, 2392604.72813, 0.0
525, 3.21905, 0.0, 0.0, 0.0, 1.05882, 808.4881, 2387474.53555, 0.0
526, 3.17464, 0.0, 0.0, 0.0, 1.13636, 800.64593, 2382285.80476, 0.0
527, 3.14115, 0.0, 0.0, 0.0, 1.0, 789.20574, 2377210.43541, 0.0
528, 3.09809, 0.0, 0.0, 0.0, 1.0, 779.7488, 2372099.05742, 0.0
529, 3.05995, 0.0, 0.0, 0.0, 1.11765, 765.3789, 2367001.3134, 0.0
530, 3.00962, 0.0, 0.0, 0.0, 1.0, 754.39904, 2361923.28297, 0.0
531, 2.96635, 0.0, 0.0, 0.0, 1.05882, 744.21875, 2356829.04567, 0.0
532, 2.93029, 0.0, 0.0, 0.0, 1.0, 731.34615, 2351752.61298, 0.0
533, 2.89423, 0.0, 0.0, 0.0, 1.0, 721.58173, 2346689.96875, 0.0
534, 2.85817, 0.0, 0.0, 0.0, 1.0, 713.09135, 2341629.79087, 0.0
535, 2.79087, 0.0, 0.0, 0.0, 1.0, 692.00721, 2336594.42788, 0.0
536, 2.76145, 0.0, 0.0, 0.0, 1.0, 683.18313, 2331577.5024, 0.0
537, 2.7253, 0.0, 0.0, 0.0, 1.07143, 670.49398, 2326558.21687, 0.0
538, 2.69007, 0.0, 0.0, 0.0, 1.0, 660.83777, 2321567.01205, 0.0
539, 2.65617, 0.0, 0.0, 0.0, 1.0, 649.25424, 2316480.52785, 0.0
540, 2.62379, 0.0, 0.0, 0.0, 1.0, 640.14806, 2311500.08232, 0.0
541, 2.60294, 0.0, 0.0, 0.0, 1.05556, 631.54412, 2306492.41262, 0.0
542, 2.56543, 0.0, 0.0, 0.0, 1.04545, 618.99506, 2301528.85539, 0.0
543, 2.53598, 0.0, 0.0, 0.0, 1.0, 610.76427, 2296524.83704, 0.0
544, 2.50376, 0.0, 0.0, 0.0, 1.0, 603.15789, 2291616.39206, 0.0
545, 2.45865, 0.0, 0.0, 0.0, 1.125, 592.96241, 2286639.92732, 0.0
546, 2.42714, 0.0, 0.0, 0.0, 1.07143, 584.05025, 2281722.82206, 0.0
547, 2.39899, 0.0, 0.0, 0.0, 1.0, 577.71465, 2276784.41206, 0.0
548, 2.35443, 0.0, 0.0, 0.0, 1.05263, 567.43797, 2271877.70202, 0.0
549, 2.32487, 0.0, 0.0, 0.0, 1.07692, 557.83503, 2266968.2, 0.0
550, 2.28753, 0.0, 0.0, 0.0, 1.0, 545.63868, 2262099.01523, 0.0
551, 2.26343, 0.0, 0.0, 0.0, 1.0, 539.13299, 2257279.70229, 0.0
552, 2.24227, 0.0, 0.0, 0.0, 1.0, 532.04639, 2252441.98977, 0.0
553, 2.21762, 0.0, 0.0, 0.0, 1.07692, 523.66321, 2247672.36856, 0.0
554, 2.20573, 0.0, 0.0, 0.0, 1.0, 519.67969, 2242855.05181, 0.0
555, 2.17801, 0.0, 0.0, 0.0, 1.0, 514.72251, 2238031.15365, 0.0
556, 2.15223, 0.0, 0.0, 0.0, 1.0, 509.33333, 2233216.7801, 0.0
557, 2.11082, 0.0, 0.0, 0.0, 1.0, 497.84697, 2228439.7979, 0.0
558, 2.09284, 0.0, 0.0, 0.0, 1.0, 492.28117, 2223619.48285, 0.0
559, 2.07467, 0.0, 0.0, 0.0, 1.0, 487.22133, 2218748.49602, 0.0
560, 2.06166, 0.0, 0.0, 0.0, 1.125, 483.0429, 2213981.952, 0.0
561, 2.03495, 0.0, 0.0, 0.0, 1.0, 477.66398, 2209166.437, 0.0
562, 2.00813, 0.0, 0.0, 0.0, 1.0, 464.53388, 2204441.32796, 0.0
563, 1.98638, 0.0, 0.0, 0.0, 1.0, 457.40872, 2199678.73442, 0.0
564, 1.94521, 0.0, 0.0, 0.0, 1.05556, 448.70137, 2194950.61853, 0.0
565, 1.9337, 0.0, 0.0, 0.0, 1.0, 448.29282, 2190193.90137, 0.0
566, 1.92521, 0.0, 0.0, 0.0, 1.0, 444.76177, 2185459.3232, 0.0
567, 1.91643, 0.0, 0.0, 0.0, 1.0, 442.45682, 2180717.72576, 0.0
568, 1.90223, 0.0, 0.0, 0.0, 1.0, 437.93017, 2175954.96379, 0.0
569, 1.88451, 0.0, 0.0, 0.0, 1.0, 431.70986, 2171220.35754, 0.0
570, 1.85511, 0.0, 0.0, 0.0, 1.14286, 425.08807, 2166431.87606, 0.0
571, 1.83714, 0.0, 0.0, 0.0, 1.0, 419.36, 2161751.39773, 0.0
572, 1.81375, 0.0, 0.0, 0.0, 1.0, 410.3639, 2157145.09714, 0.0
573, 1.79769, 0.0, 0.0, 0.0, 1.0, 407.9422, 2152507.42407, 0.0
574, 1.78886, 0.0, 0.0, 0.0, 1.0, 404.72727, 2147791.0, 0.0
575, 1.78274, 0.0, 0.0, 0.0, 1.0, 405.0506, 2143204.34604, 0.0
576, 1.75976, 0.0, 0.0, 0.0, 1.0, 399.83183, 2138585.95833, 0.0
577, 1.75684, 0.0, 0.0, 0.0, 1.0, 396.08207, 2133887.24024, 0.0
578, 1.74695, 0.0, 0.0, 0.0, 1.0, 392.72561, 2129334.06079, 0.0
579, 1.72755, 0.0, 0.0, 0.0, 1.0, 384.82663, 2124774.38415, 0.0
580, 1.70405, 0.0, 0.0, 0.0, 1.0, 380.81308, 2120128.97523, 0.0
581, 1.7057, 0.0, 0.0, 0.0, 1.0, 379.75633, 2115617.5109, 0.0
582, 1.68371, 0.0, 0.0, 0.0, 1.09091, 371.77316, 2111157.33228, 0.0
583, 1.67314, 0.0, 0.0, 0.0, 1.0, 368.79288, 2106701.71246, 0.0
584, 1.65686, 0.0, 0.0, 0.0, 1.0, 366.84314, 2102174.13269, 0.0
585, 1.64145, 0.0, 0.0, 0.0, 1.0, 361.12829, 2097676.96405, 0.0
586, 1.62829, 0.0, 0.0, 0.0, 1.0, 357.125, 2093293.48684, 0.0
587, 1.62333, 0.0, 0.0, 0.0, 1.0, 353.15, 2088799.05263, 0.0
588, 1.6087, 0.0, 0.0, 0.0, 1.0, 352.51171, 2084279.90667, 0.0
589, 1.58784, 0.0, 0.0, 0.0, 1.1, 345.71959, 2079877.81605, 0.0
590, 1.56314, 0.0, 0.0, 0.0, 1.0, 339.79181, 2075388.45608, 0.0
591, 1.53584, 0.0, 0.0, 0.0, 1.0, 337.09556, 2070870.08191, 0.0
592, 1.52759, 0.0, 0.0, 0.0, 1.0, 336.54483, 2066427.32082, 0.0
593, 1.51903, 0.0, 0.0, 0.0, 1.0, 333.76125, 2062058.56207, 0.0
594, 1.50877, 0.0, 0.0, 0.0, 1.0, 332.11579, 2057689.83045, 0.0
595, 1.50896, 0.0, 0.0, 0.0, 1.0, 334.09319, 2053178.03158, 0.0
596, 1.49638, 0.0, 0.0, 0.0, 1.0, 330.11232, 2048864.37993, 0.0
597, 1.49265, 0.0, 0.0, 0.0, 1.0, 328.60294, 2044539.91304, 0.0
598, 1.49064, 0.0, 0.0, 0.0, 1.0, 328.30712, 2040190.05515, 0.0
599, 1.47529, 0.0, 0.0, 0.0, 1.0, 328.25475, 2036030.17228, 0.0
600, 1.45946, 0.0, 0.0, 0.0, 1.0, 325.46332, 2031673.38783, 0.0
601, 1.45455, 0.0, 0.0, 0.0, 1.0, 326.41502, 2027334.31274, 0.0
602, 1.436, 0.0, 0.0, 0.0, 1.0, 320.532, 2022970.77866, 0.0
603, 1.43145, 0.0, 0.0, 0.0, 1.0, 318.54032, 2018594.904, 0.0
604, 1.41296, 0.0, 0.0, 0.0, 1.0, 317.94332, 2014302.90726, 0.0
605, 1.40574, 0.0, 0.0, 0.0, 1.0, 315.05738, 2009948.8583, 0.0
606, 1.38843, 0.0, 0.0, 0.0, 1.0, 307.95041, 2005518.59426, 0.0
607, 1.39076, 0.0, 0.0, 0.0, 1.0, 305.14286, 2001290.69008, 0.0
608, 1.37712, 0.0, 0.0, 0.0, 1.0, 303.23305, 1997060.42017, 0.0
609, 1.36596, 0.0, 0.0, 0.0, 1.0, 299.9234, 1992745.12288, 0.0
610, 1.36364, 0.0, 0.0, 0.0, 1.0, 299.41558, 1988454.82979, 0.0
611, 1.35242, 0.0, 0.0, 0.0, 1.0, 297.66079, 1984349.63203, 0.0
612, 1.34667, 0.0, 0.0, 0.0, 1.0, 297.18667, 1980101.22467, 0.0
613, 1.32735, 0.0, 0.0, 0.0, 1.0, 293.98206, 1975814.50222, 0.0
614, 1.3242, 0.0, 0.0, 0.0, 1.0, 290.84475, 1971691.01345, 0.0
615, 1.32569, 0.0, 0.0, 0.0, 1.0, 290.24312, 1967363.16895, 0.0
616, 1.33178, 0.0, 0.0, 0.0, 1.0, 290.46729, 1963183.90826, 0.0
617, 1.33019, 0.0, 0.0, 0.0, 1.0, 287.83019, 1959010.18692, 0.0
618, 1.31604, 0.0, 0.0, 0.0, 1.0, 284.20283, 1954713.87736, 0.0
619, 1.30476, 0.0, 0.0, 0.0, 1.0, 279.40476, 1950533.13208, 0.0
620, 1.30144, 0.0, 0.0, 0.0, 1.0, 278.85167, 1946394.03333, 0.0
621, 1.29557, 0.0, 0.0, 0.0, 1.0, 277.83251, 1942241.58373, 0.0
622, 1.3, 0.0, 0.0, 0.0, 1.0, 277.31, 1938050.24631, 0.0
623, 1.30769, 0.0, 0.0, 0.0, 1.0, 264.90256, 1933886.97, 0.0
624, 1.3057, 0.0, 0.0, 0.0, 1.0, 267.05181, 1929525.24103, 0.0
625, 1.30688, 0.0, 0.0, 0.0, 1.0, 266.43386, 1925362.20207, 0.0
626, 1.31351, 0.0, 0.0, 0.0, 1.0, 267.24865, 1920969.37037, 0.0
627, 1.31285, 0.0, 0.0, 0.0, 1.0, 265.68715, 1916700.98378, 0.0
628, 1.30899, 0.0, 0.0, 0.0, 1.0, 264.81461, 1912286.67039, 0.0
629, 1.30682, 0.0, 0.0, 0.0, 1.0, 267.17045, 1908056.2191, 0.0
630, 1.31214, 0.0, 0.0, 0.0, 1.0, 266.15029, 1904045.03977, 0.0
631, 1.30588, 0.0, 0.0, 0.0, 1.0, 261.96471, 1899892.07514, 0.0
632, 1.2994, 0.0, 0.0, 0.0, 1.0, 261.23353, 1895755.72941, 0.0
633, 1.27439, 0.0, 0.0, 0.0, 1.0, 255.07317, 1891508.02395, 0.0
634, 1.26708, 0.0, 0.0, 0.0, 1.0, 253.2236, 1887326.84756, 0.0
635, 1.2625, 0.0, 0.0, 0.0, 1.0, 250.8625, 1883079.03727, 0.0
636, 1.25478, 0.0, 0.0, 0.0, 1.0, 253.14013, 1879109.425, 0.0
637, 1.25325, 0.0, 0.0, 0.0, 1.0, 251.2013, 1874995.66879, 0.0
638, 1.24837, 0.0, 0.0, 0.0, 1.0, 248.36601, 1870997.51299, 0.0
639, 1.24667, 0.0, 0.0, 0.0, 1.0, 247.60667, 1867057.65359, 0.0
640, 1.24324, 0.0, 0.0, 0.0, 1.0, 243.50676, 1862974.32667, 0.0
641, 1.23129, 0.0, 0.0, 0.0, 1.0, 239.37415, 1858933.52027, 0.0
642, 1.23448, 0.0, 0.0, 0.0, 1.0, 240.37241, 1854887.72789, 0.0
643, 1.24113, 0.0, 0.0, 0.0, 1.0, 238.16312, 1850836.02759, 0.0
644, 1.23188, 0.0, 0.0, 0.0, 1.0, 233.01449, 1846864.22695, 0.0
645, 1.22628, 0.0, 0.0, 0.0, 1.0, 231.9562, 1842775.08696, 0.0
646, 1.21642, 0.0, 0.0, 0.0, 1.0, 228.49254, 1838859.09489, 0.0
647, 1.20149, 0.0, 0.0, 0.0, 1.0, 226.03731, 1834832.74627, 0.0
648, 1.18797, 0.0, 0.0, 0.0, 1.0, 221.04511, 1830895.30597, 0.0
649, 1.18321, 0.0, 0.0, 0.0, 1.0, 219.74046, 1826899.45113, 0.0
650, 1.17557, 0.0, 0.0, 0.0, 1.0, 219.24427, 1822964.16794, 0.0
651, 1.17054, 0.0, 0.0, 0.0, 1.0, 220.26357, 1819070.69466, 0.0
652, 1.1746, 0.0, 0.0, 0.0, 1.0, 216.81746, 1815067.47287, 0.0
653, 1.17742, 0.0, 0.0, 0.0, 1.0, 217.43548, 1811157.66667, 0.0
654, 1.17073, 0.0, 0.0, 0.0, 1.0, 216.57724, 1807225.67742, 0.0
655, 1.17355, 0.0, 0.0, 0.0, 1.0, 217.41322, 1803346.95122, 0.0
656, 1.175, 0.0, 0.0, 0.0, 1.0, 216.31667, 1799562.99174, 0.0
657, 1.17949, 0.0, 0.0, 0.0, 1.0, 212.74359, 1795615.9, 0.0
658, 1.18103, 0.0, 0.0, 0.0, 1.0, 214.15517, 1791815.58974, 0.0
659, 1.16379, 0.0, 0.0, 0.0, 1.0, 208.67241, 1787872.09483, 0.0
660, 1.16522, 0.0, 0.0, 0.0, 1.0, 207.78261, 1784052.27586, 0.0
661, 1.16814, 0.0, 0.0, 0.0, 1.0, 208.90265, 1780396.54783, 0.0
662, 1.15929, 0.0, 0.0, 0.0, 1.0, 208.49558, 1776370.32743, 0.0
663, 1.16071, 0.0, 0.0, 0.0, 1.0, 207.34821, 1772568.56637, 0.0
664, 1.15315, 0.0, 0.0, 0.0, 1.0, 202.62162, 1768648.27679, 0.0
665, 1.15315, 0.0, 0.0, 0.0, 0.0, 202.14414, 1764842.5045, 0.0
666, 1.14414, 0.0, 0.0, 0.0, 1.0, 201.61261, 1761027.67568, 0.0
667, 1.14679, 0.0, 0.0, 0.0, 1.0, 198.97248, 1757270.38739, 0.0
668, 1.14019, 0.0, 0.0, 0.0, 1.0, 197.24299, 1753505.62385, 0.0
669, 1.14019, 0.0, 0.0, 0.0, 0.0, 196.8972, 1749776.95327, 0.0
670, 1.14286, 0.0, 0.0, 0.0, 1.0, 200.2, 1746041.62617, 0.0
671, 1.14286, 0.0, 0.0, 0.0, 0.0, 199.71429, 1741998.58095, 0.0
672, 1.14423, 0.0, 0.0, 0.0, 1.0, 198.24038, 1738252.00952, 0.0
673, 1.13725, 0.0, 0.0, 0.0, 1.0, 197.98039, 1734299.875, 0.0
674, 1.13725, 0.0, 0.0, 0.0, 0.0, 197.61765, 1730500.97059, 0.0
675, 1.13861, 0.0, 0.0, 0.0, 1.0, 196.35644, 1726789.32353, 0.0
676, 1.14, 0.0, 0.0, 0.0, 1.0, 195.5, 1723032.88119, 0.0
677, 1.13, 0.0, 0.0, 0.0, 1.0, 195.11, 1719443.96, 0.0
678, 1.12245, 0.0, 0.0, 0.0, 1.0, 191.09184, 1715791.19, 0.0
679, 1.12766, 0.0, 0.0, 0.0, 1.0, 188.05319, 1712144.7449, 0.0
680, 1.10638, 0.0, 0.0, 0.0, 1.0, 185.3617, 1708120.71277, 0.0
681, 1.10989, 0.0, 0.0, 0.0, 1.0, 188.51648, 1704527.26596, 0.0
682, 1.11111, 0.0, 0.0, 0.0, 1.0, 187.42222, 1700783.42857, 0.0
683, 1.11494, 0.0, 0.0, 0.0, 1.0, 184.63218, 1697058.27778, 0.0
684, 1.11494, 0.0, 0.0, 0.0, 0.0, 184.18391, 1693306.03448, 0.0
685, 1.11494, 0.0, 0.0, 0.0, 0.0, 183.70115, 1689644.55172, 0.0
686, 1.11765, 0.0, 0.0, 0.0, 1.0, 181.83529, 1686068.14943, 0.0
687, 1.11905, 0.0, 0.0, 0.0, 1.0, 181.08333, 1682406.08235, 0.0
688, 1.125, 0.0, 0.0, 0.0, 1.0, 176.0625, 1678947.54762, 0.0
689, 1.12658, 0.0, 0.0, 0.0, 1.0, 174.55696, 1675283.8625, 0.0
690, 1.13158, 0.0, 0.0, 0.0, 1.0, 171.22368, 1671772.50633, 0.0
691, 1.10959, 0.0, 0.0, 0.0, 1.0, 170.9726, 1667966.14474, 0.0
692, 1.11268, 0.0, 0.0, 0.0, 1.0, 171.53521, 1664672.0, 0.0
693, 1.11268, 0.0, 0.0, 0.0, 0.0, 171.23944, 1661041.71831, 0.0
694, 1.11268, 0.0, 0.0, 0.0, 0.0, 170.84507, 1657456.21127, 0.0
695, 1.11429, 0.0, 0.0, 0.0, 1.0, 169.31429, 1653900.74648, 0.0
696, 1.10145, 0.0, 0.0, 0.0, 1.0, 167.81159, 1650172.58571, 0.0
697, 1.10145, 0.0, 0.0, 0.0, 0.0, 167.3913, 1646702.21739, 0.0
698, 1.10294, 0.0, 0.0, 0.0, 1.0, 164.89706, 1643166.91304, 0.0
699, 1.10606, 0.0, 0.0, 0.0, 1.0, 161.12121, 1639647.27941, 0.0
700, 1.10938, 0.0, 0.0, 0.0, 1.0, 162.8125, 1636276.25758, 0.0
701, 1.10938, 0.0, 0.0, 0.0, 0.0, 162.53125, 1632254.85938, 0.0
702, 1.10938, 0.0, 0.0, 0.0, 0.0, 162.04688, 1628747.4375, 0.0
703, 1.10938, 0.0, 0.0, 0.0, 0.0, 161.78125, 1625220.375, 0.0
704, 1.11475, 0.0, 0.0, 0.0, 1.0, 165.14754, 1621842.65625, 0.0
705, 1.10169, 0.0, 0.0, 0.0, 1.0, 158.9322, 1618563.09836, 0.0
706, 1.10169, 0.0, 0.0, 0.0, 0.0, 158.64407, 1615202.35593, 0.0
707, 1.10169, 0.0, 0.0, 0.0, 0.0, 158.35593, 1611716.35593, 0.0
708, 1.10345, 0.0, 0.0, 0.0, 1.0, 156.5, 1608262.30508, 0.0
709, 1.10909, 0.0, 0.0, 0.0, 1.0, 164.61818, 1604923.31034, 0.0
710, 1.10909, 0.0, 0.0, 0.0, 0.0, 164.16364, 1601843.90909, 0.0
711, 1.11538, 0.0, 0.0, 0.0, 1.0, 169.63462, 1598512.45455, 0.0
712, 1.11538, 0.0, 0.0, 0.0, 0.0, 169.26923, 1594623.17308, 0.0
713, 1.09804, 0.0, 0.0, 0.0, 1.0, 167.76471, 1591243.90385, 0.0
714, 1.09804, 0.0, 0.0, 0.0, 0.0, 167.52941, 1587353.43137, 0.0
715, 1.09804, 0.0, 0.0, 0.0, 0.0, 167.27451, 1583931.94118, 0.0
716, 1.10204, 0.0, 0.0, 0.0, 1.0, 164.44898, 1580573.70588, 0.0
717, 1.10204, 0.0, 0.0, 0.0, 0.0, 163.91837, 1577509.34694, 0.0
718, 1.10417, 0.0, 0.0, 0.0, 1.0, 166.91667, 1574170.16327, 0.0
719, 1.1087, 0.0, 0.0, 0.0, 1.0, 161.56522, 1571009.75, 0.0
720, 1.1087, 0.0, 0.0, 0.0, 0.0, 161.32609, 1567614.69565, 0.0
721, 1.08889, 0.0, 0.0, 0.0, 1.0, 152.31111, 1564269.69565, 0.0
722, 1.09091, 0.0, 0.0, 0.0, 1.0, 155.34091, 1561148.04444, 0.0
723, 1.09091, 0.0, 0.0, 0.0, 0.0, 155.06818, 1558031.75, 0.0
724, 1.09524, 0.0, 0.0, 0.0, 1.0, 155.21429, 1554707.40909, 0.0
725, 1.09524, 0.0, 0.0, 0.0, 0.0, 154.90476, 1550972.54762, 0.0
726, 1.07143, 0.0, 0.0, 0.0, 1.0, 149.40476, 1547650.02381, 0.0
727, 1.07317, 0.0, 0.0, 0.0, 1.0, 152.63415, 1544337.47619, 0.0
728, 1.04878, 0.0, 0.0, 0.0, 1.0, 145.41463, 1541225.26829, 0.0
729, 1.05128, 0.0, 0.0, 0.0, 1.0, 145.94872, 1537965.65854, 0.0
730, 1.05556, 0.0, 0.0, 0.0, 1.0, 145.88889, 1534547.51282, 0.0
731, 1.05556, 0.0, 0.0, 0.0, 0.0, 145.61111, 1530582.25, 0.0
732, 1.05556, 0.0, 0.0, 0.0, 0.0, 145.25, 1527269.19444, 0.0
733, 1.05882, 0.0, 0.0, 0.0, 1.0, 146.44118, 1524083.61111, 0.0
734, 1.05882, 0.0, 0.0, 0.0, 0.0, 146.20588, 1520775.26471, 0.0
735, 1.06061, 0.0, 0.0, 0.0, 1.0, 143.57576, 1517570.23529, 0.0
736, 1.06452, 0.0, 0.0, 0.0, 1.0, 146.0, 1514458.87879, 0.0
737, 1.06452, 0.0, 0.0, 0.0, 0.0, 145.58065, 1510650.64516, 0.0
738, 1.06667, 0.0, 0.0, 0.0, 1.0, 143.0, 1507447.51613, 0.0
739, 1.06667, 0.0, 0.0, 0.0, 0.0, 142.73333, 1504209.8, 0.0
740, 1.06667, 0.0, 0.0, 0.0, 0.0, 142.33333, 1500981.8, 0.0
741, 1.06667, 0.0, 0.0, 0.0, 0.0, 142.1, 1497766.73333, 0.0
742, 1.06667, 0.0, 0.0, 0.0, 0.0, 141.93333, 1494537.5, 0.0
743, 1.06667, 0.0, 0.0, 0.0, 0.0, 141.63333, 1491313.6, 0.0
744, 1.06667, 0.0, 0.0, 0.0, 0.0, 141.33333, 1488077.7, 0.0
745, 1.06667, 0.0, 0.0, 0.0, 0.0, 141.1, 1484901.56667, 0.0
746, 1.06667, 0.0, 0.0, 0.0, 0.0, 140.83333, 1481720.13333, 0.0
747, 1.03333, 0.0, 0.0, 0.0, 1.0, 140.43333, 1478523.9, 0.0
748, 1.03448, 0.0, 0.0, 0.0, 1.0, 137.96552, 1475383.6, 0.0
749, 1.03448, 0.0, 0.0, 0.0, 0.0, 137.75862, 1471879.68966, 0.0
750, 1.03448, 0.0, 0.0, 0.0, 0.0, 137.65517, 1468712.10345, 0.0
751, 1.03704, 0.0, 0.0, 0.0, 1.0, 140.37037, 1465621.72414, 0.0
752, 1.03846, 0.0, 0.0, 0.0, 1.0, 137.61538, 1462334.74074, 0.0
753, 1.03846, 0.0, 0.0, 0.0, 0.0, 137.19231, 1459097.69231, 0.0
754, 1.03846, 0.0, 0.0, 0.0, 0.0, 136.92308, 1455953.11538, 0.0
755, 1.04, 0.0, 0.0, 0.0, 1.0, 133.92, 1452847.88462, 0.0
756, 1.04, 0.0, 0.0, 0.0, 0.0, 133.48, 1449753.64, 0.0
757, 1.04, 0.0, 0.0, 0.0, 0.0, 133.16, 1446655.76, 0.0
758, 1.04167, 0.0, 0.0, 0.0, 1.0, 138.45833, 1443614.08, 0.0
759, 1.04167, 0.0, 0.0, 0.0, 0.0, 138.08333, 1440739.91667, 0.0
760, 1.04348, 0.0, 0.0, 0.0, 1.0, 143.91304, 1437677.75, 0.0
761, 1.04348, 0.0, 0.0, 0.0, 0.0, 143.6087, 1434587.0, 0.0
762, 1.04348, 0.0, 0.0, 0.0, 0.0, 143.47826, 1431445.91304, 0.0
763, 1.04348, 0.0, 0.0, 0.0, 0.0, 143.26087, 1428358.47826, 0.0
764, 1.04348, 0.0, 0.0, 0.0, 0.0, 143.0, 1425308.21739, 0.0
765, 1.04348, 0.0, 0.0, 0.0, 0.0, 142.6087, 1422224.21739, 0.0
766, 1.04348, 0.0, 0.0, 0.0, 0.0, 142.47826, 1419170.30435, 0.0
767, 1.04348, 0.0, 0.0, 0.0, 0.0, 142.21739, 1416101.43478, 0.0
768, 1.05, 0.0, 0.0, 0.0, 1.0, 153.35, 1413388.13043, 0.0
769, 1.05263, 0.0, 0.0, 0.0, 1.0, 161.10526, 1410963.7, 0.0
770, 1.05556, 0.0, 0.0, 0.0, 1.0, 169.55556, 1407746.0, 0.0
771, 1.05882, 0.0, 0.0, 0.0, 1.0, 167.29412, 1404487.72222, 0.0
772, 1.05882, 0.0, 0.0, 0.0, 0.0, 166.88235, 1400741.47059, 0.0
773, 1.05882, 0.0, 0.0, 0.0, 0.0, 166.41176, 1397737.23529, 0.0
774, 1.05882, 0.0, 0.0, 0.0, 0.0, 166.05882, 1394719.29412, 0.0
775, 1.05882, 0.0, 0.0, 0.0, 0.0, 165.70588, 1391725.58824, 0.0
776, 1.05882, 0.0, 0.0, 0.0, 0.0, 165.58824, 1388740.52941, 0.0
777, 1.05882, 0.0, 0.0, 0.0, 0.0, 165.29412, 1385736.17647, 0.0
778, 1.05882, 0.0, 0.0, 0.0, 0.0, 164.70588, 1382722.0, 0.0
779, 1.05882, 0.0, 0.0, 0.0, 0.0, 164.17647, 1379770.70588, 0.0
780, 1.05882, 0.0, 0.0, 0.0, 0.0, 163.64706, 1376794.88235, 0.0
781, 1.05882, 0.0, 0.0, 0.0, 0.0, 163.11765, 1373847.29412, 0.0
782, 1.05882, 0.0, 0.0, 0.0, 0.0, 162.88235, 1370845.94118, 0.0
783, 1.0625, 0.0, 0.0, 0.0, 1.0, 172.5625, 1368060.52941, 0.0
784, 1.0625, 0.0, 0.0, 0.0, 0.0, 172.0625, 1364778.375, 0.0
785, 1.0625, 0.0, 0.0, 0.0, 0.0, 171.6875, 1361844.9375, 0.0
786, 1.06667, 0.0, 0.0, 0.0, 1.0, 169.4, 1359102.875, 0.0
787, 1.06667, 0.0, 0.0, 0.0, 0.0, 169.2, 1355158.0, 0.0
788, 1.06667, 0.0, 0.0, 0.0, 0.0, 168.86667, 1352220.33333, 0.0
789, 1.06667, 0.0, 0.0, 0.0, 0.0, 168.4, 1349295.46667, 0.0
790, 1.07143, 0.0, 0.0, 0.0, 1.0, 157.78571, 1346462.53333, 0.0
791, 1.07143, 0.0, 0.0, 0.0, 0.0, 157.64286, 1343211.5, 0.0
792, 1.07692, 0.0, 0.0, 0.0, 1.0, 169.23077, 1340433.57143, 0.0
793, 1.07692, 0.0, 0.0, 0.0, 0.0, 168.92308, 1337826.0, 0.0
794, 1.07692, 0.0, 0.0, 0.0, 0.0, 168.23077, 1334922.76923, 0.0
795, 1.07692, 0.0, 0.0, 0.0, 0.0, 167.92308, 1332057.0, 0.0
796, 1.07692, 0.0, 0.0, 0.0, 0.0, 167.61538, 1329165.61538, 0.0
797, 1.07692, 0.0, 0.0, 0.0, 0.0, 167.30769, 1326249.84615, 0.0
798, 1.07692, 0.0, 0.0, 0.0, 0.0, 166.92308, 1323365.0, 0.0
799, 1.07692, 0.0, 0.0, 0.0, 0.0, 166.53846, 1320518.84615, 0.0
800, 1.07692, 0.0, 0.0, 0.0, 0.0, 166.30769, 1317647.30769, 0.0
801, 1.07692, 0.0, 0.0, 0.0, 0.0, 166.07692, 1314821.53846, 0.0
802, 1.08333, 0.0, 0.0, 0.0, 1.0, 179.33333, 1312131.84615, 0.0
803, 1.08333, 0.0, 0.0, 0.0, 0.0, 179.16667, 1309130.58333, 0.0
804, 1.08333, 0.0, 0.0, 0.0, 0.0, 178.5, 1306314.16667, 0.0
805, 1.08333, 0.0, 0.0, 0.0, 0.0, 178.16667, 1303535.91667, 0.0
806, 1.1, 0.0, 0.0, 0.0, 1.0, 195.6, 1301030.66667, 0.0
807, 1.11111, 0.0, 0.0, 0.0, 1.0, 197.88889, 1297881.8, 0.0
808, 1.11111, 0.0, 0.0, 0.0, 0.0, 196.88889, 1294217.66667, 0.0
809, 1.11111, 0.0, 0.0, 0.0, 0.0, 196.55556, 1291426.88889, 0.0
810, 1.11111, 0.0, 0.0, 0.0, 0.0, 196.44444, 1288695.22222, 0.0
811, 1.11111, 0.0, 0.0, 0.0, 0.0, 196.11111, 1285922.33333, 0.0
812, 1.11111, 0.0, 0.0, 0.0, 0.0, 195.44444, 1283181.22222, 0.0
813, 1.11111, 0.0, 0.0, 0.0, 0.0, 194.44444, 1280437.11111, 0.0
814, 1.11111, 0.0, 0.0, 0.0, 0.0, 193.88889, 1277679.66667, 0.0
815, 1.11111, 0.0, 0.0, 0.0, 0.0, 193.66667, 1274957.77778, 0.0
816, 1.11111, 0.0, 0.0, 0.0, 0.0, 193.22222, 1272149.11111, 0.0
817, 1.11111, 0.0, 0.0, 0.0, 0.0, 193.0, 1269367.33333, 0.0
818, 1.11111, 0.0, 0.0, 0.0, 0.0, 192.44444, 1266652.33333, 0.0
819, 1.11111, 0.0, 0.0, 0.0, 0.0, 192.11111, 1263924.44444, 0.0
820, 1.11111, 0.0, 0.0, 0.0, 0.0, 191.66667, 1261207.44444, 0.0
821, 1.11111, 0.0, 0.0, 0.0, 0.0, 191.0, 1258477.0, 0.0
822, 1.11111, 0.0, 0.0, 0.0, 0.0, 191.0, 1255759.77778, 0.0
823, 1.11111, 0.0, 0.0, 0.0, 0.0, 190.44444, 1253049.22222, 0.0
824, 1.125, 0.0, 0.0, 0.0, 1.0, 190.625, 1250553.33333, 0.0
825, 1.14286, 0.0, 0.0, 0.0, 1.0, 194.28571, 1246710.75, 0.0
826, 1.14286, 0.0, 0.0, 0.0, 0.0, 194.28571, 1244615.85714, 0.0
827, 1.0, 0.0, 0.0, 0.0, 1.0, 193.71429, 1241939.14286, 0.0
828, 1.0, 0.0, 0.0, 0.0, 0.0, 193.28571, 1239239.85714, 0.0
829, 1.0, 0.0, 0.0, 0.0, 0.0, 192.57143, 1236573.0, 0.0
830, 1.0, 0.0, 0.0, 0.0, 1.0, 197.33333, 1233960.71429, 0.0
831, 1.0, 0.0, 0.0, 0.0, 0.0, 196.83333, 1232723.83333, 0.0
832, 1.0, 0.0, 0.0, 0.0, 0.0, 196.5, 1230032.5, 0.0
833, 1.0, 0.0, 0.0, 0.0, 0.0, 196.0, 1227372.66667, 0.0
834, 1.0, 0.0, 0.0, 0.0, 0.0, 195.16667, 1224709.33333, 0.0
835, 1.0, 0.0, 0.0, 0.0, 0.0, 194.83333, 1222043.33333, 0.0
836, 1.0, 0.0, 0.0, 0.0, 0.0, 194.66667, 1219351.5, 0.0
837, 1.0, 0.0, 0.0, 0.0, 0.0, 194.5, 1216731.83333, 0.0
838, 1.0, 0.0, 0.0, 0.0, 0.0, 194.16667, 1214108.33333, 0.0
839, 1.0, 0.0, 0.0, 0.0, 0.0, 193.66667, 1211506.0, 0.0
840, 1.0, 0.0, 0.0, 0.0, 0.0, 193.33333, 1208894.83333, 0.0
841, 1.0, 0.0, 0.0, 0.0, 0.0, 192.83333, 1206314.83333, 0.0
842, 1.0, 0.0, 0.0, 0.0, 0.0, 192.33333, 1203731.0, 0.0
843, 1.0, 0.0, 0.0, 0.0, 0.0, 192.0, 1201133.5, 0.0
844, 1.0, 0.0, 0.0, 0.0, 0.0, 191.66667, 1198619.33333, 0.0
845, 1.0, 0.0, 0.0, 0.0, 0.0, 191.0, 1195999.16667, 0.0
846, 1.0, 0.0, 0.0, 0.0, 0.0, 190.66667, 1193403.83333, 0.0
847, 1.0, 0.0, 0.0, 0.0, 0.0, 190.66667, 1190766.0, 0.0
848, 1.0, 0.0, 0.0, 0.0, 0.0, 190.66667, 1188196.33333, 0.0
849, 1.0, 0.0, 0.0, 0.0, 0.0, 190.66667, 1185621.5, 0.0
850, 1.0, 0.0, 0.0, 0.0, 0.0, 190.5, 1183143.0, 0.0
851, 1.0, 0.0, 0.0, 0.0, 1.0, 172.4, 1181088.16667, 0.0
852, 1.0, 0.0, 0.0, 0.0, 0.0, 172.2, 1178126.2, 0.0
853, 1.0, 0.0, 0.0, 0.0, 0.0, 172.0, 1175640.8, 0.0
854, 1.0, 0.0, 0.0, 0.0, 0.0, 171.6, 1173083.4, 0.0
855, 1.0, 0.0, 0.0, 0.0, 0.0, 171.4, 1170540.0, 0.0
856, 1.0, 0.0, 0.0, 0.0, 0.0, 170.8, 1167968.8, 0.0
857, 1.0, 0.0, 0.0, 0.0, 1.0, 168.75, 1165519.6, 0.0
858, 1.0, 0.0, 0.0, 0.0, 0.0, 168.5, 1164307.25, 0.0
859, 1.0, 0.0, 0.0, 0.0, 0.0, 167.75, 1161731.75, 0.0
860, 1.0, 0.0, 0.0, 0.0, 0.0, 167.25, 1159239.25, 0.0
861, 1.0, 0.0, 0.0, 0.0, 0.0, 167.0, 1156808.5, 0.0
862, 1.0, 0.0, 0.0, 0.0, 0.0, 166.5, 1154254.5, 0.0
863, 1.0, 0.0, 0.0, 0.0, 0.0, 166.0, 1151796.75, 0.0
864, 1.0, 0.0, 0.0, 0.0, 0.0, 165.75, 1149365.0, 0.0
865, 1.0, 0.0, 0.0, 0.0, 0.0, 165.75, 1146923.75, 0.0
866, 1.0, 0.0, 0.0, 0.0, 0.0, 165.5, 1144433.5, 0.0
867, 1.0, 0.0, 0.0, 0.0, 0.0, 164.75, 1141974.5, 0.0
868, 1.0, 0.0, 0.0, 0.0, 0.0, 164.25, 1139531.75, 0.0
869, 1.0, 0.0, 0.0, 0.0, 0.0, 164.0, 1137101.75, 0.0
870, 1.0, 0.0, 0.0, 0.0, 1.0, 160.0, 1135227.5, 0.0
871, 1.0, 0.0, 0.0, 0.0, 0.0, 159.66667, 1133458.66667, 0.0
872, 1.0, 0.0, 0.0, 0.0, 0.0, 158.66667, 1130995.0, 0.0
873, 1.0, 0.0, 0.0, 0.0, 0.0, 157.66667, 1128508.0, 0.0
874, 1.0, 0.0, 0.0, 0.0, 0.0, 157.33333, 1126105.33333, 0.0
875, 1.0, 0.0, 0.0, 0.0, 0.0, 157.0, 1123697.66667, 0.0
876, 1.0, 0.0, 0.0, 0.0, 0.0, 156.66667, 1121269.33333, 0.0
877, 1.0, 0.0, 0.0, 0.0, 0.0, 156.66667, 1118823.33333, 0.0
878, 1.0, 0.0, 0.0, 0.0, 0.0, 156.66667, 1116339.66667, 0.0
879, 1.0, 0.0, 0.0, 0.0, 0.0, 156.33333, 1113918.66667, 0.0
880, 1.0, 0.0, 0.0, 0.0, 0.0, 156.0, 1111511.0, 0.0
881, 1.0, 0.0, 0.0, 0.0, 0.0, 155.66667, 1109168.0, 0.0
882, 1.0, 0.0, 0.0, 0.0, 0.0, 154.66667, 1106837.0, 0.0
883, 1.0, 0.0, 0.0, 0.0, 0.0, 154.0, 1104455.0, 0.0
884, 1.0, 0.0, 0.0, 0.0, 0.0, 154.0, 1102113.0, 0.0
885, 1.0, 0.0, 0.0, 0.0, 0.0, 153.66667, 1099729.66667, 0.0
886, 1.0, 0.0, 0.0, 0.0, 0.0, 153.0, 1097351.66667, 0.0
887, 1.0, 0.0, 0.0, 0.0, 0.0, 153.0, 1095005.66667, 0.0
888, 1.0, 0.0, 0.0, 0.0, 0.0, 152.66667, 1092691.33333, 0.0
889, 1.0, 0.0, 0.0, 0.0, 0.0, 152.66667, 1090360.0, 0.0
890, 1.0, 0.0, 0.0, 0.0, 0.0, 152.33333, 1088012.0, 0.0
891, 1.0, 0.0, 0.0, 0.0, 0.0, 152.0, 1085616.0, 0.0
892, 1.0, 0.0, 0.0, 0.0, 0.0, 151.66667, 1083274.66667, 0.0
893, 1.0, 0.0, 0.0, 0.0, 0.0, 151.66667, 1080973.66667, 0.0
894, 1.0, 0.0, 0.0, 0.0, 0.0, 151.33333, 1078631.0, 0.0
895, 1.0, 0.0, 0.0, 0.0, 0.0, 150.66667, 1076275.66667, 0.0
896, 1.0, 0.0, 0.0, 0.0, 0.0, 150.0, 1074033.0, 0.0
897, 1.0, 0.0, 0.0, 0.0, 0.0, 149.66667, 1071690.33333, 0.0
898, 1.0, 0.0, 0.0, 0.0, 1.0, 144.5, 1069715.66667, 0.0
899, 1.0, 0.0, 0.0, 0.0, 0.0, 144.0, 1068838.0, 0.0
900, 1.0, 0.0, 0.0, 0.0, 0.0, 142.5, 1066490.5, 0.0
901, 1.0, 0.0, 0.0, 0.0, 0.0, 142.5, 1064244.5, 0.0
902, 1.0, 0.0, 0.0, 0.0, 0.0, 142.5, 1062007.5, 0.0
903, 1.0, 0.0, 0.0, 0.0, 0.0, 141.5, 1059665.5, 0.0
904, 1.0, 0.0, 0.0, 0.0, 0.0, 141.0, 1057322.5, 0.0
905, 1.0, 0.0, 0.0, 0.0, 0.0, 140.5, 1055049.5, 0.0
906, 1.0, 0.0, 0.0, 0.0, 1.0, 132.0, 1052765.5, 0.0
907, 1.0, 0.0, 0.0, 0.0, 0.0, 132.0, 1053870.0, 0.0
908, 1.0, 0.0, 0.0, 0.0, 0.0, 130.0, 1051662.0, 0.0
909, 1.0, 0.0, 0.0, 0.0, 0.0, 128.0, 1049346.0, 0.0
910, 1.0, 0.0, 0.0, 0.0, 0.0, 128.0, 1047213.0, 0.0
911, 1.0, 0.0, 0.0, 0.0, 0.0, 128.0, 1044966.0, 0.0
912, 1.0, 0.0, 0.0, 0.0, 0.0, 128.0, 1042754.0, 0.0
913, 1.0, 0.0, 0.0, 0.0, 0.0, 128.0, 1040459.0, 0.0
914, 1.0, 0.0, 0.0, 0.0, 0.0, 128.0, 1038260.0, 0.0
915, 1.0, 0.0, 0.0, 0.0, 0.0, 128.0, 1035983.0, 0.0
916, 1.0, 0.0, 0.0, 0.0, 0.0, 128.0, 1033786.0, 0.0
917, 1.0, 0.0, 0.0, 0.0, 0.0, 128.0, 1031588.0, 0.0
918, 1.0, 0.0, 0.0, 0.0, 0.0, 128.0, 1029275.0, 0.0
919, 1.0, 0.0, 0.0, 0.0, 0.0, 128.0, 1027027.0, 0.0
920, 1.0, 0.0, 0.0, 0.0, 0.0, 127.0, 1024748.0, 0.0
921, 1.0, 0.0, 0.0, 0.0, 0.0, 127.0, 1022594.0, 0.0
922, 1.0, 0.0, 0.0, 0.0, 0.0, 127.0, 1020460.0, 0.0
923, 1.0, 0.0, 0.0, 0.0, 0.0, 127.0, 1018400.0, 0.0
924, 1.0, 0.0, 0.0, 0.0, 0.0, 127.0, 1016062.0, 0.0
925, 1.0, 0.0, 0.0, 0.0, 0.0, 127.0, 1014004.0, 0.0
926, 1.0, 0.0, 0.0, 0.0, 0.0, 127.0, 1011917.0, 0.0
927, 1.0, 0.0, 0.0, 0.0, 0.0, 127.0, 1009766.0, 0.0
928, 1.0, 0.0, 0.0, 0.0, 0.0, 127.0, 1007692.0, 0.0
929, 1.0, 0.0, 0.0, 0.0, 0.0, 127.0, 1005519.0, 0.0
930, 1.0, 0.0, 0.0, 0.0, 0.0, 127.0, 1003271.0, 0.0
931, 1.0, 0.0, 0.0, 0.0, 0.0, 126.0, 1001171.0, 0.0
932, 1.0, 0.0, 0.0, 0.0, 0.0, 126.0, 999012.0, 0.0
933, 1.0, 0.0, 0.0, 0.0, 0.0, 125.0, 996925.0, 0.0
934, 1.0, 0.0, 0.0, 0.0, 0.0, 125.0, 994923.0, 0.0
935, 1.0, 0.0, 0.0, 0.0, 0.0, 125.0, 992753.0, 0.0
936, 1.0, 0.0, 0.0, 0.0, 0.0, 124.0, 990584.0, 0.0
937, 1.0, 0.0, 0.0, 0.0, 0.0, 124.0, 988453.0, 0.0
938, 1.0, 0.0, 0.0, 0.0, 0.0, 124.0, 986345.0, 0.0
939, 1.0, 0.0, 0.0, 0.0, 0.0, 124.0, 984292.0, 0.0
940, 1.0, 0.0, 0.0, 0.0, 0.0, 122.0, 982161.0, 0.0
941, 1.0, 0.0, 0.0, 0.0, 0.0, 122.0, 980128.0, 0.0
942, 1.0, 0.0, 0.0, 0.0, 0.0, 122.0, 978031.0, 0.0
943, 1.0, 0.0, 0.0, 0.0, 0.0, 121.0, 976037.0, 0.0
944, 1.0, 0.0, 0.0, 0.0, 0.0, 120.0, 973880.0, 0.0
945, 1.0, 0.0, 0.0, 0.0, 0.0, 120.0, 971735.0, 0.0
946, 1.0, 0.0, 0.0, 0.0, 0.0, 120.0, 969589.0, 0.0
947, 1.0, 0.0, 0.0, 0.0, 0.0, 118.0, 967518.0, 0.0
948, 1.0, 0.0, 0.0, 0.0, 0.0, 118.0, 965369.0, 0.0
949, 1.0, 0.0, 0.0, 0.0, 0.0, 118.0, 963215.0, 0.0
950, 1.0, 0.0, 0.0, 0.0, 0.0, 118.0, 961009.0, 0.0
951, 1.0, 0.0, 0.0, 0.0, 0.0, 118.0, 959110.0, 0.0
952, 1.0, 0.0, 0.0, 0.0, 0.0, 117.0, 956980.0, 0.0
953, 1.0, 0.0, 0.0, 0.0, 0.0, 116.0, 954885.0, 0.0
954, 1.0, 0.0, 0.0, 0.0, 0.0, 116.0, 952862.0, 0.0
955, 1.0, 0.0, 0.0, 0.0, 0.0, 116.0, 950868.0, 0.0
956, 1.0, 0.0, 0.0, 0.0, 0.0, 115.0, 948718.0, 0.0
957, 1.0, 0.0, 0.0, 0.0, 0.0, 115.0, 946743.0, 0.0
958, 1.0, 0.0, 0.0, 0.0, 0.0, 115.0, 944609.0, 0.0
959, 1.0, 0.0, 0.0, 0.0, 0.0, 115.0, 942506.0, 0.0
960, 1.0, 0.0, 0.0, 0.0, 0.0, 115.0, 940512.0, 0.0
961, 1.0, 0.0, 0.0, 0.0, 0.0, 115.0, 938522.0, 0.0
962, 1.0, 0.0, 0.0, 0.0, 0.0, 115.0, 936587.0, 0.0
963, 1.0, 0.0, 0.0, 0.0, 0.0, 115.0, 934507.0, 0.0
964, 1.0, 0.0, 0.0, 0.0, 0.0, 115.0, 932445.0, 0.0
965, 1.0, 0.0, 0.0, 0.0, 0.0, 114.0, 930492.0, 0.0
966, 1.0, 0.0, 0.0, 0.0, 0.0, 112.0, 928441.0, 0.0
967, 1.0, 0.0, 0.0, 0.0, 0.0, 110.0, 926451.0, 0.0
968, 1.0, 0.0, 0.0, 0.0, 0.0, 110.0, 924531.0, 0.0
969, 1.0, 0.0, 0.0, 0.0, 0.0, 110.0, 922457.0, 0.0
970, 1.0, 0.0, 0.0, 0.0, 0.0, 108.0, 920531.0, 0.0
971, 1.0, 0.0, 0.0, 0.0, 0.0, 107.0, 918548.0, 0.0
972, 1.0, 0.0, 0.0, 0.0, 0.0, 107.0, 916597.0, 0.0
973, 1.0, 0.0, 0.0, 0.0, 0.0, 107.0, 914609.0, 0.0
974, 1.0, 0.0, 0.0, 0.0, 0.0, 107.0, 912565.0, 0.0
975, 1.0, 0.0, 0.0, 0.0, 0.0, 107.0, 910685.0, 0.0
976, 1.0, 0.0, 0.0, 0.0, 0.0, 107.0, 908734.0, 0.0
977, 1.0, 0.0, 0.0, 0.0, 0.0, 107.0, 906841.0, 0.0
978, 1.0, 0.0, 0.0, 0.0, 0.0, 107.0, 904930.0, 0.0
979, 1.0, 0.0, 0.0, 0.0, 0.0, 107.0, 902921.0, 0.0
980, 1.0, 0.0, 0.0, 0.0, 0.0, 107.0, 900951.0, 0.0
981, 1.0, 0.0, 0.0, 0.0, 0.0, 107.0, 899013.0, 0.0
982, 1.0, 0.0, 0.0, 0.0, 0.0, 107.0, 897019.0, 0.0
983, 1.0, 0.0, 0.0, 0.0, 0.0, 106.0, 895066.0, 0.0
984, 1.0, 0.0, 0.0, 0.0, 0.0, 106.0, 893094.0, 0.0
985, 1.0, 0.0, 0.0, 0.0, 0.0, 104.0, 891223.0, 0.0
986, 1.0, 0.0, 0.0, 0.0, 0.0, 103.0, 889301.0, 0.0
987, 1.0, 0.0, 0.0, 0.0, 0.0, 103.0, 887321.0, 0.0
988, 1.0, 0.0, 0.0, 0.0, 0.0, 101.0, 885335.0, 0.0
989, 1.0, 0.0, 0.0, 0.0, 0.0, 101.0, 883447.0, 0.0
990, 1.0, 0.0, 0.0, 0.0, 0.0, 101.0, 881513.0, 0.0
991, 0.0, 0.0, 0.0, 0.0, 1.0, 0.0, 880681.0, 0.0
