time, seeders, joined, request_count, response_size, left, awareness, bad_data, leechers
0, 0.0, 0.0, 0.0, 0.0, 0.0, 1001.0, 0.0, 0.0
1, 0.0, 207.656, 547.49201, 5.15066, 0.0, 104569.052, 0.0, 207.656
2, 0.0, 98.01, 486.52178, 12.40196, 11.072, 143736.94, 5885.128, 295.594
3, 0.0, 95.21, 482.63838, 16.87139, 9.648, 183397.0, 10614.254, 381.156
4, 0.0, 91.63, 478.21674, 21.24718, 11.752, 219836.708, 16267.676, 461.034
5, 0.0, 89.0, 475.8764, 25.38472, 13.614, 253604.546, 22887.526, 536.42
6, 0.0, 86.482, 472.64171, 29.4275, 15.556, 284834.738, 30349.852, 607.346
7, 0.0, 82.65, 469.50998, 33.30473, 17.41, 313051.0, 38611.508, 672.586
8, 0.0, 80.642, 466.63029, 36.96644, 18.686, 339378.684, 47413.572, 734.542
9, 0.0, 76.774, 463.881, 40.46746, 20.49, 362698.042, 57155.214, 790.826
10, 0.0, 75.848, 461.84474, 43.79637, 21.32, 385053.318, 67104.52, 845.354
11, 161.36, 71.994, 459.82999, 46.82151, 18.86, 403008.58, 75056.532, 737.128
12, 208.194, 70.634, 457.10281, 49.49481, 47.518, 407120.958, 96663.816, 713.41
13, 255.656, 68.008, 457.8579, 52.05068, 44.114, 412435.836, 115874.094, 689.842
14, 296.164, 65.862, 455.54341, 54.44976, 47.392, 415779.106, 136271.328, 667.804
15, 331.332, 63.682, 456.32989, 56.84067, 50.33, 417638.296, 157523.388, 645.988
16, 360.922, 61.388, 456.22923, 58.99015, 53.568, 417614.778, 179961.864, 624.218
17, 385.794, 59.61, 456.48381, 61.21274, 54.786, 416767.444, 202651.482, 604.17
18, 406.098, 57.368, 457.29326, 63.2414, 56.992, 414591.002, 225963.712, 584.242
19, 421.99, 55.324, 454.45015, 65.27917, 58.176, 411403.424, 249401.22, 565.498
20, 435.766, 53.716, 456.71681, 67.20368, 59.116, 407674.796, 272933.232, 546.322
21, 445.774, 52.582, 457.533, 69.09776, 59.622, 403362.914, 296266.58, 529.274
22, 453.272, 50.332, 456.84654, 70.80965, 60.382, 397841.092, 319473.084, 511.726
23, 458.554, 48.7, 456.65298, 72.45303, 60.238, 391847.558, 342117.286, 494.906
24, 461.39, 46.734, 458.1675, 73.95736, 60.538, 385012.82, 364577.122, 478.266
25, 462.764, 45.642, 457.7363, 75.50388, 60.064, 378062.316, 386419.076, 462.47
26, 462.092, 43.754, 460.04937, 76.96512, 59.65, 370706.872, 407785.614, 447.246
27, 460.77, 43.0, 459.76744, 78.06429, 58.804, 363434.304, 428561.556, 432.764
28, 457.518, 41.11, 462.56385, 79.32194, 58.62, 355742.18, 448960.628, 418.506
29, 453.194, 40.306, 461.59381, 80.61333, 57.826, 348159.738, 468761.002, 405.31
30, 448.546, 38.602, 462.64442, 81.58827, 56.834, 340320.844, 488051.124, 391.726
31, 443.084, 37.388, 463.30373, 82.58198, 55.958, 332527.71, 506693.448, 378.618
32, 436.478, 36.148, 464.09207, 83.66887, 55.044, 324641.752, 524818.548, 366.328
33, 429.648, 34.836, 464.2324, 84.56208, 53.928, 316698.104, 542297.992, 354.066
34, 421.692, 33.4, 466.40719, 85.52118, 52.972, 308701.376, 559154.772, 342.45
35, 413.996, 32.614, 467.46796, 86.40325, 51.588, 301042.056, 575225.958, 331.172
36, 405.362, 31.344, 466.97933, 86.81738, 50.566, 293302.248, 590681.218, 320.584
37, 397.334, 30.688, 467.18587, 87.68152, 49.464, 285705.186, 605605.53, 309.836
38, 388.752, 29.866, 468.32519, 88.30886, 48.23, 278391.234, 619780.232, 300.054
39, 380.454, 28.72, 470.57799, 88.84144, 47.088, 271122.722, 633380.078, 289.984
40, 371.344, 27.91, 469.65245, 89.61001, 46.396, 263784.156, 646577.108, 280.608
41, 362.558, 26.502, 470.60599, 90.1788, 44.514, 256586.13, 658951.618, 271.382
42, 353.366, 25.722, 471.61963, 90.44259, 43.918, 249380.152, 670939.394, 262.378
43, 344.588, 25.094, 473.06129, 90.84323, 42.26, 242624.788, 682154.268, 253.99
44, 335.24, 24.406, 474.35057, 91.31113, 41.75, 235779.046, 693127.644, 245.994
45, 326.724, 23.38, 475.57742, 91.68271, 39.916, 229282.988, 703243.306, 237.974
46, 318.008, 22.172, 474.42721, 92.17083, 38.812, 222674.232, 712840.99, 230.05
47, 309.89, 21.824, 473.42375, 92.38928, 38.018, 216291.382, 721982.472, 221.974
48, 301.456, 21.202, 476.22866, 92.46291, 37.106, 210027.464, 730743.26, 214.504
49, 293.364, 20.522, 476.61047, 92.72528, 35.8, 203996.81, 738913.866, 207.318
50, 285.274, 19.804, 475.56049, 92.93587, 34.466, 198230.414, 746421.394, 200.746
51, 276.946, 19.05, 478.32021, 93.01921, 33.768, 192452.8, 753611.544, 194.356
52, 268.754, 18.216, 478.75494, 93.04999, 33.142, 186534.054, 760543.932, 187.622
53, 261.138, 17.868, 478.67696, 93.06466, 31.954, 180940.862, 766962.284, 181.152
54, 253.418, 16.84, 479.80998, 93.3901, 31.342, 175177.34, 773066.252, 174.37
55, 245.956, 16.92, 481.38298, 93.22615, 30.052, 170048.01, 778568.006, 168.7
56, 238.042, 15.958, 481.26332, 93.28021, 29.202, 164794.356, 783719.578, 163.37
57, 231.076, 15.844, 483.08508, 93.44669, 27.91, 160082.778, 788288.77, 158.27
58, 223.962, 15.02, 482.09055, 93.24292, 27.458, 155133.636, 792692.65, 152.946
59, 217.76, 14.676, 482.89725, 93.06477, 26.13, 150599.45, 796502.932, 147.694
60, 211.13, 14.252, 482.73926, 93.23721, 25.72, 146018.458, 800166.032, 142.856
61, 204.218, 13.758, 484.30004, 92.88038, 25.146, 141526.286, 803531.06, 138.38
62, 197.554, 13.276, 483.73004, 92.88275, 24.136, 137233.37, 806444.38, 134.184
63, 191.388, 12.552, 484.70363, 92.68212, 23.272, 132968.636, 809006.71, 129.63
64, 184.97, 12.596, 485.94792, 92.32821, 22.536, 129060.916, 811262.844, 126.108
65, 179.396, 12.134, 486.7315, 92.31239, 22.026, 125149.906, 813310.274, 121.79
66, 173.65, 11.826, 487.908, 92.07314, 21.214, 121448.568, 815019.626, 118.148
67, 167.696, 11.386, 484.98156, 92.06302, 21.222, 117518.95, 816730.582, 114.266
68, 162.324, 10.864, 486.28498, 91.65588, 19.868, 113877.92, 817928.326, 110.634
69, 157.336, 10.506, 488.86351, 91.58275, 19.184, 110376.832, 818856.636, 106.944
70, 152.082, 10.192, 487.04867, 91.22865, 18.84, 106924.624, 819568.77, 103.55
71, 147.576, 9.92, 488.50806, 90.98948, 17.798, 103764.172, 819890.24, 100.178
72, 143.178, 9.364, 487.29176, 90.85908, 17.142, 100609.982, 819949.092, 96.798
73, 138.32, 9.298, 489.13745, 90.4558, 17.01, 97512.78, 819964.882, 93.944
74, 134.124, 8.958, 487.83211, 90.35767, 16.35, 94479.514, 819762.294, 90.748
75, 129.952, 8.56513, 489.12026, 89.74049, 15.78, 91533.04, 819299.528, 87.688
76, 126.004, 8.496, 489.99529, 89.16815, 15.178, 88857.438, 818568.71, 84.954
77, 121.902, 8.12826, 489.89152, 89.231, 15.046, 86027.794, 817837.312, 82.122
78, 117.804, 7.74749, 492.36937, 88.6559, 14.512, 83255.496, 816915.808, 79.44
79, 114.206, 7.46293, 490.46724, 88.17328, 13.822, 80638.222, 815706.76, 76.664
80, 110.322, 7.228, 490.45379, 88.03188, 13.798, 77934.936, 814511.26, 73.978
81, 106.622, 6.83768, 493.11254, 87.57801, 13.154, 75320.874, 813075.276, 71.348
82, 102.888, 6.594, 492.41735, 87.16846, 12.806, 72759.564, 811505.876, 68.87
83, 99.738, 6.534, 491.58249, 86.85056, 11.984, 70522.192, 809606.74, 66.57
84, 96.544, 6.4165, 491.21982, 86.49314, 11.712, 68321.662, 807617.966, 64.43
85, 93.478, 6.10843, 493.09665, 85.95133, 11.368, 66137.066, 805521.814, 62.212
86, 90.686, 5.93587, 493.58542, 85.49111, 11.032, 64028.52, 803304.106, 59.896
87, 87.982, 5.84105, 494.14399, 85.13733, 10.642, 62045.11, 800938.798, 57.764
88, 84.986, 5.80723, 494.12172, 84.8331, 10.414, 60135.266, 798523.5, 56.13
89, 81.914, 5.37876, 496.83308, 84.3907, 10.232, 58108.696, 796076.076, 54.338
90, 79.208, 5.38554, 494.40716, 83.8537, 9.688, 56323.108, 793411.938, 52.72
91, 76.56, 5.06439, 497.02026, 83.18985, 9.246, 54568.902, 790597.82, 51.156
92, 73.866, 4.6996, 495.4955, 83.05238, 9.066, 52724.36, 787717.804, 49.446
93, 71.216, 4.59596, 496.92308, 82.6077, 8.972, 50867.078, 784849.102, 47.674
94, 68.888, 4.82996, 497.90444, 82.3085, 8.426, 49378.058, 781758.05, 46.348
95, 66.76, 4.50806, 500.44723, 81.40438, 8.08835, 47896.472, 778552.032, 44.892
96, 64.38, 4.35223, 500.23256, 81.24779, 8.074, 46329.024, 775395.034, 43.498
97, 62.32, 4.33737, 502.32883, 80.32452, 7.6, 44993.472, 772044.792, 42.252
98, 60.514, 4.11359, 501.97239, 80.20088, 7.37275, 43625.292, 768644.206, 40.756
99, 58.656, 3.91075, 503.63071, 79.85839, 6.952, 42349.506, 765093.682, 39.518
100, 56.88, 3.91718, 501.84989, 79.48236, 6.92184, 41049.01, 761565.932, 38.17
101, 55.074, 3.8449, 502.12314, 79.12262, 6.654, 39846.83, 757989.66, 37.09
102, 53.286, 3.6953, 507.47095, 78.2819, 6.32064, 38750.628, 754280.602, 36.184
103, 51.404, 3.68367, 509.41828, 78.20446, 6.256, 37689.808, 750573.72, 35.42
104, 49.814, 3.32985, 508.46395, 77.84094, 6.16265, 36462.692, 746851.698, 34.062
105, 48.118, 3.24426, 513.83526, 77.28554, 6.03607, 35259.124, 743132.016, 32.842
106, 46.402, 3.17537, 510.19066, 76.54188, 5.874, 34069.654, 739394.388, 31.726
107, 44.994, 3.07203, 516.2069, 75.63594, 5.53012, 32998.714, 735520.688, 30.526
108, 43.684, 3.15658, 520.50265, 75.41233, 5.23636, 32154.856, 731536.572, 29.676
109, 42.102, 2.9704, 518.50534, 75.09609, 5.35671, 31099.366, 727682.592, 28.722
110, 40.974, 2.76956, 520.99237, 74.72088, 4.95132, 30168.646, 723658.99, 27.588
111, 39.838, 2.77872, 522.9709, 73.80088, 4.88732, 29242.716, 719669.2, 26.478
112, 38.644, 2.65, 531.17309, 73.54208, 4.7798, 28295.344, 715675.32, 25.378
113, 37.654, 2.72422, 540.32922, 73.29855, 4.45181, 27505.964, 711576.768, 24.364
114, 36.362, 2.51422, 536.11836, 73.43182, 4.35628, 26702.182, 707460.378, 23.65
115, 35.102, 2.55361, 542.41645, 72.20853, 4.25051, 26004.482, 703304.382, 23.104
116, 33.912, 2.49224, 536.47687, 71.79934, 4.22811, 25236.354, 699200.57, 22.39
117, 32.662, 2.33114, 545.15522, 71.37791, 4.16598, 24449.684, 695116.694, 21.7
118, 31.714, 2.50114, 549.86276, 70.51581, 3.98963, 23809.576, 690959.322, 20.988
119, 30.598, 2.23182, 561.60896, 70.61106, 3.85685, 23102.844, 686812.258, 20.296
120, 29.512, 2.23404, 562.43386, 69.93039, 3.7376, 22431.218, 682632.654, 19.654
121, 28.596, 2.27818, 565.26316, 68.93296, 3.50932, 21870.79, 678388.616, 19.08
122, 27.514, 2.11566, 563.21185, 68.57937, 3.53402, 21207.898, 674211.19, 18.49
123, 26.696, 2.05839, 568.55792, 68.67048, 3.38445, 20615.172, 669971.63, 17.778
124, 25.816, 2.01235, 573.61963, 67.73369, 3.26598, 19993.602, 665776.76, 17.12
125, 25.084, 1.9697, 589.74359, 67.72717, 3.1322, 19455.354, 661530.106, 16.474
126, 24.276, 2.01309, 594.92848, 66.32896, 3.21581, 18871.97, 657351.28, 15.81
127, 23.378, 2.01289, 593.46991, 66.21467, 3.11065, 18335.402, 653184.534, 15.29
128, 22.636, 1.88861, 599.86595, 66.02793, 2.93249, 17846.794, 648966.132, 14.744
129, 21.882, 1.86788, 633.1484, 65.72618, 2.77542, 17446.216, 644717.386, 14.32
130, 21.104, 1.90957, 626.04457, 64.61068, 2.84967, 17023.03, 640520.192, 13.918
131, 20.472, 1.84881, 621.95122, 64.75548, 2.67819, 16619.164, 636309.056, 13.464
132, 19.788, 1.78533, 608.82801, 63.87, 2.71778, 16175.606, 632118.658, 13.016
133, 19.102, 1.81461, 642.41486, 63.73855, 2.52851, 15819.876, 627901.922, 12.688
134, 18.454, 1.75221, 645.6229, 63.16037, 2.49333, 15419.344, 623709.012, 12.28
135, 17.78, 1.66301, 649.0939, 62.95431, 2.44519, 15058.918, 619532.91, 11.982
136, 17.222, 1.64371, 662.11293, 62.24347, 2.30337, 14716.556, 615318.23, 11.588
137, 16.664, 1.72334, 657.19064, 61.88804, 2.30184, 14434.106, 611136.86, 11.344
138, 16.222, 1.58537, 681.73077, 61.68124, 2.27791, 14111.428, 606963.89, 10.908
139, 15.748, 1.59271, 697.51908, 61.36525, 2.1784, 13839.584, 602791.582, 10.574
140, 15.158, 1.6633, 719.63563, 60.25457, 2.29108, 13467.78, 598738.876, 10.2
141, 14.696, 1.64452, 679.79798, 60.3477, 2.19082, 13148.16, 594629.092, 9.838
142, 14.112, 1.52614, 703.42612, 60.33029, 2.1878, 12823.522, 590551.74, 9.562
143, 13.664, 1.47931, 686.48019, 59.54329, 1.98104, 12479.288, 586462.332, 9.196
144, 13.164, 1.43682, 727.38693, 59.02418, 2.04061, 12162.744, 582369.306, 8.884
145, 12.886, 1.43878, 739.95272, 58.68051, 1.91451, 11929.474, 578273.02, 8.53
146, 12.476, 1.44526, 709.59596, 57.75445, 1.9199, 11640.152, 574204.666, 8.246
147, 12.132, 1.44891, 814.86146, 57.37094, 1.9, 11418.774, 570193.358, 7.902
148, 11.714, 1.4786, 731.57895, 57.42266, 1.86436, 11135.564, 566181.544, 7.678
149, 11.36874, 1.40392, 782.12291, 56.61071, 1.71537, 10883.994, 562181.524, 7.4
150, 11.02204, 1.35573, 768.22157, 56.37002, 1.77333, 10588.106, 558225.676, 7.102
151, 10.77756, 1.33468, 773.4139, 55.73242, 1.67714, 10359.27, 554229.71, 6.834
152, 10.4, 1.40928, 803.89222, 55.98138, 1.71081, 10140.072, 550283.566, 6.60521
153, 10.008, 1.31855, 819.57187, 55.01306, 1.79429, 9897.398, 546393.104, 6.39479
154, 9.572, 1.40083, 828.90855, 54.80071, 1.69081, 9697.46, 542516.014, 6.29459
155, 9.352, 1.36036, 872.51656, 54.3833, 1.63407, 9515.068, 538623.982, 6.07
156, 8.934, 1.29439, 848.37545, 54.48085, 1.68182, 9235.242, 534807.262, 5.858
157, 8.66, 1.28125, 881.5331, 53.52569, 1.54154, 9084.014, 530932.936, 5.71543
158, 8.392, 1.32857, 844.08602, 53.48832, 1.5538, 8918.65, 527074.442, 5.55912
159, 8.09, 1.26087, 935.34483, 52.89862, 1.58013, 8701.426, 523264.658, 5.3494
160, 7.784, 1.21111, 947.24771, 52.14286, 1.54125, 8485.16, 519464.614, 5.15663
161, 7.494, 1.2514, 863.83929, 52.06718, 1.51495, 8262.156, 515680.222, 4.962
162, 7.206, 1.22051, 1012.60504, 51.39212, 1.51645, 8130.42, 511927.42, 4.81363
163, 6.95992, 1.24852, 938.38863, 51.11616, 1.5233, 7945.232, 508172.216, 4.65462
164, 6.79158, 1.26842, 977.17842, 50.67728, 1.47809, 7910.41, 504374.35, 4.55311
165, 6.55422, 1.22872, 1015.15152, 50.41791, 1.44043, 7856.494, 500627.184, 4.4759
166, 6.37149, 1.17576, 1085.05155, 50.29691, 1.38686, 7711.114, 496958.482, 4.28514
167, 6.13253, 1.22941, 1076.55502, 49.53778, 1.3668, 7614.488, 493302.724, 4.23293
168, 5.91968, 1.22981, 1045.45455, 49.63043, 1.38281, 7500.794, 489660.16, 4.16599
169, 5.69339, 1.225, 1038.26531, 48.96069, 1.3251, 7413.424, 486008.604, 4.14431
170, 5.41884, 1.13869, 996.79487, 48.48553, 1.38491, 7149.596, 482476.614, 3.9939
171, 5.21285, 1.19463, 1101.1236, 48.19643, 1.41667, 7039.638, 478901.114, 3.90283
172, 5.02414, 1.14063, 1102.73973, 48.43168, 1.32743, 6906.244, 475305.908, 3.80691
173, 4.80483, 1.16438, 1076.47059, 47.9235, 1.36098, 6801.748, 471762.554, 3.81466
174, 4.66263, 1.20149, 1108.69565, 47.13445, 1.35577, 6698.184, 468233.098, 3.72358
175, 4.49091, 1.22667, 1230.97826, 46.38631, 1.28571, 6691.942, 464739.264, 3.68496
176, 4.34077, 1.19565, 1393.93939, 46.1587, 1.30964, 6737.402, 461225.212, 3.64242
177, 4.22403, 1.152, 1163.19444, 45.60896, 1.26738, 6644.656, 457757.91, 3.59514
178, 4.09877, 1.17323, 1161.07383, 45.95087, 1.27749, 6545.402, 454336.258, 3.59063
179, 3.95661, 1.13445, 1177.77778, 45.06289, 1.26316, 6424.456, 450939.062, 3.51215
180, 3.79036, 1.14286, 1100.69444, 45.48896, 1.27805, 6314.12, 447555.282, 3.53279
181, 3.67437, 1.12903, 1347.61905, 45.4735, 1.24044, 6197.206, 444177.988, 3.43182
182, 3.47346, 1.16216, 1472.86822, 44.24211, 1.30319, 6140.48, 440865.092, 3.43271
183, 3.35669, 1.10656, 1281.48148, 44.08382, 1.24841, 6102.552, 437523.772, 3.3922
184, 3.35897, 1.06667, 1183.03571, 43.47547, 1.17021, 6036.116, 434164.596, 3.30185
185, 3.22126, 1.14444, 1373.78641, 43.4947, 1.24859, 5889.668, 430929.752, 3.25155
186, 3.163, 1.15116, 1368.68687, 42.53137, 1.24528, 5794.824, 427663.864, 3.16149
187, 3.04889, 1.07368, 1436.27451, 41.843, 1.13497, 5707.132, 424434.978, 3.12863
188, 3.02055, 1.12195, 1597.82609, 41.87415, 1.19608, 5640.002, 421215.384, 3.02893
189, 2.82955, 1.09302, 1521.2766, 42.70979, 1.23353, 5543.872, 418044.462, 3.0021
190, 2.78211, 1.08046, 1718.08511, 41.83591, 1.19167, 5584.216, 414798.368, 2.94792
191, 2.72326, 1.07692, 1744.04762, 41.61092, 1.18462, 5529.57515, 411663.224, 2.87759
192, 2.65035, 1.13514, 1553.57143, 41.09962, 1.10078, 5428.02605, 408539.58717, 2.8278
193, 2.55213, 1.1039, 1535.29412, 40.89272, 1.15909, 5374.77154, 405407.96593, 2.83473
194, 2.48558, 1.05405, 1397.4359, 40.66055, 1.12598, 5300.08216, 402276.41283, 2.81818
195, 2.40342, 1.06849, 1301.28205, 40.96059, 1.17323, 5190.03206, 399192.64128, 2.78769
196, 2.36616, 1.07407, 1474.13793, 40.5614, 1.17797, 5098.57143, 396114.46693, 2.71915
197, 2.32905, 1.02817, 1500.0, 39.93151, 1.15842, 5047.2379, 393047.73441, 2.68577
198, 2.23785, 1.03947, 1677.21519, 38.90189, 1.0991, 5038.39315, 390013.74597, 2.66596
199, 2.24935, 1.04545, 1818.84058, 39.07968, 1.12, 5007.55354, 387023.20766, 2.6047
200, 2.19737, 1.03922, 1405.66038, 39.3557, 1.08929, 4917.44534, 384003.30303, 2.55628
201, 2.1413, 1.11475, 1580.88235, 38.76744, 1.0885, 4850.32454, 381055.14575, 2.54447
202, 2.07065, 1.03636, 2438.59649, 38.19424, 1.08333, 4931.64228, 378052.39757, 2.53813
203, 2.09322, 1.04762, 2318.18182, 37.85294, 1.10417, 4905.37988, 375153.46951, 2.47033
204, 2.01136, 1.01667, 2024.59016, 37.97571, 1.09278, 4897.06211, 372280.26899, 2.46563
205, 1.98571, 1.0625, 1401.96078, 37.27972, 1.15278, 4854.84679, 369289.4058, 2.41814
206, 1.97681, 1.03448, 2850.0, 36.39766, 1.10526, 5014.53002, 366367.02899, 2.41518
207, 1.87861, 1.1, 2409.09091, 36.92453, 1.09195, 5038.14286, 363526.37681, 2.38667
208, 1.85337, 1.12245, 1681.81818, 35.29189, 1.08108, 4978.74167, 360741.69151, 2.37111
209, 1.85366, 1.06667, 2739.58333, 35.44867, 1.07692, 5048.3904, 357886.85, 2.36018
210, 1.81447, 1.05, 1857.14286, 34.96795, 1.12821, 5027.72363, 355105.22756, 2.32662
211, 1.74051, 1.02439, 1714.28571, 35.34028, 1.01266, 4930.77119, 352324.42194, 2.2816
212, 1.70455, 1.0, 2180.85106, 35.50732, 1.02597, 4894.11441, 349575.63559, 2.28635
213, 1.70667, 1.05405, 2102.5641, 34.20122, 1.07576, 4923.21322, 346802.90678, 2.25393
214, 1.63574, 1.02, 2372.54902, 34.55372, 1.08861, 4952.19872, 344103.11514, 2.26126
215, 1.61301, 1.06122, 2240.38462, 33.87124, 1.09091, 5038.31049, 341373.45299, 2.28018
216, 1.57143, 1.025, 4256.09756, 34.11748, 1.02899, 5215.21245, 338685.67238, 2.28341
217, 1.52281, 1.02083, 4367.34694, 33.42056, 1.10448, 5420.78326, 336051.95708, 2.26498
218, 1.50365, 1.04, 3807.69231, 32.84343, 1.07143, 5435.61075, 333417.06867, 2.2529
219, 1.45255, 1.0, 4741.93548, 33.12245, 1.08333, 5605.78091, 330810.44516, 2.23148
220, 1.42294, 1.0, 2303.0303, 32.07237, 1.05172, 5561.16087, 328222.00868, 2.15899
221, 1.44318, 1.0, 2682.92683, 33.51818, 1.01389, 5575.19348, 325672.19565, 2.13194
222, 1.48276, 1.03125, 4287.87879, 32.43816, 1.02326, 5711.64924, 323094.27174, 2.09745
223, 1.5, 1.03333, 1677.41935, 31.71154, 1.01887, 5533.20524, 320634.17865, 2.10613
224, 1.48347, 1.04762, 2068.18182, 32.2967, 1.04918, 5415.12555, 318189.52183, 2.08413
225, 1.44444, 1.06667, 3031.25, 31.1701, 1.09615, 5423.03532, 315713.01542, 2.05476
226, 1.42544, 1.0, 2714.28571, 30.07895, 1.125, 5418.78619, 313229.32892, 2.01675
227, 1.38793, 1.04167, 2760.0, 31.68841, 1.02222, 5406.47098, 310708.51448, 1.98795
228, 1.39367, 1.04545, 2739.13043, 30.39683, 1.06522, 5235.90787, 308404.90848, 1.98293
229, 1.40553, 1.0, 2735.29412, 31.84946, 1.07692, 5216.69565, 306031.21798, 1.91852
230, 1.41784, 1.0, 2454.54545, 30.35185, 1.06818, 5108.447, 303642.32265, 1.87811
231, 1.40196, 1.0, 1968.75, 29.44444, 1.05769, 4963.86247, 301327.09447, 1.84383
232, 1.39796, 1.0, 2764.70588, 29.55319, 1.02326, 4954.85176, 298922.20979, 1.81061
233, 1.39175, 1.05556, 4184.21053, 30.09434, 1.04651, 4873.14014, 296685.11529, 1.77296
234, 1.4, 1.06667, 2343.75, 29.25333, 1.1, 4848.73621, 294137.95724, 1.76104
235, 1.41011, 1.0, 4638.88889, 29.41916, 1.1, 4926.4, 291842.04077, 1.75066
236, 1.42771, 1.0, 2944.44444, 29.43396, 1.06667, 4870.9284, 289480.98293, 1.73118
237, 1.37576, 1.0, 3666.66667, 28.91667, 1.02632, 4917.67164, 287114.3358, 1.7248
238, 1.39623, 1.0, 2956.52174, 28.69853, 1.03571, 4979.68, 284739.75622, 1.74105
239, 1.3354, 1.09091, 4625.0, 28.66667, 1.06897, 4911.15578, 282559.69, 1.73669
240, 1.29747, 1.07143, 3166.66667, 28.42105, 1.0, 4781.26343, 280525.36181, 1.70986
241, 1.28205, 1.0, 2000.0, 28.1875, 1.03333, 4730.65633, 278278.75448, 1.69914
242, 1.28302, 1.1, 1636.36364, 28.27778, 1.07143, 4643.35844, 276064.89922, 1.65698
243, 1.31757, 1.0, 6750.0, 28.01852, 1.10526, 4580.96296, 273990.74805, 1.61243
244, 1.30496, 1.0, 1888.88889, 27.73529, 1.0, 4475.10753, 271785.68254, 1.58333
245, 1.32836, 1.0, 3928.57143, 27.29091, 1.07692, 4447.95935, 269580.30914, 1.56193
246, 1.3209, 1.0, 3800.0, 26.43421, 1.0, 4478.23562, 267430.20054, 1.53988
247, 1.30657, 1.0, 14500.0, 26.95402, 1.0, 4627.21763, 265239.93699, 1.51703
248, 1.29323, 1.0, 3888.88889, 26.02857, 1.0, 4595.71989, 263195.30028, 1.51429
249, 1.27419, 1.0, 10541.66667, 26.70751, 1.125, 4848.03125, 261131.26891, 1.51111
250, 1.2619, 1.0, 1633.33333, 25.7551, 1.0, 4844.52722, 258958.28693, 1.5129
251, 1.23967, 1.0, 888.88889, 27.75, 1.02778, 4733.94152, 257017.7851, 1.48515
252, 1.23333, 1.0, 2227.27273, 25.30612, 1.05556, 4766.13731, 254909.12281, 1.48993
253, 1.23478, 1.0, 1000.0, 27.0, 1.0, 4448.20732, 253162.56716, 1.45763
254, 1.22124, 1.0, 1785.71429, 24.28, 1.05, 4329.66149, 251198.94817, 1.45833
255, 1.2037, 1.0, 2142.85714, 24.53333, 1.05263, 4192.63437, 249200.78571, 1.44599
256, 1.2, 1.0, 5045.45455, 26.03604, 1.0, 4328.25559, 247258.8375, 1.44718
257, 1.17347, 1.0, 833.33333, 22.6, 1.07407, 4252.85526, 245354.1246, 1.44
258, 1.18889, 1.0, 3250.0, 23.15385, 1.0, 4266.68667, 243253.98355, 1.44118
259, 1.18681, 1.0, 3666.66667, 25.65909, 1.0, 4253.99333, 241192.37667, 1.42647
260, 1.20225, 1.0, 3250.0, 24.46154, 1.0, 4166.88552, 239302.44333, 1.40075
261, 1.1828, 1.0, 9125.0, 24.41096, 1.13333, 4186.83959, 237417.89899, 1.37692
262, 1.18391, 1.0, 2200.0, 24.27273, 1.0, 4193.12111, 235442.27986, 1.36187
263, 1.14815, 1.0, 500.0, 22.0, 1.0, 4135.87544, 233616.70242, 1.34646
264, 1.16883, 1.0, 2000.0, 21.75, 1.0, 3869.94526, 231959.59431, 1.31579
265, 1.1831, 1.0, 3250.0, 23.53846, 1.125, 3797.08519, 230135.67883, 1.32917
266, 1.19403, 1.0, 3600.0, 22.13889, 1.0, 3857.06061, 228253.78148, 1.34043
267, 1.19697, 0.0, 0.0, 0.0, 1.0625, 3781.60232, 226436.99242, 1.32301
268, 1.16418, 1.0, 750.0, 21.0, 1.0, 3743.01581, 224655.03089, 1.30317
269, 1.16176, 1.0, 1666.66667, 22.2, 1.0, 3740.00803, 222720.09486, 1.29358
270, 1.18182, 1.0, 833.33333, 20.4, 1.0, 3706.16116, 220953.14859, 1.28436
271, 1.17188, 0.0, 0.0, 0.0, 1.07692, 3600.06751, 219257.97934, 1.27451
272, 1.11475, 1.0, 6166.66667, 21.86486, 1.0, 3686.93506, 217563.40506, 1.29
273, 1.11667, 1.0, 11500.0, 21.75362, 1.05263, 3836.10222, 215882.66234, 1.26042
274, 1.12308, 1.0, 2333.33333, 21.5, 1.0, 3741.91928, 214105.75556, 1.2328
275, 1.125, 1.0, 14400.0, 21.09028, 1.0, 4062.29032, 212307.87892, 1.25414
276, 1.1, 1.0, 1500.0, 22.66667, 1.0, 4014.66822, 210622.74654, 1.24859
277, 1.1, 1.0, 16833.33333, 20.9703, 1.0, 4305.03883, 208858.22897, 1.24706
278, 1.09091, 0.0, 0.0, 0.0, 1.07692, 4096.08586, 207444.15534, 1.22892
279, 1.125, 1.0, 4000.0, 17.0, 1.0, 4129.68912, 205513.52525, 1.225
280, 1.12963, 1.0, 6500.0, 22.0, 1.0, 4184.90761, 203935.32642, 1.24161
281, 1.11765, 0.0, 0.0, 0.0, 1.07143, 4130.22727, 202425.57065, 1.21678
282, 1.12245, 1.0, 10500.0, 19.98413, 1.09091, 4214.18713, 200715.77841, 1.21014
283, 1.1, 1.0, 2500.0, 17.7, 1.0, 4086.38824, 199180.82456, 1.2
284, 1.11111, 1.0, 1500.0, 16.33333, 1.0, 4124.35583, 197675.03529, 1.18939
285, 1.09524, 1.0, 5250.0, 20.66667, 1.0, 3774.71154, 196662.59509, 1.18462
286, 1.09524, 1.0, 4500.0, 18.77778, 1.0, 3831.31579, 194536.94231, 1.17323
287, 1.07143, 1.0, 2250.0, 20.33333, 1.0, 3842.68243, 193011.95395, 1.152
288, 1.05, 1.0, 6000.0, 20.83333, 1.125, 3745.57241, 191615.36486, 1.14876
289, 1.04651, 0.0, 0.0, 0.0, 1.0, 3723.43357, 190018.33793, 1.14783
290, 1.04651, 0.0, 0.0, 0.0, 1.0, 3707.24818, 188575.76224, 1.12613
291, 1.075, 0.0, 0.0, 0.0, 1.0, 3660.88806, 186508.59854, 1.12037
292, 1.07895, 0.0, 0.0, 0.0, 1.0, 3313.12121, 185287.07463, 1.1068
293, 1.09375, 1.0, 500.0, 17.0, 1.0, 3203.55645, 184012.97727, 1.10101
294, 1.09677, 0.0, 0.0, 0.0, 1.0, 3182.90833, 182626.29839, 1.08421
295, 1.09677, 1.0, 10250.0, 18.92683, 1.0, 3354.91453, 181219.525, 1.06383
296, 1.09091, 0.0, 0.0, 0.0, 0.0, 3326.91453, 179696.54701, 1.05376
297, 1.08824, 1.0, 3000.0, 17.33333, 1.0, 3430.36697, 178389.11966, 1.07317
298, 1.06452, 0.0, 0.0, 0.0, 1.0, 3512.45631, 176908.72477, 1.06329
299, 1.03448, 0.0, 0.0, 0.0, 1.0, 3556.85714, 175207.51456, 1.06757
300, 1.04167, 0.0, 0.0, 0.0, 1.0, 3717.38462, 173889.32653, 1.07042
301, 1.0, 0.0, 0.0, 0.0, 1.0, 3452.69318, 172590.38462, 1.07353
302, 1.0, 1.0, 2500.0, 16.6, 1.0, 3576.34524, 170850.93182, 1.09231
303, 1.0, 0.0, 0.0, 0.0, 1.0, 3436.35443, 169746.41667, 1.09677
304, 1.0, 1.0, 7500.0, 16.66667, 1.0, 3211.0, 168386.70886, 1.11475
305, 1.0, 0.0, 0.0, 0.0, 1.0, 3136.28947, 166797.66234, 1.11667
306, 1.0, 0.0, 0.0, 0.0, 1.0, 3142.34247, 165495.39474, 1.12281
307, 1.0, 0.0, 0.0, 0.0, 1.0, 3167.81429, 164014.9726, 1.10909
308, 1.0, 0.0, 0.0, 0.0, 1.0, 3185.08696, 162539.11429, 1.11538
309, 1.0, 0.0, 0.0, 0.0, 1.0, 3105.01587, 161621.92754, 1.10417
310, 1.0, 1.0, 24500.0, 15.61224, 1.0, 3474.72131, 160468.44444, 1.10204
311, 1.0, 1.0, 8000.0, 14.75, 1.0, 3626.33333, 159157.67213, 1.10204
312, 1.0, 0.0, 0.0, 0.0, 1.0, 3794.98148, 158048.61667, 1.08889
313, 1.0, 0.0, 0.0, 0.0, 1.0, 3885.01923, 156657.94444, 1.09524
314, 1.0, 0.0, 0.0, 0.0, 1.0, 4047.5625, 155450.28846, 1.10526
315, 1.0, 0.0, 0.0, 0.0, 1.0, 3737.62222, 154452.95833, 1.10811
316, 1.0, 0.0, 0.0, 0.0, 1.0, 3537.77273, 153509.15556, 1.08108
317, 1.0, 1.0, 2000.0, 19.75, 1.0, 3564.92683, 151620.81818, 1.08571
318, 1.0, 0.0, 0.0, 0.0, 1.2, 3573.73684, 150560.90244, 1.0303
319, 1.0, 0.0, 0.0, 0.0, 1.0, 3683.19444, 149196.55263, 1.0303
320, 1.0, 0.0, 0.0, 0.0, 1.0, 3800.70588, 147916.25, 1.03226
321, 1.0, 0.0, 0.0, 0.0, 1.0, 3850.625, 146849.08824, 1.03448
322, 1.0, 0.0, 0.0, 0.0, 1.0, 3206.51613, 146256.78125, 1.03571
323, 1.0, 0.0, 0.0, 0.0, 1.0, 3224.06667, 145116.77419, 1.03704
324, 1.0, 1.0, 500.0, 22.0, 1.0, 3154.83333, 144093.56667, 1.03704
325, 1.0, 0.0, 0.0, 0.0, 0.0, 3129.46667, 142880.03333, 1.03846
326, 1.0, 0.0, 0.0, 0.0, 1.0, 3267.92857, 141781.86667, 1.04167
327, 1.0, 0.0, 0.0, 0.0, 0.0, 3239.71429, 140742.53571, 1.04167
328, 1.0, 0.0, 0.0, 0.0, 1.0, 3054.14815, 139843.78571, 1.0
329, 1.0, 0.0, 0.0, 0.0, 1.0, 3462.52174, 138467.07407, 1.0
330, 1.0, 0.0, 0.0, 0.0, 0.0, 3434.6087, 137165.69565, 1.0
331, 1.0, 0.0, 0.0, 0.0, 0.0, 3406.3913, 136016.78261, 1.0
332, 1.0, 0.0, 0.0, 0.0, 1.0, 3453.95455, 134977.13043, 1.0
333, 1.0, 1.0, 1500.0, 17.0, 0.0, 3493.86364, 133550.90909, 1.05882
334, 1.0, 0.0, 0.0, 0.0, 1.0, 3489.80952, 132588.40909, 1.05882
335, 1.0, 0.0, 0.0, 0.0, 0.0, 3459.42857, 131577.71429, 1.06667
336, 1.0, 0.0, 0.0, 0.0, 0.0, 3430.52381, 130495.95238, 1.06667
337, 1.0, 0.0, 0.0, 0.0, 0.0, 3402.61905, 129395.19048, 1.06667
338, 1.0, 0.0, 0.0, 0.0, 0.0, 3372.66667, 128322.71429, 1.07143
339, 1.0, 0.0, 0.0, 0.0, 0.0, 3344.0, 127252.38095, 1.07692
340, 1.0, 0.0, 0.0, 0.0, 1.0, 3470.2, 126233.09524, 1.07692
341, 1.0, 0.0, 0.0, 0.0, 1.0, 3786.66667, 125358.7, 1.08333
342, 1.0, 0.0, 0.0, 0.0, 1.0, 3798.375, 123966.22222, 1.0
343, 1.0, 0.0, 0.0, 0.0, 0.0, 3767.25, 122127.6875, 1.0
344, 1.0, 0.0, 0.0, 0.0, 1.0, 3965.86667, 121154.75, 1.0
345, 1.0, 0.0, 0.0, 0.0, 1.0, 4051.21429, 120014.2, 1.0
346, 1.0, 0.0, 0.0, 0.0, 0.0, 4018.07143, 118967.35714, 1.0
347, 1.0, 0.0, 0.0, 0.0, 0.0, 3982.35714, 117971.71429, 1.0
348, 1.0, 0.0, 0.0, 0.0, 1.0, 3853.85714, 117077.28571, 1.0
349, 1.0, 0.0, 0.0, 0.0, 1.0, 3834.0, 116445.14286, 1.0
350, 1.0, 0.0, 0.0, 0.0, 1.0, 4098.75, 114847.0, 1.0
351, 1.0, 0.0, 0.0, 0.0, 1.0, 4637.9, 113552.75, 1.0
352, 1.0, 0.0, 0.0, 0.0, 0.0, 4598.5, 112785.6, 1.0
353, 1.0, 0.0, 0.0, 0.0, 1.0, 4940.88889, 111998.2, 1.0
354, 1.0, 0.0, 0.0, 0.0, 1.0, 5463.0, 110577.22222, 1.0
355, 1.0, 0.0, 0.0, 0.0, 0.0, 5418.625, 109098.75, 1.0
356, 1.0, 0.0, 0.0, 0.0, 0.0, 5369.125, 108197.0, 1.0
357, 1.0, 0.0, 0.0, 0.0, 1.0, 1597.85714, 111345.5, 1.0
358, 1.0, 0.0, 0.0, 0.0, 1.0, 1719.5, 106617.28571, 1.0
359, 1.0, 0.0, 0.0, 0.0, 1.0, 1525.0, 106601.33333, 1.0
360, 1.0, 0.0, 0.0, 0.0, 0.0, 1512.4, 104697.0, 1.0
361, 1.0, 0.0, 0.0, 0.0, 1.0, 1817.25, 103900.8, 1.0
362, 1.0, 0.0, 0.0, 0.0, 0.0, 1803.5, 103234.75, 1.0
363, 1.0, 0.0, 0.0, 0.0, 0.0, 1791.0, 102380.5, 1.0
364, 1.0, 0.0, 0.0, 0.0, 1.0, 1896.33333, 102066.75, 1.0
365, 1.0, 0.0, 0.0, 0.0, 0.0, 1875.66667, 100554.66667, 1.0
366, 1.0, 0.0, 0.0, 0.0, 0.0, 1856.33333, 99711.33333, 1.0
367, 1.0, 0.0, 0.0, 0.0, 0.0, 1841.33333, 98890.0, 1.0
368, 1.0, 0.0, 0.0, 0.0, 0.0, 1826.66667, 98058.33333, 1.0
369, 0.0, 0.0, 0.0, 0.0, 1.0, 2632.5, 97547.33333, 1.0
370, 0.0, 0.0, 0.0, 0.0, 0.0, 2604.0, 97562.5, 1.0
371, 0.0, 0.0, 0.0, 0.0, 0.0, 2579.0, 96741.5, 1.0
372, 0.0, 0.0, 0.0, 0.0, 0.0, 2557.5, 95908.5, 1.0
373, 0.0, 0.0, 0.0, 0.0, 0.0, 2532.5, 95149.0, 1.0
374, 0.0, 0.0, 0.0, 0.0, 0.0, 2512.0, 94326.0, 1.0
375, 0.0, 0.0, 0.0, 0.0, 0.0, 2490.0, 93552.5, 1.0
376, 0.0, 0.0, 0.0, 0.0, 0.0, 2471.0, 92732.0, 1.0
377, 0.0, 0.0, 0.0, 0.0, 0.0, 2448.5, 91982.0, 1.0
378, 0.0, 0.0, 0.0, 0.0, 0.0, 2424.5, 91184.5, 1.0
379, 0.0, 0.0, 0.0, 0.0, 0.0, 2401.0, 90426.0, 1.0
380, 0.0, 0.0, 0.0, 0.0, 0.0, 2378.0, 89692.5, 1.0
381, 0.0, 0.0, 0.0, 0.0, 0.0, 2357.0, 88960.0, 1.0
382, 0.0, 0.0, 0.0, 0.0, 0.0, 2336.5, 88216.5, 1.0
383, 0.0, 0.0, 0.0, 0.0, 0.0, 2312.5, 87443.5, 1.0
384, 0.0, 0.0, 0.0, 0.0, 0.0, 2297.5, 86725.0, 1.0
385, 1.0, 0.0, 0.0, 0.0, 0.0, 2277.5, 86000.5, 1.0
386, 0.0, 0.0, 0.0, 0.0, 1.0, 4287.0, 85687.0, 1.0
387, 0.0, 0.0, 0.0, 0.0, 0.0, 4254.0, 84214.0, 1.0
388, 0.0, 0.0, 0.0, 0.0, 0.0, 4216.0, 83531.0, 1.0
389, 0.0, 0.0, 0.0, 0.0, 0.0, 4178.0, 82841.0, 1.0
390, 0.0, 0.0, 0.0, 0.0, 0.0, 4138.0, 82120.0, 1.0
391, 0.0, 0.0, 0.0, 0.0, 1.0, 0.0, 85918.0, 0.0
