time, seeders, joined, request_count, response_size, left, awareness, bad_data, leechers
0, 0.0, 0.0, 0.0, 0.0, 0.0, 1001.0, 0.0, 0.0
1, 0.0, 99.0, 612.19192, 2.64674, 0.0, 56147.62, 0.0, 99.0
2, 0.0, 3.45, 498.26087, 5.38918, 5.898, 53773.72, 3556.346, 97.552
3, 0.0, 3.7169, 496.71233, 5.52841, 2.68433, 54246.842, 4876.538, 98.77
4, 0.0, 2.58974, 494.22442, 5.70451, 2.65368, 54079.13, 6230.78, 98.742
5, 0.0, 2.71674, 495.26066, 5.77033, 2.6477, 54017.312, 7531.33, 98.854
6, 0.0, 2.58531, 495.82289, 5.92081, 2.65563, 53856.552, 8861.762, 98.842
7, 0.0, 2.54684, 498.71685, 6.01029, 2.69197, 53712.326, 10150.828, 98.698
8, 0.0, 2.76445, 494.57785, 6.23023, 2.72113, 53622.596, 11492.328, 98.782
9, 0.0, 2.68777, 496.75061, 6.28209, 2.77342, 53453.004, 12857.406, 98.698
10, 0.0, 2.75108, 497.24626, 6.40902, 2.67167, 53379.982, 14162.502, 98.75
11, 77.176, 1.87129, 494.04762, 6.56225, 1.34404, 53715.078, 14419.406, 22.5
12, 77.392, 2.16129, 496.26866, 6.59398, 3.11618, 52914.742, 15999.028, 21.156
13, 78.974, 2.53105, 497.88494, 6.6678, 2.14184, 52982.84, 16946.878, 20.126
14, 79.568, 2.18075, 498.92357, 6.78964, 2.20755, 52796.886, 17900.694, 19.518
15, 80.228, 2.17464, 500.55006, 6.83077, 2.16229, 52584.218, 18864.632, 18.864
16, 80.708, 2.16627, 500.0, 6.92544, 2.17606, 52444.55, 19756.094, 18.354
17, 81.106, 2.17381, 494.52355, 6.91584, 2.15023, 52218.33, 20726.628, 17.95
18, 81.664, 2.22222, 495.3125, 6.97161, 2.24824, 52096.414, 21639.322, 17.392
19, 82.182, 2.19765, 499.46467, 6.95498, 2.17577, 51957.144, 22552.338, 16.91
20, 82.77, 2.19294, 496.24464, 7.19351, 2.19332, 51850.52, 23424.604, 16.348
21, 82.54, 2.02594, 497.67171, 7.06433, 2.15496, 51683.196, 24285.68, 16.516
22, 82.642, 2.17233, 500.55866, 7.40625, 2.12048, 51586.736, 25114.464, 16.444
23, 83.138, 2.16667, 499.44259, 7.39509, 2.11483, 51456.238, 25975.304, 15.974
24, 83.178, 2.10142, 498.3165, 7.2759, 2.16268, 51319.714, 26833.628, 15.908
25, 83.228, 2.14048, 495.55061, 7.58137, 2.05714, 51232.03, 27641.644, 15.928
26, 83.372, 2.0628, 498.24356, 7.69213, 2.05665, 51029.212, 28524.88, 15.822
27, 83.406, 2.05651, 500.0, 7.56153, 2.08873, 50836.228, 29384.28, 15.72
28, 83.49, 2.12529, 498.9083, 7.74289, 2.15116, 50711.076, 30250.398, 15.618
29, 83.49, 2.1028, 502.77778, 7.82873, 2.12981, 50595.966, 31096.352, 15.646
30, 83.54, 2.16829, 494.93813, 7.87045, 2.12383, 50475.684, 31918.852, 15.556
31, 83.476, 2.21205, 497.82135, 8.05142, 2.11456, 50359.906, 32769.51, 15.684
32, 83.512, 2.05896, 499.42726, 7.97592, 2.07852, 50217.008, 33604.604, 15.594
33, 83.486, 2.13318, 498.90471, 8.04281, 2.13777, 50083.728, 34467.56, 15.646
34, 83.394, 2.05787, 500.56243, 8.14719, 2.17647, 49917.402, 35342.892, 15.592
35, 83.338, 2.24769, 498.97013, 8.24458, 2.13793, 49814.85, 36231.136, 15.73
36, 83.344, 2.11807, 503.9818, 8.18623, 2.0622, 49740.898, 37006.354, 15.758
37, 83.084, 2.14754, 502.72628, 8.45228, 2.23963, 49570.16, 37912.618, 15.908
38, 83.196, 2.17606, 499.46063, 8.37365, 2.05981, 49529.19, 38690.692, 15.928
39, 83.216, 2.09286, 498.86234, 8.51083, 2.12679, 49440.786, 39464.782, 15.888
40, 83.29, 2.08057, 498.29157, 8.54743, 2.07282, 49356.458, 40231.304, 15.862
41, 83.338, 2.15038, 500.0, 8.669, 2.15496, 49183.026, 41070.07, 15.75
42, 83.248, 2.14754, 495.09269, 8.73018, 2.17401, 49038.526, 41928.692, 15.8
43, 83.316, 2.18735, 498.394, 8.74006, 2.11566, 48992.952, 42708.192, 15.844
44, 83.27, 2.13625, 494.87472, 8.7664, 2.16905, 48866.18, 43506.448, 15.824
45, 83.478, 2.13547, 499.4233, 9.08199, 2.09639, 48759.526, 44279.44, 15.61
46, 83.414, 2.19104, 502.15285, 8.97856, 2.11833, 48678.59, 45091.504, 15.706
47, 83.402, 2.12676, 500.55188, 8.92613, 2.23515, 48570.442, 45904.116, 15.648
48, 83.578, 2.21154, 503.26087, 9.03996, 2.11386, 48548.61, 46646.62, 15.604
49, 83.556, 2.10864, 501.17096, 9.0035, 2.17184, 48412.004, 47433.954, 15.514
50, 83.524, 2.1119, 501.1274, 9.2081, 2.09176, 48341.32, 48185.648, 15.542
51, 83.474, 2.12591, 496.58314, 9.40252, 2.09785, 48249.298, 48940.848, 15.59
52, 83.5, 2.13909, 501.68161, 9.47039, 2.12376, 48180.64, 49693.714, 15.632
53, 83.566, 2.08413, 500.0, 9.42676, 2.14423, 48091.358, 50439.256, 15.516
54, 83.562, 2.12077, 503.41686, 9.61199, 2.01647, 48039.776, 51160.994, 15.562
55, 83.46, 2.12619, 495.52072, 9.52316, 2.14052, 47958.722, 51913.448, 15.622
56, 83.512, 2.10287, 503.41297, 9.61243, 2.12958, 47910.426, 52630.978, 15.586
57, 83.464, 2.21292, 499.45946, 9.76732, 2.20142, 47830.95, 53416.226, 15.626
58, 83.562, 2.18118, 500.53937, 9.93534, 2.13768, 47815.314, 54139.52, 15.612
59, 83.43, 2.09906, 495.50562, 9.83333, 2.19676, 47669.91, 54947.126, 15.626
60, 83.416, 2.20531, 496.71413, 9.94267, 2.16785, 47585.306, 55717.848, 15.632
61, 83.442, 2.19315, 500.55741, 9.92428, 2.12437, 47599.578, 56377.274, 15.726
62, 83.456, 2.09547, 498.86105, 10.00457, 2.18182, 47493.816, 57134.204, 15.644
63, 83.344, 2.16867, 499.44444, 10.06897, 2.19159, 47410.478, 57889.928, 15.68
64, 83.356, 2.1957, 498.91304, 10.15686, 2.09246, 47415.61, 58574.928, 15.788
65, 83.378, 2.07895, 502.3015, 10.39633, 2.06311, 47381.356, 59251.928, 15.804
66, 83.412, 2.01687, 502.98686, 10.25772, 2.1274, 47236.818, 60009.564, 15.674
67, 83.382, 2.1639, 498.35346, 10.67621, 2.09579, 47156.932, 60765.016, 15.732
68, 83.288, 2.19718, 497.32906, 10.61976, 2.22857, 47077.704, 61540.522, 15.826
69, 83.274, 2.16274, 498.90949, 10.51366, 2.20335, 46989.322, 62309.278, 15.832
70, 83.354, 2.17647, 502.25225, 10.5583, 2.16019, 46945.424, 63008.14, 15.748
71, 83.302, 2.14352, 498.92009, 10.57684, 2.20616, 46891.47, 63748.838, 15.79
72, 83.272, 2.17381, 496.16648, 10.74283, 2.15439, 46811.756, 64495.976, 15.832
73, 83.23, 2.18765, 500.0, 10.7101, 2.12911, 46796.708, 65190.522, 15.902
74, 83.298, 2.08633, 503.44828, 11.01484, 2.16584, 46750.544, 65870.708, 15.824
75, 83.18, 2.12354, 502.19539, 11.04481, 2.13583, 46676.158, 66616.306, 15.94
76, 83.056, 2.07193, 500.55991, 11.02349, 2.1872, 46587.7, 67353.256, 16.004
77, 83.092, 2.19378, 498.36423, 11.25821, 2.14524, 46497.538, 68111.996, 16.0
78, 83.26, 2.17848, 500.0, 10.93603, 2.05399, 46448.088, 68804.05, 15.864
79, 83.37, 2.13768, 501.69492, 11.08784, 2.12593, 46440.42, 69449.958, 15.802
80, 83.322, 2.07444, 499.40191, 11.23114, 2.15952, 46306.806, 70168.698, 15.708
81, 83.332, 2.17249, 498.92704, 11.17634, 2.10238, 46314.02, 70839.918, 15.796
82, 83.358, 2.09005, 497.73243, 11.52847, 2.11779, 46259.13, 71519.73, 15.772
83, 83.408, 2.1561, 502.26244, 11.59459, 2.11085, 46178.722, 72233.282, 15.7
84, 83.33, 2.17233, 502.23464, 11.48276, 2.20093, 46088.062, 72967.184, 15.684
85, 83.38, 2.1831, 501.07527, 11.54614, 2.08495, 46121.79, 73608.334, 15.776
86, 83.386, 2.18473, 505.07328, 11.40737, 2.13333, 46079.314, 74286.64, 15.752
87, 83.47, 2.08314, 501.14025, 11.69511, 2.10952, 46035.684, 74948.87, 15.65
88, 83.478, 2.0801, 497.66628, 11.94842, 2.15904, 45964.67, 75611.31, 15.564
89, 83.45, 2.21308, 502.73523, 11.68009, 2.15403, 45956.534, 76274.842, 15.658
90, 83.394, 2.09809, 498.85975, 11.84114, 2.1477, 45893.92, 76949.14, 15.694
91, 83.51, 2.11922, 502.87026, 11.94178, 2.12531, 45896.244, 77556.532, 15.624
92, 83.528, 2.15725, 500.56948, 11.97611, 2.22388, 45852.574, 78211.264, 15.574
93, 83.468, 2.09501, 504.53515, 12.06629, 2.07889, 45813.262, 78872.492, 15.606
94, 83.448, 2.16785, 499.45474, 12.12555, 2.16706, 45799.872, 79531.834, 15.644
95, 83.432, 2.17577, 501.0917, 12.04466, 2.19858, 45763.452, 80215.202, 15.632
96, 83.438, 2.09346, 499.44196, 12.26704, 2.18599, 45697.286, 80903.98, 15.608
97, 83.336, 2.23934, 502.6455, 12.33579, 2.21114, 45673.746, 81603.214, 15.694
98, 83.284, 2.20561, 499.47034, 12.3807, 2.1715, 45665.996, 82278.53, 15.836
99, 83.258, 2.15238, 502.21239, 12.18612, 2.11954, 45635.018, 82940.88, 15.826
100, 83.268, 2.09716, 498.87006, 12.49717, 2.13302, 45601.27, 83579.382, 15.79
101, 83.304, 2.1472, 497.27965, 12.68381, 2.11298, 45589.69, 84224.744, 15.834
102, 83.312, 2.12888, 503.92377, 12.68409, 2.17464, 45550.706, 84882.516, 15.792
103, 83.182, 2.1599, 503.31492, 12.65203, 2.15068, 45491.764, 85570.928, 15.848
104, 83.196, 2.22871, 503.27511, 12.93492, 2.15196, 45488.224, 86212.08, 15.91
105, 83.19, 2.23666, 501.03734, 12.64079, 2.21739, 45493.0, 86889.644, 16.008
106, 83.114, 2.06634, 497.62188, 12.79809, 2.14558, 45399.616, 87535.144, 15.968
107, 83.22, 2.17961, 504.45434, 12.9117, 2.16748, 45389.75, 88163.736, 15.872
108, 83.24, 2.18886, 502.21239, 13.10573, 2.16827, 45372.062, 88800.426, 15.856
109, 83.272, 2.18564, 500.0, 13.26274, 2.17391, 45321.622, 89442.896, 15.79
110, 83.178, 2.14747, 503.75536, 13.16826, 2.15313, 45307.34, 90105.38, 15.892
111, 83.106, 2.20882, 502.10084, 13.25105, 2.27442, 45266.734, 90809.662, 15.912
112, 83.03, 2.26667, 503.67647, 13.13347, 2.18246, 45287.77, 91451.6, 16.05
113, 82.968, 2.13817, 501.64294, 13.33734, 2.16667, 45247.76, 92111.338, 16.066
114, 83.07, 2.16284, 499.46978, 13.3259, 2.06651, 45293.02, 92710.272, 16.11
115, 83.192, 2.07399, 504.02762, 13.27626, 2.1119, 45260.158, 93320.592, 15.952
116, 83.154, 2.09179, 495.38106, 13.52681, 2.07637, 45233.666, 93906.158, 15.982
117, 83.158, 2.09927, 504.03691, 13.56407, 2.12919, 45198.746, 94514.674, 15.932
118, 83.154, 2.07621, 501.66852, 13.67849, 2.17506, 45172.82, 95140.004, 15.92
119, 83.138, 2.20723, 502.18341, 13.57609, 2.16708, 45179.088, 95749.42, 16.004
120, 83.232, 2.13208, 504.97788, 13.83461, 2.17536, 45156.47, 96379.78, 15.882
121, 83.202, 2.16307, 499.44568, 13.88568, 2.1866, 45125.766, 97004.134, 15.888
122, 83.354, 2.16505, 500.0, 13.86435, 2.12048, 45117.516, 97596.622, 15.76
123, 83.346, 2.13889, 505.90319, 13.91249, 2.09456, 45073.314, 98189.374, 15.69
124, 83.408, 2.07075, 502.84738, 13.98414, 2.10263, 45045.844, 98789.384, 15.622
125, 83.408, 2.17371, 500.0, 14.13607, 2.13527, 45062.29, 99388.364, 15.706
126, 83.422, 2.11244, 501.69875, 14.22348, 2.10976, 45049.818, 99975.55, 15.728
127, 83.436, 2.133, 500.57737, 14.16148, 2.07246, 45034.124, 100544.024, 15.73
128, 83.354, 2.12201, 498.8726, 14.25424, 2.17757, 44968.526, 101179.608, 15.722
129, 83.378, 2.20096, 497.28261, 14.32131, 2.20673, 44953.094, 101793.524, 15.702
130, 83.322, 2.23419, 498.95178, 14.22794, 2.17619, 44967.716, 102413.206, 15.838
131, 83.38, 2.16137, 502.26244, 14.2027, 2.24455, 44907.368, 103042.938, 15.694
132, 83.472, 2.12888, 498.87892, 14.54382, 2.13902, 44897.89, 103620.16, 15.632
133, 83.366, 2.14842, 500.0, 14.66931, 2.21655, 44856.388, 104222.614, 15.682
134, 83.35, 2.21882, 504.772, 14.36239, 2.07551, 44878.234, 104829.41, 15.77
135, 83.326, 2.18072, 498.89503, 14.5371, 2.25908, 44801.18, 105485.492, 15.738
136, 83.278, 2.15904, 502.79018, 14.64484, 2.15496, 44806.92, 106054.58, 15.798
137, 83.08, 2.19378, 501.09051, 14.68879, 2.19535, 44734.11, 106718.832, 15.942
138, 83.044, 2.12471, 501.10742, 14.7326, 2.08551, 44750.504, 107278.718, 16.028
139, 83.116, 2.1816, 498.37838, 14.57809, 2.13842, 44739.364, 107883.746, 16.014
140, 83.206, 2.25362, 501.07181, 14.79893, 2.20375, 44715.288, 108510.55, 15.908
141, 83.218, 2.17866, 498.29157, 14.79429, 2.06731, 44683.184, 109085.82, 15.932
142, 83.178, 2.14976, 498.31461, 14.90304, 2.15222, 44632.3, 109690.348, 15.914
143, 83.142, 2.16351, 500.0, 14.79737, 2.1432, 44641.604, 110259.744, 15.98
144, 83.236, 2.09813, 503.89755, 14.98674, 2.09722, 44620.324, 110850.012, 15.87
145, 83.272, 2.12143, 503.367, 14.97882, 2.12706, 44598.778, 111430.772, 15.808
146, 83.254, 2.21882, 497.87911, 15.21512, 2.13208, 44614.666, 112017.02, 15.904
147, 83.292, 2.03623, 507.11744, 15.13216, 2.19451, 44581.372, 112567.516, 15.792
148, 83.322, 2.2451, 503.82096, 15.30661, 2.15422, 44570.368, 113161.786, 15.806
149, 83.442, 2.08717, 504.06032, 15.28539, 2.10891, 44573.348, 113684.71, 15.706
150, 83.394, 2.12379, 497.14286, 15.51954, 2.19759, 44521.054, 114264.932, 15.68
151, 83.426, 2.11085, 499.45295, 15.53779, 2.18826, 44523.058, 114832.564, 15.686
152, 83.238, 2.2494, 501.59915, 15.51753, 2.23543, 44480.382, 115471.678, 15.832
153, 83.308, 2.10069, 497.82135, 15.47374, 2.13086, 44517.272, 116002.186, 15.872
154, 83.312, 2.07769, 504.82509, 15.50896, 2.13679, 44436.834, 116573.388, 15.714
155, 83.322, 2.12414, 503.78788, 15.53491, 2.20443, 44465.088, 117128.364, 15.762
156, 83.426, 2.17661, 501.64474, 15.61311, 2.21463, 44463.464, 117695.256, 15.666
157, 83.318, 2.06944, 501.11857, 15.8817, 2.16432, 44423.022, 118282.112, 15.718
158, 83.436, 2.15942, 503.91499, 15.99112, 2.05825, 44463.728, 118789.698, 15.692
159, 83.42, 2.19855, 504.40529, 15.90284, 2.13002, 44467.7, 119346.436, 15.722
160, 83.436, 2.07039, 507.034, 15.90173, 2.02638, 44468.068, 119856.224, 15.722
161, 83.516, 2.09398, 501.15075, 15.92308, 2.10513, 44458.092, 120380.968, 15.658
162, 83.5, 2.03521, 499.4233, 16.00231, 2.18182, 44386.438, 120963.25, 15.536
163, 83.52, 2.20188, 504.79744, 16.08131, 2.07834, 44416.186, 121522.654, 15.588
164, 83.388, 2.14797, 500.55556, 16.34295, 2.13239, 44410.628, 122070.202, 15.716
165, 83.422, 2.13604, 501.11732, 16.32887, 2.19465, 44384.222, 122634.394, 15.668
166, 83.398, 2.1699, 500.0, 16.39933, 2.14692, 44364.332, 123186.658, 15.668
167, 83.424, 2.13942, 502.24719, 16.28188, 2.16098, 44373.012, 123710.602, 15.65
168, 83.448, 2.22596, 503.7797, 16.57556, 2.06353, 44417.088, 124232.788, 15.724
169, 83.494, 1.98561, 501.20773, 16.47108, 2.09479, 44346.428, 124769.578, 15.566
170, 83.424, 2.17925, 503.24675, 16.38172, 2.14088, 44346.476, 125333.676, 15.63
171, 83.338, 2.15297, 502.12089, 16.54382, 2.18014, 44346.196, 125912.896, 15.714
172, 83.3, 2.13777, 503.88889, 16.74201, 2.04545, 44376.53, 126421.412, 15.842
173, 83.282, 2.1338, 502.75028, 16.60722, 2.16468, 44379.362, 126962.908, 15.864
174, 83.234, 2.13064, 498.88517, 16.63799, 2.13817, 44356.318, 127511.328, 15.88
175, 83.246, 2.14252, 500.55432, 16.87154, 2.14588, 44336.174, 128063.12, 15.848
176, 83.282, 2.21378, 502.6824, 16.70224, 2.11058, 44386.462, 128577.486, 15.92
177, 83.266, 2.12911, 499.40547, 16.79405, 2.12381, 44319.808, 129109.286, 15.834
178, 83.372, 2.1432, 502.22717, 17.10976, 2.14421, 44302.574, 129654.52, 15.71
179, 83.344, 2.21446, 500.54407, 16.91304, 2.17874, 44314.466, 130184.182, 15.772
180, 83.376, 2.18357, 506.08407, 16.87322, 2.15881, 44353.472, 130682.724, 15.808
181, 83.532, 2.18228, 505.80046, 17.18578, 2.09291, 44360.154, 131169.072, 15.664
182, 83.406, 2.22637, 500.55866, 17.03571, 2.22664, 44299.328, 131747.376, 15.674
183, 83.398, 2.13594, 505.39374, 17.30203, 2.14219, 44310.274, 132290.932, 15.698
184, 83.4, 2.14151, 500.0, 17.15198, 2.13915, 44294.868, 132833.36, 15.698
185, 83.432, 2.10353, 504.47427, 17.42572, 2.05742, 44333.102, 133313.866, 15.734
186, 83.37, 2.14044, 499.43439, 17.07361, 2.23981, 44273.066, 133873.61, 15.696
187, 83.28, 2.09954, 500.0, 17.33958, 2.06061, 44285.678, 134382.646, 15.832
188, 83.258, 2.20853, 504.29185, 17.65213, 2.22459, 44277.582, 134942.9, 15.836
189, 83.342, 2.17391, 504.44444, 17.73678, 2.2029, 44250.022, 135490.946, 15.728
190, 83.4, 2.18919, 502.24467, 17.68156, 2.09606, 44282.73, 135962.616, 15.75
191, 83.422, 2.08153, 501.15207, 17.48966, 2.14706, 44261.322, 136464.696, 15.712
192, 83.276, 2.13735, 505.63698, 17.45151, 2.26415, 44195.676, 137037.328, 15.712
193, 83.3, 2.36165, 500.0, 17.61048, 2.14699, 44239.218, 137574.504, 15.852
194, 83.316, 2.20443, 497.76536, 17.73176, 2.13239, 44224.608, 138088.948, 15.822
195, 83.24, 2.11294, 503.89755, 17.8221, 2.19477, 44201.852, 138622.504, 15.846
196, 83.266, 2.21205, 503.81264, 17.95892, 2.18841, 44210.702, 139142.412, 15.844
197, 83.306, 2.11192, 502.30415, 18.07683, 2.15328, 44186.054, 139641.836, 15.77
198, 83.308, 2.15952, 504.41014, 18.11585, 2.14929, 44197.16, 140148.344, 15.768
199, 83.308, 2.11848, 506.71141, 18.04194, 2.1007, 44199.136, 140653.048, 15.762
200, 83.38, 2.17822, 503.97727, 18.1646, 2.09157, 44189.162, 141148.956, 15.714
201, 83.292, 2.21241, 501.07875, 18.31539, 2.17062, 44195.326, 141672.194, 15.824
202, 83.252, 2.1271, 502.25479, 18.0954, 2.10952, 44188.202, 142168.882, 15.866
203, 83.422, 2.13366, 501.74014, 18.3526, 2.06311, 44198.144, 142618.656, 15.72
204, 83.392, 2.09198, 500.5637, 18.2455, 2.14388, 44187.374, 143112.582, 15.736
205, 83.338, 2.12028, 503.33704, 18.28508, 2.1271, 44206.416, 143592.49, 15.814
206, 83.316, 2.16468, 503.85888, 18.41685, 2.22249, 44191.118, 144115.104, 15.792
207, 83.256, 2.1773, 503.25733, 18.51672, 2.26794, 44169.456, 144656.194, 15.798
208, 83.252, 2.16859, 504.79233, 18.50633, 2.12212, 44198.56, 145166.174, 15.838
209, 83.268, 2.15439, 498.3462, 18.51549, 2.17157, 44209.838, 145647.518, 15.864
210, 83.24, 2.15439, 503.30761, 18.5805, 2.18246, 44194.738, 146164.12, 15.864
211, 83.282, 2.17943, 501.64654, 18.65974, 2.13571, 44205.66, 146654.046, 15.85
212, 83.32, 2.13842, 503.34821, 18.69845, 2.16547, 44190.384, 147158.81, 15.798
213, 83.256, 2.09069, 498.28767, 18.68041, 2.1165, 44186.822, 147622.65, 15.87
214, 83.222, 2.12802, 501.70261, 18.89253, 2.2122, 44155.964, 148123.45, 15.852
215, 83.074, 2.24941, 508.44773, 18.85358, 2.29371, 44137.36, 148688.202, 15.926
216, 83.056, 2.23776, 496.875, 18.98847, 2.19139, 44176.1, 149184.894, 16.032
217, 83.21, 2.16145, 505.01672, 19.08057, 2.07407, 44222.686, 149625.564, 15.992
218, 83.378, 2.13882, 506.00962, 18.95962, 2.11436, 44165.82, 150105.812, 15.75
219, 83.25, 2.16949, 501.11607, 19.11693, 2.27924, 44115.31, 150631.844, 15.76
220, 83.322, 2.1816, 501.62162, 18.9903, 2.12099, 44177.594, 151075.902, 15.82
221, 83.222, 2.14354, 499.44196, 19.22458, 2.25359, 44130.564, 151595.362, 15.828
222, 83.218, 2.16822, 503.77155, 19.22674, 2.10638, 44159.542, 152074.66, 15.906
223, 83.252, 2.07619, 497.70642, 19.25461, 2.09647, 44127.046, 152551.968, 15.834
224, 83.206, 2.14516, 503.22234, 19.38954, 2.15935, 44116.502, 153074.448, 15.872
225, 83.368, 2.05276, 499.41589, 19.39532, 2.03155, 44129.266, 153491.508, 15.748
226, 83.398, 2.25558, 500.55006, 19.45824, 2.1186, 44122.246, 153980.1, 15.714
227, 83.39, 2.14489, 504.42968, 19.17453, 2.10599, 44114.79, 154468.578, 15.7
228, 83.162, 2.17536, 504.3573, 19.64471, 2.1924, 44117.802, 154961.868, 15.918
229, 83.098, 2.24641, 504.25985, 19.51848, 2.30193, 44116.17, 155479.728, 15.954
230, 83.046, 2.22406, 501.06045, 19.50476, 2.17136, 44131.834, 155976.324, 16.042
231, 83.076, 2.14634, 502.84091, 19.3661, 2.08962, 44124.546, 156437.412, 16.0
232, 83.082, 2.15545, 500.53821, 19.86452, 2.19286, 44134.604, 156922.672, 16.01
233, 83.108, 2.16708, 500.56689, 19.61608, 2.14074, 44141.056, 157363.62, 16.014
234, 83.25, 2.14, 497.07944, 19.78143, 2.08578, 44126.608, 157793.362, 15.882
235, 83.118, 2.15311, 503.33333, 19.75166, 2.17967, 44107.81, 158280.642, 15.97
236, 83.138, 2.10118, 502.23964, 19.95875, 2.0967, 44105.82, 158741.814, 15.958
237, 83.116, 2.11848, 498.88143, 19.78587, 2.16667, 44077.858, 159223.078, 15.948
238, 83.232, 2.19277, 503.84615, 19.80698, 2.06731, 44127.516, 159650.126, 15.932
239, 83.392, 2.02619, 505.2879, 19.97093, 2.15952, 44077.644, 160121.478, 15.66
240, 83.444, 2.17661, 502.74123, 20.03162, 2.16152, 44084.556, 160589.85, 15.612
241, 83.506, 2.12028, 504.44939, 20.08049, 2.07353, 44139.762, 160996.674, 15.656
242, 83.606, 2.1225, 504.71143, 19.88331, 2.06796, 44138.316, 161411.044, 15.55
243, 83.602, 2.13604, 498.32402, 20.31502, 2.17143, 44116.914, 161879.402, 15.52
244, 83.556, 2.10766, 500.56754, 20.11678, 2.12019, 44101.096, 162332.378, 15.564
245, 83.588, 2.11139, 505.2755, 20.18097, 2.17561, 44054.702, 162794.6, 15.454
246, 83.55, 2.17742, 504.2328, 20.36621, 2.08625, 44105.15, 163248.238, 15.592
247, 83.468, 2.12714, 504.02299, 20.35462, 2.23404, 44032.396, 163747.628, 15.524
248, 83.536, 2.11655, 499.44934, 20.62955, 2.17662, 44059.564, 164176.674, 15.522
249, 83.41, 2.24641, 502.66241, 20.46186, 2.22727, 44075.186, 164655.526, 15.664
250, 83.502, 2.195, 498.86105, 20.22603, 2.22359, 44044.234, 165110.588, 15.518
251, 83.414, 2.33652, 499.48927, 20.4683, 2.29356, 44061.56, 165620.018, 15.642
252, 83.256, 2.1814, 500.0, 20.51706, 2.14419, 44085.804, 166081.258, 15.832
253, 83.254, 2.17633, 503.32963, 20.42889, 2.12178, 44078.412, 166542.49, 15.824
254, 83.202, 2.16587, 501.10988, 20.60576, 2.17918, 44074.788, 166992.474, 15.878
255, 83.102, 2.15046, 501.07643, 20.74651, 2.15059, 44086.854, 167456.014, 16.008
256, 83.16, 2.18447, 504.44444, 20.81278, 2.13981, 44097.826, 167896.702, 15.944
257, 83.15, 2.13768, 501.69492, 20.72635, 2.13842, 44092.988, 168332.302, 15.932
258, 83.202, 2.16625, 505.15464, 20.82653, 2.10784, 44110.998, 168737.034, 15.906
259, 83.326, 2.19307, 500.0, 21.0158, 2.15909, 44136.176, 169137.082, 15.844
260, 83.27, 2.08068, 500.58754, 20.65962, 2.1295, 44099.642, 169564.018, 15.826
261, 83.336, 2.1851, 505.50055, 20.97497, 2.21792, 44089.964, 170030.628, 15.746
262, 83.472, 2.15777, 498.31271, 21.11964, 2.05556, 44114.418, 170427.14, 15.686
263, 83.456, 2.19708, 500.55371, 21.04204, 2.15566, 44095.148, 170886.224, 15.68
264, 83.466, 2.12028, 501.66852, 21.11863, 2.07143, 44085.202, 171332.5, 15.67
265, 83.532, 2.02906, 499.40334, 20.79928, 2.13539, 44019.402, 171771.494, 15.482
266, 83.526, 2.18578, 496.85205, 21.34213, 2.08864, 44043.242, 172227.072, 15.556
267, 83.642, 2.09804, 504.08879, 21.32561, 2.03178, 44066.066, 172597.874, 15.49
268, 83.646, 2.0942, 501.7301, 21.46782, 2.13054, 44063.966, 172999.84, 15.49
269, 83.642, 2.12411, 496.62921, 21.35294, 2.14388, 44055.702, 173423.06, 15.486
270, 83.546, 2.20339, 498.35165, 21.41014, 2.14423, 44064.644, 173852.67, 15.618
271, 83.558, 2.10539, 503.33704, 21.29282, 2.1412, 44038.92, 174312.37, 15.554
272, 83.518, 2.179, 504.38116, 21.35505, 2.13986, 44040.24, 174760.932, 15.584
273, 83.434, 2.23349, 502.63992, 21.3645, 2.25592, 44039.5, 175239.022, 15.658
274, 83.406, 2.26716, 505.40541, 21.48342, 2.20233, 44020.98, 175718.512, 15.642
275, 83.272, 2.23697, 498.94068, 21.73036, 2.19856, 44042.76, 176161.842, 15.826
276, 83.394, 2.1769, 500.0, 21.60045, 2.13659, 44044.244, 176570.462, 15.724
277, 83.246, 2.17518, 502.79642, 21.49611, 2.14486, 44025.678, 177012.08, 15.824
278, 83.098, 2.16972, 502.11416, 21.24526, 2.15873, 44034.648, 177474.77, 15.96
279, 82.972, 2.20388, 503.85463, 21.72787, 2.19811, 43992.356, 177953.8, 16.038
280, 82.976, 2.20465, 506.85654, 21.67014, 2.12352, 44056.536, 178370.706, 16.142
281, 82.978, 2.15217, 501.12233, 21.79395, 2.2451, 44031.524, 178806.69, 16.09
282, 83.04, 2.15789, 503.88027, 22.10011, 2.18797, 44061.512, 179202.028, 16.086
283, 83.14, 2.11429, 503.94144, 21.99441, 2.14217, 44064.48, 179609.61, 15.984
284, 83.19, 2.16585, 501.68919, 21.64759, 2.18978, 44056.126, 180025.646, 15.91
285, 83.256, 2.125, 502.77469, 21.88852, 2.1639, 44044.232, 180457.83, 15.824
286, 83.328, 2.08235, 504.51977, 21.94625, 2.09804, 44069.232, 180839.442, 15.81
287, 83.384, 2.07619, 502.29358, 21.96804, 2.15423, 44060.736, 181238.62, 15.766
288, 83.356, 2.07494, 503.386, 22.3509, 2.23598, 44000.682, 181703.73, 15.652
289, 83.374, 2.14516, 506.44468, 22.0403, 2.13415, 44060.298, 182097.772, 15.746
290, 83.404, 2.14593, 508.91862, 22.02848, 2.0939, 44081.826, 182500.98, 15.726
291, 83.348, 2.13793, 499.42396, 22.38985, 2.22651, 44015.29, 182944.028, 15.67
292, 83.402, 2.22434, 504.29185, 22.55532, 2.09906, 44054.156, 183352.79, 15.7
293, 83.428, 2.1601, 501.71038, 22.31932, 2.05924, 44063.37, 183731.652, 15.69
294, 83.488, 2.1138, 502.86369, 22.26765, 2.14423, 44034.872, 184146.12, 15.592
295, 83.508, 2.20482, 496.17486, 22.2533, 2.14762, 44041.58, 184554.39, 15.598
296, 83.512, 2.12143, 502.80584, 22.61496, 2.12, 44032.668, 184965.79, 15.574
297, 83.404, 2.1224, 501.63221, 22.41432, 2.16787, 44051.108, 185374.952, 15.712
298, 83.368, 2.20673, 502.17865, 22.56074, 2.18913, 44042.444, 185810.02, 15.732
299, 83.33, 2.17352, 498.94958, 22.58526, 2.25908, 44061.182, 186244.3, 15.808
300, 83.322, 2.17317, 501.12233, 22.84211, 2.16908, 44058.598, 186640.258, 15.802
301, 83.34, 2.10577, 504.56621, 22.44344, 2.1201, 44070.19, 187014.196, 15.806
302, 83.364, 2.14878, 500.56754, 22.65306, 2.20241, 44036.942, 187429.516, 15.716
303, 83.426, 2.15534, 502.25225, 22.4148, 2.10513, 44061.73, 187796.862, 15.708
304, 83.328, 2.13189, 498.31271, 22.69639, 2.18333, 44018.34, 188224.904, 15.75
305, 83.312, 2.13647, 506.05727, 22.90533, 2.17874, 44027.652, 188632.584, 15.778
306, 83.314, 2.20095, 500.53706, 22.8809, 2.12065, 44040.052, 189046.738, 15.81
307, 83.4, 2.02083, 500.0, 22.71363, 2.07579, 44058.798, 189396.892, 15.772
308, 83.41, 2.14428, 499.41995, 22.84088, 2.19512, 44012.016, 189802.316, 15.686
309, 83.52, 2.15049, 502.25734, 23.0764, 2.16945, 43992.61, 190206.378, 15.53
310, 83.604, 2.17967, 503.2538, 22.70043, 2.07674, 44038.136, 190581.964, 15.558
311, 83.468, 2.13285, 503.96376, 23.05618, 2.20507, 43982.098, 191020.402, 15.546
312, 83.488, 2.1899, 502.19539, 23.04372, 2.0591, 44019.064, 191391.77, 15.606
313, 83.534, 2.18182, 501.64474, 22.95628, 2.12621, 44045.65, 191770.968, 15.632
314, 83.502, 2.06954, 499.42063, 23.06613, 2.16229, 43993.1, 192173.506, 15.578
315, 83.48, 2.10773, 500.0, 23.04667, 2.15422, 43995.4, 192559.862, 15.612
316, 83.476, 2.11682, 509.93377, 23.43074, 2.22196, 44001.278, 192967.074, 15.566
317, 83.44, 2.19024, 503.34076, 23.34513, 2.22864, 44007.014, 193351.904, 15.624
318, 83.38, 2.12412, 500.55127, 23.13987, 2.15311, 44012.61, 193741.006, 15.698
319, 83.246, 2.25768, 498.95288, 23.40294, 2.17321, 44017.292, 194175.518, 15.86
320, 83.308, 2.14833, 503.89755, 23.36133, 2.05425, 44051.798, 194533.35, 15.852
321, 83.328, 2.125, 502.30681, 23.22847, 2.09135, 44041.128, 194899.53, 15.826
322, 83.332, 2.1738, 498.84125, 23.61672, 2.20863, 43968.198, 195317.004, 15.706
323, 83.37, 2.24455, 500.0, 23.76052, 2.10287, 44017.666, 195676.326, 15.764
324, 83.258, 2.12649, 504.48934, 23.51724, 2.22912, 43990.02, 196083.316, 15.79
325, 83.268, 2.1816, 500.54054, 23.60043, 2.15952, 44007.472, 196471.85, 15.816
326, 83.246, 2.15752, 500.5531, 23.71271, 2.14762, 44004.532, 196858.834, 15.842
327, 83.16, 2.17225, 501.10132, 23.72308, 2.1734, 43996.882, 197257.35, 15.914
328, 83.22, 2.17102, 501.09409, 23.46834, 2.13429, 44012.42, 197637.586, 15.902
329, 83.37, 2.06557, 501.70068, 23.92655, 2.13365, 43997.886, 198014.398, 15.728
330, 83.334, 2.08009, 503.30033, 23.41421, 2.10624, 44013.632, 198388.374, 15.758
331, 83.332, 2.18114, 501.13766, 23.61975, 2.06338, 44009.47, 198748.754, 15.76
332, 83.268, 2.11893, 498.85452, 23.60161, 2.18069, 43996.934, 199107.84, 15.808
333, 83.346, 2.20423, 501.59744, 23.85775, 2.11836, 44061.038, 199459.988, 15.854
334, 83.386, 1.97387, 502.40674, 23.82754, 2.07229, 44033.066, 199796.938, 15.756
335, 83.476, 2.16216, 501.70455, 24.16082, 2.08232, 44052.13, 200133.732, 15.706
336, 83.554, 2.0438, 498.21429, 23.70012, 2.19494, 44012.804, 200483.2, 15.574
337, 83.472, 2.18269, 503.30396, 23.97921, 2.20554, 43981.604, 200901.204, 15.562
338, 83.568, 2.20952, 504.84914, 23.83991, 2.15738, 44018.376, 201270.162, 15.54
339, 83.624, 2.1561, 503.39367, 24.10674, 2.0933, 44018.48, 201631.18, 15.502
340, 83.644, 2.13064, 500.0, 24.27202, 2.17021, 43984.426, 202030.26, 15.44
341, 83.526, 2.23059, 501.05485, 24.05368, 2.29147, 43969.518, 202464.616, 15.52
342, 83.42, 2.19811, 497.3176, 24.22977, 2.19484, 43965.532, 202863.466, 15.62
343, 83.476, 2.13239, 500.55432, 24.29125, 2.1798, 43977.738, 203220.27, 15.598
344, 83.332, 2.14118, 502.1978, 24.32495, 2.18473, 43996.872, 203579.276, 15.788
345, 83.33, 2.05109, 500.0, 24.18268, 2.07617, 43994.214, 203886.606, 15.786
346, 83.24, 2.20588, 502.22222, 24.40929, 2.11401, 44004.01, 204245.584, 15.896
347, 83.242, 2.06522, 501.16959, 24.27771, 2.1295, 43966.546, 204603.224, 15.828
348, 83.27, 2.27273, 496.31579, 24.5281, 2.15366, 44022.414, 204953.904, 15.934
349, 83.268, 2.10345, 502.34192, 24.43007, 2.15385, 43950.908, 205343.744, 15.796
350, 83.256, 2.20438, 498.89625, 24.57522, 2.1555, 43952.714, 205708.682, 15.818
351, 83.354, 2.21028, 500.0, 24.44609, 2.12649, 44003.442, 206064.09, 15.83
352, 83.376, 2.04471, 504.02762, 24.68151, 2.21853, 43944.728, 206457.742, 15.678
353, 83.51, 2.15942, 502.79642, 24.71746, 2.12531, 43986.89, 206772.382, 15.636
354, 83.52, 2.11164, 500.0, 24.73566, 2.16029, 43976.094, 207129.424, 15.598
355, 83.452, 2.14657, 502.7533, 24.64184, 2.15714, 43976.504, 207502.078, 15.67
356, 83.362, 2.1957, 505.97826, 24.7551, 2.2864, 43944.342, 207920.866, 15.684
357, 83.316, 2.10648, 501.0989, 24.55702, 2.0684, 43969.014, 208263.508, 15.796
358, 83.418, 2.0988, 502.87026, 25.00114, 2.14286, 43957.404, 208606.124, 15.666
359, 83.282, 2.21564, 501.60428, 24.81237, 2.29927, 43951.586, 209001.31, 15.782
360, 83.234, 2.19286, 501.08578, 25.00867, 2.17661, 43961.606, 209367.58, 15.848
361, 83.304, 2.16346, 501.66667, 25.12735, 2.08353, 43977.946, 209706.14, 15.782
362, 83.18, 2.04839, 500.56243, 25.21236, 2.13921, 43940.41, 210083.14, 15.84
363, 83.22, 2.11395, 505.50055, 24.82372, 2.09113, 43973.284, 210419.498, 15.874
364, 83.158, 2.17799, 501.07527, 24.8927, 2.15728, 43980.534, 210794.478, 15.958
365, 83.212, 2.06353, 504.561, 24.78757, 2.14355, 43978.104, 211130.378, 15.896
366, 83.26, 2.17882, 502.15983, 25.18925, 2.20823, 44005.898, 211482.37, 15.876
367, 83.38, 2.16583, 500.0, 25.29234, 2.15686, 43986.694, 211810.9, 15.72
368, 83.304, 2.07883, 499.45829, 25.2603, 2.16351, 43992.628, 212174.77, 15.816
369, 83.372, 2.2, 502.24467, 24.95531, 2.11611, 43982.32, 212526.334, 15.744
370, 83.218, 2.17647, 504.32432, 25.44051, 2.21542, 43949.47, 212937.494, 15.794
371, 83.136, 2.29812, 503.57508, 25.10548, 2.23113, 43995.154, 213321.318, 15.942
372, 83.126, 2.21168, 502.20022, 25.05148, 2.15166, 43997.76, 213675.62, 15.954
373, 83.088, 2.24292, 503.68034, 25.29123, 2.25061, 44026.762, 214047.662, 16.044
374, 83.192, 2.13126, 498.32027, 25.66292, 2.10732, 44035.968, 214369.372, 15.998
375, 83.114, 2.10169, 499.42396, 25.3564, 2.15457, 43986.438, 214727.628, 15.972
376, 83.116, 2.16312, 503.27869, 25.38871, 2.11294, 44007.858, 215067.762, 16.004
377, 83.108, 2.09882, 499.43946, 25.29068, 2.12679, 44004.172, 215400.038, 16.018
378, 83.158, 2.08314, 503.88027, 25.29043, 2.15691, 43990.6, 215763.954, 15.93
379, 83.154, 2.15765, 498.90949, 25.57705, 2.15421, 43977.78, 216130.59, 15.924
380, 83.216, 2.19231, 504.93421, 25.75461, 2.1019, 44008.322, 216458.574, 15.912
381, 83.312, 2.16748, 501.67973, 25.63728, 2.2104, 44016.576, 216784.464, 15.816
382, 83.322, 2.15931, 503.97276, 25.76914, 2.20247, 44014.352, 217111.216, 15.784
383, 83.408, 2.19471, 500.54765, 25.57877, 2.19765, 43984.67, 217490.026, 15.656
384, 83.458, 2.10875, 502.24215, 25.41406, 2.08274, 43994.044, 217811.028, 15.628
385, 83.364, 2.22353, 503.7037, 25.63235, 2.20047, 43995.288, 218195.904, 15.724
386, 83.316, 2.11401, 500.5618, 25.79349, 2.13953, 43953.54, 218563.066, 15.712
387, 83.328, 2.13571, 506.68896, 25.77558, 2.05122, 44017.276, 218840.044, 15.812
388, 83.312, 2.07748, 500.0, 25.68881, 2.0988, 43996.768, 219150.23, 15.802
389, 83.342, 2.09242, 503.39751, 26.08211, 2.18491, 43976.232, 219489.94, 15.742
390, 83.394, 2.23206, 496.78457, 25.96117, 2.1899, 43990.956, 219831.302, 15.734
391, 83.418, 2.06888, 501.72216, 25.8238, 2.1452, 43944.87, 220182.034, 15.62
392, 83.27, 2.2529, 503.60453, 25.8047, 2.28469, 43970.818, 220561.502, 15.8
393, 83.234, 2.18224, 498.394, 26.2406, 2.19221, 43998.556, 220893.2, 15.902
394, 83.304, 2.03325, 501.75234, 26.42142, 2.06132, 43976.726, 221201.228, 15.796
395, 83.418, 2.08696, 500.0, 26.30324, 2.08353, 43963.106, 221505.822, 15.664
396, 83.402, 2.13333, 502.15517, 26.09227, 2.10238, 44015.194, 221811.222, 15.77
397, 83.43, 2.16708, 503.45224, 26.15657, 2.12766, 43987.558, 222141.53, 15.68
398, 83.402, 2.14496, 501.14548, 26.03429, 2.05952, 43991.856, 222436.748, 15.724
399, 83.452, 2.1687, 503.38219, 26.13998, 2.09951, 44014.186, 222731.11, 15.718
400, 83.558, 2.01946, 503.01205, 26.2994, 2.09398, 43974.416, 223028.798, 15.534
401, 83.488, 2.16355, 502.15983, 26.71828, 2.2542, 43964.458, 223388.404, 15.576
402, 83.542, 2.21027, 503.31858, 26.30989, 2.20147, 43974.266, 223710.092, 15.538
403, 83.668, 2.18248, 502.22965, 26.0222, 2.07346, 43995.638, 224011.61, 15.456
404, 83.646, 2.12172, 502.81215, 26.17338, 2.07194, 44020.718, 224299.448, 15.528
405, 83.67, 2.01937, 504.79616, 26.37648, 2.08768, 43979.334, 224603.986, 15.41
406, 83.714, 2.15187, 496.19978, 26.1488, 2.09479, 44010.166, 224906.402, 15.44
407, 83.646, 2.125, 501.1534, 26.52819, 2.13023, 43964.838, 225239.19, 15.41
408, 83.618, 2.27073, 502.14823, 26.61604, 2.20241, 43979.798, 225576.232, 15.472
409, 83.592, 2.12319, 499.43117, 26.60251, 2.15328, 43960.278, 225891.914, 15.486
410, 83.44, 2.17143, 500.0, 26.69079, 2.12352, 43970.892, 226210.79, 15.674
411, 83.496, 2.16429, 500.55006, 26.45604, 2.10169, 44006.708, 226499.052, 15.7
412, 83.5, 2.05811, 499.41176, 26.54888, 2.13876, 43965.158, 226803.742, 15.608
413, 83.576, 2.14014, 501.10988, 26.54042, 2.10922, 43995.44, 227091.336, 15.596
414, 83.558, 2.10396, 504.11765, 26.45624, 2.14355, 43957.336, 227400.336, 15.552
415, 83.424, 2.21463, 504.40529, 26.89629, 2.15827, 43965.338, 227723.18, 15.702
416, 83.42, 2.09201, 506.36574, 26.70857, 2.18854, 43914.346, 228062.19, 15.6
417, 83.376, 2.13063, 503.69979, 26.43232, 2.13189, 43971.23, 228371.22, 15.758
418, 83.448, 2.18377, 499.45355, 26.54158, 2.26847, 43960.886, 228706.432, 15.674
419, 83.498, 2.10628, 502.86697, 26.70468, 2.06715, 43954.396, 229001.47, 15.644
420, 83.514, 2.12352, 498.88143, 27.02915, 2.18014, 43899.522, 229357.682, 15.528
421, 83.514, 2.20561, 501.05932, 26.86469, 2.23741, 43908.096, 229705.79, 15.55
422, 83.416, 2.23798, 503.22234, 27.08324, 2.17032, 43944.204, 230013.162, 15.726
423, 83.416, 2.06829, 500.0, 26.87028, 2.13412, 43879.752, 230334.548, 15.608
424, 83.33, 2.23474, 499.47479, 27.0673, 2.14762, 43931.666, 230638.884, 15.794
425, 83.362, 2.17718, 501.11483, 27.04116, 2.17986, 43919.494, 230957.22, 15.738
426, 83.128, 2.17143, 501.64474, 27.2623, 2.23131, 43881.894, 231316.4, 15.886
427, 83.2, 2.23333, 501.0661, 26.98617, 2.18519, 43928.378, 231615.176, 15.92
428, 83.332, 2.11298, 501.70648, 26.94558, 2.01887, 43939.936, 231888.42, 15.834
429, 83.268, 2.02179, 504.19162, 27.05819, 2.12201, 43889.346, 232186.32, 15.794
430, 83.272, 2.13777, 501.66667, 27.34441, 2.15328, 43903.056, 232479.0, 15.82
431, 83.426, 2.11905, 497.75281, 27.30813, 2.21271, 43878.482, 232792.404, 15.636
432, 83.522, 2.16312, 497.26776, 27.11429, 2.0933, 43908.936, 233072.592, 15.62
433, 83.402, 2.10169, 498.27189, 26.91214, 2.08333, 43871.26, 233377.396, 15.676
434, 83.484, 2.13842, 501.67411, 27.01446, 2.16626, 43888.234, 233660.754, 15.614
435, 83.498, 2.20144, 503.81264, 27.42919, 2.14558, 43914.6, 233959.02, 15.638
436, 83.396, 2.16746, 501.10375, 27.43612, 2.21462, 43885.754, 234293.892, 15.674
437, 83.452, 2.21027, 505.53097, 27.56127, 2.22542, 43865.68, 234625.752, 15.57
438, 83.372, 2.26442, 499.46921, 27.23592, 2.14554, 43889.404, 234940.48, 15.706
439, 83.238, 2.20673, 501.08932, 27.46087, 2.18465, 43897.958, 235248.358, 15.854
440, 83.252, 2.18779, 501.07296, 27.48715, 2.21718, 43891.464, 235583.368, 15.846
441, 83.328, 2.13221, 503.38219, 27.29115, 2.03302, 43912.57, 235853.382, 15.82
442, 83.344, 2.08038, 502.27273, 27.36538, 2.1093, 43879.906, 236163.644, 15.75
443, 83.32, 2.13139, 501.14155, 27.76424, 2.15366, 43874.224, 236443.162, 15.76
444, 83.412, 2.07765, 502.26501, 27.30665, 2.04156, 43918.922, 236680.172, 15.764
445, 83.424, 2.14149, 499.44009, 27.70628, 2.16235, 43889.87, 236995.676, 15.7
446, 83.496, 2.08252, 500.0, 27.6317, 2.09685, 43872.0, 237264.202, 15.612
447, 83.58, 2.10952, 499.43567, 27.99661, 2.10145, 43877.69, 237534.544, 15.56
448, 83.708, 2.12285, 500.0, 27.60301, 2.10552, 43856.19, 237812.5, 15.404
449, 83.628, 2.08645, 506.71892, 27.9337, 2.15802, 43844.42, 238120.378, 15.44
450, 83.558, 2.27053, 505.31915, 27.85579, 2.19048, 43876.96, 238428.302, 15.55
451, 83.546, 2.14824, 506.43275, 27.7067, 2.17788, 43830.908, 238729.38, 15.46
452, 83.514, 2.17808, 506.28931, 27.69255, 2.18765, 43869.23, 239044.738, 15.558
453, 83.456, 2.17412, 501.62338, 28.02589, 2.11557, 43899.318, 239329.922, 15.67
454, 83.352, 2.21053, 501.62338, 27.99245, 2.2518, 43894.242, 239651.656, 15.744
455, 83.408, 2.09785, 500.56883, 27.97614, 2.12776, 43897.85, 239914.726, 15.714
456, 83.262, 2.17561, 502.24215, 27.67969, 2.13563, 43861.162, 240235.834, 15.786
457, 83.252, 2.13318, 501.09529, 27.98689, 2.10238, 43888.196, 240511.404, 15.856
458, 83.164, 2.18705, 500.54825, 27.91566, 2.15827, 43899.882, 240799.084, 15.968
459, 83.168, 2.16748, 498.88018, 28.04826, 2.15385, 43892.078, 241084.206, 15.958
460, 83.332, 2.14078, 502.83447, 28.28636, 2.01914, 43930.57, 241314.776, 15.87
461, 83.202, 2.08706, 499.4363, 28.03273, 2.20561, 43873.598, 241640.452, 15.886
462, 83.332, 2.11137, 502.24467, 27.87821, 2.13208, 43862.594, 241930.884, 15.73
463, 83.412, 2.10345, 502.18579, 28.28183, 2.04038, 43916.222, 242176.608, 15.762
464, 83.51, 2.03747, 497.70115, 27.87298, 2.06542, 43895.512, 242445.97, 15.636
465, 83.434, 2.12919, 502.80899, 27.99553, 2.13443, 43885.426, 242733.578, 15.682
466, 83.44, 2.16098, 502.82167, 28.28171, 2.11369, 43860.958, 243027.216, 15.626
467, 83.452, 2.17442, 504.81283, 28.30297, 2.16076, 43888.316, 243324.758, 15.656
468, 83.512, 2.09579, 500.0, 28.26198, 2.19024, 43881.066, 243609.306, 15.594
469, 83.568, 2.15254, 503.93701, 28.07478, 2.09375, 43902.162, 243865.7, 15.574
470, 83.458, 2.12411, 502.24719, 28.29195, 2.18056, 43857.458, 244182.494, 15.58
471, 83.38, 2.2023, 505.74113, 28.04541, 2.23333, 43885.69, 244499.75, 15.698
472, 83.434, 2.13397, 498.87892, 28.43596, 2.09026, 43885.654, 244765.418, 15.668
473, 83.486, 2.15854, 498.87006, 28.45753, 2.13514, 43896.512, 245015.498, 15.648
474, 83.44, 2.08685, 503.37458, 28.32179, 2.10165, 43896.292, 245284.434, 15.694
475, 83.4, 2.13, 500.58685, 28.83705, 2.10048, 43869.15, 245540.812, 15.682
476, 83.348, 2.15765, 504.90731, 28.63499, 2.16429, 43894.866, 245815.904, 15.75
477, 83.414, 2.10689, 500.0, 28.60316, 2.10766, 43895.414, 246077.086, 15.696
478, 83.472, 2.07246, 498.8345, 29.02336, 2.02138, 43895.322, 246307.048, 15.652
479, 83.418, 2.17453, 500.0, 28.51193, 2.16667, 43892.386, 246603.578, 15.704
480, 83.382, 2.17062, 501.0917, 28.45207, 2.26619, 43862.542, 246922.926, 15.682
