time, seeders, joined, request_count, response_size, left, awareness, bad_data, leechers
0, 0.0, 0.0, 0.0, 0.0, 0.0, 5001.0, 0.0, 0.0
1, 0.0, 13.064, 843.76914, 0.83707, 0.0, 14410.518, 0.0, 13.064
2, 0.0, 6.00401, 753.00401, 1.44481, 1.682, 13965.826, 4804.41, 18.374
3, 0.0, 5.946, 649.17592, 1.86347, 1.31197, 17312.394, 5296.658, 23.706
4, 0.0, 5.77309, 602.26087, 2.24459, 1.4181, 20259.336, 5799.468, 28.798
5, 0.0, 5.71687, 563.22445, 2.59526, 1.49814, 22901.538, 6349.806, 33.686
6, 0.0, 5.49197, 557.76965, 2.86758, 1.62987, 25279.11, 7006.36, 38.152
7, 0.0, 5.27016, 539.78577, 3.16761, 1.56563, 27400.396, 7687.67, 42.378
8, 0.0, 4.96579, 535.04862, 3.38849, 1.6326, 29271.35, 8436.132, 46.132
9, 0.0, 4.84369, 523.78982, 3.67694, 1.71353, 30975.626, 9239.032, 49.674
10, 0.0, 4.59677, 520.61404, 3.87911, 1.84553, 32489.764, 10071.712, 52.872
11, 10.05859, 4.55466, 519.77778, 4.13852, 1.63793, 34104.012, 10695.002, 46.274
12, 14.508, 4.39069, 511.75657, 4.35045, 1.95396, 35336.114, 11570.766, 44.534
13, 18.872, 4.24798, 515.89938, 4.5368, 1.79265, 36617.74, 12344.344, 43.018
14, 23.002, 4.09331, 511.89296, 4.64714, 1.88298, 37761.948, 13146.59, 41.508
15, 26.958, 4.12982, 506.13949, 4.95391, 1.94845, 38866.608, 13977.726, 40.112
16, 30.668, 3.76375, 505.41126, 5.12473, 2.04167, 39772.392, 14814.628, 38.53
17, 34.188, 3.87143, 506.85293, 5.34581, 1.93316, 40768.292, 15612.21, 37.3
18, 37.404, 3.81352, 506.44815, 5.47851, 1.93282, 41741.984, 16391.552, 36.31
19, 40.34, 3.62474, 504.26621, 5.56627, 2.04523, 42529.214, 17244.176, 35.262
20, 43.116, 3.5084, 503.89222, 5.87938, 2.06616, 43230.774, 18090.316, 34.202
21, 45.748, 3.32632, 505.37975, 5.85911, 2.06635, 43789.206, 18991.844, 32.986
22, 48.414, 3.30021, 503.45044, 6.00436, 1.98196, 44454.412, 19789.656, 31.97
23, 50.826, 3.12762, 503.01003, 6.26729, 2.08134, 44919.398, 20685.962, 30.808
24, 53.026, 3.24411, 499.33993, 6.2809, 2.07933, 45395.614, 21575.052, 29.908
25, 55.276, 3.13433, 499.31973, 6.47275, 1.95192, 45855.986, 22433.142, 28.974
26, 57.13, 2.88745, 497.75112, 6.45105, 2.06588, 46121.828, 23344.484, 28.032
27, 59.074, 2.90773, 500.0, 6.76531, 1.97573, 46497.36, 24169.838, 27.17
28, 61.024, 2.88793, 495.52239, 6.86672, 2.04296, 46812.714, 25025.674, 26.188
29, 62.674, 2.75877, 499.60254, 7.01512, 2.07901, 47084.508, 25851.862, 25.37
30, 64.21, 2.58499, 499.14603, 7.13345, 2.0525, 47259.55, 26685.46, 24.534
31, 65.45, 2.60349, 499.16318, 7.10226, 2.18571, 47371.38, 27605.474, 23.848
32, 66.828, 2.47166, 500.91743, 7.17766, 2.08189, 47496.06, 28409.228, 22.972
33, 67.99, 2.49775, 498.64743, 7.31284, 2.11905, 47557.236, 29288.704, 22.248
34, 69.216, 2.39479, 499.5471, 7.36537, 2.10973, 47673.644, 30107.724, 21.538
35, 70.396, 2.41898, 497.12919, 7.49182, 2.0344, 47747.344, 30901.68, 20.792
36, 71.28, 2.275, 500.4995, 7.59681, 2.00737, 47795.994, 31684.54, 20.276
37, 72.226, 2.22803, 500.0, 7.71429, 2.02, 47797.518, 32446.78, 19.59
38, 73.014, 2.20616, 501.07411, 7.62701, 2.12412, 47692.938, 33311.09, 18.85
39, 73.68, 2.15423, 500.0, 7.83025, 2.19324, 47526.704, 34169.248, 18.1
40, 74.276, 2.19268, 498.88765, 7.98662, 2.05063, 47450.196, 34966.466, 17.682
41, 74.826, 2.02184, 498.19928, 7.94819, 2.1519, 47296.538, 35772.204, 17.098
42, 75.138, 2.15816, 500.0, 7.93735, 2.18859, 47129.322, 36606.144, 16.714
43, 75.562, 1.9425, 502.574, 7.93214, 2.07692, 46925.93, 37410.808, 16.116
44, 76.04, 1.92308, 499.33333, 8.0267, 2.02217, 46716.37, 38189.144, 15.496
45, 76.318, 1.98956, 494.09449, 8.28154, 2.06127, 46523.718, 38952.574, 15.06
46, 76.73, 1.85946, 495.63953, 8.29619, 2.00756, 46307.84, 39667.246, 14.43
47, 76.888, 1.85604, 497.92244, 8.32684, 2.0, 46100.754, 40409.35, 14.072
48, 77.054, 1.72928, 503.99361, 8.36926, 2.0, 45811.994, 41143.822, 13.542
49, 77.046, 1.8596, 499.22958, 8.46759, 2.04691, 45512.006, 41905.528, 13.19
50, 77.12, 1.62431, 500.0, 8.41667, 1.9951, 45177.018, 42642.056, 12.664
51, 77.184, 1.70149, 500.0, 8.51404, 1.95887, 44891.142, 43309.718, 12.216
52, 77.158, 1.66964, 507.13012, 8.65026, 2.05926, 44521.044, 44060.8, 11.696
53, 77.046, 1.75595, 503.38983, 8.48316, 2.0, 44207.906, 44777.604, 11.344
54, 77.018, 1.63077, 504.71698, 8.63551, 1.93233, 43876.318, 45453.562, 10.89
55, 76.838, 1.62154, 496.20493, 8.66157, 2.04051, 43508.428, 46152.198, 10.512
56, 76.574, 1.59561, 500.98232, 8.69804, 1.93112, 43164.812, 46814.058, 10.28
57, 76.462, 1.55836, 507.08502, 8.53892, 1.89196, 42831.356, 47455.558, 9.874
58, 76.096, 1.48993, 501.12613, 8.63596, 1.96278, 42402.882, 48136.038, 9.546
59, 75.866, 1.54333, 501.07991, 8.74569, 1.92526, 42034.352, 48775.87, 9.208
60, 75.53, 1.43506, 503.39367, 8.90337, 1.94072, 41643.872, 49416.764, 8.922
61, 75.17, 1.54613, 494.03341, 8.77053, 1.94667, 41257.72, 50021.624, 8.66
62, 74.902, 1.49643, 503.57995, 8.92417, 1.81698, 40921.336, 50584.84, 8.396
63, 74.604, 1.44195, 503.8961, 8.99485, 1.87368, 40534.374, 51164.0, 8.05611
64, 74.24, 1.4771, 502.58398, 8.86118, 1.86544, 40135.03, 51756.384, 7.764
65, 73.784, 1.5, 500.0, 9.1224, 1.96296, 39722.578, 52355.322, 7.504
66, 73.272, 1.43284, 501.30208, 9.06494, 1.8553, 39314.472, 52952.044, 7.348
67, 72.814, 1.41532, 498.5755, 9.04286, 1.82507, 38906.484, 53512.012, 7.12425
68, 72.342, 1.40541, 508.24176, 8.92703, 1.8022, 38554.366, 54036.75, 7.0261
69, 71.878, 1.34335, 509.58466, 9.08777, 1.79032, 38151.03, 54562.058, 6.78313
70, 71.406, 1.36441, 500.0, 8.67702, 1.89607, 37715.71, 55121.648, 6.54819
71, 70.954, 1.29384, 510.98901, 8.92832, 1.7514, 37307.744, 55611.296, 6.27856
72, 70.4, 1.26168, 516.66667, 8.94265, 1.76178, 36850.27, 56149.104, 6.02605
73, 69.726, 1.43415, 508.5034, 9.0301, 1.87895, 36371.51, 56728.84, 5.85972
74, 69.136, 1.33333, 515.84507, 8.5529, 1.79301, 35937.412, 57258.02, 5.70624
75, 68.702, 1.30151, 509.65251, 9.23485, 1.64444, 35554.488, 57705.258, 5.4509
76, 68.17, 1.26442, 515.20913, 9.0, 1.73333, 35146.7, 58183.27, 5.26052
77, 67.656, 1.2732, 506.07287, 9.112, 1.67521, 34767.988, 58612.422, 5.11268
78, 67.158, 1.18593, 506.35593, 8.98326, 1.67598, 34355.364, 59065.69, 4.91093
79, 66.476, 1.25414, 513.21586, 8.98712, 1.74064, 33890.188, 59563.546, 4.7622
80, 65.918, 1.2356, 514.83051, 8.82305, 1.68678, 33499.636, 59996.844, 4.59717
81, 65.196, 1.22989, 521.02804, 9.08969, 1.79251, 33051.526, 60467.992, 4.50202
82, 64.53, 1.31844, 523.30508, 8.65587, 1.81818, 32670.922, 60896.398, 4.4303
83, 63.95, 1.21818, 519.9005, 9.0, 1.65722, 32240.42, 61336.274, 4.24899
84, 63.284, 1.18831, 527.3224, 9.01554, 1.70308, 31792.03, 61778.27, 4.07099
85, 62.624, 1.25134, 510.68376, 9.29707, 1.67544, 31425.344, 62184.22, 4.05274
86, 62.05, 1.20732, 512.62626, 9.03941, 1.62385, 31061.712, 62550.694, 3.99182
87, 61.41, 1.14966, 514.7929, 9.10345, 1.62319, 30649.47, 62937.218, 3.84663
88, 60.82, 1.18621, 508.72093, 8.92571, 1.63091, 30275.736, 63285.494, 3.79089
89, 60.12, 1.18657, 528.30189, 9.2381, 1.68661, 29817.118, 63711.482, 3.62656
90, 59.396, 1.16541, 522.58065, 8.97531, 1.69359, 29354.24, 64137.048, 3.47379
91, 58.8, 1.28571, 516.66667, 9.10215, 1.51786, 28998.28, 64479.114, 3.39958
92, 58.08, 1.1371, 531.91489, 8.84667, 1.72537, 28548.694, 64879.69, 3.2521
93, 57.376, 1.10606, 541.09589, 8.94304, 1.60947, 28149.996, 65236.02, 3.12917
94, 56.728, 1.14706, 529.91453, 9.10484, 1.58514, 27725.302, 65584.416, 3.01899
95, 56.106, 1.136, 535.21127, 8.71711, 1.57704, 27326.518, 65933.956, 2.89172
96, 55.484, 1.12871, 521.92982, 8.96639, 1.60577, 26922.548, 66258.576, 2.77155
97, 54.838, 1.11927, 532.78689, 9.3, 1.5387, 26541.152, 66569.848, 2.69432
98, 54.122, 1.09804, 544.64286, 8.64754, 1.59627, 26134.904, 66897.416, 2.61538
99, 53.398, 1.14706, 525.64103, 8.74797, 1.58934, 25737.888, 67218.224, 2.5765
100, 52.798, 1.08036, 524.79339, 9.19685, 1.52381, 25397.718, 67485.86, 2.52784
101, 52.146, 1.13861, 530.43478, 8.83607, 1.59355, 25013.632, 67792.408, 2.43146
102, 51.454, 1.16854, 596.15385, 8.80645, 1.51757, 24653.646, 68076.482, 2.42989
103, 50.802, 1.125, 531.74603, 8.73134, 1.57285, 24304.46, 68361.416, 2.36613
104, 50.142, 1.1125, 533.70787, 9.21053, 1.46844, 23944.622, 68616.774, 2.35664
105, 49.542, 1.16438, 558.82353, 9.54737, 1.43643, 23604.956, 68852.278, 2.32857
106, 48.902, 1.05479, 551.94805, 9.0, 1.54196, 23236.232, 69107.416, 2.25604
107, 48.348, 1.08989, 556.70103, 8.92593, 1.47778, 22924.194, 69328.22, 2.25558
108, 47.74, 1.11765, 532.89474, 9.06173, 1.46975, 22578.652, 69555.906, 2.15764
109, 47.148, 1.03226, 583.33333, 8.77679, 1.45956, 22288.562, 69759.806, 2.14005
110, 46.556, 1.09877, 567.41573, 9.08911, 1.40273, 21957.088, 69994.812, 2.06601
111, 45.912, 1.07692, 528.57143, 9.14865, 1.47959, 21578.402, 70250.456, 2.02525
112, 45.3, 1.0339, 565.57377, 8.95652, 1.45196, 21227.516, 70472.022, 1.9563
113, 44.732, 1.08974, 576.47059, 8.84694, 1.47601, 20909.478, 70690.858, 1.8863
114, 44.116, 1.10811, 536.58537, 9.59091, 1.4652, 20593.666, 70896.954, 1.88482
115, 43.516, 1.08621, 626.98413, 8.92405, 1.4845, 20280.154, 71092.908, 1.85185
116, 42.968, 1.11864, 560.60606, 8.82432, 1.40316, 19984.92, 71266.088, 1.82181
117, 42.364, 1.07143, 575.0, 9.07246, 1.41241, 19663.084, 71460.94, 1.80328
118, 41.76, 1.09836, 619.40299, 8.40964, 1.46923, 19365.764, 71644.506, 1.77747
119, 41.264, 1.04255, 622.44898, 8.70492, 1.35827, 19067.838, 71807.846, 1.72622
120, 40.722, 1.04286, 616.43836, 8.24444, 1.37402, 18806.006, 71964.484, 1.73178
121, 40.11, 1.06122, 548.07692, 8.77193, 1.47638, 18486.216, 72145.988, 1.72239
122, 39.514, 1.04, 586.53846, 8.96721, 1.3227, 18178.052, 72321.026, 1.65868
123, 39.026, 1.08, 629.62963, 8.77941, 1.37131, 17907.152, 72465.13, 1.62654
124, 38.532, 1.09091, 625.0, 8.2, 1.31381, 17659.944, 72592.684, 1.625
125, 37.998, 1.02, 578.43137, 8.67797, 1.36864, 17398.026, 72720.264, 1.62975
126, 37.472, 1.03922, 537.73585, 9.05263, 1.34694, 17115.158, 72866.594, 1.60577
127, 36.906, 1.06383, 660.0, 8.45455, 1.38683, 16840.06, 73014.428, 1.6457
128, 36.418, 1.05128, 585.36585, 8.66667, 1.3178, 16571.524, 73137.156, 1.57
129, 35.882, 1.0, 596.49123, 8.08824, 1.36325, 16317.994, 73265.514, 1.55375
130, 35.42, 1.06522, 612.2449, 9.41667, 1.33778, 16069.118, 73381.418, 1.55102
131, 34.94, 1.01887, 620.37037, 9.04478, 1.25439, 15851.32, 73473.606, 1.53642
132, 34.486, 1.0, 694.44444, 8.58, 1.30374, 15621.81, 73560.408, 1.51351
133, 34.012, 1.0, 565.78947, 8.67442, 1.26522, 15373.32, 73660.614, 1.5
134, 33.584, 1.075, 627.90698, 9.11111, 1.343, 15150.578, 73745.44, 1.40753
135, 33.12, 1.0, 663.26531, 8.81538, 1.25778, 14940.102, 73829.27, 1.3959
136, 32.662, 1.0, 734.375, 8.25532, 1.35749, 14707.004, 73918.012, 1.38434
137, 32.2, 1.03333, 677.41935, 9.07143, 1.33816, 14465.144, 74010.486, 1.36996
138, 31.752, 1.03125, 757.57576, 8.08, 1.32178, 14254.656, 74080.056, 1.36842
139, 31.272, 1.04762, 750.0, 8.42424, 1.37674, 13996.038, 74181.602, 1.33603
140, 30.802, 1.0, 666.66667, 8.95, 1.29302, 13761.2, 74265.87, 1.29918
141, 30.36, 1.06897, 564.51613, 8.94286, 1.26887, 13530.88, 74342.232, 1.2605
142, 29.966, 1.0, 676.47059, 8.86957, 1.1875, 13317.68, 74389.12, 1.22747
143, 29.556, 1.04, 634.61538, 8.27273, 1.22, 13110.364, 74440.52, 1.24091
144, 29.128, 1.0, 705.88235, 8.25, 1.32804, 12894.57, 74491.074, 1.27778
145, 28.734, 1.09091, 708.33333, 9.0, 1.2487, 12691.118, 74539.418, 1.24599
146, 28.324, 1.0303, 764.70588, 8.30769, 1.23158, 12513.964, 74581.604, 1.22051
147, 27.884, 1.0, 775.0, 9.09677, 1.24138, 12309.77, 74629.898, 1.18947
148, 27.478, 1.0, 710.52632, 7.66667, 1.31844, 12095.952, 74682.628, 1.16484
149, 27.072, 1.04545, 782.6087, 8.47222, 1.18135, 11914.51, 74713.45, 1.18644
150, 26.728, 1.0, 720.0, 8.97222, 1.16185, 11751.276, 74724.92, 1.19075
151, 26.414, 1.05, 714.28571, 8.76667, 1.20382, 11588.2, 74730.868, 1.21875
152, 26.018, 1.0, 775.0, 8.22581, 1.25568, 11392.258, 74771.396, 1.19255
153, 25.638, 1.03846, 611.11111, 8.12121, 1.27108, 11211.238, 74799.08, 1.16471
154, 25.254, 1.05556, 605.26316, 8.69565, 1.23121, 11020.948, 74826.418, 1.17365
155, 24.876, 1.0, 694.44444, 8.08, 1.2426, 10839.132, 74846.958, 1.15569
156, 24.534, 1.04545, 717.3913, 7.93939, 1.23171, 10675.974, 74858.068, 1.17089
157, 24.156, 1.0, 892.85714, 7.64, 1.28302, 10496.838, 74877.866, 1.17949
158, 23.794, 1.0, 866.66667, 8.34615, 1.3038, 10322.746, 74894.294, 1.17568
159, 23.418, 1.07692, 785.71429, 8.36364, 1.20231, 10149.746, 74905.456, 1.20863
160, 23.074, 1.04762, 886.36364, 8.71795, 1.25806, 9998.022, 74911.974, 1.24627
161, 22.696, 1.0, 541.66667, 8.76923, 1.2381, 9810.134, 74930.07, 1.20301
162, 22.318, 1.0, 916.66667, 8.60606, 1.23494, 9650.94, 74938.684, 1.18248
163, 21.962, 1.0, 812.5, 8.0, 1.15254, 9480.774, 74954.068, 1.19685
164, 21.674, 1.0, 1125.0, 7.81481, 1.19286, 9346.868, 74932.062, 1.15574
165, 21.336, 1.0, 863.63636, 8.36842, 1.1859, 9177.006, 74939.344, 1.11475
166, 21.054, 1.0, 833.33333, 8.4, 1.14388, 9026.884, 74918.058, 1.10714
167, 20.706, 1.0, 1181.81818, 7.84615, 1.25503, 8876.624, 74913.264, 1.14019
168, 20.37, 1.0, 1000.0, 8.1, 1.17089, 8725.576, 74914.196, 1.14286
169, 20.02, 1.0, 966.66667, 8.34483, 1.20382, 8578.772, 74910.55, 1.16346
170, 19.696, 1.0, 1277.77778, 7.82609, 1.18471, 8428.496, 74903.814, 1.10417
171, 19.378, 1.0, 676.47059, 8.17391, 1.12838, 8287.558, 74887.38, 1.10577
172, 19.052, 1.0, 900.0, 6.88889, 1.16883, 8134.606, 74879.844, 1.09091
173, 18.766, 1.0, 875.0, 8.85714, 1.19549, 7999.774, 74848.198, 1.0989
174, 18.498, 1.0, 961.53846, 8.52, 1.14173, 7887.004, 74807.416, 1.07368
175, 18.234, 1.0, 937.5, 8.6, 1.09924, 7764.372, 74765.726, 1.10112
176, 17.92, 1.0, 1000.0, 6.7, 1.12245, 7622.27, 74748.862, 1.07527
177, 17.636, 1.0, 863.63636, 8.05263, 1.125, 7485.34, 74727.08, 1.08696
178, 17.372, 1.0, 1000.0, 7.4375, 1.10448, 7360.864, 74689.768, 1.1358
179, 17.096, 1.0, 777.77778, 7.07143, 1.19841, 7237.712, 74651.212, 1.12821
180, 16.848, 1.0, 900.0, 8.5, 1.14035, 7125.1, 74605.382, 1.12195
181, 16.57, 1.0, 928.57143, 8.30769, 1.25203, 6984.33, 74583.204, 1.15068
182, 16.33, 1.0, 1642.85714, 8.04348, 1.18182, 6886.882, 74527.682, 1.125
183, 16.05, 1.0, 1450.0, 8.89655, 1.13077, 6782.6, 74484.402, 1.13514
184, 15.814, 1.0, 1550.0, 7.67742, 1.12174, 6689.544, 74432.472, 1.15278
185, 15.59, 1.0, 1333.33333, 8.3125, 1.11009, 6589.494, 74372.544, 1.12676
186, 15.316, 1.0, 1000.0, 7.64286, 1.12879, 6473.802, 74341.254, 1.10811
187, 15.108, 1.0, 1000.0, 8.16667, 1.13725, 6377.67, 74274.788, 1.08571
188, 14.874, 1.0, 875.0, 8.64286, 1.12389, 6264.99, 74227.704, 1.08824
189, 14.638, 1.0, 2750.0, 6.93939, 1.14545, 6163.858, 74188.192, 1.09091
190, 14.43, 1.0, 1083.33333, 6.69231, 1.14433, 6073.648, 74119.358, 1.12698
191, 14.188, 1.0, 1150.0, 6.6087, 1.15315, 5978.198, 74063.29, 1.13846
192, 13.976, 1.0, 1250.0, 7.1, 1.11881, 5882.236, 73996.026, 1.10938
193, 13.758, 1.0, 1500.0, 7.53333, 1.16505, 5786.558, 73934.518, 1.10169
194, 13.528, 1.0, 1250.0, 7.8, 1.16514, 5679.742, 73879.118, 1.11765
195, 13.318, 1.0, 1000.0, 8.125, 1.08824, 5590.262, 73804.776, 1.14583
196, 13.148, 1.0, 1166.66667, 7.71429, 1.11628, 5520.726, 73723.716, 1.10417
197, 12.964, 1.0, 1000.0, 8.125, 1.11628, 5435.696, 73645.618, 1.10417
198, 12.782, 1.0, 750.0, 5.83333, 1.06522, 5348.504, 73569.588, 1.06383
199, 12.57, 1.0, 500.0, 8.66667, 1.13265, 5244.852, 73506.692, 1.02128
200, 12.386, 1.0, 1600.0, 7.0, 1.11494, 5172.956, 73424.142, 1.02128
201, 12.202, 1.0, 1500.0, 8.06667, 1.05319, 5101.75, 73340.504, 1.04545
202, 12.018, 1.0, 833.33333, 5.8, 1.09091, 5021.626, 73255.768, 1.07143
203, 11.844, 1.0, 3200.0, 7.1875, 1.04598, 4956.282, 73183.512, 1.06977
204, 11.68, 1.0, 750.0, 7.88889, 1.11688, 4883.948, 73096.26, 1.09091
205, 11.508, 1.0, 1937.5, 8.25806, 1.12346, 4837.318, 73005.046, 1.0625
206, 11.3, 1.0, 800.0, 8.5, 1.08571, 4741.12, 72940.256, 1.04545
207, 11.11, 1.0, 500.0, 9.0, 1.08791, 4649.21, 72865.554, 1.04878
208, 10.938, 1.0, 1375.0, 7.27273, 1.08333, 4578.204, 72780.656, 1.05
209, 10.768, 1.0, 1833.33333, 7.0, 1.11688, 4503.156, 72699.358, 1.04762
210, 10.566, 1.0, 2500.0, 8.2, 1.07921, 4392.48, 72653.556, 1.0
211, 10.41, 1.0, 1500.0, 8.22222, 1.10667, 4325.828, 72563.58, 1.0
212, 10.26, 1.0, 750.0, 7.0, 1.04054, 4262.364, 72464.176, 1.0
213, 10.102, 1.0, 1750.0, 6.14286, 1.06173, 4186.632, 72381.61, 1.0
214, 9.934, 1.0, 2083.33333, 7.8, 1.03448, 4121.314, 72306.308, 1.0
215, 9.788, 1.0, 1500.0, 8.06667, 1.1, 4064.782, 72212.818, 1.03226
216, 9.658, 1.0, 1333.33333, 8.375, 1.07692, 4008.184, 72112.644, 1.03448
217, 9.498, 1.0, 1750.0, 5.57143, 1.11111, 3942.136, 72020.962, 1.06667
218, 9.358, 1.0, 2000.0, 7.0, 1.05797, 3865.704, 71937.036, 1.0
219, 9.21, 1.33333, 3750.0, 7.26667, 1.08696, 3832.422, 71836.712, 1.03125
220, 9.082, 0.0, 0.0, 0.0, 1.04688, 3768.25, 71738.106, 1.03448
221, 8.942, 1.0, 2000.0, 6.5, 1.05882, 3708.942, 71638.344, 1.03571
222, 8.8, 1.0, 1500.0, 5.66667, 1.10769, 3645.91, 71541.068, 1.03571
223, 8.654, 1.0, 500.0, 6.0, 1.04054, 3574.64, 71451.658, 1.08
224, 8.496, 1.0, 500.0, 10.0, 1.10811, 3498.32, 71366.79, 1.08696
225, 8.366, 0.0, 0.0, 0.0, 1.09836, 3437.184, 71266.532, 1.09524
226, 8.198, 1.0, 2500.0, 6.2, 1.08861, 3370.31, 71176.544, 1.1
227, 8.062, 1.0, 2000.0, 7.91667, 1.0597, 3317.634, 71081.374, 1.1
228, 7.916, 0.0, 0.0, 0.0, 1.08451, 3252.156, 70986.834, 1.125
229, 7.774, 0.0, 0.0, 0.0, 1.02703, 3159.096, 70920.814, 1.0
230, 7.64, 1.0, 7500.0, 7.2, 1.17241, 3113.406, 70820.934, 1.0
231, 7.528, 1.0, 3250.0, 7.61538, 1.01786, 3068.98, 70719.25, 1.0
232, 7.414, 1.0, 2666.66667, 7.75, 1.03636, 3038.498, 70607.072, 1.0
233, 7.272, 1.0, 500.0, 10.0, 1.05556, 2960.896, 70526.86, 1.0
234, 7.148, 1.0, 3500.0, 6.57143, 1.08621, 2912.642, 70422.998, 1.0
235, 7.004, 1.0, 1500.0, 8.33333, 1.05797, 2855.508, 70325.268, 1.0
236, 6.896, 1.0, 7000.0, 6.85714, 1.03774, 2819.088, 70218.0, 1.0
237, 6.742, 1.0, 2666.66667, 7.25, 1.01316, 2769.596, 70125.09, 1.0
238, 6.63327, 1.0, 2875.0, 6.95652, 1.05085, 2724.96593, 70041.24, 1.0
239, 6.50803, 1.0, 1000.0, 10.5, 1.09524, 2668.57831, 69944.17034, 1.0
240, 6.42771, 0.0, 0.0, 0.0, 1.0, 2619.19076, 69834.79317, 1.0
241, 6.31124, 1.0, 3000.0, 7.16667, 1.06897, 2560.99197, 69742.24498, 1.0
242, 6.20482, 0.0, 0.0, 0.0, 1.05769, 2497.83133, 69649.3253, 1.0
243, 6.12651, 0.0, 0.0, 0.0, 1.05405, 2463.7992, 69527.79116, 1.0
244, 6.01406, 1.0, 500.0, 12.5, 1.05556, 2419.37349, 69419.05823, 1.0
245, 5.90763, 0.0, 0.0, 0.0, 1.08163, 2372.55422, 69310.35542, 1.0
246, 5.78112, 0.0, 0.0, 0.0, 1.0678, 2320.66466, 69207.09639, 1.0
247, 5.68474, 1.0, 1000.0, 7.0, 1.06122, 2274.1245, 69100.7992, 1.0
248, 5.59438, 0.0, 0.0, 0.0, 1.07143, 2234.04217, 68986.33333, 1.0
249, 5.51807, 1.0, 3000.0, 7.16667, 1.02632, 2207.33735, 68865.18876, 1.0
250, 5.44355, 0.0, 0.0, 0.0, 1.04, 2166.42137, 68761.95984, 1.0
251, 5.3629, 1.0, 3000.0, 7.08333, 1.05, 2145.14919, 68637.96976, 1.0
252, 5.29637, 0.0, 0.0, 0.0, 1.09677, 2107.74597, 68523.50403, 1.0
253, 5.19556, 1.0, 4750.0, 5.68421, 1.02, 2083.95363, 68413.9879, 1.0
254, 5.11089, 0.0, 0.0, 0.0, 1.05, 2048.85484, 68297.15524, 1.0
255, 5.02218, 1.0, 1000.0, 11.0, 1.0, 2009.93145, 68186.45363, 1.0
256, 4.92339, 0.0, 0.0, 0.0, 1.06522, 1971.56855, 68073.13105, 1.0
257, 4.85685, 1.0, 1500.0, 7.33333, 1.03125, 1941.91331, 67953.83065, 1.0
258, 4.77419, 1.0, 4500.0, 4.88889, 1.02439, 1918.61895, 67835.60685, 1.0
259, 4.70161, 1.0, 5500.0, 8.81818, 1.02778, 1878.86895, 67736.21976, 1.0
260, 4.62903, 0.0, 0.0, 0.0, 1.02857, 1843.40927, 67621.46169, 1.0
261, 4.57661, 1.0, 1833.33333, 6.36364, 1.0, 1827.42944, 67498.00605, 1.0
262, 4.48081, 0.0, 0.0, 0.0, 1.06122, 1782.18586, 67398.1371, 1.0
263, 4.42828, 1.0, 3500.0, 4.71429, 1.03704, 1762.45455, 67275.69293, 1.0
264, 4.3664, 1.0, 4500.0, 7.11111, 1.0, 1737.31984, 67165.39798, 1.0
265, 4.31568, 0.0, 0.0, 0.0, 1.02632, 1713.83299, 67053.62753, 1.0
266, 4.24082, 0.0, 0.0, 0.0, 1.10811, 1665.22857, 66938.79226, 1.0
267, 4.18163, 0.0, 0.0, 0.0, 1.03571, 1637.28571, 66820.27347, 1.0
268, 4.11837, 0.0, 0.0, 0.0, 1.03333, 1606.97755, 66703.28163, 1.0
269, 4.03265, 1.0, 2833.33333, 6.11765, 1.02439, 1592.36327, 66588.17959, 1.0
270, 3.98364, 1.0, 2500.0, 5.8, 1.03704, 1579.41513, 66461.28163, 1.0
271, 3.9182, 0.0, 0.0, 0.0, 1.06452, 1549.99182, 66338.69734, 1.0
272, 3.88548, 0.0, 0.0, 0.0, 1.0, 1530.69325, 66212.28016, 1.0
273, 3.84426, 1.0, 4750.0, 6.84211, 1.04167, 1527.78279, 66092.08589, 1.0
274, 3.77459, 0.0, 0.0, 0.0, 1.06061, 1493.63115, 65979.40984, 1.0
275, 3.73814, 0.0, 0.0, 0.0, 1.03571, 1479.8866, 65857.34221, 1.0
276, 3.68595, 1.0, 2000.0, 7.0, 1.10714, 1452.2686, 65739.50722, 1.0
277, 3.63147, 0.0, 0.0, 0.0, 1.03448, 1424.70393, 65622.32231, 1.0
278, 3.58836, 1.0, 1500.0, 6.0, 1.0, 1411.74428, 65498.4058, 1.09091
279, 3.5343, 0.0, 0.0, 0.0, 1.0, 1389.61954, 65356.24116, 1.09091
280, 3.49061, 1.0, 46500.0, 6.1828, 1.0, 1469.74113, 65234.26611, 1.09091
281, 3.41754, 0.0, 0.0, 0.0, 1.02941, 1440.92484, 65116.45094, 1.09091
282, 3.36534, 0.0, 0.0, 0.0, 1.04, 1419.89144, 64993.98121, 1.1
283, 3.31942, 1.0, 6000.0, 7.08333, 1.08696, 1400.94572, 64882.07307, 1.0
284, 3.27941, 0.0, 0.0, 0.0, 1.0, 1382.91176, 64765.53236, 1.0
285, 3.23739, 0.0, 0.0, 0.0, 1.05263, 1359.35504, 64626.21218, 1.0
286, 3.20507, 0.0, 0.0, 0.0, 1.0, 1346.50951, 64504.52521, 1.0
287, 3.14862, 0.0, 0.0, 0.0, 1.03125, 1319.76433, 64382.83932, 1.0
288, 3.11349, 0.0, 0.0, 0.0, 1.03571, 1305.60814, 64264.74947, 1.0
289, 3.07957, 1.0, 7500.0, 5.66667, 1.04545, 1302.4, 64135.66167, 1.0
290, 3.03448, 0.0, 0.0, 0.0, 1.04167, 1273.00862, 64027.63011, 1.0
291, 2.98918, 0.0, 0.0, 0.0, 1.03846, 1254.671, 63907.75216, 1.0
292, 2.93478, 0.0, 0.0, 0.0, 1.03125, 1130.4587, 63897.07143, 1.0
293, 2.88017, 0.0, 0.0, 0.0, 1.0, 1099.69935, 63790.7913, 1.0
294, 2.83007, 0.0, 0.0, 0.0, 1.0, 1082.48802, 63667.82135, 1.0
295, 2.80879, 0.0, 0.0, 0.0, 1.0, 1074.43736, 63546.45969, 1.0
296, 2.78194, 0.0, 0.0, 0.0, 1.0, 1064.77753, 63405.12967, 1.0
297, 2.75831, 0.0, 0.0, 0.0, 1.05556, 1053.28603, 63285.12775, 1.0
298, 2.71397, 0.0, 0.0, 0.0, 1.0, 1037.06208, 63142.68736, 1.0
299, 2.68, 0.0, 0.0, 0.0, 1.05882, 1021.10222, 63023.2949, 1.0
300, 2.6689, 0.0, 0.0, 0.0, 1.0, 1015.98881, 62899.17778, 1.0
301, 2.63004, 0.0, 0.0, 0.0, 1.0, 1000.13901, 62777.92841, 1.0
302, 2.61174, 0.0, 0.0, 0.0, 1.0, 994.44695, 62549.90359, 1.0
303, 2.56659, 0.0, 0.0, 0.0, 1.05263, 978.09029, 62425.85327, 1.0
304, 2.53288, 0.0, 0.0, 0.0, 1.05263, 965.05215, 62308.27314, 1.0
305, 2.53103, 0.0, 0.0, 0.0, 1.0, 963.77931, 62173.80726, 1.0
306, 2.50348, 0.0, 0.0, 0.0, 1.0, 954.90255, 62053.18851, 1.0
307, 2.46047, 0.0, 0.0, 0.0, 1.05, 938.4907, 61926.5174, 1.0
308, 2.43192, 0.0, 0.0, 0.0, 1.0, 929.49296, 61808.80698, 1.0
309, 2.39059, 0.0, 0.0, 0.0, 1.0, 914.45882, 61690.66667, 1.0
310, 2.38005, 0.0, 0.0, 0.0, 1.07692, 910.60095, 61565.38118, 1.0
311, 2.35392, 1.0, 33000.0, 6.31818, 1.0, 972.04751, 61444.03563, 1.0
312, 2.32779, 0.0, 0.0, 0.0, 1.0, 962.7601, 61319.09264, 1.0
313, 2.30714, 0.0, 0.0, 0.0, 1.0, 872.45714, 61277.70546, 1.0
314, 2.2619, 0.0, 0.0, 0.0, 1.0, 854.65238, 61159.74286, 1.0
315, 2.23389, 0.0, 0.0, 0.0, 1.0, 831.19093, 61052.11429, 1.0
316, 2.22596, 0.0, 0.0, 0.0, 1.0, 827.34615, 60932.60382, 1.0
317, 2.20773, 0.0, 0.0, 0.0, 1.0, 820.6087, 60798.74279, 1.0
318, 2.18204, 0.0, 0.0, 0.0, 1.0, 811.98786, 60672.02899, 1.0
319, 2.16829, 0.0, 0.0, 0.0, 1.0, 807.45854, 60546.5267, 1.0
320, 2.14181, 0.0, 0.0, 0.0, 1.0, 798.05379, 60421.91951, 1.0
321, 2.10784, 0.0, 0.0, 0.0, 1.0, 785.92402, 60305.1467, 1.0
322, 2.06931, 0.0, 0.0, 0.0, 1.0, 772.88861, 60190.45833, 1.0
323, 2.04467, 1.0, 1000.0, 8.5, 1.0, 767.30769, 60053.44307, 1.0
324, 2.02488, 0.0, 0.0, 0.0, 1.0, 754.97512, 59937.49132, 1.0
325, 2.00501, 0.0, 0.0, 0.0, 1.0, 749.59649, 59812.33582, 1.0
326, 1.9899, 0.0, 0.0, 0.0, 1.0, 739.76263, 59693.66416, 1.0
327, 1.96947, 0.0, 0.0, 0.0, 1.07692, 731.96183, 59566.61869, 1.0
328, 1.94359, 0.0, 0.0, 0.0, 1.0, 723.92051, 59442.32824, 1.0
329, 1.91003, 0.0, 0.0, 0.0, 1.0, 711.20051, 59324.59231, 1.0
330, 1.88083, 0.0, 0.0, 0.0, 1.125, 699.39378, 59211.2108, 1.0
331, 1.86911, 0.0, 0.0, 0.0, 1.0, 696.53403, 59091.40415, 1.0
332, 1.85185, 0.0, 0.0, 0.0, 1.0, 691.05026, 58974.79581, 1.0
333, 1.82933, 0.0, 0.0, 0.0, 1.0, 685.08267, 58853.36508, 1.0
334, 1.81818, 0.0, 0.0, 0.0, 1.0, 681.06684, 58729.87467, 1.0
335, 1.79679, 0.0, 0.0, 0.0, 1.14286, 673.37166, 58605.82888, 1.0
336, 1.78495, 0.0, 0.0, 0.0, 1.0, 667.67473, 58487.71925, 1.0
337, 1.77236, 0.0, 0.0, 0.0, 1.0, 661.16216, 58367.24731, 1.0
338, 1.76776, 0.0, 0.0, 0.0, 1.0, 659.90736, 58244.08108, 1.0
339, 1.75138, 0.0, 0.0, 0.0, 1.0, 653.49036, 58121.43869, 1.0
340, 1.73389, 0.0, 0.0, 0.0, 1.0, 648.62849, 57994.1157, 1.0
341, 1.70986, 0.0, 0.0, 0.0, 1.09091, 640.9382, 57890.00559, 1.0
342, 1.68644, 0.0, 0.0, 0.0, 1.0, 631.86479, 57775.8736, 1.0
343, 1.68103, 0.0, 0.0, 0.0, 1.0, 630.91404, 57663.64507, 1.0
344, 1.64451, 0.0, 0.0, 0.0, 1.0, 620.23055, 57541.61891, 1.0
345, 1.63743, 0.0, 0.0, 0.0, 1.0, 619.1691, 57409.67435, 1.0
346, 1.64095, 0.0, 0.0, 0.0, 1.0, 621.57692, 57266.74636, 1.0
347, 1.63284, 0.0, 0.0, 0.0, 1.0, 614.53571, 57151.27219, 1.0
348, 1.63385, 0.0, 0.0, 0.0, 1.0, 618.1135, 57046.28869, 1.0
349, 1.63125, 0.0, 0.0, 0.0, 1.0, 616.48598, 56917.33742, 1.0
350, 1.63009, 0.0, 0.0, 0.0, 1.0, 611.00625, 56784.94081, 1.0
351, 1.62264, 0.0, 0.0, 0.0, 1.0, 607.37618, 56661.06875, 1.0
352, 1.59434, 0.0, 0.0, 0.0, 1.125, 583.38245, 56564.47335, 1.0
353, 1.58544, 0.0, 0.0, 0.0, 1.0, 581.09148, 56446.77743, 1.0
354, 1.57911, 0.0, 0.0, 0.0, 1.0, 577.86435, 56313.33123, 1.0
355, 1.57643, 0.0, 0.0, 0.0, 1.0, 576.87302, 56195.94953, 1.0
356, 1.55449, 0.0, 0.0, 0.0, 1.0, 570.84345, 56070.78413, 1.0
357, 1.55049, 0.0, 0.0, 0.0, 1.0, 571.05844, 55953.95847, 1.0
358, 1.53465, 0.0, 0.0, 0.0, 1.1, 561.50987, 55855.10714, 1.0
359, 1.51163, 0.0, 0.0, 0.0, 1.11111, 555.38742, 55727.21053, 1.0
360, 1.50842, 0.0, 0.0, 0.0, 1.0, 554.11409, 55617.06954, 1.0
361, 1.49324, 0.0, 0.0, 0.0, 1.0, 540.21886, 55510.72483, 1.0
362, 1.48649, 0.0, 0.0, 0.0, 1.0, 536.60943, 55389.58923, 1.0
363, 1.47959, 0.0, 0.0, 0.0, 1.0, 534.61695, 55275.61279, 1.0
364, 1.47945, 0.0, 0.0, 0.0, 1.0, 534.43003, 55153.27797, 1.0
365, 1.46897, 0.0, 0.0, 0.0, 1.0, 530.78694, 55043.48805, 1.0
366, 1.45675, 0.0, 0.0, 0.0, 1.0, 525.29066, 54940.86942, 0.0
367, 1.46975, 0.0, 0.0, 0.0, 1.0, 519.70819, 54835.14533, 0.0
368, 1.46209, 0.0, 0.0, 0.0, 1.0, 515.2491, 54698.13167, 0.0
369, 1.45818, 0.0, 0.0, 0.0, 1.0, 514.62909, 54568.73285, 0.0
370, 1.4562, 1.0, 2000.0, 5.5, 1.0, 520.87956, 54452.20364, 1.0
371, 1.43956, 0.0, 0.0, 0.0, 1.0, 511.41758, 54338.0146, 1.0
372, 1.43123, 0.0, 0.0, 0.0, 1.0, 510.72119, 54231.57143, 1.0
373, 1.42322, 0.0, 0.0, 0.0, 1.0, 508.61423, 54123.30483, 1.0
374, 1.42586, 0.0, 0.0, 0.0, 1.0, 507.65399, 54015.22097, 1.0
375, 1.41379, 0.0, 0.0, 0.0, 1.0, 499.14943, 53886.41825, 1.0
376, 1.40698, 0.0, 0.0, 0.0, 1.0, 485.53876, 53779.01149, 0.0
377, 1.39689, 0.0, 0.0, 0.0, 1.0, 482.59533, 53672.05426, 0.0
378, 1.39286, 0.0, 0.0, 0.0, 1.0, 478.19841, 53552.92607, 0.0
379, 1.39357, 0.0, 0.0, 0.0, 1.0, 479.05622, 53417.47619, 0.0
380, 1.37903, 0.0, 0.0, 0.0, 1.0, 474.60081, 53308.60643, 0.0
381, 1.36992, 0.0, 0.0, 0.0, 1.0, 472.03252, 53200.87903, 0.0
382, 1.35102, 0.0, 0.0, 0.0, 1.0, 466.6449, 53103.93496, 0.0
383, 1.33884, 0.0, 0.0, 0.0, 1.0, 440.18182, 53020.12653, 0.0
384, 1.33755, 0.0, 0.0, 0.0, 1.0, 439.21519, 52907.90083, 0.0
385, 1.33476, 0.0, 0.0, 0.0, 1.0, 440.4721, 52776.22363, 0.0
386, 1.3319, 0.0, 0.0, 0.0, 1.0, 439.14655, 52544.3133, 0.0
387, 1.329, 0.0, 0.0, 0.0, 1.0, 437.50649, 52425.56897, 0.0
388, 1.31739, 0.0, 0.0, 0.0, 1.0, 433.2, 52316.22078, 0.0
389, 1.31278, 0.0, 0.0, 0.0, 1.0, 432.53304, 52213.50435, 0.0
390, 1.30769, 0.0, 0.0, 0.0, 1.0, 432.67873, 52070.43172, 0.0
391, 1.28636, 0.0, 0.0, 0.0, 1.0, 427.59091, 51960.63348, 0.0
392, 1.2844, 0.0, 0.0, 0.0, 1.0, 427.40367, 51848.39091, 0.0
393, 1.28372, 0.0, 0.0, 0.0, 1.0, 427.67907, 51728.1055, 0.0
394, 1.28436, 0.0, 0.0, 0.0, 1.0, 427.33649, 51603.73023, 0.0
395, 1.28019, 0.0, 0.0, 0.0, 1.0, 427.56039, 51470.98578, 0.0
396, 1.26341, 0.0, 0.0, 0.0, 1.0, 409.2878, 51351.42995, 0.0
397, 1.26238, 0.0, 0.0, 0.0, 1.0, 408.55941, 51250.39024, 0.0
398, 1.26263, 0.0, 0.0, 0.0, 1.0, 409.03535, 51150.12376, 0.0
399, 1.25, 0.0, 0.0, 0.0, 1.0, 406.2398, 51015.62626, 0.0
400, 1.25, 0.0, 0.0, 0.0, 0.0, 405.33673, 50902.63776, 0.0
401, 1.24479, 0.0, 0.0, 0.0, 1.0, 403.95313, 50803.18878, 0.0
402, 1.24211, 0.0, 0.0, 0.0, 1.0, 403.81579, 50701.59896, 0.0
403, 1.23404, 0.0, 0.0, 0.0, 1.0, 402.24468, 50577.91053, 0.0
404, 1.22043, 0.0, 0.0, 0.0, 1.0, 389.42473, 50492.49468, 0.0
405, 1.21739, 0.0, 0.0, 0.0, 1.0, 388.91848, 50377.11828, 0.0
406, 1.22346, 0.0, 0.0, 0.0, 1.0, 392.51397, 50276.30435, 0.0
407, 1.22159, 0.0, 0.0, 0.0, 1.0, 393.48295, 50176.88827, 0.0
408, 1.21839, 0.0, 0.0, 0.0, 1.0, 392.54023, 50082.72159, 0.0
409, 1.21512, 0.0, 0.0, 0.0, 1.0, 392.19186, 49974.14943, 0.0
410, 1.21893, 0.0, 0.0, 0.0, 1.0, 394.0355, 49880.4593, 0.0
411, 1.20359, 0.0, 0.0, 0.0, 1.0, 390.98204, 49789.08284, 0.0
412, 1.2, 0.0, 0.0, 0.0, 1.0, 390.21212, 49673.05988, 0.0
413, 1.19632, 0.0, 0.0, 0.0, 1.0, 387.98773, 49574.75152, 0.0
414, 1.2, 0.0, 0.0, 0.0, 1.0, 390.11875, 49483.65031, 0.0
415, 1.19872, 0.0, 0.0, 0.0, 1.0, 392.28846, 49381.73125, 0.0
416, 1.2013, 0.0, 0.0, 0.0, 1.0, 393.6039, 49265.94231, 0.0
417, 1.19737, 0.0, 0.0, 0.0, 1.0, 393.22368, 49164.96104, 0.0
418, 1.2, 0.0, 0.0, 0.0, 1.0, 394.04, 49068.61842, 0.0
419, 1.20408, 0.0, 0.0, 0.0, 1.0, 396.38095, 48974.55333, 0.0
420, 1.19863, 0.0, 0.0, 0.0, 1.0, 396.75342, 48842.7619, 0.0
421, 1.20139, 0.0, 0.0, 0.0, 1.0, 398.1875, 48733.69178, 0.0
422, 1.2029, 0.0, 0.0, 0.0, 1.0, 403.30435, 48636.47917, 0.0
423, 1.19708, 0.0, 0.0, 0.0, 1.0, 402.36496, 48476.57246, 0.0
424, 1.2, 0.0, 0.0, 0.0, 1.0, 404.1037, 48364.22628, 0.0
425, 1.20301, 0.0, 0.0, 0.0, 1.0, 406.21053, 48257.54815, 0.0
426, 1.20455, 0.0, 0.0, 0.0, 1.0, 406.88636, 48145.90977, 0.0
427, 1.21094, 0.0, 0.0, 0.0, 1.0, 413.67969, 48050.40152, 0.0
428, 1.21429, 0.0, 0.0, 0.0, 1.0, 415.78571, 47891.01563, 0.0
429, 1.21138, 0.0, 0.0, 0.0, 1.0, 413.87805, 47797.50794, 0.0
430, 1.19672, 0.0, 0.0, 0.0, 1.0, 397.30328, 47727.30894, 0.0
431, 1.2, 0.0, 0.0, 0.0, 1.0, 399.45, 47627.70492, 0.0
432, 1.20168, 0.0, 0.0, 0.0, 1.0, 400.05042, 47528.96667, 0.0
433, 1.20168, 0.0, 0.0, 0.0, 0.0, 399.23529, 47438.27731, 0.0
434, 1.20175, 0.0, 0.0, 0.0, 1.0, 403.83333, 47351.33613, 0.0
435, 1.19298, 0.0, 0.0, 0.0, 1.0, 400.85088, 47241.37719, 0.0
436, 1.19469, 0.0, 0.0, 0.0, 1.0, 401.53982, 47142.92105, 0.0
437, 1.18584, 0.0, 0.0, 0.0, 1.0, 398.9823, 47047.0531, 0.0
438, 1.19266, 0.0, 0.0, 0.0, 1.0, 404.77982, 46955.07965, 0.0
439, 1.18519, 0.0, 0.0, 0.0, 1.0, 403.68519, 46911.65138, 0.0
440, 1.18095, 0.0, 0.0, 0.0, 1.0, 371.8, 46863.2963, 0.0
441, 1.17822, 0.0, 0.0, 0.0, 1.0, 342.50495, 46785.33333, 0.0
442, 1.18, 0.0, 0.0, 0.0, 1.0, 342.46, 46642.92079, 0.0
443, 1.16162, 0.0, 0.0, 0.0, 1.0, 338.86869, 46535.05, 0.0
444, 1.16327, 0.0, 0.0, 0.0, 1.0, 339.35714, 46452.88889, 0.0
445, 1.16842, 0.0, 0.0, 0.0, 1.0, 342.01053, 46348.88776, 0.0
446, 1.17391, 0.0, 0.0, 0.0, 1.0, 338.92391, 46260.31579, 0.0
447, 1.17391, 0.0, 0.0, 0.0, 0.0, 338.16304, 46114.43478, 0.0
448, 1.18182, 0.0, 0.0, 0.0, 1.0, 337.23864, 46033.58696, 0.0
449, 1.18605, 0.0, 0.0, 0.0, 1.0, 339.76744, 45888.75, 0.0
450, 1.18824, 0.0, 0.0, 0.0, 1.0, 339.94118, 45705.40698, 0.0
451, 1.17647, 0.0, 0.0, 0.0, 1.0, 336.98824, 45616.23529, 0.0
452, 1.17857, 0.0, 0.0, 0.0, 1.0, 337.64286, 45522.45882, 0.0
453, 1.17073, 0.0, 0.0, 0.0, 1.0, 336.59756, 45433.15476, 0.0
454, 1.17073, 0.0, 0.0, 0.0, 0.0, 335.79268, 45334.92683, 0.0
455, 1.17284, 0.0, 0.0, 0.0, 1.0, 336.93827, 45241.91463, 0.0
456, 1.17284, 0.0, 0.0, 0.0, 0.0, 336.34568, 45120.79012, 0.0
457, 1.16049, 0.0, 0.0, 0.0, 1.0, 333.34568, 45026.41975, 0.0
458, 1.1625, 0.0, 0.0, 0.0, 1.0, 334.5875, 44933.66667, 0.0
459, 1.16456, 0.0, 0.0, 0.0, 1.0, 335.3038, 44836.9, 0.0
460, 1.13924, 0.0, 0.0, 0.0, 1.0, 329.56962, 44746.6962, 0.0
461, 1.14286, 0.0, 0.0, 0.0, 1.0, 333.14286, 44653.93671, 0.0
462, 1.14667, 0.0, 0.0, 0.0, 1.0, 335.09333, 44463.25974, 0.0
463, 1.13514, 0.0, 0.0, 0.0, 1.0, 332.75676, 44411.89333, 0.0
464, 1.14085, 0.0, 0.0, 0.0, 1.0, 337.59155, 44321.35135, 0.0
465, 1.14493, 0.0, 0.0, 0.0, 1.0, 340.31884, 44234.88732, 0.0
466, 1.14493, 0.0, 0.0, 0.0, 0.0, 339.5942, 44136.33333, 0.0
467, 1.14493, 0.0, 0.0, 0.0, 0.0, 338.86957, 44039.50725, 0.0
468, 1.14706, 0.0, 0.0, 0.0, 1.0, 340.0, 43948.34783, 0.0
469, 1.11765, 0.0, 0.0, 0.0, 1.0, 332.30882, 43888.26471, 0.0
470, 1.1194, 0.0, 0.0, 0.0, 1.0, 334.02985, 43799.17647, 0.0
471, 1.1194, 0.0, 0.0, 0.0, 0.0, 333.47761, 43703.8806, 0.0
472, 1.12121, 0.0, 0.0, 0.0, 1.0, 334.42424, 43615.13433, 0.0
473, 1.12121, 0.0, 0.0, 0.0, 0.0, 333.65152, 43520.78788, 0.0
474, 1.12121, 0.0, 0.0, 0.0, 0.0, 332.93939, 43427.87879, 0.0
475, 1.12121, 0.0, 0.0, 0.0, 0.0, 332.24242, 43335.09091, 0.0
476, 1.12121, 0.0, 0.0, 0.0, 0.0, 331.5, 43242.37879, 0.0
477, 1.11111, 0.0, 0.0, 0.0, 1.0, 334.46032, 43163.92424, 0.0
478, 1.09524, 0.0, 0.0, 0.0, 1.0, 325.1746, 43113.60317, 0.0
479, 1.09677, 0.0, 0.0, 0.0, 1.0, 326.70968, 43023.20635, 0.0
480, 1.08333, 0.0, 0.0, 0.0, 1.0, 327.45, 42952.59677, 0.0
481, 1.0678, 0.0, 0.0, 0.0, 1.0, 323.20339, 42870.86667, 0.0
482, 1.0678, 0.0, 0.0, 0.0, 0.0, 322.59322, 42751.59322, 0.0
483, 1.0678, 0.0, 0.0, 0.0, 0.0, 321.94915, 42658.18644, 0.0
484, 1.0678, 0.0, 0.0, 0.0, 0.0, 321.37288, 42566.76271, 0.0
485, 1.06897, 0.0, 0.0, 0.0, 1.0, 304.55172, 42494.94915, 0.0
486, 1.07143, 0.0, 0.0, 0.0, 1.0, 307.25, 42395.98276, 0.0
487, 1.07143, 0.0, 0.0, 0.0, 0.0, 306.44643, 42289.66071, 0.0
488, 1.07143, 0.0, 0.0, 0.0, 0.0, 305.76786, 42198.35714, 0.0
489, 1.07273, 0.0, 0.0, 0.0, 1.0, 307.29091, 42109.91071, 0.0
490, 1.07273, 0.0, 0.0, 0.0, 0.0, 306.63636, 42019.61818, 0.0
491, 1.07407, 0.0, 0.0, 0.0, 1.0, 307.53704, 41936.34545, 0.0
492, 1.07692, 0.0, 0.0, 0.0, 1.0, 311.34615, 41866.98148, 0.0
493, 1.07843, 0.0, 0.0, 0.0, 1.0, 313.2549, 41739.84615, 0.0
494, 1.07843, 0.0, 0.0, 0.0, 0.0, 312.5098, 41668.76471, 0.0
495, 1.08, 0.0, 0.0, 0.0, 1.0, 313.3, 41587.0, 0.0
496, 1.08163, 0.0, 0.0, 0.0, 1.0, 315.10204, 41485.26, 0.0
497, 1.08163, 0.0, 0.0, 0.0, 0.0, 314.65306, 41396.59184, 0.0
498, 1.08163, 0.0, 0.0, 0.0, 0.0, 314.04082, 41308.42857, 0.0
499, 1.08163, 0.0, 0.0, 0.0, 0.0, 313.61224, 41218.57143, 0.0
500, 1.0625, 0.0, 0.0, 0.0, 1.0, 274.45833, 41172.12245, 0.0
501, 1.06383, 0.0, 0.0, 0.0, 1.0, 275.82979, 41062.85417, 0.0
502, 1.06383, 0.0, 0.0, 0.0, 0.0, 275.31915, 40978.85106, 0.0
503, 1.06383, 0.0, 0.0, 0.0, 0.0, 274.51064, 40891.06383, 0.0
504, 1.06522, 0.0, 0.0, 0.0, 1.0, 275.23913, 40808.82979, 0.0
505, 1.06667, 0.0, 0.0, 0.0, 1.0, 276.31111, 40738.19565, 0.0
506, 1.06667, 0.0, 0.0, 0.0, 0.0, 275.68889, 40642.64444, 0.0
507, 1.06818, 0.0, 0.0, 0.0, 1.0, 277.31818, 40556.86667, 0.0
508, 1.06977, 0.0, 0.0, 0.0, 1.0, 278.67442, 40497.11364, 0.0
509, 1.06977, 0.0, 0.0, 0.0, 0.0, 277.88372, 40367.16279, 0.0
510, 1.07143, 0.0, 0.0, 0.0, 1.0, 278.95238, 40284.32558, 0.0
511, 1.075, 0.0, 0.0, 0.0, 1.0, 282.325, 40188.78571, 0.0
512, 1.075, 0.0, 0.0, 0.0, 0.0, 281.775, 40025.475, 0.0
513, 1.07692, 0.0, 0.0, 0.0, 1.0, 283.79487, 39945.325, 0.0
514, 1.07692, 0.0, 0.0, 0.0, 0.0, 282.87179, 39888.61538, 0.0
515, 1.07692, 0.0, 0.0, 0.0, 0.0, 282.46154, 39803.02564, 0.0
516, 1.08108, 0.0, 0.0, 0.0, 1.0, 245.54054, 39769.51282, 0.0
517, 1.08333, 0.0, 0.0, 0.0, 1.0, 246.72222, 39558.86486, 0.0
518, 1.08333, 0.0, 0.0, 0.0, 0.0, 246.30556, 39444.30556, 0.0
519, 1.08333, 0.0, 0.0, 0.0, 0.0, 245.83333, 39359.58333, 0.0
520, 1.08571, 0.0, 0.0, 0.0, 1.0, 246.37143, 39279.02778, 0.0
521, 1.08824, 0.0, 0.0, 0.0, 1.0, 247.85294, 39226.91429, 0.0
522, 1.08824, 0.0, 0.0, 0.0, 0.0, 247.35294, 39112.47059, 0.0
523, 1.08824, 0.0, 0.0, 0.0, 0.0, 246.79412, 39028.79412, 0.0
524, 1.08824, 0.0, 0.0, 0.0, 0.0, 246.20588, 38943.79412, 0.0
525, 1.09091, 0.0, 0.0, 0.0, 1.0, 248.51515, 38864.52941, 0.0
526, 1.09375, 0.0, 0.0, 0.0, 1.0, 249.90625, 38796.33333, 0.0
527, 1.09677, 0.0, 0.0, 0.0, 1.0, 251.90323, 38718.65625, 0.0
528, 1.09677, 0.0, 0.0, 0.0, 0.0, 251.22581, 38641.48387, 0.0
529, 1.09677, 0.0, 0.0, 0.0, 0.0, 250.70968, 38556.45161, 0.0
530, 1.1, 0.0, 0.0, 0.0, 1.0, 243.16667, 38488.6129, 0.0
531, 1.1, 0.0, 0.0, 0.0, 0.0, 242.63333, 38360.23333, 0.0
532, 1.1, 0.0, 0.0, 0.0, 0.0, 242.26667, 38279.0, 0.0
533, 1.10714, 0.0, 0.0, 0.0, 1.0, 229.53571, 38227.1, 0.0
534, 1.10714, 0.0, 0.0, 0.0, 0.0, 228.89286, 38062.85714, 0.0
535, 1.11111, 0.0, 0.0, 0.0, 1.0, 229.44444, 37987.92857, 0.0
536, 1.11111, 0.0, 0.0, 0.0, 0.0, 229.11111, 37890.96296, 0.0
537, 1.11538, 0.0, 0.0, 0.0, 1.0, 221.07692, 37826.81481, 0.0
538, 1.11538, 0.0, 0.0, 0.0, 0.0, 220.42308, 37756.38462, 0.0
539, 1.125, 0.0, 0.0, 0.0, 1.0, 208.58333, 37709.26923, 0.0
540, 1.125, 0.0, 0.0, 0.0, 0.0, 208.0, 37579.04167, 0.0
541, 1.13043, 0.0, 0.0, 0.0, 1.0, 209.0, 37505.66667, 0.0
542, 1.13636, 0.0, 0.0, 0.0, 1.0, 211.36364, 37424.04348, 0.0
543, 1.14286, 0.0, 0.0, 0.0, 1.0, 212.85714, 37382.68182, 0.0
544, 1.14286, 0.0, 0.0, 0.0, 0.0, 212.38095, 37221.04762, 0.0
545, 1.15, 0.0, 0.0, 0.0, 1.0, 214.45, 37153.85714, 0.0
546, 1.15, 0.0, 0.0, 0.0, 0.0, 213.85, 36979.85, 0.0
547, 1.15, 0.0, 0.0, 0.0, 0.0, 213.3, 36901.2, 0.0
548, 1.15, 0.0, 0.0, 0.0, 0.0, 212.75, 36821.25, 0.0
549, 1.15789, 0.0, 0.0, 0.0, 1.0, 215.73684, 36753.3, 0.0
550, 1.16667, 0.0, 0.0, 0.0, 1.0, 218.33333, 36682.21053, 0.0
551, 1.17647, 0.0, 0.0, 0.0, 1.0, 220.17647, 36551.44444, 0.0
552, 1.17647, 0.0, 0.0, 0.0, 0.0, 219.70588, 36500.82353, 0.0
553, 1.11765, 0.0, 0.0, 0.0, 1.0, 206.35294, 36435.70588, 0.0
554, 1.11765, 0.0, 0.0, 0.0, 0.0, 206.23529, 36357.76471, 0.0
555, 1.11765, 0.0, 0.0, 0.0, 0.0, 205.76471, 36277.76471, 0.0
556, 1.11765, 0.0, 0.0, 0.0, 0.0, 205.47059, 36196.88235, 0.0
557, 1.11765, 0.0, 0.0, 0.0, 0.0, 204.88235, 36115.76471, 0.0
558, 1.125, 0.0, 0.0, 0.0, 1.0, 191.5, 36065.0, 0.0
559, 1.125, 0.0, 0.0, 0.0, 0.0, 190.6875, 35837.6875, 0.0
560, 1.125, 0.0, 0.0, 0.0, 0.0, 190.125, 35760.9375, 0.0
561, 1.13333, 0.0, 0.0, 0.0, 1.0, 192.86667, 35687.6875, 0.0
562, 1.14286, 0.0, 0.0, 0.0, 1.0, 195.07143, 35656.8, 0.0
563, 1.14286, 0.0, 0.0, 0.0, 0.0, 194.71429, 35621.57143, 0.0
564, 1.14286, 0.0, 0.0, 0.0, 0.0, 194.42857, 35542.64286, 0.0
565, 1.07143, 0.0, 0.0, 0.0, 1.0, 183.14286, 35473.5, 0.0
566, 1.07692, 0.0, 0.0, 0.0, 1.0, 184.23077, 35416.35714, 0.0
567, 1.07692, 0.0, 0.0, 0.0, 0.0, 183.84615, 35251.30769, 0.0
568, 1.08333, 0.0, 0.0, 0.0, 1.0, 187.83333, 35193.30769, 0.0
569, 1.08333, 0.0, 0.0, 0.0, 0.0, 187.33333, 35142.58333, 0.0
570, 1.08333, 0.0, 0.0, 0.0, 0.0, 186.75, 35068.16667, 0.0
571, 1.0, 0.0, 0.0, 0.0, 1.0, 173.83333, 35002.66667, 0.0
572, 1.0, 0.0, 0.0, 0.0, 0.0, 173.58333, 34924.91667, 0.0
573, 1.0, 0.0, 0.0, 0.0, 0.0, 173.5, 34846.5, 0.0
574, 1.0, 0.0, 0.0, 0.0, 0.0, 173.08333, 34771.58333, 0.0
575, 1.0, 0.0, 0.0, 0.0, 0.0, 172.83333, 34700.41667, 0.0
576, 1.0, 0.0, 0.0, 0.0, 0.0, 172.58333, 34624.75, 0.0
577, 1.0, 0.0, 0.0, 0.0, 0.0, 172.41667, 34548.91667, 0.0
578, 1.0, 0.0, 0.0, 0.0, 0.0, 171.91667, 34472.41667, 0.0
579, 1.0, 0.0, 0.0, 0.0, 0.0, 171.58333, 34406.91667, 0.0
580, 1.0, 0.0, 0.0, 0.0, 0.0, 171.08333, 34334.08333, 0.0
581, 1.0, 0.0, 0.0, 0.0, 0.0, 170.66667, 34263.33333, 0.0
582, 1.0, 0.0, 0.0, 0.0, 0.0, 170.08333, 34190.08333, 0.0
583, 1.0, 0.0, 0.0, 0.0, 1.0, 171.72727, 34133.0, 0.0
584, 1.0, 0.0, 0.0, 0.0, 0.0, 171.27273, 34065.54545, 0.0
585, 1.0, 0.0, 0.0, 0.0, 0.0, 171.18182, 33993.90909, 0.0
586, 1.0, 0.0, 0.0, 0.0, 0.0, 170.90909, 33919.72727, 0.0
587, 1.0, 0.0, 0.0, 0.0, 0.0, 170.81818, 33848.81818, 0.0
588, 1.0, 0.0, 0.0, 0.0, 1.0, 171.1, 33792.72727, 0.0
589, 1.0, 0.0, 0.0, 0.0, 0.0, 170.7, 33648.5, 0.0
590, 1.0, 0.0, 0.0, 0.0, 0.0, 170.5, 33574.8, 0.0
591, 1.0, 0.0, 0.0, 0.0, 0.0, 170.2, 33503.0, 0.0
592, 1.0, 0.0, 0.0, 0.0, 1.0, 172.22222, 33447.5, 0.0
593, 1.0, 0.0, 0.0, 0.0, 0.0, 171.88889, 33467.55556, 0.0
594, 1.0, 0.0, 0.0, 0.0, 0.0, 171.44444, 33396.88889, 0.0
595, 1.0, 0.0, 0.0, 0.0, 0.0, 170.77778, 33322.77778, 0.0
596, 1.0, 0.0, 0.0, 0.0, 0.0, 170.77778, 33254.44444, 0.0
597, 1.0, 0.0, 0.0, 0.0, 0.0, 170.22222, 33183.55556, 0.0
598, 1.0, 0.0, 0.0, 0.0, 0.0, 170.11111, 33107.88889, 0.0
599, 1.0, 0.0, 0.0, 0.0, 0.0, 169.88889, 33044.44444, 0.0
600, 1.0, 0.0, 0.0, 0.0, 0.0, 169.66667, 32970.88889, 0.0
601, 1.0, 0.0, 0.0, 0.0, 0.0, 168.88889, 32901.55556, 0.0
602, 1.0, 0.0, 0.0, 0.0, 0.0, 168.88889, 32830.22222, 0.0
603, 1.0, 0.0, 0.0, 0.0, 0.0, 168.77778, 32761.66667, 0.0
604, 1.0, 0.0, 0.0, 0.0, 0.0, 168.55556, 32692.11111, 0.0
605, 1.0, 0.0, 0.0, 0.0, 1.0, 166.75, 32652.22222, 0.0
606, 1.0, 0.0, 0.0, 0.0, 0.0, 165.875, 32480.5, 0.0
607, 1.0, 0.0, 0.0, 0.0, 0.0, 165.875, 32410.125, 0.0
608, 1.0, 0.0, 0.0, 0.0, 0.0, 165.25, 32343.5, 0.0
609, 1.0, 0.0, 0.0, 0.0, 0.0, 165.0, 32280.0, 0.0
610, 1.0, 0.0, 0.0, 0.0, 0.0, 164.5, 32219.0, 0.0
611, 1.0, 0.0, 0.0, 0.0, 0.0, 163.875, 32154.25, 0.0
612, 1.0, 0.0, 0.0, 0.0, 0.0, 163.625, 32084.25, 0.0
613, 1.0, 0.0, 0.0, 0.0, 0.0, 163.5, 32010.75, 0.0
614, 1.0, 0.0, 0.0, 0.0, 0.0, 163.125, 31938.5, 0.0
615, 1.0, 0.0, 0.0, 0.0, 0.0, 162.5, 31870.25, 0.0
616, 1.0, 0.0, 0.0, 0.0, 0.0, 162.125, 31799.125, 0.0
617, 1.0, 0.0, 0.0, 0.0, 0.0, 161.75, 31731.125, 0.0
618, 1.0, 0.0, 0.0, 0.0, 0.0, 161.375, 31663.75, 0.0
619, 1.0, 0.0, 0.0, 0.0, 0.0, 161.125, 31595.0, 0.0
620, 1.0, 0.0, 0.0, 0.0, 0.0, 160.875, 31526.375, 0.0
621, 1.0, 0.0, 0.0, 0.0, 0.0, 160.375, 31458.25, 0.0
622, 1.0, 0.0, 0.0, 0.0, 0.0, 160.0, 31388.625, 0.0
623, 1.0, 0.0, 0.0, 0.0, 0.0, 159.75, 31318.0, 0.0
624, 1.0, 0.0, 0.0, 0.0, 0.0, 159.5, 31250.125, 0.0
625, 1.0, 0.0, 0.0, 0.0, 0.0, 159.125, 31189.0, 0.0
626, 1.0, 0.0, 0.0, 0.0, 0.0, 158.25, 31123.125, 0.0
627, 1.0, 0.0, 0.0, 0.0, 0.0, 157.875, 31058.25, 0.0
628, 1.0, 0.0, 0.0, 0.0, 0.0, 157.375, 30991.25, 0.0
629, 1.0, 0.0, 0.0, 0.0, 0.0, 157.0, 30925.75, 0.0
630, 1.0, 0.0, 0.0, 0.0, 0.0, 156.875, 30857.125, 0.0
631, 1.0, 0.0, 0.0, 0.0, 0.0, 156.375, 30784.5, 0.0
632, 1.0, 0.0, 0.0, 0.0, 0.0, 156.125, 30718.125, 0.0
633, 1.0, 0.0, 0.0, 0.0, 1.0, 157.57143, 30671.125, 0.0
634, 1.0, 0.0, 0.0, 0.0, 1.0, 158.66667, 30640.0, 0.0
635, 1.0, 0.0, 0.0, 0.0, 0.0, 158.16667, 30473.16667, 0.0
636, 1.0, 0.0, 0.0, 0.0, 0.0, 157.33333, 30401.16667, 0.0
637, 1.0, 0.0, 0.0, 0.0, 0.0, 157.16667, 30337.16667, 0.0
638, 1.0, 0.0, 0.0, 0.0, 0.0, 157.0, 30269.33333, 0.0
639, 1.0, 0.0, 0.0, 0.0, 0.0, 156.5, 30199.83333, 0.0
640, 1.0, 0.0, 0.0, 0.0, 1.0, 155.8, 30168.0, 0.0
641, 1.0, 0.0, 0.0, 0.0, 1.0, 158.75, 30112.8, 0.0
642, 1.0, 0.0, 0.0, 0.0, 0.0, 158.75, 30147.0, 0.0
643, 1.0, 0.0, 0.0, 0.0, 0.0, 158.0, 30075.75, 0.0
644, 1.0, 0.0, 0.0, 0.0, 0.0, 157.5, 30011.25, 0.0
645, 1.0, 0.0, 0.0, 0.0, 0.0, 157.5, 29944.75, 0.0
646, 1.0, 0.0, 0.0, 0.0, 0.0, 157.25, 29879.25, 0.0
647, 1.0, 0.0, 0.0, 0.0, 0.0, 157.0, 29815.25, 0.0
648, 1.0, 0.0, 0.0, 0.0, 0.0, 156.0, 29752.75, 0.0
649, 1.0, 0.0, 0.0, 0.0, 0.0, 155.5, 29683.0, 0.0
650, 1.0, 0.0, 0.0, 0.0, 0.0, 155.5, 29620.75, 0.0
651, 1.0, 0.0, 0.0, 0.0, 0.0, 155.5, 29561.0, 0.0
652, 1.0, 0.0, 0.0, 0.0, 0.0, 155.25, 29501.75, 0.0
653, 1.0, 0.0, 0.0, 0.0, 0.0, 154.5, 29432.25, 0.0
654, 1.0, 0.0, 0.0, 0.0, 0.0, 154.5, 29373.75, 0.0
655, 1.0, 0.0, 0.0, 0.0, 0.0, 154.25, 29318.5, 0.0
656, 1.0, 0.0, 0.0, 0.0, 0.0, 154.25, 29256.75, 0.0
657, 1.0, 0.0, 0.0, 0.0, 0.0, 154.0, 29193.5, 0.0
658, 1.0, 0.0, 0.0, 0.0, 0.0, 153.5, 29128.25, 0.0
659, 1.0, 0.0, 0.0, 0.0, 0.0, 153.25, 29064.5, 0.0
660, 1.0, 0.0, 0.0, 0.0, 0.0, 152.5, 29002.75, 0.0
661, 1.0, 0.0, 0.0, 0.0, 0.0, 152.5, 28929.75, 0.0
662, 1.0, 0.0, 0.0, 0.0, 0.0, 152.25, 28867.5, 0.0
663, 1.0, 0.0, 0.0, 0.0, 0.0, 151.5, 28801.5, 0.0
664, 1.0, 0.0, 0.0, 0.0, 1.0, 121.66667, 28807.75, 0.0
665, 1.0, 0.0, 0.0, 0.0, 0.0, 121.66667, 29034.66667, 0.0
666, 1.0, 0.0, 0.0, 0.0, 0.0, 121.33333, 28973.33333, 0.0
667, 1.0, 0.0, 0.0, 0.0, 0.0, 121.33333, 28908.66667, 0.0
668, 1.0, 0.0, 0.0, 0.0, 0.0, 121.33333, 28850.66667, 0.0
669, 1.0, 0.0, 0.0, 0.0, 0.0, 120.33333, 28787.66667, 0.0
670, 1.0, 0.0, 0.0, 0.0, 0.0, 120.33333, 28730.0, 0.0
671, 1.0, 0.0, 0.0, 0.0, 0.0, 119.33333, 28661.33333, 0.0
672, 1.0, 0.0, 0.0, 0.0, 0.0, 119.33333, 28598.0, 0.0
673, 1.0, 0.0, 0.0, 0.0, 0.0, 119.33333, 28531.66667, 0.0
674, 1.0, 0.0, 0.0, 0.0, 0.0, 119.33333, 28469.66667, 0.0
675, 1.0, 0.0, 0.0, 0.0, 0.0, 118.33333, 28414.33333, 0.0
676, 1.0, 0.0, 0.0, 0.0, 0.0, 118.33333, 28357.66667, 0.0
677, 1.0, 0.0, 0.0, 0.0, 0.0, 118.0, 28298.66667, 0.0
678, 1.0, 0.0, 0.0, 0.0, 0.0, 118.0, 28241.33333, 0.0
679, 1.0, 0.0, 0.0, 0.0, 1.0, 121.5, 28215.0, 0.0
680, 1.0, 0.0, 0.0, 0.0, 0.0, 121.0, 28164.5, 0.0
681, 1.0, 0.0, 0.0, 0.0, 0.0, 121.0, 28096.5, 0.0
682, 1.0, 0.0, 0.0, 0.0, 0.0, 121.0, 28028.5, 0.0
683, 1.0, 0.0, 0.0, 0.0, 0.0, 120.5, 27981.5, 0.0
684, 1.0, 0.0, 0.0, 0.0, 0.0, 120.5, 27926.5, 0.0
685, 1.0, 0.0, 0.0, 0.0, 0.0, 120.0, 27869.0, 0.0
686, 1.0, 0.0, 0.0, 0.0, 0.0, 120.0, 27811.0, 0.0
687, 1.0, 0.0, 0.0, 0.0, 0.0, 120.0, 27755.0, 0.0
688, 1.0, 0.0, 0.0, 0.0, 0.0, 120.0, 27695.5, 0.0
689, 1.0, 0.0, 0.0, 0.0, 0.0, 119.0, 27632.5, 0.0
690, 1.0, 0.0, 0.0, 0.0, 0.0, 119.0, 27575.5, 0.0
691, 1.0, 0.0, 0.0, 0.0, 0.0, 119.0, 27512.0, 0.0
692, 1.0, 0.0, 0.0, 0.0, 1.0, 128.0, 27525.0, 0.0
693, 1.0, 0.0, 0.0, 0.0, 0.0, 128.0, 26725.0, 0.0
694, 1.0, 0.0, 0.0, 0.0, 0.0, 128.0, 26676.0, 0.0
695, 1.0, 0.0, 0.0, 0.0, 0.0, 126.0, 26604.0, 0.0
696, 1.0, 0.0, 0.0, 0.0, 0.0, 125.0, 26538.0, 0.0
697, 1.0, 0.0, 0.0, 0.0, 0.0, 125.0, 26483.0, 0.0
698, 1.0, 0.0, 0.0, 0.0, 0.0, 125.0, 26437.0, 0.0
699, 1.0, 0.0, 0.0, 0.0, 0.0, 124.0, 26374.0, 0.0
700, 0.0, 0.0, 0.0, 0.0, 1.0, 0.0, 26461.0, 0.0
