time, seeders, joined, request_count, response_size, left, awareness, bad_data, leechers
0, 0.0, 0.0, 0.0, 0.0, 0.0, 1001.0, 0.0, 0.0
1, 0.0, 1414.20833, 474.33046, 31.15651, 0.0, 583831.26042, 0.0, 1414.20833
2, 0.0, 675.14063, 426.26922, 74.21357, 69.06771, 796955.77083, 30393.40625, 2021.28125
3, 0.0, 651.79167, 406.06022, 100.8523, 66.58854, 990389.23438, 59002.28646, 2606.48438
4, 0.0, 632.20833, 389.23993, 125.69859, 79.88021, 1157423.25, 92547.45313, 3158.8125
5, 0.0, 609.50521, 373.37748, 148.78187, 92.96354, 1300012.78646, 131201.72396, 3675.35417
6, 0.0, 588.92188, 359.77201, 170.16717, 104.43229, 1423329.69792, 173550.67708, 4159.84375
7, 0.0, 571.93229, 347.42421, 190.22925, 116.73958, 1530519.49479, 219839.125, 4615.03646
8, 0.0, 549.32813, 338.48167, 208.90423, 128.38021, 1623120.19271, 269975.60938, 5035.98438
9, 0.0, 533.63542, 330.63304, 226.65755, 136.68229, 1705311.34375, 322373.71875, 5432.9375
10, 0.0, 518.22917, 322.27136, 243.22365, 146.57292, 1777520.77604, 377550.97917, 5804.59375
11, 1104.66146, 501.125, 315.1347, 258.77864, 128.40104, 1845067.5, 423065.88542, 5072.65625
12, 1593.50521, 483.68229, 309.23794, 273.08899, 160.39583, 1897716.64063, 481095.77083, 4907.09896
13, 2066.33854, 468.11458, 304.29582, 286.95225, 155.11458, 1947036.95313, 535474.53646, 4747.26563
14, 2515.88021, 450.97917, 300.11664, 299.75547, 158.53646, 1991181.72396, 589758.57292, 4590.16667
15, 2941.13021, 437.30729, 293.13507, 311.94631, 162.05729, 2029891.64583, 644770.36458, 4440.16667
16, 3342.39063, 421.02604, 290.82598, 323.53572, 165.91667, 2064419.5625, 700087.78125, 4294.01563
17, 3725.88542, 407.86458, 287.28132, 334.56728, 167.02083, 2095720.94271, 754742.24479, 4151.36458
18, 4085.40104, 394.5625, 283.7927, 345.16173, 170.80208, 2123350.80208, 809799.58333, 4015.60938
19, 4426.39583, 382.58333, 280.97092, 355.0806, 171.83854, 2148259.20833, 864556.0625, 3885.35938
20, 4750.0625, 370.65625, 279.5436, 364.55507, 175.90104, 2170042.20833, 920410.0, 3756.44792
21, 5056.46875, 356.5625, 275.07304, 373.72679, 177.14063, 2188636.69271, 975892.75, 3629.46354
22, 5341.71875, 346.02083, 273.01463, 382.16281, 180.22917, 2204854.96354, 1031610.9375, 3510.00521
23, 5612.32813, 336.91146, 271.83978, 390.50692, 180.82292, 2219499.94792, 1086867.44792, 3395.48438
24, 5864.45833, 323.66146, 269.73271, 398.42865, 183.13021, 2231385.28125, 1142536.91667, 3283.88542
25, 6100.26563, 313.09375, 268.04904, 405.90303, 184.73438, 2241037.91146, 1198625.36458, 3176.4375
26, 6321.95833, 305.11979, 267.92756, 413.0762, 183.96354, 2249893.65104, 1253734.49479, 3075.90104
27, 6528.94271, 295.8125, 266.6385, 420.14554, 185.55208, 2257097.77604, 1308820.85938, 2979.17708
28, 6722.97917, 283.78646, 265.76982, 426.61453, 186.97396, 2262429.88542, 1363687.88542, 2881.95313
29, 6902.85417, 275.25, 263.26446, 433.03421, 188.52083, 2265838.61979, 1419028.75, 2788.80729
30, 7071.05208, 264.58854, 264.4633, 438.93119, 187.33854, 2268439.33333, 1473185.91146, 2697.85938
31, 7226.40625, 255.61979, 267.83349, 444.8089, 188.03125, 2270317.18229, 1527079.95313, 2610.09375
32, 7370.125, 251.04688, 265.92809, 450.37939, 189.0, 2271528.8125, 1580442.02604, 2528.42188
33, 7506.09896, 241.63542, 261.8442, 455.64537, 187.02604, 2270699.20313, 1633931.76563, 2447.05729
34, 7632.25, 231.45313, 263.78856, 461.17176, 186.78646, 2269051.82292, 1686591.90104, 2365.57292
35, 7746.73958, 225.39063, 263.47776, 465.7682, 188.03125, 2266310.01563, 1739520.94792, 2288.44271
36, 7852.39063, 218.0, 265.84002, 470.74355, 188.10938, 2263084.51042, 1791846.70833, 2212.68229
37, 7948.63542, 209.21875, 262.77072, 475.20042, 187.99479, 2258445.47396, 1843685.69792, 2137.66146
38, 8034.91667, 201.80208, 262.169, 479.29504, 187.02083, 2252984.90104, 1894888.09896, 2066.16146
39, 8115.23958, 195.97917, 265.42734, 483.39795, 185.65625, 2247323.22917, 1945500.16146, 1996.16146
40, 8185.79167, 190.375, 263.56971, 487.54027, 185.625, 2240948.90625, 1995497.125, 1930.35938
41, 8245.90625, 183.04167, 264.07068, 491.22849, 185.67708, 2233675.53125, 2045177.69792, 1867.60938
42, 8301.27083, 176.93229, 266.41842, 494.62825, 185.66667, 2225793.4375, 2094745.4375, 1803.51042
43, 8350.13021, 171.63021, 264.83173, 497.89956, 184.90625, 2217290.66146, 2143658.48438, 1741.375
44, 8387.64063, 167.36979, 267.10752, 501.67857, 185.59375, 2208227.47917, 2192697.26042, 1685.64063
45, 8420.85417, 160.57292, 266.89912, 504.75372, 182.04688, 2198709.70833, 2240694.04167, 1630.95313
46, 8449.63542, 155.38542, 265.25106, 507.486, 181.79167, 2188438.00521, 2288274.46354, 1575.76563
47, 8470.03646, 151.38542, 269.93738, 510.89562, 181.23438, 2178138.74479, 2335446.36458, 1525.51563
48, 8483.22917, 145.95833, 268.76963, 513.38801, 180.48958, 2166869.11979, 2382640.48438, 1477.79167
49, 8493.05729, 142.03646, 267.84863, 516.04641, 180.14063, 2155275.89063, 2429132.48438, 1429.85938
50, 8499.19271, 137.55729, 270.00114, 518.81041, 176.02604, 2144025.625, 2473992.56771, 1385.25521
51, 8499.72917, 130.77083, 273.27943, 521.20025, 176.09896, 2132063.74479, 2518575.48958, 1339.39063
52, 8493.15104, 127.53646, 274.12505, 523.17527, 177.79688, 2119291.96875, 2563793.32813, 1295.70833
53, 8484.125, 124.22396, 274.34908, 525.56109, 173.20833, 2106898.77083, 2607285.36979, 1255.75
54, 8472.375, 119.23958, 273.36857, 527.69202, 172.68229, 2093837.64063, 2650390.75, 1214.05729
55, 8456.16667, 115.53125, 277.13912, 529.8414, 171.5, 2080591.30729, 2693107.21354, 1174.29688
56, 8436.57813, 112.41667, 276.57061, 531.77712, 169.63021, 2067344.31771, 2734778.64583, 1136.67188
57, 8413.76563, 106.99479, 279.38957, 533.51903, 169.02083, 2053497.30208, 2776177.10417, 1097.45833
58, 8385.41146, 104.25521, 283.85872, 535.17881, 168.48438, 2039627.16146, 2817211.89063, 1061.58333
59, 8355.33333, 100.625, 280.46066, 537.04429, 166.81771, 2024968.02083, 2858075.06771, 1025.46875
60, 8323.27083, 95.92188, 280.09448, 538.34051, 164.22396, 2010095.36979, 2897805.27083, 989.22917
61, 8285.875, 94.60938, 284.53069, 539.92222, 163.38021, 1995452.48958, 2937082.61458, 957.85417
62, 8246.41146, 91.55729, 285.31202, 541.323, 162.26563, 1980445.77604, 2976086.47917, 926.60938
63, 8204.85417, 88.56771, 289.00323, 543.14172, 161.52604, 1965208.73438, 3014832.39583, 895.20833
64, 8160.5625, 85.30729, 286.70859, 543.58688, 158.70313, 1949946.68229, 3052346.49479, 866.10417
65, 8114.78646, 82.33854, 292.49162, 544.76687, 157.07292, 1934895.18229, 3088984.65625, 837.14583
66, 8066.16667, 79.24479, 289.87841, 546.26573, 156.68229, 1918953.625, 3125839.41667, 808.32813
67, 8014.60417, 78.05729, 289.08387, 547.37692, 154.94792, 1903254.32292, 3161735.38021, 783.0
68, 7962.14583, 75.73438, 294.13383, 548.57529, 152.57292, 1887681.04167, 3197028.61979, 758.61979
69, 7906.44271, 72.53646, 295.61284, 549.73949, 152.73438, 1871479.54688, 3232380.34375, 734.125
70, 7848.53646, 70.08854, 296.3885, 550.38975, 150.59375, 1855388.82813, 3266777.68229, 711.52604
71, 7791.32813, 68.50521, 298.25895, 551.12427, 148.51563, 1839689.41146, 3300028.06771, 688.72396
72, 7733.75521, 66.46875, 302.22536, 551.91781, 145.83333, 1823892.17708, 3332971.16667, 666.93229
73, 7672.84896, 64.63021, 297.40511, 552.94215, 146.42188, 1807420.35417, 3366008.48958, 646.04688
74, 7610.8125, 61.36979, 297.88679, 553.30513, 143.70833, 1790879.06771, 3398095.57292, 625.74479
75, 7548.89063, 58.70833, 303.76153, 553.93385, 140.99479, 1774682.01042, 3429043.9375, 605.38021
76, 7484.9375, 57.25, 306.996, 555.279, 139.61979, 1758584.90104, 3459465.52604, 586.96354
77, 7422.70833, 55.16146, 302.85148, 554.93344, 137.46875, 1741785.60417, 3490017.10938, 566.88542
78, 7358.125, 52.86979, 309.03359, 554.84731, 137.54688, 1725042.40625, 3519944.41146, 546.79167
79, 7292.17708, 52.24479, 312.83023, 555.98757, 136.17188, 1708565.21354, 3549329.95313, 528.8125
80, 7225.69271, 49.29688, 312.25568, 555.95771, 133.90104, 1692021.32292, 3577755.19792, 510.69271
81, 7159.59896, 48.10938, 313.95475, 556.76241, 132.33854, 1675067.19271, 3606413.19271, 492.55729
82, 7091.88542, 46.42708, 314.61746, 556.17294, 131.72917, 1658153.23438, 3634380.625, 474.96875
83, 7023.39063, 45.31771, 313.92943, 556.79132, 129.9375, 1641370.91146, 3661663.17708, 458.84375
84, 6954.84896, 43.66667, 312.91746, 556.63503, 127.46875, 1624527.36979, 3688341.45833, 443.58333
85, 6885.05208, 42.35938, 315.81212, 557.4561, 126.41667, 1607853.16146, 3714355.57292, 429.32292
86, 6815.39583, 40.76042, 328.32865, 557.21347, 124.71354, 1591425.69271, 3739887.73438, 415.02604
87, 6745.52604, 40.71354, 324.80491, 557.66857, 123.13542, 1574995.80729, 3765181.9375, 402.47396
88, 6676.34375, 38.07292, 328.45417, 557.00375, 120.48958, 1558532.70313, 3789654.32292, 389.23958
89, 6605.30729, 37.65104, 323.97289, 557.00235, 120.91146, 1541847.97917, 3814059.125, 377.01563
90, 6532.86979, 36.16667, 327.47696, 556.99494, 119.70313, 1525178.30208, 3837995.45313, 365.91667
91, 6462.19271, 34.38021, 330.40448, 557.1215, 117.42188, 1508789.65104, 3860906.47396, 353.55208
92, 6391.86458, 33.45313, 333.9561, 557.3704, 114.82292, 1492628.64063, 3883176.91667, 342.51042
93, 6322.30729, 33.09896, 330.52714, 557.79148, 112.96875, 1476574.19271, 3904976.02083, 332.19792
94, 6251.82292, 30.75521, 333.02286, 557.13374, 112.5, 1460137.79167, 3926541.69271, 320.9375
95, 6181.46875, 30.96875, 331.81971, 556.31754, 111.33333, 1444045.28125, 3947562.81771, 310.92708
96, 6109.76042, 29.23958, 333.36302, 556.86588, 111.21354, 1427470.98958, 3968641.95313, 300.66146
97, 6039.1875, 28.29688, 337.1986, 556.05104, 109.97917, 1410902.19271, 3989397.31771, 289.55208
98, 5969.34896, 27.38542, 340.24344, 555.84293, 106.8125, 1394711.17708, 4009312.19792, 279.96354
99, 5900.42708, 26.5625, 337.35294, 555.34031, 105.23958, 1378467.52604, 4028842.64063, 270.20833
100, 5829.82292, 26.0625, 343.1255, 555.57397, 105.03646, 1362334.43229, 4048122.27083, 261.83854
101, 5759.42188, 24.98958, 344.93539, 554.13776, 103.71875, 1346229.79688, 4066972.14583, 253.51042
102, 5689.50521, 25.05208, 348.3368, 555.07431, 102.41667, 1330497.67708, 4085293.44792, 246.0625
103, 5620.32292, 22.35417, 342.38117, 553.78496, 101.23438, 1314156.91667, 4103302.70833, 236.36458
104, 5549.75521, 22.72396, 351.24914, 554.30375, 100.29167, 1298225.39063, 4120985.72396, 229.36458
105, 5480.44792, 22.05729, 355.25384, 553.57394, 98.71354, 1282385.54688, 4138312.6875, 222.01563
106, 5412.71354, 21.20833, 354.37132, 553.24879, 95.78125, 1267026.63021, 4154588.57292, 215.17708
107, 5345.21354, 20.32292, 349.69247, 551.7369, 94.85417, 1251217.07292, 4170990.39063, 208.14583
108, 5279.52604, 20.36458, 352.68542, 550.97861, 92.27083, 1236332.98438, 4186126.05208, 201.92708
109, 5212.63542, 18.72396, 356.05007, 551.40234, 92.59896, 1220874.67708, 4201467.02604, 194.94271
110, 5147.50521, 18.79167, 357.26164, 551.76804, 90.16667, 1205913.11458, 4216104.86458, 188.69792
111, 5082.74479, 18.15104, 357.67575, 550.15323, 89.25, 1191025.95833, 4230381.74479, 182.35938
112, 5018.16146, 17.33333, 362.98077, 550.12417, 88.81771, 1176174.22396, 4244294.11979, 175.45833
113, 4952.75521, 16.71875, 367.13396, 549.24183, 87.0, 1161434.63021, 4257897.34896, 170.58333
114, 4888.52083, 16.05729, 365.22867, 548.98224, 86.30729, 1146571.21354, 4271317.875, 164.56771
115, 4824.73958, 15.38542, 367.6371, 548.63536, 85.08854, 1131750.57813, 4284398.625, 158.64583
116, 4761.16667, 14.40625, 375.09038, 548.30024, 83.86458, 1117190.65104, 4296837.60938, 152.76042
117, 4697.54688, 14.47396, 370.09716, 547.25523, 83.28646, 1102384.51563, 4309499.44792, 147.56771
118, 4635.15104, 14.04688, 362.99592, 545.80133, 81.84896, 1087774.68229, 4321573.29167, 142.16146
119, 4573.72917, 14.01563, 375.32516, 546.05545, 79.47917, 1073669.92188, 4333117.69792, 138.11979
120, 4511.59375, 13.59375, 372.03065, 544.13955, 79.96875, 1059512.50521, 4344466.07292, 133.88021
121, 4451.07813, 13.10417, 377.78219, 545.22251, 77.76563, 1045621.84375, 4355321.0, 129.73438
122, 4389.97917, 12.72917, 378.68249, 544.7288, 77.67708, 1031665.03125, 4366080.55729, 125.88542
123, 4329.81771, 11.94792, 379.9041, 542.51348, 75.94271, 1017847.55208, 4376305.67188, 122.05208
124, 4271.95833, 11.67708, 380.01784, 541.61796, 73.16667, 1004546.53125, 4385759.70313, 118.42188
125, 4212.43229, 11.10417, 376.40713, 541.73645, 74.41146, 990822.92188, 4395442.625, 114.64063
126, 4152.73438, 10.89063, 383.0703, 541.15106, 73.65104, 977452.41146, 4404600.35938, 111.57813
127, 4095.78125, 10.53125, 384.02572, 539.09594, 70.65104, 964251.60938, 4413399.98958, 108.41146
128, 4039.04688, 10.29688, 382.39757, 538.54497, 70.36458, 951059.58333, 4422041.04688, 105.07813
129, 3983.3125, 9.74479, 380.01069, 538.64135, 69.625, 937893.57292, 4430362.90104, 100.93229
130, 3928.39583, 9.71875, 389.87138, 537.0701, 68.16146, 925059.17708, 4438338.28646, 97.40625
131, 3873.50521, 9.34375, 382.10702, 536.17214, 67.43229, 912101.14583, 4446201.51042, 94.20833
132, 3818.83333, 8.96875, 391.40534, 536.28487, 66.73958, 899288.73438, 4453824.61458, 91.10938
133, 3764.71875, 8.70833, 389.35407, 533.82796, 65.86458, 886679.80729, 4461027.47917, 88.06771
134, 3712.16146, 8.52604, 394.92975, 533.17788, 63.82292, 874540.43229, 4467588.19792, 85.32813
135, 3658.90104, 7.97917, 397.84595, 532.11403, 64.23958, 862031.59896, 4474375.06771, 82.32813
136, 3606.31771, 7.88021, 388.96233, 533.75191, 62.84375, 849652.16146, 4480893.46875, 79.94792
137, 3553.03646, 7.08854, 390.52168, 530.04233, 63.32813, 837113.03646, 4487267.96875, 76.98958
138, 3502.10938, 7.07813, 395.87932, 530.72677, 60.61979, 825065.84375, 4493057.97396, 74.375
139, 3452.09896, 7.17188, 396.51416, 530.51832, 59.57292, 813326.41146, 4498472.0, 71.98438
140, 3402.69271, 6.76963, 408.73937, 530.43898, 58.66667, 801739.51563, 4503599.59896, 69.45833
141, 3353.97917, 6.35417, 397.95082, 528.55201, 57.85938, 790099.92188, 4508549.64063, 66.66667
142, 3305.59375, 6.44792, 403.87722, 526.97, 57.04688, 778641.65104, 4513343.02083, 64.45313
143, 3257.09896, 6.04167, 408.18966, 526.58289, 57.02083, 767172.23438, 4518002.0, 61.96875
144, 3209.96354, 6.05729, 395.95873, 524.29207, 55.23438, 756031.92708, 4522136.69271, 59.92708
145, 3163.36458, 5.83158, 409.29603, 524.80926, 54.40104, 745017.05729, 4526079.94792, 57.89583
146, 3117.45833, 5.88482, 408.80783, 523.4124, 53.25521, 734188.59896, 4529818.5, 56.40104
147, 3071.01563, 5.19271, 416.75025, 521.96029, 53.38021, 723250.09896, 4533479.84375, 54.65625
148, 3025.3125, 5.1875, 411.14458, 523.18803, 52.54688, 712447.45313, 4536906.96875, 53.0
149, 2980.17188, 5.0733, 407.63674, 521.05949, 51.96354, 701543.30208, 4540369.10417, 51.22396
150, 2936.95833, 5.15957, 411.34021, 519.20927, 49.75, 691474.76563, 4542865.96875, 49.73958
151, 2892.64063, 4.53968, 430.06993, 518.88211, 50.32292, 681003.01042, 4545644.42708, 48.20313
152, 2849.60938, 4.375, 426.19048, 518.1257, 49.09375, 670595.39063, 4548320.41146, 46.51563
153, 2807.79167, 4.55319, 405.37383, 519.05331, 47.73958, 660423.1875, 4550592.68229, 45.05208
154, 2765.29688, 4.25, 420.52566, 517.40327, 48.43229, 650258.98958, 4552852.28125, 43.27604
155, 2723.63542, 4.27895, 424.96925, 513.59913, 47.40104, 640325.27604, 4554852.07813, 41.77083
156, 2682.54167, 4.01563, 420.23346, 515.38117, 46.85417, 630301.57813, 4556825.48438, 40.02604
157, 2641.72396, 3.70681, 413.13559, 513.31453, 45.91146, 620457.0, 4558456.33854, 38.61979
158, 2602.48438, 3.86631, 417.01245, 513.19569, 44.28125, 611137.51042, 4559497.82292, 37.34375
159, 2562.61979, 3.59239, 433.43419, 511.0733, 44.59375, 601564.5, 4560756.96354, 36.05729
160, 2523.30729, 3.63243, 426.33929, 511.1082, 43.97917, 591990.91667, 4562040.05729, 34.89063
161, 2484.73438, 3.45355, 432.75316, 509.58501, 43.10417, 582632.16146, 4562984.36979, 33.65104
162, 2446.84896, 3.46524, 422.83951, 509.79197, 42.1875, 573610.875, 4563524.71354, 32.72396
163, 2409.92188, 3.31183, 429.38312, 509.1966, 41.32813, 564675.60417, 4563921.68229, 31.53125
164, 2373.41146, 3.3388, 434.53355, 507.65348, 40.48958, 556006.21875, 4564025.51042, 30.73438
165, 2337.36979, 3.07735, 436.26571, 505.78395, 39.97917, 547279.83854, 4564082.92708, 29.69792
166, 2300.80729, 2.98889, 429.36803, 504.35498, 40.45313, 538425.19271, 4564232.96875, 28.60938
167, 2264.48958, 2.80337, 433.86774, 504.89838, 39.79167, 529763.71875, 4564074.39583, 27.73438
168, 2229.66667, 2.94972, 447.91667, 503.00846, 38.19792, 521445.88021, 4563638.13021, 27.10938
169, 2195.91667, 2.79558, 425.88933, 501.34571, 37.07813, 513308.86458, 4562911.65625, 26.41667
170, 2162.03646, 2.8324, 422.09073, 499.28972, 37.23438, 505140.42708, 4562201.84896, 25.70313
171, 2128.60417, 2.76301, 436.19247, 500.78897, 36.69792, 497099.26042, 4561306.46875, 24.92708
172, 2095.66667, 2.375, 429.82456, 500.85714, 36.0, 489157.75521, 4560133.41146, 23.94271
173, 2063.20833, 2.59172, 445.20548, 499.55641, 35.52604, 481373.95313, 4558889.28125, 23.15625
174, 2031.46354, 2.50932, 431.93069, 497.75358, 34.85938, 473600.69792, 4557545.71875, 22.14583
175, 2000.20313, 2.30636, 434.83709, 497.16138, 34.17708, 465944.0, 4556069.94792, 21.30729
176, 1969.21875, 2.39157, 430.73048, 495.29825, 33.72917, 458446.125, 4554428.11458, 20.63021
177, 1939.10417, 2.36774, 441.41689, 492.72531, 32.60417, 451082.52604, 4552560.92708, 20.05208
178, 1909.875, 2.31515, 446.33508, 490.21994, 31.91146, 444012.66146, 4550449.90104, 19.35938
179, 1879.94792, 2.31818, 431.37255, 493.99026, 32.56771, 436590.67708, 4548633.15625, 18.57813
180, 1850.67708, 2.18452, 445.50409, 492.18654, 31.6875, 429584.38542, 4546413.86458, 18.07292
181, 1822.05208, 2.08442, 450.15576, 489.63668, 31.05208, 422611.02083, 4544068.86979, 17.31771
182, 1793.39583, 2.03049, 426.42643, 489.54577, 30.69271, 415778.01563, 4541564.33854, 17.01563
183, 1765.67708, 2.06061, 445.58824, 486.63696, 29.88542, 408971.72917, 4539116.48438, 16.61979
184, 1737.86458, 2.0, 462.26415, 488.02721, 29.875, 402336.08854, 4536453.98438, 16.21354
185, 1710.82813, 1.92105, 452.05479, 487.21212, 28.96354, 395784.41667, 4533610.00521, 15.80729
186, 1683.94792, 1.90345, 451.08696, 486.6988, 28.875, 389198.47396, 4530784.31771, 15.25
187, 1656.86979, 1.82143, 454.90196, 484.76293, 28.90625, 382554.36458, 4528010.30208, 14.75
188, 1630.61458, 1.7972, 449.41634, 481.91342, 28.21354, 376208.80208, 4524895.66146, 14.13021
189, 1604.85417, 1.90411, 447.84173, 481.36546, 27.61458, 369945.38542, 4521743.70313, 13.72396
190, 1579.85938, 1.77857, 447.79116, 480.18386, 26.90625, 363833.85938, 4518361.05208, 13.10938
191, 1555.54167, 1.62903, 450.49505, 482.52747, 25.98438, 357839.39063, 4514777.98958, 12.49479
192, 1530.625, 1.64179, 468.18182, 477.13107, 26.54167, 351791.44792, 4511306.58333, 12.01563
193, 1506.46875, 1.625, 472.22222, 477.9276, 25.86458, 345957.83854, 4507678.28125, 11.52604
194, 1482.91667, 1.73984, 448.59813, 478.32813, 25.04167, 340195.16146, 4503904.76563, 11.15104
195, 1459.89583, 1.71654, 458.7156, 475.7, 24.44792, 334666.71875, 4499918.53646, 10.85938
196, 1436.55208, 1.66929, 457.54717, 476.34021, 24.73958, 329032.53125, 4496048.34896, 10.56771
197, 1413.34375, 1.75833, 440.75829, 475.08065, 24.47396, 323462.46354, 4492106.32292, 10.40104
198, 1390.94792, 1.51754, 447.97688, 475.2, 23.65625, 317962.04688, 4488021.07813, 10.04167
199, 1369.53125, 1.53913, 460.45198, 477.28221, 22.77604, 312767.05729, 4483612.95313, 9.60417
200, 1347.46875, 1.42478, 447.20497, 472.27778, 23.29688, 307328.55729, 4479438.58854, 9.20833
201, 1326.19271, 1.43243, 440.25157, 470.42143, 22.27604, 302062.89583, 4475094.82813, 9.03646
202, 1304.53646, 1.45192, 463.57616, 470.53571, 22.76042, 296741.38542, 4470835.16667, 8.71875
203, 1283.5625, 1.52066, 478.26087, 471.17045, 22.1875, 291621.02083, 4466462.09375, 8.46354
204, 1263.05729, 1.51456, 477.5641, 466.42282, 21.5625, 286632.55208, 4461875.58333, 8.21875
205, 1243.45833, 1.42478, 444.09938, 468.33566, 20.76563, 281792.95833, 4457155.77604, 7.93194
206, 1224.47917, 1.37634, 445.3125, 470.30702, 20.03125, 277182.33854, 4452130.20313, 7.50521
207, 1205.27604, 1.47475, 469.17808, 467.67153, 20.20833, 272575.99479, 4447152.19271, 7.26042
208, 1186.01563, 1.38776, 481.61765, 466.90076, 20.15104, 267885.22917, 4442272.74479, 7.07813
209, 1167.17188, 1.36471, 487.06897, 457.0885, 19.6875, 263388.03125, 4437168.82292, 6.83854
210, 1148.51042, 1.40426, 458.33333, 462.76033, 19.5, 258910.84896, 4432110.89063, 6.6875
211, 1129.78125, 1.3375, 476.63551, 462.83333, 19.57292, 254409.77604, 4427014.35938, 6.40104
212, 1111.98438, 1.37931, 437.5, 461.26667, 18.57813, 250071.71875, 4421746.75521, 6.24479
213, 1094.17188, 1.45918, 454.54545, 454.09231, 18.71354, 245906.60938, 4416389.15104, 6.12042
214, 1076.58333, 1.41304, 457.69231, 459.63866, 18.34896, 241742.44792, 4411030.04167, 6.03665
215, 1059.32292, 1.46154, 478.94737, 455.78022, 18.10938, 237485.45313, 4405698.86979, 5.65104
216, 1041.81771, 1.29885, 451.32743, 457.2549, 18.17708, 233294.39063, 4400360.64583, 5.59686
217, 1025.46875, 1.22472, 472.47706, 454.5534, 17.07292, 229391.16146, 4394727.41667, 5.41146
218, 1009.38021, 1.32877, 438.14433, 458.17647, 16.78125, 225455.69271, 4389119.09896, 5.22396
219, 993.48438, 1.27143, 483.14607, 454.86047, 16.45313, 221674.8125, 4383352.14583, 5.13021
220, 977.35938, 1.27848, 470.29703, 454.70526, 16.83854, 217725.80208, 4377812.60938, 4.94271
221, 961.76042, 1.21333, 456.04396, 453.25301, 16.11458, 213972.22917, 4372040.70833, 4.90104
222, 946.53125, 1.2987, 485.0, 452.6701, 15.83854, 210324.96354, 4366225.875, 4.8125
223, 931.60938, 1.19118, 469.1358, 448.17105, 15.64063, 206727.88542, 4360296.33333, 4.51563
224, 916.47396, 1.20968, 473.33333, 446.91549, 15.69792, 203141.70313, 4354364.96354, 4.36649
225, 901.77083, 1.24638, 447.67442, 451.98701, 15.18229, 199513.00521, 4348508.64063, 4.35789
226, 887.36458, 1.25455, 463.76812, 450.1875, 14.99479, 195970.5625, 4342566.33854, 4.14815
227, 873.01042, 1.18182, 467.94872, 448.67123, 14.91667, 192558.07813, 4336534.58854, 3.98942
228, 859.11458, 1.17647, 475.0, 444.72368, 14.39583, 189260.77604, 4330385.09896, 3.90476
229, 845.72917, 1.2, 484.84848, 439.76563, 13.86458, 186050.40104, 4324127.54167, 3.7672
230, 832.66146, 1.22222, 492.42424, 444.81538, 13.57292, 182845.47917, 4317905.35417, 3.60317
231, 819.34896, 1.08889, 459.18367, 442.6, 13.70833, 179683.74479, 4311586.82292, 3.49733
232, 805.56771, 1.15909, 480.39216, 432.63265, 14.26042, 176474.1875, 4305368.55729, 3.2957
233, 793.06771, 1.26667, 473.68421, 439.5, 12.875, 173524.48958, 4298940.53646, 3.33514
234, 780.03125, 1.12245, 463.63636, 445.19608, 13.47396, 170397.10938, 4292667.95833, 3.16129
235, 767.57292, 1.17241, 492.64706, 436.55224, 12.89063, 167472.03125, 4286239.78646, 3.06417
236, 754.57813, 1.15, 489.13043, 445.26667, 13.3125, 164389.35938, 4279929.97396, 3.01622
237, 742.28125, 1.08824, 459.45946, 431.91176, 12.69271, 161432.06771, 4273475.44792, 2.91573
238, 729.88542, 1.09434, 465.51724, 439.92593, 12.82292, 158481.13542, 4267097.96354, 2.79661
239, 717.67708, 1.13636, 480.0, 437.66667, 12.56771, 155615.98438, 4260636.56771, 2.72
240, 705.80729, 1.08108, 500.0, 429.35, 12.20313, 152772.55208, 4254153.45313, 2.64327
241, 694.08333, 1.25, 500.0, 435.02, 11.97396, 150037.30208, 4247605.84896, 2.62428
242, 682.35938, 1.18421, 488.88889, 432.11364, 12.0, 147300.36979, 4241034.64063, 2.59302
243, 671.86979, 1.13514, 488.09524, 427.09756, 10.89583, 144754.34896, 4234289.09896, 2.51534
244, 661.32813, 1.06061, 500.0, 437.34286, 10.80208, 142230.16667, 4227537.92708, 2.45342
245, 650.00521, 1.0625, 485.29412, 423.33333, 11.64583, 139567.0, 4220926.18229, 2.32278
246, 639.35417, 1.05128, 487.80488, 432.7, 10.85417, 137137.42708, 4214113.19271, 2.33544
247, 628.76042, 1.03571, 500.0, 427.41379, 10.75521, 134666.53125, 4207349.16667, 2.32278
248, 618.21875, 1.09756, 477.77778, 434.27907, 10.82292, 132227.00521, 4200619.45833, 2.2236
249, 608.20833, 1.11765, 486.84211, 419.97297, 10.25521, 129855.64583, 4193802.32292, 2.18125
250, 597.96875, 1.07692, 482.14286, 424.51852, 10.4375, 127467.57813, 4186984.15625, 2.10559
251, 588.60417, 1.04, 480.76923, 422.92, 9.59375, 125314.49479, 4179944.21875, 2.07097
252, 578.90104, 1.02857, 486.11111, 421.25714, 9.90625, 123053.4375, 4173045.55208, 2.06494
253, 569.09375, 1.05714, 500.0, 424.35135, 10.04167, 120743.875, 4166230.05729, 1.98718
254, 559.5, 1.12903, 485.71429, 424.79412, 9.79688, 118525.82813, 4159354.36458, 1.97419
255, 550.07813, 1.10526, 476.19048, 426.0, 9.61979, 116333.36979, 4152428.57292, 1.92667
256, 540.97396, 1.07407, 500.0, 417.10345, 9.28646, 114224.90104, 4145440.88542, 1.86184
257, 532.21354, 1.14286, 458.33333, 416.27273, 8.93229, 112209.35417, 4138372.44792, 1.83893
258, 523.36979, 1.08696, 460.0, 411.26087, 9.05208, 110130.47917, 4131378.375, 1.79861
259, 514.98958, 1.15, 478.26087, 415.18182, 8.57292, 108215.79688, 4124229.57292, 1.71329
260, 506.56771, 1.07407, 482.75862, 413.60714, 8.57813, 106240.125, 4117185.83333, 1.7305
261, 498.23958, 1.03571, 482.75862, 407.75, 8.48438, 104337.25521, 4110076.0, 1.7482
262, 490.29167, 1.04348, 458.33333, 414.81818, 8.10417, 102492.27083, 4102937.96875, 1.70504
263, 482.64583, 1.0, 500.0, 404.35, 7.80729, 100757.39063, 4095670.96354, 1.71212
264, 475.05729, 1.13333, 500.0, 410.94118, 7.75, 99006.52604, 4088452.14063, 1.63077
265, 467.26042, 1.13333, 500.0, 420.23529, 7.91667, 97236.58333, 4081269.86458, 1.60938
266, 459.57813, 1.0, 500.0, 407.4, 7.8125, 95438.33333, 4074098.69792, 1.57851
267, 452.11458, 1.05, 476.19048, 409.6, 7.58333, 93747.82813, 4066861.28125, 1.512
268, 444.83333, 1.09091, 500.0, 411.25, 7.4712, 92144.09375, 4059540.71875, 1.45763
269, 437.41146, 1.0, 500.0, 412.07692, 7.52083, 90440.03125, 4052326.27083, 1.4188
270, 430.21875, 1.0, 500.0, 417.84211, 7.33854, 88798.14063, 4045118.51042, 1.40179
271, 423.04167, 1.0625, 470.58824, 401.75, 7.32292, 87157.43229, 4037907.79167, 1.36449
272, 416.28646, 1.0, 466.66667, 426.07143, 6.85938, 85625.91146, 4030603.19792, 1.34286
273, 409.42708, 1.05882, 500.0, 414.94444, 6.96875, 84026.0625, 4023408.47917, 1.40816
274, 402.52604, 1.0, 450.0, 404.33333, 6.97917, 82431.81771, 4016171.20833, 1.4
275, 395.84375, 1.11765, 500.0, 401.78947, 6.77083, 80929.98958, 4008901.0625, 1.40625
276, 389.54167, 1.10526, 476.19048, 401.4, 6.39791, 79517.44271, 4001547.65625, 1.45455
277, 383.45833, 1.0, 470.58824, 386.125, 6.20833, 78135.30729, 3994178.50521, 1.38384
278, 377.00521, 1.0, 500.0, 397.55556, 6.51042, 76731.14583, 3986869.4375, 1.39806
279, 370.67708, 1.0, 500.0, 399.72727, 6.40625, 75258.41146, 3979624.51563, 1.35922
280, 364.625, 1.0, 500.0, 387.4, 6.14063, 73893.13021, 3972300.5625, 1.33
281, 358.34896, 1.0, 444.44444, 403.125, 6.33333, 72525.58854, 3964981.89063, 1.33673
282, 352.43229, 1.0, 500.0, 380.76923, 5.98438, 71237.96354, 3957605.09375, 1.33673
283, 346.70833, 1.0, 500.0, 389.33333, 5.82292, 69966.93229, 3950231.21354, 1.32967
284, 340.84896, 1.0, 500.0, 393.76923, 5.98421, 68690.875, 3942890.58333, 1.37079
285, 335.3125, 1.09091, 541.66667, 401.46154, 5.65445, 67457.38542, 3935505.55729, 1.34483
286, 329.96354, 1.0, 444.44444, 399.375, 5.5, 66238.96875, 3928119.75521, 1.28571
287, 324.73958, 1.09091, 500.0, 388.08333, 5.32461, 65044.78125, 3920736.38542, 1.29268
288, 319.57813, 1.125, 500.0, 390.22222, 5.27749, 63959.09375, 3913265.22396, 1.30667
289, 314.5, 1.0, 500.0, 389.72727, 5.14063, 62840.96354, 3905834.9375, 1.29333
290, 309.32813, 1.08333, 500.0, 402.92308, 5.30159, 61691.0, 3898447.85938, 1.31169
291, 304.47917, 1.0, 500.0, 423.5, 5.0, 60599.21354, 3891014.32292, 1.27027
292, 299.46354, 1.2, 416.66667, 390.8, 5.08333, 59522.33854, 3883585.51563, 1.26087
293, 294.63021, 1.0, 538.46154, 384.42857, 4.96825, 58490.52604, 3876168.14063, 1.25352
294, 289.72396, 1.0, 437.5, 383.0, 5.01047, 57352.78125, 3868827.42708, 1.26154
295, 284.95833, 1.0, 500.0, 373.8, 4.89947, 56293.90625, 3861437.30729, 1.2459
296, 280.25, 1.18182, 500.0, 404.07692, 4.75, 55273.19792, 3854053.10938, 1.24615
297, 275.54688, 1.0, 437.5, 380.71429, 4.81053, 54231.69271, 3846686.26042, 1.21875
298, 270.91667, 1.0, 500.0, 387.25, 4.72105, 53230.16667, 3839310.95313, 1.16418
299, 266.40625, 1.0, 500.0, 388.0, 4.57292, 52241.625, 3831926.61979, 1.10938
300, 262.07813, 1.0, 500.0, 389.6, 4.42632, 51297.56771, 3824504.99479, 1.1
301, 257.61458, 1.0, 500.0, 376.71429, 4.57979, 50347.38021, 3817118.34375, 1.09524
302, 253.625, 1.0, 500.0, 387.5, 4.01042, 49460.95833, 3809690.32813, 1.12308
303, 249.40104, 1.0, 500.0, 376.16667, 4.34737, 48563.05208, 3802274.34896, 1.10345
304, 245.43229, 1.0, 500.0, 386.55556, 4.04712, 47685.98958, 3794892.15625, 1.06897
305, 241.55208, 1.0, 500.0, 350.0, 3.95263, 46834.70833, 3787473.13542, 1.09091
306, 237.85938, 1.0, 500.0, 375.25, 3.79474, 46016.44792, 3780045.67708, 1.0566
307, 233.93229, 1.0, 500.0, 370.16667, 4.04787, 45164.71354, 3772657.56771, 1.05769
308, 230.02083, 1.0, 600.0, 376.66667, 3.96354, 44329.91146, 3765279.14063, 1.06383
309, 226.13021, 1.0, 500.0, 378.28571, 3.97884, 43494.33854, 3757910.38021, 1.15556
310, 222.45313, 1.0, 500.0, 398.0, 3.7766, 42674.47396, 3750532.84896, 1.16279
311, 218.93229, 1.0, 500.0, 379.0, 3.68649, 41919.375, 3743119.20313, 1.13636
312, 215.08333, 1.125, 500.0, 369.77778, 3.94149, 41130.14063, 3735763.88542, 1.14
313, 211.59375, 1.0, 500.0, 402.33333, 3.65405, 40368.08333, 3728397.20313, 1.14894
314, 208.07292, 1.0, 500.0, 377.0, 3.7027, 39603.60938, 3721034.30208, 1.12195
315, 204.84375, 1.0, 500.0, 357.0, 3.46111, 38929.23958, 3713606.03646, 1.14286
316, 201.59375, 1.0, 500.0, 326.0, 3.34392, 38243.41667, 3706189.57813, 1.10811
317, 198.55208, 1.0, 500.0, 372.0, 3.2, 37605.77604, 3698749.55208, 1.09091
318, 195.44271, 1.0, 500.0, 365.0, 3.24865, 36978.10417, 3691321.89583, 1.06061
319, 192.125, 1.0, 500.0, 382.0, 3.43085, 36264.86458, 3683991.59375, 1.03704
320, 188.95313, 1.0, 500.0, 347.0, 3.32065, 35614.41667, 3676636.70313, 1.06897
321, 186.05208, 1.0, 500.0, 370.25, 3.06522, 34980.97396, 3669282.03125, 1.12
322, 182.95313, 1.0, 500.0, 380.0, 3.23656, 34299.6875, 3661963.60417, 1.04762
323, 179.92188, 1.0, 750.0, 354.0, 3.20879, 33658.47917, 3654645.23438, 1.0
324, 176.92708, 1.0, 500.0, 375.0, 3.18232, 33011.84375, 3647331.8125, 1.0
325, 173.83333, 1.0, 500.0, 364.66667, 3.2623, 32384.95833, 3640031.40625, 1.04762
326, 170.83333, 1.0, 500.0, 341.0, 3.18785, 31777.02083, 3632726.23958, 1.04545
327, 168.20833, 1.0, 500.0, 378.33333, 2.8324, 31243.51042, 3625357.45313, 1.04545
328, 165.375, 1.0, 500.0, 351.0, 2.99454, 30658.84896, 3618050.66146, 1.05
329, 162.60938, 2.0, 500.0, 363.0, 2.93923, 30097.24479, 3610732.03646, 1.04762
330, 159.91146, 0.0, 0.0, 0.0, 2.9, 29526.80729, 3603457.11458, 1.05882
331, 157.29688, 1.0, 500.0, 347.0, 2.72973, 28999.98958, 3596147.30729, 1.11111
332, 154.79688, 1.0, 500.0, 371.25, 2.80233, 28486.23958, 3588850.59375, 1.1
333, 152.18229, 1.0, 500.0, 350.33333, 2.80556, 27925.46875, 3581612.72396, 1.1
334, 149.64063, 1.0, 500.0, 342.75, 2.76271, 27408.04688, 3574352.61979, 1.04167
335, 147.04688, 1.0, 500.0, 333.0, 2.86286, 26885.86979, 3567089.78125, 1.04545
336, 144.54167, 1.0, 500.0, 353.66667, 2.73864, 26377.41146, 3559844.69792, 1.08696
337, 142.09375, 0.0, 0.0, 0.0, 2.63687, 25890.95833, 3552604.06771, 1.09524
338, 139.66146, 0.0, 0.0, 0.0, 2.70115, 25389.25, 3545387.77604, 1.11111
339, 137.19792, 1.0, 600.0, 345.33333, 2.79412, 24904.97396, 3538187.97396, 1.04545
340, 134.79688, 1.0, 500.0, 333.66667, 2.57542, 24441.06771, 3530970.92188, 1.08333
341, 132.74479, 1.0, 500.0, 360.0, 2.39759, 24016.125, 3523699.26042, 1.04545
342, 130.5, 1.0, 750.0, 320.66667, 2.52023, 23538.13021, 3516533.10417, 1.05263
343, 128.35938, 0.0, 0.0, 0.0, 2.46429, 23120.5625, 3509328.72396, 1.0625
344, 126.29167, 0.0, 0.0, 0.0, 2.5283, 22708.34896, 3502108.38021, 1.09091
345, 124.40625, 1.0, 750.0, 367.33333, 2.24691, 22342.89063, 3494873.83854, 1.09091
346, 122.59896, 1.0, 500.0, 358.5, 2.20886, 21993.66146, 3487638.45833, 1.09091
347, 120.72396, 1.0, 500.0, 393.0, 2.14286, 21614.30208, 3480445.96354, 1.08333
348, 118.72396, 0.0, 0.0, 0.0, 2.35583, 21204.82813, 3473307.44792, 1.08333
349, 116.72396, 1.0, 500.0, 322.0, 2.33939, 20799.15625, 3466173.39063, 1.0
350, 114.92708, 1.0, 500.0, 368.0, 2.13497, 20425.72396, 3459032.42188, 1.0
351, 113.14583, 1.0, 500.0, 322.0, 2.14375, 20097.35938, 3451864.67708, 1.0
352, 111.1875, 1.0, 1000.0, 348.0, 2.29091, 19691.83333, 3444766.25521, 1.0
353, 109.50521, 0.0, 0.0, 0.0, 2.08387, 19360.07292, 3437623.32292, 1.0
354, 107.58854, 1.0, 500.0, 325.0, 2.18343, 18985.26042, 3430542.39063, 1.09091
355, 105.65625, 1.0, 500.0, 364.0, 2.27439, 18615.01042, 3423474.58854, 1.1
356, 103.90625, 1.0, 500.0, 333.0, 2.15287, 18254.26042, 3416414.23438, 1.11111
357, 102.10417, 1.0, 1000.0, 325.0, 2.18239, 17899.10417, 3409356.88021, 1.0
358, 100.375, 1.0, 500.0, 352.0, 2.04294, 17560.71354, 3402294.10938, 1.0
359, 98.83854, 1.0, 500.0, 327.0, 1.97333, 17261.77604, 3395218.15625, 1.0
360, 97.40625, 0.0, 0.0, 0.0, 1.85333, 16945.07292, 3388151.74479, 1.0
361, 95.78646, 0.0, 0.0, 0.0, 2.07285, 16621.71354, 3381134.08333, 1.0
362, 94.17708, 1.0, 500.0, 349.0, 1.99355, 16309.57292, 3374120.28646, 1.0
363, 92.66146, 0.0, 0.0, 0.0, 1.99315, 16014.44271, 3367116.46875, 1.0
364, 91.18229, 0.0, 0.0, 0.0, 1.91275, 15723.20833, 3360106.89063, 1.0
365, 89.70833, 1.0, 500.0, 286.0, 1.88079, 15413.75521, 3353148.30729, 1.0
366, 88.14583, 0.0, 0.0, 0.0, 2.03378, 15105.66667, 3346170.40104, 1.0
367, 86.61458, 0.0, 0.0, 0.0, 1.99324, 14805.17708, 3339214.26042, 1.0
368, 85.14063, 1.0, 500.0, 347.0, 1.90604, 14528.41146, 3332254.33854, 1.0
369, 83.68229, 0.0, 0.0, 0.0, 1.93103, 14262.83854, 3325310.77083, 1.0
370, 82.27083, 0.0, 0.0, 0.0, 1.92199, 13972.72396, 3318402.60938, 1.0
371, 80.85417, 1.0, 750.0, 319.66667, 1.9021, 13721.67188, 3311459.59896, 1.0
372, 79.63542, 0.0, 0.0, 0.0, 1.72794, 13481.47917, 3304532.93229, 1.0
373, 78.40104, 1.0, 500.0, 370.0, 1.78195, 13243.83333, 3297598.46354, 1.0
374, 77.07292, 1.0, 500.0, 359.0, 1.8156, 12980.98958, 3290730.18229, 1.0
375, 75.94271, 0.0, 0.0, 0.0, 1.59124, 12762.08333, 3283814.73958, 1.0
376, 74.82813, 1.0, 500.0, 307.0, 1.68504, 12556.61458, 3276899.59896, 1.0
377, 73.53646, 0.0, 0.0, 0.0, 1.72222, 12310.76042, 3270058.00521, 1.0
378, 72.43229, 0.0, 0.0, 0.0, 1.61364, 12104.44271, 3263182.09375, 1.0
379, 71.13542, 0.0, 0.0, 0.0, 1.87218, 11862.59375, 3256372.25521, 1.0
380, 69.94271, 0.0, 0.0, 0.0, 1.64748, 11630.77604, 3249561.07292, 1.0
381, 68.74479, 1.0, 500.0, 351.0, 1.66187, 11400.07292, 3242769.41667, 1.0
382, 67.45313, 0.0, 0.0, 0.0, 1.7971, 11160.67188, 3236004.56771, 1.0
383, 66.13542, 0.0, 0.0, 0.0, 1.75172, 10914.5, 3229235.17708, 1.0
384, 64.95833, 0.0, 0.0, 0.0, 1.70677, 10693.76563, 3222464.10417, 1.0
385, 63.95833, 1.0, 1000.0, 340.5, 1.57377, 10509.60417, 3215689.83854, 1.0
386, 62.94271, 0.0, 0.0, 0.0, 1.64706, 10308.94271, 3208937.91667, 1.0
387, 61.82292, 0.0, 0.0, 0.0, 1.61654, 10122.08333, 3202189.83854, 1.0
388, 60.82292, 1.0, 1000.0, 332.5, 1.57377, 9956.72917, 3195433.15104, 1.0
389, 59.91667, 1.0, 1500.0, 314.33333, 1.55357, 9803.09896, 3188693.36458, 1.33333
390, 58.82813, 1.0, 1500.0, 303.0, 1.58333, 9609.92708, 3181994.79167, 1.25
391, 57.80729, 1.0, 3000.0, 292.5, 1.61475, 9440.75521, 3175302.41667, 1.25
392, 56.91146, 0.0, 0.0, 0.0, 1.57273, 9267.18229, 3168601.61979, 1.33333
393, 55.90104, 0.0, 0.0, 0.0, 1.64407, 9077.30208, 3161935.27604, 1.33333
394, 54.94271, 1.0, 1000.0, 332.5, 1.53333, 8894.48958, 3155259.90625, 1.25
395, 54.02604, 1.0, 2000.0, 310.75, 1.58036, 8734.75521, 3148593.05208, 1.0
396, 53.08854, 0.0, 0.0, 0.0, 1.52542, 8564.54688, 3141965.98438, 1.0
397, 52.20833, 1.0, 1500.0, 310.66667, 1.49558, 8409.91667, 3135326.10938, 1.0
398, 51.35938, 0.0, 0.0, 0.0, 1.59223, 8253.65625, 3128715.0625, 1.0
399, 50.375, 0.0, 0.0, 0.0, 1.58333, 8083.98958, 3122130.80208, 1.0
400, 49.48438, 0.0, 0.0, 0.0, 1.64423, 7924.63542, 3115524.78125, 1.0
401, 48.56771, 1.0, 500.0, 312.0, 1.63889, 7758.92708, 3108941.78646, 1.0
402, 47.65104, 0.0, 0.0, 0.0, 1.58559, 7602.90625, 3102379.90104, 1.0
403, 46.81771, 0.0, 0.0, 0.0, 1.47706, 7451.64063, 3095809.48438, 1.0
404, 46.04167, 0.0, 0.0, 0.0, 1.4466, 7329.22917, 3089230.91667, 1.0
405, 45.28646, 0.0, 0.0, 0.0, 1.46, 7174.05729, 3082722.72917, 1.0
406, 44.66667, 1.0, 500.0, 312.0, 1.36782, 7058.96875, 3076165.60938, 1.0
407, 43.77083, 0.0, 0.0, 0.0, 1.54464, 6907.47396, 3069677.9375, 1.0
408, 43.05729, 0.0, 0.0, 0.0, 1.30476, 6774.04167, 3063166.26563, 1.0
409, 42.44792, 1.0, 500.0, 323.0, 1.31461, 6677.30729, 3056652.70833, 1.0
410, 41.66146, 1.0, 1500.0, 304.66667, 1.49505, 6545.27604, 3050202.60417, 1.0
411, 40.98438, 0.0, 0.0, 0.0, 1.39362, 6411.25521, 3043735.04167, 1.0
412, 40.38021, 0.0, 0.0, 0.0, 1.38095, 6302.20833, 3037252.23958, 1.0
413, 39.63021, 0.0, 0.0, 0.0, 1.34579, 6154.47396, 3030843.40104, 1.0
414, 39.02604, 0.0, 0.0, 0.0, 1.4321, 6056.07292, 3024382.67708, 1.0
415, 38.42708, 0.0, 0.0, 0.0, 1.40244, 5954.95833, 3017934.64063, 1.0
416, 37.80729, 0.0, 0.0, 0.0, 1.48148, 5837.27604, 3011540.75521, 1.0
417, 37.16667, 0.0, 0.0, 0.0, 1.33696, 5726.08854, 3005143.79688, 1.0
418, 36.53646, 0.0, 0.0, 0.0, 1.42353, 5622.35938, 2998759.69792, 1.0
419, 36.07292, 0.0, 0.0, 0.0, 1.2, 5549.92708, 2992358.20833, 1.0
420, 35.60417, 0.0, 0.0, 0.0, 1.37879, 5466.09896, 2985974.14583, 0.0
421, 34.98958, 0.0, 0.0, 0.0, 1.31111, 5356.16146, 2979638.84375, 0.0
422, 34.55208, 0.0, 0.0, 0.0, 1.1831, 5278.58333, 2973278.6875, 0.0
423, 33.91667, 0.0, 0.0, 0.0, 1.35556, 5169.39583, 2966979.40625, 0.0
424, 33.40104, 0.0, 0.0, 0.0, 1.26923, 5075.875, 2960674.88542, 0.0
425, 32.82292, 0.0, 0.0, 0.0, 1.2907, 4969.65625, 2954392.58333, 0.0
426, 32.27604, 0.0, 0.0, 0.0, 1.28049, 4890.23958, 2948079.81771, 0.0
427, 31.69792, 0.0, 0.0, 0.0, 1.30588, 4789.73958, 2941810.89583, 0.0
428, 31.125, 0.0, 0.0, 0.0, 1.27907, 4695.58854, 2935567.02083, 0.0
429, 30.53125, 0.0, 0.0, 0.0, 1.29545, 4596.23438, 2929328.17188, 0.0
430, 30.01563, 0.0, 0.0, 0.0, 1.25316, 4505.25521, 2923104.4375, 0.0
431, 29.51563, 0.0, 0.0, 0.0, 1.24675, 4425.125, 2916875.82292, 0.0
432, 29.04688, 0.0, 0.0, 0.0, 1.23288, 4349.76563, 2910664.44271, 0.0
433, 28.65625, 0.0, 0.0, 0.0, 1.22951, 4290.60417, 2904429.53646, 0.0
434, 28.21875, 0.0, 0.0, 0.0, 1.1831, 4223.66146, 2898213.85417, 0.0
435, 27.70313, 0.0, 0.0, 0.0, 1.26923, 4142.44271, 2892028.19792, 0.0
436, 27.29688, 1.0, 1000.0, 300.0, 1.2, 4079.08333, 2885835.40625, 1.0
437, 26.88021, 0.0, 0.0, 0.0, 1.25, 4003.30729, 2879687.10938, 1.0
438, 26.47917, 0.0, 0.0, 0.0, 1.20313, 3935.89583, 2873540.28125, 1.0
439, 26.15104, 0.0, 0.0, 0.0, 1.14545, 3881.05729, 2867386.94271, 1.0
440, 25.71875, 0.0, 0.0, 0.0, 1.2029, 3811.77083, 2861266.33333, 1.0
441, 25.29167, 0.0, 0.0, 0.0, 1.17143, 3737.96354, 2855161.32292, 1.0
442, 24.94792, 0.0, 0.0, 0.0, 1.2, 3676.45313, 2849058.79167, 1.0
443, 24.52604, 0.0, 0.0, 0.0, 1.17391, 3612.00521, 2842985.45313, 1.0
444, 24.26563, 0.0, 0.0, 0.0, 1.13636, 3563.29688, 2836892.53646, 1.0
445, 23.88021, 0.0, 0.0, 0.0, 1.19355, 3495.05729, 2830845.69792, 1.0
446, 23.48958, 0.0, 0.0, 0.0, 1.13433, 3433.55729, 2824803.17188, 0.0
447, 23.20833, 0.0, 0.0, 0.0, 1.25581, 3383.61458, 2818746.4375, 0.0
448, 22.83333, 0.0, 0.0, 0.0, 1.125, 3317.77604, 2812735.41667, 0.0
449, 22.42188, 0.0, 0.0, 0.0, 1.31667, 3255.25, 2806736.16667, 0.0
450, 22.11979, 0.0, 0.0, 0.0, 1.20833, 3205.14063, 2800703.42708, 0.0
451, 21.69271, 0.0, 0.0, 0.0, 1.26154, 3130.44271, 2794720.79167, 0.0
452, 21.34375, 0.0, 0.0, 0.0, 1.13559, 3070.59375, 2788743.73958, 0.0
453, 21.0, 0.0, 0.0, 0.0, 1.17857, 3015.40104, 2782785.71354, 0.0
454, 20.625, 0.0, 0.0, 0.0, 1.2, 2959.42188, 2776825.92188, 0.0
455, 20.28125, 0.0, 0.0, 0.0, 1.06452, 2893.57813, 2770888.92708, 0.0
456, 19.875, 0.0, 0.0, 0.0, 1.18182, 2823.43229, 2764988.35938, 0.0
457, 19.55208, 0.0, 0.0, 0.0, 1.10714, 2762.89063, 2759075.23438, 0.0
458, 19.15625, 0.0, 0.0, 0.0, 1.22581, 2705.45313, 2753186.43229, 0.0
459, 18.78125, 0.0, 0.0, 0.0, 1.16129, 2646.55729, 2747304.22396, 0.0
460, 18.47396, 0.0, 0.0, 0.0, 1.15686, 2600.46875, 2741413.60417, 0.0
461, 18.13542, 0.0, 0.0, 0.0, 1.3, 2539.02083, 2735557.0, 0.0
462, 17.84896, 0.0, 0.0, 0.0, 1.17021, 2489.30208, 2729700.5625, 0.0
463, 17.625, 0.0, 0.0, 0.0, 1.16216, 2451.57292, 2723836.76563, 0.0
464, 17.36458, 0.0, 0.0, 0.0, 1.06383, 2405.17188, 2717991.02083, 0.0
465, 17.08854, 0.0, 0.0, 0.0, 1.10417, 2364.59896, 2712154.79167, 0.0
466, 16.8125, 0.0, 0.0, 0.0, 1.12766, 2325.73958, 2706332.59375, 0.0
467, 16.52604, 0.0, 0.0, 0.0, 1.01852, 2281.17188, 2700530.46354, 0.0
468, 16.21354, 0.0, 0.0, 0.0, 1.2, 2231.78125, 2694746.30208, 0.0
469, 15.96875, 0.0, 0.0, 0.0, 1.175, 2192.28646, 2688974.49479, 0.0
470, 15.64583, 0.0, 0.0, 0.0, 1.21569, 2137.54167, 2683230.03646, 0.0
471, 15.42188, 0.0, 0.0, 0.0, 1.13158, 2102.18229, 2677472.4375, 0.0
472, 15.14063, 0.0, 0.0, 0.0, 1.17391, 2059.72396, 2671722.58854, 0.0
473, 14.86458, 0.0, 0.0, 0.0, 1.15217, 2014.85417, 2666001.33854, 0.0
474, 14.59896, 0.0, 0.0, 0.0, 1.275, 1975.67188, 2660299.05208, 0.0
475, 14.36979, 0.0, 0.0, 0.0, 1.07317, 1937.52604, 2654595.92708, 0.0
476, 14.08854, 0.0, 0.0, 0.0, 1.08, 1894.21875, 2648918.22917, 0.0
477, 13.875, 0.0, 0.0, 0.0, 1.13889, 1859.65104, 2643239.53125, 0.0
478, 13.64063, 0.0, 0.0, 0.0, 1.09756, 1821.6875, 2637570.21875, 0.0
479, 13.45313, 0.0, 0.0, 0.0, 1.125, 1796.51042, 2631905.76042, 0.0
480, 13.18229, 0.0, 0.0, 0.0, 1.15556, 1760.66146, 2626247.57813, 0.0
481, 13.01563, 0.0, 0.0, 0.0, 1.10345, 1734.5, 2620599.69792, 0.0
482, 12.77604, 0.0, 0.0, 0.0, 1.15, 1697.75, 2614975.97917, 0.0
483, 12.57292, 0.0, 0.0, 0.0, 1.08333, 1661.43229, 2609365.4375, 0.0
484, 12.36979, 0.0, 0.0, 0.0, 1.08333, 1631.5625, 2603746.11979, 0.0
485, 12.16667, 0.0, 0.0, 0.0, 1.11429, 1600.33854, 2598163.85417, 0.0
486, 11.90625, 0.0, 0.0, 0.0, 1.13636, 1562.02604, 2592599.84896, 0.0
487, 11.66667, 0.0, 0.0, 0.0, 1.09524, 1529.05729, 2587049.56771, 0.0
488, 11.46354, 0.0, 0.0, 0.0, 1.11429, 1497.94792, 2581491.02083, 0.0
489, 11.32292, 0.0, 0.0, 0.0, 1.08, 1478.36458, 2575938.09896, 0.0
490, 11.14063, 0.0, 0.0, 0.0, 1.25, 1448.20833, 2570415.65104, 0.0
491, 10.95833, 0.0, 0.0, 0.0, 1.06061, 1426.16667, 2564880.48958, 0.0
492, 10.8125, 0.0, 0.0, 0.0, 1.16667, 1400.61979, 2559347.13542, 0.0
493, 10.625, 0.0, 0.0, 0.0, 1.09091, 1374.43229, 2553843.77604, 0.0
494, 10.39583, 0.0, 0.0, 0.0, 1.18919, 1345.98958, 2548367.84896, 0.0
495, 10.19792, 0.0, 0.0, 0.0, 1.08571, 1318.39063, 2542906.31771, 0.0
496, 10.03646, 0.0, 0.0, 0.0, 1.10714, 1286.26563, 2537447.96875, 0.0
497, 9.89063, 0.0, 0.0, 0.0, 1.03704, 1265.5625, 2531982.77083, 0.0
498, 9.72396, 0.0, 0.0, 0.0, 1.23077, 1240.13021, 2526552.88021, 0.0
499, 9.57292, 0.0, 0.0, 0.0, 1.16, 1218.69271, 2521122.01563, 0.0
500, 9.36979, 0.0, 0.0, 0.0, 1.11429, 1190.23958, 2515724.48958, 0.0
501, 9.17708, 0.0, 0.0, 0.0, 1.12121, 1164.5, 2510317.72396, 0.0
502, 9.06771, 0.0, 0.0, 0.0, 1.10526, 1148.56771, 2504916.32813, 0.0
503, 8.92188, 0.0, 0.0, 0.0, 1.07692, 1127.43229, 2499529.27604, 0.0
504, 8.73438, 0.0, 0.0, 0.0, 1.02857, 1103.59896, 2494169.05208, 0.0
505, 8.61458, 0.0, 0.0, 0.0, 1.09524, 1083.58333, 2488805.69271, 0.0
506, 8.47917, 0.0, 0.0, 0.0, 1.0, 1063.50521, 2483459.75, 0.0
507, 8.33333, 0.0, 0.0, 0.0, 1.0, 1040.09896, 2478109.34375, 0.0
508, 8.18229, 0.0, 0.0, 0.0, 1.0, 1017.40104, 2472778.01042, 0.0
509, 8.05729, 0.0, 0.0, 0.0, 1.0, 1003.88542, 2467449.40625, 0.0
510, 7.93229, 0.0, 0.0, 0.0, 1.04348, 988.5625, 2462124.85417, 0.0
511, 7.77083, 0.0, 0.0, 0.0, 1.06897, 961.35417, 2456844.60417, 0.0
512, 7.59896, 0.0, 0.0, 0.0, 1.1, 934.73958, 2451583.48438, 0.0
513, 7.47396, 0.0, 0.0, 0.0, 1.04348, 918.64063, 2446308.20313, 0.0
514, 7.33333, 0.0, 0.0, 0.0, 1.125, 901.18229, 2441047.77604, 0.0
515, 7.20833, 0.0, 0.0, 0.0, 1.0, 884.30729, 2435796.06771, 0.0
516, 7.08854, 0.0, 0.0, 0.0, 1.04545, 862.96875, 2430567.01042, 0.0
517, 6.95833, 0.0, 0.0, 0.0, 1.08696, 843.80208, 2425335.03646, 0.0
518, 6.88542, 0.0, 0.0, 0.0, 1.0, 831.33854, 2420103.81771, 0.0
519, 6.79688, 0.0, 0.0, 0.0, 1.0, 813.60938, 2414896.07292, 0.0
520, 6.66667, 0.0, 0.0, 0.0, 1.0, 795.47917, 2409719.25521, 0.0
521, 6.57813, 0.0, 0.0, 0.0, 1.0625, 784.09896, 2404546.82813, 0.0
522, 6.48438, 0.0, 0.0, 0.0, 1.05882, 770.90625, 2399361.80729, 0.0
523, 6.36979, 0.0, 0.0, 0.0, 1.04762, 752.98958, 2394203.86458, 0.0
524, 6.25521, 0.0, 0.0, 0.0, 1.04762, 740.34896, 2389055.15104, 0.0
525, 6.13542, 0.0, 0.0, 0.0, 1.04545, 727.14063, 2383904.43229, 0.0
526, 5.99479, 0.0, 0.0, 0.0, 1.125, 707.4375, 2378771.9375, 0.0
527, 5.89583, 0.0, 0.0, 0.0, 1.05556, 690.67708, 2373661.875, 0.0
528, 5.79167, 0.0, 0.0, 0.0, 1.05263, 678.33333, 2368563.22396, 0.0
529, 5.67188, 0.0, 0.0, 0.0, 1.0, 661.56771, 2363464.20313, 0.0
530, 5.57813, 0.0, 0.0, 0.0, 1.05882, 649.26042, 2358382.20313, 0.0
531, 5.45313, 0.0, 0.0, 0.0, 1.14286, 634.08333, 2353315.64583, 0.0
532, 5.36979, 0.0, 0.0, 0.0, 1.0, 621.15104, 2348255.91146, 0.0
533, 5.26042, 0.0, 0.0, 0.0, 1.05, 610.59896, 2343209.55729, 0.0
534, 5.19271, 0.0, 0.0, 0.0, 1.08333, 603.14583, 2338157.44792, 0.0
535, 5.14063, 0.0, 0.0, 0.0, 1.0, 597.28125, 2333125.25521, 0.0
536, 5.03646, 0.0, 0.0, 0.0, 1.0, 585.77083, 2328105.48438, 0.0
537, 4.98958, 0.0, 0.0, 0.0, 1.0, 580.08854, 2323079.41146, 0.0
538, 4.91146, 0.0, 0.0, 0.0, 1.0, 566.82813, 2318087.74479, 0.0
539, 4.8125, 0.0, 0.0, 0.0, 1.0, 555.10938, 2313105.33333, 0.0
540, 4.75521, 0.0, 0.0, 0.0, 1.0, 549.28125, 2308125.91146, 0.0
541, 4.6875, 0.0, 0.0, 0.0, 1.0, 543.00521, 2303164.47396, 0.0
542, 4.61257, 0.0, 0.0, 0.0, 1.05556, 535.12042, 2298219.95313, 0.0
543, 4.56021, 0.0, 0.0, 0.0, 1.0, 527.67016, 2293201.65445, 0.0
544, 4.4555, 0.0, 0.0, 0.0, 1.11111, 518.06806, 2288262.27225, 0.0
545, 4.3822, 0.0, 0.0, 0.0, 1.0, 509.2356, 2283339.92147, 0.0
546, 4.32984, 0.0, 0.0, 0.0, 1.0, 501.34555, 2278414.59686, 0.0
547, 4.24607, 0.0, 0.0, 0.0, 1.06667, 490.9267, 2273508.82199, 0.0
548, 4.16754, 0.0, 0.0, 0.0, 1.07143, 478.03665, 2268618.16754, 0.0
549, 4.07853, 0.0, 0.0, 0.0, 1.0625, 469.26178, 2263738.79581, 0.0
550, 4.01579, 0.0, 0.0, 0.0, 1.0, 460.62632, 2258892.62827, 0.0
551, 3.93684, 0.0, 0.0, 0.0, 1.0, 449.87895, 2253990.66842, 0.0
552, 3.85714, 0.0, 0.0, 0.0, 1.0, 441.99471, 2249156.12105, 0.0
553, 3.8254, 0.0, 0.0, 0.0, 1.0, 437.33862, 2244316.44974, 0.0
554, 3.7619, 0.0, 0.0, 0.0, 1.0, 430.06878, 2239473.53968, 0.0
555, 3.73545, 0.0, 0.0, 0.0, 1.0, 425.60847, 2234646.96825, 0.0
556, 3.68254, 0.0, 0.0, 0.0, 1.0, 419.34921, 2229827.18519, 0.0
557, 3.62434, 0.0, 0.0, 0.0, 1.0, 411.72487, 2225031.73016, 0.0
558, 3.60106, 0.0, 0.0, 0.0, 1.0, 406.97872, 2220268.71958, 0.0
559, 3.54787, 0.0, 0.0, 0.0, 1.0, 397.7766, 2215450.17553, 0.0
560, 3.48936, 0.0, 0.0, 0.0, 1.1, 389.94681, 2210672.65957, 0.0
561, 3.43085, 0.0, 0.0, 0.0, 1.0, 383.57979, 2205912.35638, 0.0
562, 3.37234, 0.0, 0.0, 0.0, 1.0, 375.69149, 2201149.52128, 0.0
563, 3.32447, 0.0, 0.0, 0.0, 1.0, 371.03191, 2196397.18617, 0.0
564, 3.28342, 0.0, 0.0, 0.0, 1.0, 363.6738, 2191683.70213, 0.0
565, 3.21925, 0.0, 0.0, 0.0, 1.0, 355.81818, 2186896.6631, 0.0
566, 3.14439, 0.0, 0.0, 0.0, 1.0, 345.53476, 2182183.71658, 0.0
567, 3.09626, 0.0, 0.0, 0.0, 1.0, 338.84492, 2177486.45989, 0.0
568, 3.04813, 0.0, 0.0, 0.0, 1.0, 333.89305, 2172789.51337, 0.0
569, 2.99465, 0.0, 0.0, 0.0, 1.0, 327.93048, 2168112.24599, 0.0
570, 2.94652, 0.0, 0.0, 0.0, 1.0, 323.93048, 2163419.82888, 0.0
571, 2.8984, 0.0, 0.0, 0.0, 1.0, 320.01604, 2158760.44385, 0.0
572, 2.84946, 0.0, 0.0, 0.0, 1.0, 316.3871, 2154116.35294, 0.0
573, 2.81081, 0.0, 0.0, 0.0, 1.25, 312.43784, 2149506.80108, 0.0
574, 2.75676, 0.0, 0.0, 0.0, 1.0, 303.47568, 2144928.28108, 0.0
575, 2.71585, 0.0, 0.0, 0.0, 1.0, 297.27869, 2140341.48649, 0.0
576, 2.69399, 0.0, 0.0, 0.0, 1.0, 294.80874, 2135594.74863, 0.0
577, 2.67033, 0.0, 0.0, 0.0, 1.0, 290.54945, 2131011.74863, 0.0
578, 2.61878, 0.0, 0.0, 0.0, 1.0, 284.59669, 2126428.35165, 0.0
579, 2.6, 0.0, 0.0, 0.0, 1.0, 280.95, 2121826.25967, 0.0
580, 2.58889, 0.0, 0.0, 0.0, 1.0, 279.49444, 2117202.21667, 0.0
581, 2.57778, 0.0, 0.0, 0.0, 1.0, 278.81111, 2112640.96667, 0.0
582, 2.52778, 0.0, 0.0, 0.0, 1.125, 271.21111, 2108097.37778, 0.0
583, 2.49721, 0.0, 0.0, 0.0, 1.0, 266.32961, 2103560.95556, 0.0
584, 2.46629, 0.0, 0.0, 0.0, 1.0, 263.75281, 2098947.08939, 0.0
585, 2.42697, 0.0, 0.0, 0.0, 1.0, 246.75843, 2094381.38202, 0.0
586, 2.38764, 0.0, 0.0, 0.0, 1.0, 243.75281, 2089862.89888, 0.0
587, 2.36517, 0.0, 0.0, 0.0, 1.0, 241.6573, 2085371.44944, 0.0
588, 2.31638, 0.0, 0.0, 0.0, 1.0, 236.44068, 2080899.9382, 0.0
589, 2.29714, 0.0, 0.0, 0.0, 1.0, 233.66857, 2076454.9661, 0.0
590, 2.29714, 0.0, 0.0, 0.0, 0.0, 233.16571, 2072002.96, 0.0
591, 2.28, 0.0, 0.0, 0.0, 1.0, 230.0, 2067541.04, 0.0
592, 2.2659, 0.0, 0.0, 0.0, 1.0, 227.03468, 2063138.77714, 0.0
593, 2.22543, 0.0, 0.0, 0.0, 1.0, 224.42775, 2058659.15607, 0.0
594, 2.19883, 0.0, 0.0, 0.0, 1.0, 221.65497, 2054245.83237, 0.0
595, 2.14706, 0.0, 0.0, 0.0, 1.0, 214.00588, 2049938.23977, 0.0
596, 2.12941, 0.0, 0.0, 0.0, 1.0, 212.67647, 2045553.97647, 0.0
597, 2.11243, 0.0, 0.0, 0.0, 1.0, 210.28402, 2041159.98824, 0.0
598, 2.08982, 0.0, 0.0, 0.0, 1.0, 207.23952, 2036833.28994, 0.0
599, 2.07831, 0.0, 0.0, 0.0, 1.0, 205.1988, 2032435.68263, 0.0
600, 2.06707, 0.0, 0.0, 0.0, 1.0, 205.26829, 2028096.48193, 0.0
601, 2.04321, 0.0, 0.0, 0.0, 1.0, 201.61111, 2023766.15854, 0.0
602, 2.03106, 0.0, 0.0, 0.0, 1.0, 201.00621, 2019337.62346, 0.0
603, 1.98758, 0.0, 0.0, 0.0, 1.0, 197.04969, 2015054.85093, 0.0
604, 1.975, 0.0, 0.0, 0.0, 1.0, 194.81875, 2010732.51553, 0.0
605, 1.95, 0.0, 0.0, 0.0, 1.0, 190.5, 2006289.325, 0.0
606, 1.94304, 0.0, 0.0, 0.0, 1.0, 187.40506, 2001997.35625, 0.0
607, 1.94268, 0.0, 0.0, 0.0, 1.0, 186.49045, 1997574.91139, 0.0
608, 1.88462, 0.0, 0.0, 0.0, 1.0, 181.34615, 1993270.68153, 0.0
609, 1.87097, 0.0, 0.0, 0.0, 1.0, 177.65161, 1988986.21795, 0.0
610, 1.86275, 0.0, 0.0, 0.0, 1.0, 175.36601, 1984681.92903, 0.0
611, 1.87417, 0.0, 0.0, 0.0, 1.0, 176.23841, 1980372.7451, 0.0
612, 1.8543, 0.0, 0.0, 0.0, 1.0, 175.01987, 1976014.35762, 0.0
613, 1.85235, 0.0, 0.0, 0.0, 1.0, 174.02685, 1971797.15232, 0.0
614, 1.83784, 0.0, 0.0, 0.0, 1.0, 170.85811, 1967568.03356, 0.0
615, 1.82759, 0.0, 0.0, 0.0, 1.0, 168.77241, 1963332.75676, 0.0
616, 1.83217, 0.0, 0.0, 0.0, 1.0, 168.6014, 1959082.16552, 0.0
617, 1.82394, 0.0, 0.0, 0.0, 1.0, 167.41549, 1954775.1049, 0.0
618, 1.80282, 0.0, 0.0, 0.0, 1.0, 165.16197, 1950494.88732, 0.0
619, 1.79433, 0.0, 0.0, 0.0, 1.0, 162.65957, 1946287.16901, 0.0
620, 1.78571, 0.0, 0.0, 0.0, 1.0, 160.3, 1942186.71631, 0.0
621, 1.76259, 0.0, 0.0, 0.0, 1.0, 158.1223, 1938012.67857, 0.0
622, 1.73188, 0.0, 0.0, 0.0, 1.0, 153.5, 1933784.70504, 0.0
623, 1.70073, 0.0, 0.0, 0.0, 1.0, 150.16058, 1929685.45652, 0.0
624, 1.7037, 0.0, 0.0, 0.0, 1.0, 150.00741, 1925470.83212, 0.0
625, 1.68421, 0.0, 0.0, 0.0, 1.0, 149.00752, 1921314.14815, 0.0
626, 1.65909, 0.0, 0.0, 0.0, 1.0, 146.97727, 1917188.41353, 0.0
627, 1.64885, 0.0, 0.0, 0.0, 1.0, 145.58015, 1912961.44697, 0.0
628, 1.61538, 0.0, 0.0, 0.0, 1.0, 142.14615, 1908868.76336, 0.0
629, 1.58915, 0.0, 0.0, 0.0, 1.0, 138.03101, 1904738.65385, 0.0
630, 1.60317, 0.0, 0.0, 0.0, 1.0, 138.93651, 1900707.12403, 0.0
631, 1.5873, 0.0, 0.0, 0.0, 1.0, 135.94444, 1896534.3254, 0.0
632, 1.576, 0.0, 0.0, 0.0, 1.0, 134.712, 1892481.64286, 0.0
633, 1.56452, 0.0, 0.0, 0.0, 1.0, 133.20161, 1888353.072, 0.0
634, 1.56911, 0.0, 0.0, 0.0, 1.0, 133.0, 1884371.59677, 0.0
635, 1.55833, 0.0, 0.0, 0.0, 1.0, 130.84167, 1880376.26829, 0.0
636, 1.55085, 0.0, 0.0, 0.0, 1.0, 130.61864, 1876478.23333, 0.0
637, 1.5431, 0.0, 0.0, 0.0, 1.0, 129.02586, 1872435.82203, 0.0
638, 1.53509, 0.0, 0.0, 0.0, 1.0, 128.77193, 1868258.97414, 0.0
639, 1.52212, 0.0, 0.0, 0.0, 1.0, 127.02655, 1864108.07895, 0.0
640, 1.53153, 0.0, 0.0, 0.0, 1.0, 127.74775, 1860036.74336, 0.0
641, 1.51818, 0.0, 0.0, 0.0, 1.0, 127.46364, 1855922.87387, 0.0
642, 1.50909, 0.0, 0.0, 0.0, 1.0, 125.51818, 1851944.10909, 0.0
643, 1.5, 0.0, 0.0, 0.0, 1.0, 124.14545, 1847955.67273, 0.0
644, 1.49541, 0.0, 0.0, 0.0, 1.0, 123.75229, 1844001.04545, 0.0
645, 1.49074, 0.0, 0.0, 0.0, 1.0, 121.7037, 1840004.72477, 0.0
646, 1.49057, 0.0, 0.0, 0.0, 1.0, 122.32075, 1836054.46296, 0.0
647, 1.4717, 0.0, 0.0, 0.0, 1.0, 119.13208, 1831991.67925, 0.0
648, 1.45283, 0.0, 0.0, 0.0, 1.0, 116.25472, 1828053.96226, 0.0
649, 1.40952, 0.0, 0.0, 0.0, 1.2, 112.95238, 1824141.12264, 0.0
650, 1.40196, 0.0, 0.0, 0.0, 1.0, 111.88235, 1820283.48571, 0.0
651, 1.4, 0.0, 0.0, 0.0, 1.0, 111.48, 1816562.11765, 0.0
652, 1.40404, 0.0, 0.0, 0.0, 1.0, 112.42424, 1812547.52, 0.0
653, 1.39796, 0.0, 0.0, 0.0, 1.0, 113.30612, 1808632.72727, 0.0
654, 1.39583, 0.0, 0.0, 0.0, 1.0, 112.9375, 1804730.89796, 0.0
655, 1.36559, 0.0, 0.0, 0.0, 1.0, 110.7957, 1800915.36458, 0.0
656, 1.35484, 0.0, 0.0, 0.0, 1.0, 108.69892, 1797282.5914, 0.0
657, 1.34066, 0.0, 0.0, 0.0, 1.0, 106.08791, 1793468.12903, 0.0
658, 1.32955, 0.0, 0.0, 0.0, 1.0, 102.43182, 1789370.56044, 0.0
659, 1.33333, 0.0, 0.0, 0.0, 1.0, 103.32184, 1785717.61364, 0.0
660, 1.33721, 0.0, 0.0, 0.0, 1.0, 104.24419, 1781909.18391, 0.0
661, 1.3494, 0.0, 0.0, 0.0, 1.0, 104.40964, 1778211.31395, 0.0
662, 1.3253, 0.0, 0.0, 0.0, 1.0, 100.98795, 1774422.84337, 0.0
663, 1.31707, 0.0, 0.0, 0.0, 1.0, 99.07317, 1770626.06024, 0.0
664, 1.30864, 0.0, 0.0, 0.0, 1.0, 96.64198, 1766796.95122, 0.0
665, 1.3125, 0.0, 0.0, 0.0, 1.0, 95.6875, 1762871.71605, 0.0
666, 1.31646, 0.0, 0.0, 0.0, 1.0, 95.01266, 1759040.2125, 0.0
667, 1.31169, 0.0, 0.0, 0.0, 1.0, 95.18182, 1755411.26582, 0.0
668, 1.2987, 0.0, 0.0, 0.0, 1.0, 95.01299, 1751610.37662, 0.0
669, 1.2987, 0.0, 0.0, 0.0, 0.0, 94.79221, 1747835.61039, 0.0
670, 1.28571, 0.0, 0.0, 0.0, 1.0, 94.5974, 1744055.66234, 0.0
671, 1.26316, 0.0, 0.0, 0.0, 1.0, 91.98684, 1740321.97403, 0.0
672, 1.25, 0.0, 0.0, 0.0, 1.0, 91.80263, 1736598.68421, 0.0
673, 1.26389, 0.0, 0.0, 0.0, 1.0, 91.40278, 1733009.76316, 0.0
674, 1.23944, 0.0, 0.0, 0.0, 1.0, 92.52113, 1729287.55556, 0.0
675, 1.24286, 0.0, 0.0, 0.0, 1.0, 91.78571, 1725468.84507, 0.0
676, 1.24638, 0.0, 0.0, 0.0, 1.0, 92.91304, 1721695.41429, 0.0
677, 1.23529, 0.0, 0.0, 0.0, 1.0, 91.55882, 1718063.37681, 0.0
678, 1.23529, 0.0, 0.0, 0.0, 0.0, 91.41176, 1714467.82353, 0.0
679, 1.22059, 0.0, 0.0, 0.0, 1.0, 89.11765, 1710776.19118, 0.0
680, 1.20588, 0.0, 0.0, 0.0, 1.0, 86.57353, 1707081.82353, 0.0
681, 1.20896, 0.0, 0.0, 0.0, 1.0, 87.64179, 1703438.29412, 0.0
682, 1.20896, 0.0, 0.0, 0.0, 0.0, 87.43284, 1699641.98507, 0.0
683, 1.19697, 0.0, 0.0, 0.0, 1.0, 88.54545, 1696000.61194, 0.0
684, 1.20635, 0.0, 0.0, 0.0, 1.0, 88.73016, 1692414.63636, 0.0
685, 1.19048, 0.0, 0.0, 0.0, 1.0, 86.74603, 1688954.42857, 0.0
686, 1.18033, 0.0, 0.0, 0.0, 1.5, 87.5082, 1685335.77778, 0.0
687, 1.18033, 0.0, 0.0, 0.0, 0.0, 87.14754, 1681635.88525, 0.0
688, 1.18033, 0.0, 0.0, 0.0, 0.0, 87.04918, 1678019.40984, 0.0
689, 1.18333, 0.0, 0.0, 0.0, 1.0, 85.43333, 1674435.31148, 0.0
690, 1.16949, 0.0, 0.0, 0.0, 1.0, 86.74576, 1670779.86667, 0.0
691, 1.16949, 0.0, 0.0, 0.0, 0.0, 86.42373, 1667207.66102, 0.0
692, 1.17241, 0.0, 0.0, 0.0, 1.0, 85.82759, 1663653.15254, 0.0
693, 1.14035, 0.0, 0.0, 0.0, 1.0, 82.85965, 1660275.77586, 0.0
694, 1.14286, 0.0, 0.0, 0.0, 1.0, 84.26786, 1656663.33333, 0.0
695, 1.12727, 0.0, 0.0, 0.0, 1.0, 83.34545, 1653093.625, 0.0
696, 1.12727, 0.0, 0.0, 0.0, 0.0, 83.27273, 1649656.49091, 0.0
697, 1.12963, 0.0, 0.0, 0.0, 1.0, 84.57407, 1646168.81818, 0.0
698, 1.13208, 0.0, 0.0, 0.0, 1.0, 84.01887, 1642705.0, 0.0
699, 1.13725, 0.0, 0.0, 0.0, 1.0, 84.98039, 1639299.79245, 0.0
700, 1.13725, 0.0, 0.0, 0.0, 0.0, 84.76471, 1635689.70588, 0.0
701, 1.14, 0.0, 0.0, 0.0, 1.0, 86.2, 1632170.96078, 0.0
702, 1.10204, 0.0, 0.0, 0.0, 1.0, 83.06122, 1628706.66, 0.0
703, 1.10204, 0.0, 0.0, 0.0, 0.0, 82.81633, 1625254.61224, 0.0
704, 1.10204, 0.0, 0.0, 0.0, 0.0, 82.63265, 1621747.38776, 0.0
705, 1.10204, 0.0, 0.0, 0.0, 0.0, 82.40816, 1618249.85714, 0.0
706, 1.10204, 0.0, 0.0, 0.0, 0.0, 82.26531, 1614734.61224, 0.0
707, 1.10417, 0.0, 0.0, 0.0, 1.0, 83.77083, 1611283.06122, 0.0
708, 1.10417, 0.0, 0.0, 0.0, 0.0, 83.625, 1607741.20833, 0.0
709, 1.10638, 0.0, 0.0, 0.0, 1.0, 82.44681, 1604318.16667, 0.0
710, 1.10638, 0.0, 0.0, 0.0, 0.0, 82.19149, 1600744.42553, 0.0
711, 1.1087, 0.0, 0.0, 0.0, 1.0, 80.97826, 1597314.78723, 0.0
712, 1.11364, 0.0, 0.0, 0.0, 1.0, 84.45455, 1593749.97826, 0.0
713, 1.11628, 0.0, 0.0, 0.0, 1.0, 83.67442, 1590153.95455, 0.0
714, 1.11905, 0.0, 0.0, 0.0, 1.0, 85.5, 1586566.97674, 0.0
715, 1.125, 0.0, 0.0, 0.0, 1.0, 86.4, 1583086.71429, 0.0
716, 1.12821, 0.0, 0.0, 0.0, 1.0, 88.4359, 1579467.0, 0.0
717, 1.13158, 0.0, 0.0, 0.0, 1.0, 87.86842, 1575925.02564, 0.0
718, 1.13158, 0.0, 0.0, 0.0, 0.0, 87.68421, 1572455.07895, 0.0
719, 1.13514, 0.0, 0.0, 0.0, 1.0, 85.94595, 1569109.05263, 0.0
720, 1.13514, 0.0, 0.0, 0.0, 0.0, 85.78378, 1565848.40541, 0.0
721, 1.11111, 0.0, 0.0, 0.0, 1.0, 87.94444, 1562497.86486, 0.0
722, 1.11429, 0.0, 0.0, 0.0, 1.0, 87.6, 1559203.80556, 0.0
723, 1.11765, 0.0, 0.0, 0.0, 1.0, 86.58824, 1556022.02857, 0.0
724, 1.08824, 0.0, 0.0, 0.0, 1.0, 83.26471, 1552726.61765, 0.0
725, 1.08824, 0.0, 0.0, 0.0, 0.0, 83.14706, 1549379.52941, 0.0
726, 1.08824, 0.0, 0.0, 0.0, 0.0, 82.94118, 1546042.44118, 0.0
727, 1.09091, 0.0, 0.0, 0.0, 1.0, 81.69697, 1542808.38235, 0.0
728, 1.09091, 0.0, 0.0, 0.0, 0.0, 81.66667, 1539478.51515, 0.0
729, 1.09375, 0.0, 0.0, 0.0, 1.0, 79.4375, 1536227.66667, 0.0
730, 1.10345, 0.0, 0.0, 0.0, 1.0, 87.34483, 1533175.375, 0.0
731, 1.03571, 0.0, 0.0, 0.0, 1.0, 86.89286, 1529562.37931, 0.0
732, 1.03571, 0.0, 0.0, 0.0, 0.0, 86.64286, 1526344.10714, 0.0
733, 1.03571, 0.0, 0.0, 0.0, 0.0, 86.42857, 1523059.03571, 0.0
734, 1.03571, 0.0, 0.0, 0.0, 0.0, 86.28571, 1519793.21429, 0.0
735, 1.03571, 0.0, 0.0, 0.0, 0.0, 86.21429, 1516481.82143, 0.0
736, 1.03571, 0.0, 0.0, 0.0, 0.0, 86.0, 1513204.75, 0.0
737, 1.03571, 0.0, 0.0, 0.0, 0.0, 85.96429, 1509939.75, 0.0
738, 1.03704, 0.0, 0.0, 0.0, 1.0, 83.81481, 1506702.60714, 0.0
739, 1.03704, 0.0, 0.0, 0.0, 0.0, 83.7037, 1503360.18519, 0.0
740, 1.03846, 0.0, 0.0, 0.0, 1.0, 82.76923, 1500221.11111, 0.0
741, 1.04, 0.0, 0.0, 0.0, 1.0, 85.8, 1496889.03846, 0.0
742, 1.04545, 0.0, 0.0, 0.0, 1.0, 81.0, 1494033.68, 0.0
743, 1.04545, 0.0, 0.0, 0.0, 0.0, 80.86364, 1490324.86364, 0.0
744, 1.04545, 0.0, 0.0, 0.0, 0.0, 80.72727, 1487100.18182, 0.0
745, 1.04545, 0.0, 0.0, 0.0, 0.0, 80.5, 1483861.09091, 0.0
746, 1.04545, 0.0, 0.0, 0.0, 0.0, 80.36364, 1480642.59091, 0.0
747, 1.04762, 0.0, 0.0, 0.0, 1.0, 79.38095, 1477617.22727, 0.0
748, 1.04762, 0.0, 0.0, 0.0, 0.0, 79.33333, 1474010.28571, 0.0
749, 1.04762, 0.0, 0.0, 0.0, 0.0, 79.14286, 1470831.57143, 0.0
750, 1.05, 0.0, 0.0, 0.0, 1.0, 75.8, 1467801.90476, 0.0
751, 1.05, 0.0, 0.0, 0.0, 0.0, 75.75, 1464538.5, 0.0
752, 1.05, 0.0, 0.0, 0.0, 0.0, 75.6, 1461387.35, 0.0
753, 1.05, 0.0, 0.0, 0.0, 0.0, 75.5, 1458247.45, 0.0
754, 1.05263, 0.0, 0.0, 0.0, 1.0, 73.47368, 1455253.9, 0.0
755, 1.05263, 0.0, 0.0, 0.0, 0.0, 73.31579, 1451793.42105, 0.0
756, 1.05263, 0.0, 0.0, 0.0, 0.0, 73.15789, 1448650.78947, 0.0
757, 1.05556, 0.0, 0.0, 0.0, 1.0, 70.44444, 1445555.15789, 0.0
758, 1.05556, 0.0, 0.0, 0.0, 0.0, 70.22222, 1441773.55556, 0.0
759, 1.05556, 0.0, 0.0, 0.0, 0.0, 70.16667, 1438651.22222, 0.0
760, 1.05556, 0.0, 0.0, 0.0, 0.0, 70.0, 1435565.83333, 0.0
761, 1.05556, 0.0, 0.0, 0.0, 0.0, 69.83333, 1432462.83333, 0.0
762, 1.05556, 0.0, 0.0, 0.0, 0.0, 69.72222, 1429376.61111, 0.0
763, 1.05556, 0.0, 0.0, 0.0, 0.0, 69.72222, 1426292.44444, 0.0
764, 1.0625, 0.0, 0.0, 0.0, 1.0, 71.9375, 1423427.05556, 0.0
765, 1.0625, 0.0, 0.0, 0.0, 0.0, 71.8125, 1419579.4375, 0.0
766, 1.06667, 0.0, 0.0, 0.0, 1.0, 76.46667, 1416655.625, 0.0
767, 1.06667, 0.0, 0.0, 0.0, 0.0, 76.46667, 1414050.6, 0.0
768, 1.0, 0.0, 0.0, 0.0, 1.0, 76.4, 1410989.86667, 0.0
769, 1.0, 0.0, 0.0, 0.0, 0.0, 76.33333, 1407933.26667, 0.0
770, 1.0, 0.0, 0.0, 0.0, 0.0, 76.13333, 1404883.8, 0.0
771, 1.0, 0.0, 0.0, 0.0, 0.0, 76.0, 1401859.26667, 0.0
772, 1.0, 0.0, 0.0, 0.0, 1.0, 73.71429, 1399016.0, 0.0
773, 1.0, 0.0, 0.0, 0.0, 1.0, 72.61538, 1395679.42857, 0.0
774, 1.0, 0.0, 0.0, 0.0, 0.0, 72.30769, 1392208.0, 0.0
775, 1.0, 0.0, 0.0, 0.0, 0.0, 72.15385, 1389225.69231, 0.0
776, 1.0, 0.0, 0.0, 0.0, 0.0, 71.92308, 1386190.07692, 0.0
777, 1.0, 0.0, 0.0, 0.0, 0.0, 71.69231, 1383194.76923, 0.0
778, 1.0, 0.0, 0.0, 0.0, 0.0, 71.46154, 1380173.84615, 0.0
779, 1.0, 0.0, 0.0, 0.0, 0.0, 71.07692, 1377221.30769, 0.0
780, 1.0, 0.0, 0.0, 0.0, 0.0, 70.92308, 1374222.69231, 0.0
781, 1.0, 0.0, 0.0, 0.0, 0.0, 70.92308, 1371274.30769, 0.0
782, 1.0, 0.0, 0.0, 0.0, 1.0, 76.5, 1368513.07692, 0.0
783, 1.0, 0.0, 0.0, 0.0, 1.0, 72.81818, 1366347.75, 0.0
784, 1.0, 0.0, 0.0, 0.0, 1.0, 69.3, 1362808.63636, 0.0
785, 1.0, 0.0, 0.0, 0.0, 0.0, 69.1, 1359854.6, 0.0
786, 1.0, 0.0, 0.0, 0.0, 0.0, 69.1, 1356925.0, 0.0
787, 1.0, 0.0, 0.0, 0.0, 0.0, 69.0, 1354026.0, 0.0
788, 1.0, 0.0, 0.0, 0.0, 0.0, 69.0, 1351131.1, 0.0
789, 1.0, 0.0, 0.0, 0.0, 1.0, 72.75, 1348361.2, 0.0
790, 1.0, 0.0, 0.0, 0.0, 1.0, 82.85714, 1346319.0, 0.0
791, 1.0, 0.0, 0.0, 0.0, 0.0, 82.57143, 1343477.85714, 0.0
792, 1.0, 0.0, 0.0, 0.0, 0.0, 82.42857, 1340604.14286, 0.0
793, 1.0, 0.0, 0.0, 0.0, 0.0, 82.42857, 1337729.28571, 0.0
794, 1.0, 0.0, 0.0, 0.0, 0.0, 82.42857, 1334847.85714, 0.0
795, 1.0, 0.0, 0.0, 0.0, 0.0, 82.42857, 1331972.71429, 0.0
796, 1.0, 0.0, 0.0, 0.0, 0.0, 82.42857, 1329034.14286, 0.0
797, 1.0, 0.0, 0.0, 0.0, 0.0, 82.0, 1326212.85714, 0.0
798, 1.0, 0.0, 0.0, 0.0, 0.0, 81.85714, 1323359.28571, 0.0
799, 1.0, 0.0, 0.0, 0.0, 0.0, 81.57143, 1320517.14286, 0.0
800, 1.0, 0.0, 0.0, 0.0, 0.0, 81.42857, 1317724.14286, 0.0
801, 1.0, 0.0, 0.0, 0.0, 0.0, 81.28571, 1314906.0, 0.0
802, 1.0, 0.0, 0.0, 0.0, 0.0, 81.0, 1312109.57143, 0.0
803, 1.0, 0.0, 0.0, 0.0, 0.0, 81.0, 1309210.71429, 0.0
804, 1.0, 0.0, 0.0, 0.0, 0.0, 80.71429, 1306391.42857, 0.0
805, 1.0, 0.0, 0.0, 0.0, 0.0, 80.57143, 1303537.71429, 0.0
806, 1.0, 0.0, 0.0, 0.0, 0.0, 80.57143, 1300738.85714, 0.0
807, 1.0, 0.0, 0.0, 0.0, 0.0, 80.28571, 1297995.71429, 0.0
808, 1.0, 0.0, 0.0, 0.0, 0.0, 80.0, 1295197.14286, 0.0
809, 1.0, 0.0, 0.0, 0.0, 1.0, 78.83333, 1292698.57143, 0.0
810, 1.0, 0.0, 0.0, 0.0, 0.0, 78.66667, 1288979.0, 0.0
811, 1.0, 0.0, 0.0, 0.0, 0.0, 78.66667, 1286214.0, 0.0
812, 1.0, 0.0, 0.0, 0.0, 0.0, 78.66667, 1283469.0, 0.0
813, 1.0, 0.0, 0.0, 0.0, 1.0, 93.8, 1280824.16667, 0.0
814, 1.0, 0.0, 0.0, 0.0, 0.0, 93.4, 1277600.8, 0.0
815, 1.0, 0.0, 0.0, 0.0, 0.0, 93.4, 1274854.2, 0.0
816, 1.0, 0.0, 0.0, 0.0, 0.0, 93.4, 1272114.4, 0.0
817, 1.0, 0.0, 0.0, 0.0, 0.0, 93.4, 1269366.8, 0.0
818, 1.0, 0.0, 0.0, 0.0, 0.0, 93.0, 1266619.6, 0.0
819, 1.0, 0.0, 0.0, 0.0, 0.0, 92.8, 1263817.6, 0.0
820, 1.0, 0.0, 0.0, 0.0, 0.0, 92.8, 1261051.0, 0.0
821, 1.0, 0.0, 0.0, 0.0, 0.0, 92.6, 1258302.6, 0.0
822, 1.0, 0.0, 0.0, 0.0, 0.0, 92.2, 1255575.0, 0.0
823, 1.0, 0.0, 0.0, 0.0, 0.0, 92.0, 1252887.4, 0.0
824, 1.0, 0.0, 0.0, 0.0, 0.0, 91.8, 1250120.6, 0.0
825, 1.0, 0.0, 0.0, 0.0, 0.0, 91.8, 1247456.4, 0.0
826, 1.0, 0.0, 0.0, 0.0, 0.0, 91.6, 1244776.0, 0.0
827, 1.0, 0.0, 0.0, 0.0, 0.0, 91.2, 1242157.4, 0.0
828, 1.0, 0.0, 0.0, 0.0, 0.0, 91.0, 1239499.6, 0.0
829, 1.0, 0.0, 0.0, 0.0, 0.0, 90.8, 1236853.6, 0.0
830, 1.0, 0.0, 0.0, 0.0, 0.0, 90.6, 1234172.2, 0.0
831, 1.0, 0.0, 0.0, 0.0, 0.0, 90.2, 1231583.6, 0.0
832, 1.0, 0.0, 0.0, 0.0, 1.0, 85.25, 1229192.2, 0.0
833, 1.0, 0.0, 0.0, 0.0, 0.0, 85.0, 1225700.0, 0.0
834, 1.0, 0.0, 0.0, 0.0, 0.0, 84.75, 1223071.75, 0.0
835, 1.0, 0.0, 0.0, 0.0, 0.0, 84.5, 1220495.75, 0.0
836, 1.0, 0.0, 0.0, 0.0, 1.0, 70.33333, 1218037.75, 0.0
837, 1.0, 0.0, 0.0, 0.0, 0.0, 70.33333, 1218528.0, 0.0
838, 1.0, 0.0, 0.0, 0.0, 0.0, 70.0, 1215907.66667, 0.0
839, 1.0, 0.0, 0.0, 0.0, 0.0, 70.0, 1213235.66667, 0.0
840, 1.0, 0.0, 0.0, 0.0, 0.0, 70.0, 1210550.66667, 0.0
841, 1.0, 0.0, 0.0, 0.0, 0.0, 70.0, 1207979.66667, 0.0
842, 1.0, 0.0, 0.0, 0.0, 0.0, 70.0, 1205279.0, 0.0
843, 1.0, 0.0, 0.0, 0.0, 0.0, 69.66667, 1202740.0, 0.0
844, 1.0, 0.0, 0.0, 0.0, 0.0, 69.33333, 1200128.33333, 0.0
845, 1.0, 0.0, 0.0, 0.0, 0.0, 69.0, 1197517.0, 0.0
846, 1.0, 0.0, 0.0, 0.0, 0.0, 69.0, 1194954.66667, 0.0
847, 1.0, 0.0, 0.0, 0.0, 0.0, 68.66667, 1192431.0, 0.0
848, 1.0, 0.0, 0.0, 0.0, 1.0, 57.5, 1189999.66667, 0.0
849, 1.0, 0.0, 0.0, 0.0, 0.0, 57.0, 1187520.5, 0.0
850, 1.0, 0.0, 0.0, 0.0, 0.0, 56.5, 1184988.0, 0.0
851, 1.0, 0.0, 0.0, 0.0, 0.0, 56.5, 1182382.5, 0.0
852, 1.0, 0.0, 0.0, 0.0, 0.0, 56.5, 1179830.0, 0.0
853, 1.0, 0.0, 0.0, 0.0, 1.0, 1.0, 1177423.0, 0.0
854, 1.0, 0.0, 0.0, 0.0, 0.0, 1.0, 1178377.0, 0.0
855, 1.0, 0.0, 0.0, 0.0, 0.0, 1.0, 1175671.0, 0.0
856, 1.0, 0.0, 0.0, 0.0, 0.0, 1.0, 1173055.0, 0.0
857, 1.0, 0.0, 0.0, 0.0, 0.0, 1.0, 1170549.0, 0.0
858, 1.0, 0.0, 0.0, 0.0, 0.0, 1.0, 1168028.0, 0.0
859, 1.0, 0.0, 0.0, 0.0, 0.0, 1.0, 1165646.0, 0.0
860, 1.0, 0.0, 0.0, 0.0, 0.0, 1.0, 1163183.0, 0.0
861, 1.0, 0.0, 0.0, 0.0, 0.0, 1.0, 1160791.0, 0.0
862, 1.0, 0.0, 0.0, 0.0, 0.0, 1.0, 1158328.0, 0.0
863, 1.0, 0.0, 0.0, 0.0, 0.0, 1.0, 1155718.0, 0.0
864, 1.0, 0.0, 0.0, 0.0, 0.0, 1.0, 1153350.0, 0.0
865, 1.0, 0.0, 0.0, 0.0, 0.0, 1.0, 1150827.0, 0.0
866, 1.0, 0.0, 0.0, 0.0, 0.0, 1.0, 1148287.0, 0.0
867, 1.0, 0.0, 0.0, 0.0, 0.0, 1.0, 1145842.0, 0.0
868, 1.0, 0.0, 0.0, 0.0, 0.0, 1.0, 1143269.0, 0.0
869, 1.0, 0.0, 0.0, 0.0, 0.0, 1.0, 1140723.0, 0.0
870, 1.0, 0.0, 0.0, 0.0, 0.0, 1.0, 1138219.0, 0.0
871, 1.0, 0.0, 0.0, 0.0, 0.0, 1.0, 1135779.0, 0.0
872, 1.0, 0.0, 0.0, 0.0, 0.0, 1.0, 1133519.0, 0.0
873, 1.0, 0.0, 0.0, 0.0, 0.0, 1.0, 1131040.0, 0.0
874, 1.0, 0.0, 0.0, 0.0, 0.0, 1.0, 1128601.0, 0.0
875, 1.0, 0.0, 0.0, 0.0, 0.0, 1.0, 1126162.0, 0.0
876, 1.0, 0.0, 0.0, 0.0, 0.0, 1.0, 1123820.0, 0.0
877, 1.0, 0.0, 0.0, 0.0, 0.0, 1.0, 1121396.0, 0.0
878, 1.0, 0.0, 0.0, 0.0, 0.0, 1.0, 1119044.0, 0.0
879, 1.0, 0.0, 0.0, 0.0, 0.0, 1.0, 1116596.0, 0.0
880, 1.0, 0.0, 0.0, 0.0, 0.0, 1.0, 1114116.0, 0.0
881, 0.0, 0.0, 0.0, 0.0, 1.0, 0.0, 1113876.0, 0.0
