time, seeders, joined, request_count, response_size, left, awareness, bad_data, leechers
0, 0.0, 0.0, 0.0, 0.0, 0.0, 5000.998, 0.0, 0.0
1, 0.0, 99.0, 1011.9596, 9.1327, 0.0, 96141.04, 0.0, 99.0
2, 0.0, 3.406, 982.97123, 17.51135, 5.824, 89788.758, 8748.67, 97.582
3, 0.0, 3.71429, 983.27759, 18.35261, 2.54486, 91093.83, 10921.156, 98.844
4, 0.0, 2.6044, 986.49789, 18.74508, 2.69231, 91128.952, 13202.002, 98.764
5, 0.0, 2.72017, 981.65869, 19.27701, 2.74298, 91173.692, 15591.572, 98.732
6, 0.0, 2.72088, 983.84491, 19.59524, 2.69298, 91302.754, 17863.938, 98.752
7, 0.0, 2.71613, 980.99762, 19.7611, 2.7094, 91369.634, 20235.608, 98.742
8, 0.0, 2.77342, 981.93244, 20.3848, 2.76078, 91458.956, 22600.272, 98.726
9, 0.0, 2.73581, 972.86512, 21.09188, 2.66309, 91546.564, 24897.47, 98.75
10, 0.0, 2.77706, 980.51442, 21.13196, 2.79657, 91583.112, 27319.968, 98.704
11, 77.172, 2.01259, 981.22653, 21.64923, 1.34934, 92326.44, 27861.912, 22.512
12, 77.212, 2.27635, 979.42387, 22.31933, 3.29106, 91088.558, 30743.48, 21.25
13, 78.566, 2.68547, 977.38288, 22.29008, 2.20833, 91507.994, 32449.606, 20.464
14, 79.08, 2.24242, 985.44699, 22.75211, 2.20144, 91462.098, 34105.104, 20.038
15, 79.698, 2.11502, 991.12098, 22.93393, 2.22558, 91245.516, 35823.294, 19.308
16, 80.27, 2.3253, 975.12953, 23.23804, 2.16076, 91218.242, 37445.696, 18.838
17, 80.906, 2.2419, 974.41602, 23.6016, 2.13475, 91094.062, 39034.566, 18.194
18, 81.52, 2.09513, 984.49612, 23.7649, 2.21498, 90959.436, 40659.9, 17.552
19, 82.0, 2.26014, 976.76874, 24.11459, 2.19718, 90867.91, 42314.246, 17.094
20, 82.578, 2.11807, 986.34812, 24.52595, 2.15036, 90734.456, 43895.614, 16.472
21, 82.454, 2.11007, 981.13208, 24.65385, 2.16626, 90658.646, 45448.668, 16.626
22, 82.606, 2.15072, 986.65184, 24.73506, 2.13302, 90585.986, 47001.634, 16.476
23, 83.278, 2.10099, 981.24267, 25.1362, 2.03667, 90519.658, 48443.992, 15.844
24, 83.362, 2.12802, 986.37911, 25.52474, 2.05981, 90464.856, 49932.828, 15.8
25, 83.382, 2.01942, 980.76923, 25.44363, 2.08665, 90240.858, 51486.148, 15.662
26, 83.324, 2.25995, 979.27461, 26.24233, 2.24292, 90180.722, 53129.222, 15.748
27, 83.362, 2.07459, 980.89888, 26.27606, 2.04048, 90136.646, 54605.276, 15.776
28, 83.344, 2.14455, 985.63536, 26.49215, 2.10773, 90079.882, 56130.07, 15.804
29, 83.368, 2.17857, 974.86339, 26.74664, 2.16514, 89923.092, 57755.104, 15.722
30, 83.414, 2.22927, 983.58862, 26.96218, 2.15439, 89835.86, 59319.624, 15.69
31, 83.434, 2.16159, 984.83207, 27.51485, 2.18029, 89789.252, 60859.652, 15.702
32, 83.482, 2.17618, 981.75599, 27.53542, 2.13592, 89697.85, 62346.614, 15.648
33, 83.33, 2.17217, 980.45603, 27.98671, 2.30529, 89534.62, 63986.512, 15.724
34, 83.33, 2.17422, 986.82766, 27.8376, 2.14354, 89500.676, 65482.954, 15.754
35, 83.254, 2.14452, 975.0, 28.39799, 2.20681, 89437.714, 67004.354, 15.856
36, 83.374, 2.11111, 978.94737, 28.7945, 2.12077, 89331.87, 68444.718, 15.69
37, 83.272, 2.2, 980.28478, 28.6905, 2.13333, 89290.688, 69933.25, 15.826
38, 83.214, 2.09882, 980.9417, 29.03314, 2.09513, 89187.044, 71440.76, 15.862
39, 83.24, 2.15081, 987.05502, 29.5694, 2.11864, 89216.938, 72890.158, 15.94
40, 83.288, 2.05825, 974.0566, 29.56901, 2.12352, 89035.81, 74371.914, 15.8
41, 83.258, 2.21615, 980.7074, 30.07541, 2.16785, 89005.822, 75875.472, 15.862
42, 83.268, 2.10488, 986.09502, 30.09636, 2.133, 88938.04, 77285.408, 15.846
43, 83.344, 2.23441, 981.02679, 30.59727, 2.2155, 88828.224, 78792.97, 15.732
44, 83.398, 2.14149, 982.08287, 30.99088, 2.02804, 88805.554, 80204.394, 15.728
45, 83.56, 2.15441, 982.93515, 31.10764, 2.13625, 88742.916, 81628.276, 15.568
46, 83.518, 2.05941, 980.76923, 31.45343, 2.10412, 88594.652, 83040.714, 15.536
47, 83.44, 2.17701, 985.21647, 31.41908, 2.21362, 88568.726, 84560.286, 15.622
48, 83.432, 2.16667, 979.12088, 31.57239, 2.14593, 88529.288, 86006.556, 15.656
49, 83.476, 2.16029, 976.74419, 31.65193, 2.17464, 88452.35, 87469.564, 15.6
50, 83.302, 2.27143, 989.51782, 32.28178, 2.2277, 88427.448, 88999.948, 15.784
51, 83.256, 2.16547, 977.85161, 32.34088, 2.25776, 88301.67, 90507.262, 15.744
52, 83.148, 2.24766, 986.48649, 33.13066, 2.18056, 88305.032, 92010.96, 15.892
53, 83.1, 2.24344, 990.42553, 33.26208, 2.16429, 88336.55, 93447.058, 16.002
54, 83.05, 2.1831, 986.02151, 33.29444, 2.21226, 88288.62, 94933.722, 16.036
55, 83.04, 2.19953, 981.85699, 33.95326, 2.11007, 88321.422, 96341.254, 16.118
56, 82.844, 2.19656, 980.98434, 33.97149, 2.18433, 88157.998, 97861.004, 16.206
57, 82.964, 2.18287, 979.85154, 34.04113, 2.17805, 88193.408, 99267.704, 16.186
58, 82.952, 2.06176, 989.63134, 33.90454, 2.20048, 88088.818, 100683.99, 16.112
59, 82.946, 2.18795, 991.18943, 34.74333, 2.13915, 88059.132, 102102.704, 16.12
60, 83.01, 2.21277, 981.83761, 35.07835, 2.14183, 88093.9, 103491.178, 16.146
61, 82.938, 2.13559, 982.9932, 35.20069, 2.22356, 87960.268, 104944.272, 16.132
62, 83.12, 2.1816, 985.57159, 35.78829, 2.17506, 87887.822, 106373.2, 15.938
63, 83.198, 2.17233, 983.24022, 35.51023, 2.09501, 87869.856, 107728.882, 15.886
64, 83.166, 2.10698, 986.75497, 36.12752, 2.15839, 87832.084, 109128.476, 15.904
65, 83.226, 2.14085, 986.84211, 36.26111, 2.12065, 87788.918, 110543.808, 15.84
66, 83.114, 2.15814, 979.52586, 36.39054, 2.19258, 87727.932, 111991.594, 15.918
67, 83.18, 2.30374, 983.77282, 36.66495, 2.15152, 87795.69, 113426.242, 15.978
68, 83.212, 2.06205, 980.32407, 36.95986, 2.026, 87765.442, 114712.014, 15.96
69, 83.196, 2.03623, 988.1376, 37.38896, 2.18402, 87619.934, 116086.464, 15.858
70, 83.312, 2.19324, 988.98678, 37.34187, 2.0678, 87696.222, 117363.078, 15.85
71, 83.282, 2.21374, 982.75862, 37.56257, 2.13462, 87623.38, 118700.04, 15.844
72, 83.338, 2.08962, 987.58465, 38.032, 2.15648, 87597.496, 120025.818, 15.796
73, 83.358, 2.05924, 985.04028, 38.10864, 2.08531, 87541.816, 121342.47, 15.754
74, 83.438, 2.08592, 985.12586, 38.21138, 2.11031, 87493.12, 122658.136, 15.662
75, 83.44, 2.21986, 979.76571, 38.69783, 2.12212, 87490.044, 124044.6, 15.696
76, 83.578, 2.15534, 985.36036, 38.848, 2.1375, 87503.938, 125319.996, 15.624
77, 83.672, 2.02445, 981.88406, 39.22509, 2.15144, 87345.94, 126642.08, 15.396
78, 83.588, 2.13721, 981.50163, 39.07206, 2.14789, 87330.994, 127998.944, 15.488
79, 83.45, 2.17703, 985.71429, 39.63991, 2.26555, 87226.29, 129431.496, 15.552
80, 83.464, 2.19529, 984.99464, 39.49837, 2.11893, 87303.93, 130719.26, 15.658
81, 83.452, 2.11511, 977.32426, 40.13805, 2.11325, 87267.622, 132004.388, 15.68
82, 83.436, 2.125, 974.62514, 40.3858, 2.08294, 87189.288, 133296.936, 15.672
83, 83.424, 2.13817, 985.76123, 40.72, 2.11059, 87192.446, 134615.568, 15.716
84, 83.378, 2.12381, 985.42601, 40.88965, 2.12706, 87151.7, 135933.062, 15.738
85, 83.478, 2.14951, 988.59749, 41.4083, 2.1256, 87135.944, 137199.068, 15.632
86, 83.484, 2.06763, 983.64486, 41.32423, 2.10377, 87032.388, 138500.47, 15.554
87, 83.414, 2.21655, 984.63227, 41.6544, 2.06921, 87074.112, 139761.602, 15.712
88, 83.41, 2.22963, 978.95903, 41.86425, 2.19802, 87071.804, 141039.742, 15.746
89, 83.484, 2.13835, 980.70375, 41.95255, 2.15291, 87012.814, 142330.846, 15.66
90, 83.508, 2.05687, 974.65438, 42.26359, 2.2, 86849.964, 143691.442, 15.502
91, 83.492, 2.23131, 982.19895, 42.5597, 2.14593, 86928.926, 144986.31, 15.634
92, 83.386, 2.13318, 984.66594, 42.1257, 2.23934, 86861.628, 146348.704, 15.676
93, 83.444, 2.1816, 988.10811, 42.70897, 2.15714, 86888.876, 147641.648, 15.656
94, 83.504, 2.10304, 985.52339, 42.84181, 2.10817, 86897.95, 148893.772, 15.638
95, 83.384, 2.20048, 983.53458, 43.5, 2.23278, 86835.44, 150238.43, 15.7
96, 83.31, 2.14489, 984.49612, 43.66929, 2.13146, 86807.076, 151529.878, 15.764
97, 83.324, 2.09716, 974.0113, 43.79118, 2.07914, 86801.234, 152742.756, 15.786
98, 83.362, 2.05742, 980.23256, 44.25623, 2.03059, 86777.688, 153931.84, 15.742
99, 83.35, 2.15892, 987.54247, 44.06995, 2.18342, 86793.05, 155137.524, 15.782
100, 83.356, 2.1152, 989.57126, 44.77049, 2.15122, 86741.28, 156371.52, 15.738
101, 83.472, 2.16393, 976.19048, 44.6929, 2.15952, 86752.568, 157635.506, 15.656
102, 83.418, 2.10577, 990.86758, 45.1659, 2.20048, 86651.026, 158945.794, 15.618
103, 83.358, 2.22759, 981.42415, 45.32913, 2.21445, 86669.842, 160294.406, 15.716
104, 83.348, 2.17882, 985.96112, 45.35159, 2.15534, 86721.738, 161530.308, 15.802
105, 83.28, 2.16745, 981.50163, 45.55876, 2.23185, 86640.322, 162878.734, 15.802
106, 83.256, 2.15313, 984.91379, 46.52407, 2.179, 86647.83, 164156.962, 15.856
107, 83.306, 2.10837, 981.30841, 46.1119, 2.06475, 86600.546, 165341.032, 15.796
108, 83.124, 2.19767, 984.12698, 46.6086, 2.24362, 86557.028, 166697.052, 15.934
109, 83.02, 2.18735, 981.79872, 46.17557, 2.16284, 86532.934, 168004.622, 16.02
110, 82.948, 2.17943, 975.85071, 46.94713, 2.17788, 86514.748, 169247.744, 16.102
111, 83.032, 2.13146, 986.78414, 46.84487, 2.13462, 86555.934, 170444.558, 16.058
112, 83.006, 2.03464, 978.4336, 47.18097, 2.15765, 86467.076, 171700.648, 16.012
113, 83.01, 2.24413, 974.8954, 47.51717, 2.21635, 86509.56, 172960.2, 16.076
114, 83.042, 2.09624, 979.84323, 48.06514, 2.09434, 86498.484, 174157.584, 16.054
115, 83.08, 2.20097, 976.89769, 48.61486, 2.14486, 86467.744, 175400.304, 15.998
116, 83.158, 2.11792, 991.09131, 48.26629, 2.06988, 86535.582, 176543.832, 15.998
117, 83.004, 2.21411, 981.7975, 48.53534, 2.23389, 86402.756, 177834.578, 16.038
118, 83.05, 2.21462, 987.22045, 48.77886, 2.10673, 86466.178, 179049.022, 16.054
119, 83.256, 2.07857, 975.94502, 49.1162, 2.04423, 86489.704, 180153.01, 15.93
120, 83.384, 2.05897, 978.52029, 49.42317, 2.09223, 86424.472, 181281.728, 15.754
121, 83.46, 2.11852, 979.02098, 49.26905, 2.18313, 86302.828, 182504.256, 15.582
122, 83.342, 2.20238, 990.27027, 49.76419, 2.2201, 86324.96, 183728.984, 15.694
123, 83.316, 2.23944, 986.37317, 49.73007, 2.25117, 86316.034, 185033.9, 15.71
124, 83.31, 2.24706, 983.24607, 50.12354, 2.18267, 86329.504, 186308.078, 15.762
125, 83.264, 2.15925, 990.23861, 50.54545, 2.16667, 86358.66, 187514.124, 15.832
126, 83.138, 2.22759, 984.52012, 50.42453, 2.23918, 86337.364, 188849.162, 15.93
127, 83.1, 2.24038, 978.54077, 51.28618, 2.11778, 86350.42, 190063.528, 15.998
128, 83.082, 2.22683, 975.90361, 51.2312, 2.19535, 86278.318, 191319.136, 15.954
129, 82.924, 2.23543, 987.48697, 51.52376, 2.18735, 86326.586, 192562.752, 16.162
130, 82.862, 2.14692, 976.82119, 51.77514, 2.18599, 86293.166, 193762.68, 16.226
131, 82.822, 2.13948, 982.32044, 51.91339, 2.14014, 86289.416, 194936.918, 16.274
132, 82.862, 2.10811, 984.84848, 51.85325, 2.10194, 86257.322, 196048.514, 16.218
133, 82.968, 2.18333, 980.37077, 52.36151, 2.1561, 86310.254, 197180.764, 16.178
134, 83.094, 2.12159, 978.94737, 52.53166, 2.11548, 86267.046, 198284.438, 16.04
135, 83.178, 2.07371, 979.85782, 52.72068, 2.09709, 86198.26, 199389.652, 15.916
136, 83.252, 2.26812, 979.76571, 52.52174, 2.26066, 86169.106, 200639.002, 15.812
137, 83.282, 2.17371, 981.64147, 53.27723, 2.16429, 86196.574, 201807.662, 15.816
138, 83.382, 2.15496, 987.64045, 53.19795, 2.14888, 86230.02, 202904.956, 15.764
139, 83.408, 2.109, 976.40449, 52.96203, 2.23741, 86135.738, 204112.536, 15.652
140, 83.438, 2.20853, 982.83262, 53.50983, 2.12354, 86161.624, 205289.186, 15.664
141, 83.482, 2.15385, 983.25893, 53.8059, 2.14149, 86154.104, 206428.666, 15.626
142, 83.366, 2.19904, 980.37077, 54.00111, 2.2494, 86101.214, 207647.164, 15.7
143, 83.402, 2.15962, 990.21739, 54.21734, 2.11007, 86134.59, 208797.886, 15.702
144, 83.282, 2.14868, 989.95536, 54.73168, 2.17464, 86115.188, 209954.626, 15.796
145, 83.182, 2.17703, 982.41758, 54.84004, 2.11241, 86115.808, 211098.388, 15.912
146, 83.214, 2.19424, 983.60656, 54.79889, 2.16941, 86111.338, 212259.126, 15.866
147, 83.196, 2.19902, 986.59218, 55.0906, 2.10402, 86113.386, 213375.214, 15.894
148, 83.12, 2.21615, 988.21008, 55.4577, 2.15222, 86145.364, 214536.34, 15.998
149, 83.026, 2.26961, 984.88121, 55.65132, 2.28132, 86075.716, 215777.746, 16.014
150, 83.008, 2.13864, 982.99681, 55.81514, 2.10748, 86145.29, 216900.35, 16.11
151, 82.938, 2.14354, 988.83929, 56.37923, 2.22588, 86068.744, 218094.074, 16.08
152, 82.96, 2.22824, 973.60084, 56.15727, 2.13571, 86146.102, 219200.174, 16.158
153, 83.07, 2.08831, 978.28571, 56.62617, 2.15366, 86124.4, 220269.862, 16.032
154, 83.122, 2.19082, 985.66703, 56.69351, 2.13835, 86156.21, 221358.19, 16.032
155, 83.064, 2.16176, 987.52834, 56.9116, 2.21749, 86056.002, 222534.5, 15.978
156, 83.07, 2.20863, 976.11292, 57.59399, 2.15311, 86079.662, 223638.3, 16.014
157, 83.1, 2.15012, 983.88829, 57.64847, 2.11529, 86149.252, 224726.61, 16.048
158, 83.232, 2.09903, 967.77906, 57.08442, 2.07022, 86126.412, 225758.93, 15.944
159, 83.222, 2.12037, 983.62445, 57.798, 2.24057, 86059.584, 226953.258, 15.886
160, 83.332, 2.11475, 982.28128, 58.13416, 2.10926, 86065.886, 228043.362, 15.806
161, 83.282, 2.16708, 985.04028, 57.91589, 2.21951, 85978.43, 229161.808, 15.774
162, 83.282, 2.15581, 984.89752, 58.4885, 2.1659, 85960.124, 230321.55, 15.748
163, 83.24, 2.21963, 980.0, 58.12782, 2.12207, 86042.988, 231412.628, 15.882
164, 83.346, 2.10024, 977.88126, 58.60833, 2.03349, 86042.24, 232404.108, 15.794
165, 83.356, 2.11594, 989.72603, 59.06113, 2.17476, 86023.794, 233465.778, 15.744
166, 83.438, 2.18005, 985.49107, 59.12118, 2.13725, 86049.898, 234510.854, 15.71
167, 83.512, 2.06538, 983.58734, 59.19309, 2.09762, 85974.592, 235570.704, 15.58
168, 83.448, 2.21845, 986.8709, 59.61752, 2.19139, 85971.986, 236679.736, 15.64
169, 83.586, 2.14628, 986.59218, 59.69762, 2.07022, 86022.02, 237695.0, 15.582
170, 83.6, 2.02689, 986.731, 59.98044, 2.12864, 85933.766, 238721.13, 15.472
171, 83.51, 2.12442, 979.39262, 59.98228, 2.18957, 85900.056, 239857.71, 15.558
172, 83.592, 2.22249, 986.79868, 60.56187, 2.04773, 85985.25, 240859.228, 15.578
173, 83.764, 2.09804, 987.14953, 60.55621, 2.09024, 85975.66, 241849.558, 15.404
174, 83.596, 2.12077, 982.91572, 60.49479, 2.15814, 85885.142, 242956.316, 15.472
175, 83.632, 2.17548, 980.1105, 60.93236, 2.1199, 85909.49, 243991.026, 15.478
176, 83.638, 2.18554, 982.35943, 60.80359, 2.11848, 85910.384, 245058.616, 15.498
177, 83.524, 2.05701, 983.83372, 61.27465, 2.16667, 85819.182, 246138.968, 15.498
178, 83.538, 2.1713, 987.20682, 61.446, 2.09412, 85915.88, 247170.318, 15.58
179, 83.49, 2.11189, 984.54746, 61.61659, 2.16268, 85918.92, 248229.664, 15.632
180, 83.384, 2.10353, 988.81432, 62.069, 2.16229, 85901.91, 249289.828, 15.714
181, 83.408, 2.15217, 982.04265, 61.90514, 2.16471, 85838.494, 250378.558, 15.632
182, 83.47, 2.19324, 982.37885, 62.8722, 2.10437, 85906.842, 251363.122, 15.652
183, 83.394, 2.03325, 989.48598, 61.97993, 2.12439, 85898.126, 252337.328, 15.698
184, 83.294, 2.20433, 977.09924, 62.7567, 2.22673, 85868.194, 253425.448, 15.766
185, 83.258, 2.16473, 987.13826, 63.0532, 2.21311, 85842.452, 254557.134, 15.778
186, 83.224, 2.12412, 977.94928, 63.08794, 2.10514, 85848.002, 255587.604, 15.824
187, 83.29, 2.11163, 987.88546, 62.7146, 2.01923, 85969.184, 256518.254, 15.894
188, 83.342, 2.01176, 982.45614, 63.74643, 2.19378, 85842.534, 257583.764, 15.718
189, 83.318, 2.21615, 982.85102, 63.52236, 2.17661, 85876.356, 258638.036, 15.784
190, 83.288, 2.09836, 981.02679, 63.99431, 2.17548, 85855.866, 259669.35, 15.796
191, 83.296, 2.22062, 977.32181, 64.23867, 2.12411, 85912.028, 260671.988, 15.86
192, 83.304, 2.13902, 986.31699, 64.41387, 2.19059, 85830.86, 261731.708, 15.744
193, 83.238, 2.2277, 981.03267, 64.53598, 2.10165, 85934.326, 262732.97, 15.93
194, 83.224, 2.07494, 976.29797, 64.33526, 2.09655, 85866.68, 263775.674, 15.892
195, 83.284, 2.15059, 978.11816, 64.39485, 2.1335, 85943.894, 264728.684, 15.902
196, 83.232, 2.18919, 979.79798, 65.41695, 2.21635, 85869.396, 265789.29, 15.892
197, 83.314, 2.22418, 981.87995, 65.3391, 2.13317, 85858.876, 266770.986, 15.814
198, 83.208, 2.14789, 984.69945, 65.37181, 2.19905, 85826.41, 267842.364, 15.894
199, 83.27, 2.15144, 973.18436, 65.67623, 2.12619, 85796.84, 268847.642, 15.836
200, 83.24, 2.16351, 979.18949, 65.38255, 2.23301, 85793.134, 269870.558, 15.852
201, 83.262, 2.10837, 982.47664, 66.2176, 2.12679, 85720.92, 270854.4, 15.764
202, 83.194, 2.20561, 979.87288, 66.03351, 2.14252, 85796.136, 271856.674, 15.916
203, 83.326, 2.10791, 989.76109, 66.27701, 2.08894, 85828.808, 272786.678, 15.804
204, 83.304, 2.2, 984.47894, 66.50563, 2.25183, 85794.458, 273820.888, 15.788
205, 83.35, 2.12593, 975.60976, 66.98571, 2.15025, 85749.64, 274765.338, 15.718
206, 83.298, 2.19575, 982.81418, 66.94426, 2.16471, 85776.132, 275787.276, 15.792
207, 83.408, 2.08717, 990.71926, 67.10656, 2.09828, 85798.332, 276687.226, 15.698
208, 83.448, 2.14014, 987.79134, 67.67753, 2.1601, 85859.398, 277617.584, 15.706
209, 83.386, 2.08831, 979.42857, 67.49125, 2.19378, 85761.504, 278642.476, 15.684
210, 83.398, 2.24645, 983.12236, 67.74034, 2.1533, 85839.232, 279637.002, 15.742
211, 83.282, 2.14115, 989.94413, 68.03837, 2.23671, 85803.418, 280652.028, 15.796
212, 83.278, 2.23587, 992.30769, 68.62901, 2.14458, 85872.77, 281593.828, 15.84
213, 83.254, 2.14706, 976.0274, 67.99766, 2.15072, 85814.682, 282565.792, 15.818
214, 83.252, 2.2233, 985.80786, 68.2093, 2.17143, 85827.206, 283560.826, 15.828
215, 83.314, 2.10714, 975.14124, 68.3708, 2.04286, 85844.554, 284467.942, 15.82
216, 83.426, 2.12069, 982.5784, 68.76359, 2.11386, 85850.33, 285352.988, 15.722
217, 83.448, 2.03423, 983.17308, 68.29584, 2.03431, 85848.616, 286187.468, 15.704
218, 83.508, 2.08867, 988.20755, 69.12411, 2.10269, 85812.692, 287091.636, 15.62
219, 83.498, 2.10476, 987.55656, 69.2921, 2.14858, 85781.25, 288061.466, 15.576
220, 83.62, 2.10209, 985.65121, 69.38298, 2.08789, 85819.854, 288997.594, 15.508
221, 83.614, 2.08654, 976.95853, 69.45873, 2.16137, 85767.536, 289933.822, 15.482
222, 83.658, 2.22906, 980.1105, 69.52311, 2.17892, 85779.554, 290882.636, 15.47
223, 83.608, 2.18978, 985.55556, 70.5186, 2.21498, 85743.586, 291877.156, 15.486
224, 83.61, 2.15914, 986.79868, 70.06466, 2.24337, 85701.332, 292892.562, 15.44
225, 83.59, 2.18868, 985.99138, 69.87978, 2.06977, 85786.602, 293816.968, 15.536
226, 83.46, 2.15588, 976.64071, 70.6549, 2.23472, 85743.396, 294797.094, 15.636
227, 83.384, 2.18978, 984.44444, 70.69639, 2.12471, 85736.982, 295749.792, 15.706
228, 83.324, 2.2209, 979.67914, 70.7762, 2.14988, 85757.638, 296732.848, 15.8
229, 83.246, 2.09069, 988.58447, 70.86259, 2.13721, 85694.886, 297697.866, 15.792
230, 83.338, 2.16628, 980.54054, 71.72437, 2.11029, 85816.61, 298559.346, 15.828
231, 83.176, 2.13583, 989.03509, 71.23392, 2.26526, 85728.536, 299620.152, 15.884
232, 83.18, 2.18138, 975.92998, 71.73767, 2.12619, 85759.292, 300538.398, 15.922
233, 83.124, 2.17857, 982.51366, 71.64071, 2.2276, 85751.976, 301505.812, 15.968
234, 83.218, 2.1253, 986.39456, 72.48161, 2.09856, 85760.784, 302396.678, 15.892
235, 83.24, 2.13365, 989.93289, 71.84407, 2.14081, 85768.466, 303319.298, 15.864
236, 83.204, 2.20096, 979.34783, 71.63596, 2.23833, 85778.054, 304270.648, 15.918
237, 83.154, 2.10588, 986.59218, 72.43375, 2.15403, 85754.006, 305214.92, 15.94
238, 83.204, 2.125, 983.35183, 72.89616, 2.18705, 85731.458, 306161.71, 15.868
239, 83.072, 2.21311, 976.71958, 72.89382, 2.24242, 85710.73, 307182.424, 15.966
240, 83.214, 2.2104, 982.8877, 72.94015, 2.16505, 85790.492, 308090.77, 15.91
241, 83.204, 2.07494, 978.5553, 72.5075, 2.14528, 85791.298, 308971.436, 15.92
242, 83.226, 2.14842, 987.54247, 73.34289, 2.13942, 85788.138, 309864.188, 15.884
243, 83.326, 2.10169, 988.47926, 73.79371, 2.10602, 85776.306, 310734.188, 15.772
244, 83.296, 2.20092, 983.21091, 73.91996, 2.13318, 85857.05, 311667.776, 15.882
245, 83.298, 2.12591, 979.49886, 74.08488, 2.19221, 85800.614, 312586.48, 15.834
246, 83.404, 2.10169, 981.56682, 73.71948, 2.11794, 85796.084, 313432.068, 15.74
247, 83.372, 2.1253, 979.97775, 73.85471, 2.17157, 85806.298, 314319.646, 15.798
248, 83.398, 2.07463, 985.61151, 74.71046, 2.10514, 85670.378, 315235.08, 15.638
249, 83.44, 2.15403, 980.19802, 74.75533, 2.19417, 85684.484, 316135.372, 15.606
250, 83.518, 2.20723, 990.17467, 74.77398, 2.125, 85745.98, 317016.246, 15.592
251, 83.446, 2.20885, 981.0901, 74.58163, 2.14789, 85720.05, 317933.68, 15.632
252, 83.44, 2.13712, 986.72566, 74.93386, 2.12143, 85733.654, 318831.022, 15.664
253, 83.396, 2.19268, 983.31479, 75.04525, 2.13753, 85691.074, 319766.062, 15.672
254, 83.56, 2.14387, 982.39824, 75.18701, 2.09002, 85787.818, 320574.948, 15.608
255, 83.45, 2.02381, 975.29412, 75.6152, 2.17184, 85662.244, 321478.862, 15.598
256, 83.42, 2.23168, 978.81356, 75.75108, 2.11369, 85706.64, 322398.744, 15.694
257, 83.416, 2.12201, 986.47125, 75.94857, 2.15625, 85694.406, 323280.168, 15.678
258, 83.396, 2.10451, 985.32731, 76.89805, 2.05, 85740.346, 324093.27, 15.748
259, 83.354, 2.04368, 983.12711, 76.31693, 2.2524, 85643.53, 325051.402, 15.694
260, 83.338, 2.24122, 981.19122, 76.68797, 2.18313, 85735.106, 325950.724, 15.812
261, 83.376, 2.11622, 974.82838, 76.42371, 2.0967, 85686.698, 326813.052, 15.744
262, 83.392, 2.11566, 982.91572, 76.76477, 2.18093, 85646.28, 327688.49, 15.7
263, 83.318, 2.23741, 988.21008, 77.00976, 2.21801, 85648.688, 328635.3, 15.768
264, 83.376, 2.15291, 981.96167, 77.67164, 2.21642, 85642.174, 329486.152, 15.702
265, 83.306, 2.21516, 983.44371, 77.02469, 2.14044, 85694.174, 330313.918, 15.816
266, 83.3, 2.13507, 987.79134, 77.6427, 2.16706, 85669.15, 331217.986, 15.782
267, 83.256, 2.24146, 990.20675, 77.75385, 2.12941, 85712.976, 332089.444, 15.854
268, 83.228, 2.15877, 981.33919, 77.91834, 2.1966, 85725.818, 332960.042, 15.894
269, 83.144, 2.22195, 978.67565, 77.71445, 2.29095, 85641.514, 333882.176, 15.886
270, 83.166, 2.20794, 988.35979, 77.98501, 2.2277, 85640.006, 334845.196, 15.856
271, 83.224, 2.16591, 982.16159, 78.28632, 2.13869, 85784.346, 335660.402, 15.946
272, 83.124, 2.20049, 984.44444, 79.04063, 2.23333, 85727.642, 336575.838, 15.97
273, 83.24, 2.04471, 973.5328, 78.51418, 2.03529, 85701.146, 337380.098, 15.862
274, 83.17, 2.16746, 979.0287, 78.96843, 2.24814, 85684.83, 338252.48, 15.932
275, 83.16, 2.19231, 985.74561, 78.88765, 2.21782, 85712.87, 339101.192, 15.974
276, 83.19, 2.17317, 978.67565, 79.41514, 2.1223, 85711.46, 339926.628, 15.956
277, 83.282, 2.13171, 987.41419, 79.4241, 2.19903, 85670.776, 340770.71, 15.8
278, 83.308, 2.18377, 980.32787, 79.49944, 2.14493, 85711.164, 341599.222, 15.828
279, 83.262, 2.0678, 981.26464, 79.26253, 2.09809, 85652.626, 342408.83, 15.828
280, 83.292, 2.11189, 980.13245, 80.00901, 2.14988, 85639.788, 343271.962, 15.774
281, 83.308, 2.26087, 985.04274, 79.97289, 2.18421, 85689.976, 344137.356, 15.804
282, 83.35, 2.17275, 987.68197, 80.27211, 2.16547, 85673.07, 344984.912, 15.742
283, 83.262, 2.14252, 987.80488, 80.07969, 2.15714, 85666.936, 345840.198, 15.822
284, 83.244, 2.17143, 986.84211, 80.72889, 2.2524, 85639.9, 346730.926, 15.79
285, 83.224, 2.21114, 980.06296, 80.57709, 2.1733, 85693.706, 347608.072, 15.86
286, 83.252, 2.09951, 983.81503, 81.27732, 2.10723, 85739.758, 348325.688, 15.872
287, 83.274, 2.18049, 977.62864, 81.36728, 2.2125, 85742.898, 349131.72, 15.868
288, 83.284, 2.16625, 980.52692, 80.75234, 2.23671, 85646.924, 349999.884, 15.752
289, 83.242, 2.23934, 983.06878, 81.43488, 2.10096, 85783.44, 350774.326, 15.936
290, 83.25, 2.19192, 983.87097, 81.9356, 2.20813, 85682.496, 351638.506, 15.818
291, 83.322, 2.21845, 979.21225, 82.12179, 2.16302, 85720.712, 352442.75, 15.796
292, 83.328, 2.14988, 985.83878, 81.79227, 2.09259, 85743.002, 353279.222, 15.818
293, 83.324, 2.1256, 977.27273, 82.00233, 2.16627, 85680.068, 354112.854, 15.758
294, 83.298, 2.2209, 983.95722, 82.425, 2.11189, 85737.248, 354941.81, 15.842
295, 83.292, 2.11298, 984.07281, 82.34566, 2.20609, 85627.844, 355831.012, 15.722
296, 83.33, 2.10465, 977.90055, 81.85424, 2.03865, 85729.782, 356543.434, 15.806
297, 83.316, 2.12376, 981.35198, 82.69121, 2.13107, 85694.76, 357307.474, 15.78
298, 83.198, 2.189, 986.88525, 83.19158, 2.18493, 85629.34, 358223.244, 15.814
299, 83.2, 2.11186, 983.05085, 83.24353, 2.15222, 85693.326, 359054.358, 15.862
300, 83.098, 2.15046, 986.00646, 82.26965, 2.17647, 85712.59, 359902.884, 15.972
301, 83.062, 2.20331, 984.97854, 83.11983, 2.15862, 85701.972, 360785.248, 15.994
302, 83.088, 2.19759, 987.9386, 82.6737, 2.1385, 85716.59, 361604.538, 15.97
303, 83.03, 2.2114, 989.25886, 83.11835, 2.1564, 85760.872, 362434.38, 16.07
304, 83.076, 2.11566, 980.63781, 83.72822, 2.13948, 85700.004, 363247.092, 15.97
305, 82.982, 2.17453, 973.96963, 83.78285, 2.16197, 85682.624, 364088.854, 16.066
306, 83.008, 2.1816, 988.10811, 83.26258, 2.16626, 85758.92, 364865.626, 16.118
307, 82.948, 2.1256, 982.95455, 83.99884, 2.19715, 85667.462, 365714.482, 16.088
308, 83.026, 2.17381, 985.76123, 84.31111, 2.1223, 85727.776, 366475.95, 16.066
309, 83.122, 2.24038, 978.54077, 84.13268, 2.16667, 85748.918, 367299.564, 16.014
310, 83.16, 2.07311, 986.34812, 84.34948, 2.17718, 85722.518, 368081.544, 15.94
311, 83.256, 2.19071, 978.79464, 84.94185, 2.16346, 85693.944, 368884.722, 15.836
312, 83.272, 2.21359, 981.35965, 84.29162, 2.21957, 85660.166, 369726.354, 15.784
313, 83.39, 2.1966, 983.42541, 84.68202, 2.05024, 85729.848, 370450.584, 15.762
314, 83.452, 2.05701, 990.76212, 85.17716, 2.16049, 85726.0, 371182.394, 15.682
315, 83.48, 2.15403, 985.69857, 85.00112, 2.12441, 85741.98, 371969.508, 15.662
316, 83.534, 2.14706, 986.30137, 85.24074, 2.07601, 85746.494, 372701.952, 15.612
317, 83.518, 2.04327, 984.70588, 85.73596, 2.11922, 85707.064, 373423.738, 15.586
318, 83.59, 2.16505, 980.9417, 86.36686, 2.06235, 85757.118, 374131.184, 15.578
319, 83.644, 2.08824, 978.87324, 86.09353, 2.11483, 85671.392, 374889.924, 15.46
320, 83.512, 2.1655, 973.08934, 85.76991, 2.17757, 85649.53, 375724.356, 15.586
321, 83.536, 2.08057, 990.88838, 86.16552, 2.07728, 85640.524, 376474.826, 15.544
322, 83.476, 2.09176, 982.00225, 86.43643, 2.23821, 85535.15, 377328.02, 15.484
323, 83.476, 2.29245, 984.5679, 86.94984, 2.14778, 85725.204, 378045.792, 15.684
324, 83.422, 2.15439, 981.25689, 86.62022, 2.19613, 85734.052, 378809.642, 15.738
325, 83.356, 2.11165, 982.75862, 86.68421, 2.10829, 85648.026, 379603.688, 15.714
326, 83.308, 2.14651, 986.99892, 86.56641, 2.12972, 85699.562, 380366.65, 15.802
327, 83.324, 2.14458, 976.40449, 86.80322, 2.18473, 85693.546, 381101.664, 15.792
328, 83.274, 2.20885, 985.53949, 86.57562, 2.20331, 85633.846, 381926.284, 15.776
329, 83.25, 2.09382, 984.69945, 87.10322, 2.09048, 85702.84, 382646.584, 15.874
330, 83.232, 2.14353, 987.92536, 87.67, 2.22038, 85661.612, 383472.266, 15.84
331, 83.154, 2.223, 982.04857, 87.61075, 2.24706, 85668.6, 384307.11, 15.902
332, 83.168, 2.25121, 983.90558, 88.27808, 2.189, 85677.294, 385114.934, 15.922
333, 83.274, 2.16981, 985.86957, 88.16648, 2.17746, 85702.578, 385886.472, 15.84
334, 83.282, 2.18204, 982.20245, 87.93771, 2.07399, 85751.128, 386580.456, 15.892
335, 83.226, 2.11483, 980.76923, 88.48443, 2.18269, 85699.876, 387341.792, 15.9
336, 83.208, 2.12888, 985.42601, 88.05916, 2.13318, 85681.088, 388093.724, 15.876
337, 83.212, 2.12617, 978.02198, 88.64607, 2.08696, 85659.378, 388869.01, 15.868
338, 83.236, 2.10979, 971.71946, 88.46566, 2.05276, 85684.808, 389535.79, 15.9
339, 83.302, 2.06948, 984.41247, 88.57125, 2.02824, 85630.386, 390205.338, 15.778
340, 83.306, 2.09368, 974.27293, 89.25603, 2.14868, 85625.04, 390921.614, 15.77
341, 83.296, 2.18224, 992.50535, 89.15318, 2.17824, 85640.178, 391730.116, 15.766
342, 83.318, 2.20794, 985.18519, 88.57358, 2.17857, 85700.77, 392498.374, 15.804
343, 83.336, 2.18402, 984.47894, 89.42905, 2.17266, 85701.842, 393237.372, 15.778
344, 83.29, 2.18765, 980.81264, 89.33257, 2.12172, 85686.968, 393955.518, 15.818
345, 83.308, 2.14558, 979.97775, 89.61521, 2.20146, 85665.284, 394700.778, 15.784
346, 83.204, 2.13712, 982.30088, 89.92568, 2.14455, 85657.254, 395445.75, 15.886
347, 83.236, 2.11682, 975.71744, 89.58032, 2.16268, 85644.998, 396187.258, 15.858
348, 83.192, 2.23096, 987.88546, 89.81494, 2.14964, 85660.422, 396922.724, 15.908
349, 83.026, 2.20823, 983.55263, 90.38127, 2.29703, 85635.524, 397700.14, 16.042
350, 83.054, 2.23317, 975.2422, 91.01325, 2.16981, 85617.628, 398483.412, 16.032
351, 83.192, 2.12107, 988.58447, 90.81178, 2.08621, 85670.548, 399115.076, 15.952
352, 83.242, 2.12376, 981.35198, 90.58076, 2.20723, 85558.296, 399863.78, 15.786
353, 83.244, 2.24648, 984.32602, 90.40552, 2.18837, 85594.044, 400658.336, 15.816
354, 83.18, 2.14014, 986.68147, 90.81102, 2.12619, 85607.606, 401367.326, 15.896
355, 83.134, 2.21615, 987.13826, 91.13572, 2.21378, 85628.066, 402137.548, 15.944
356, 83.202, 2.14699, 988.77666, 90.94438, 2.14677, 85697.242, 402771.93, 15.932
357, 83.272, 2.12085, 981.00559, 90.7426, 2.09762, 85716.704, 403448.666, 15.89
358, 83.234, 2.20551, 985.22727, 92.04383, 2.24235, 85579.724, 404263.368, 15.782
359, 83.22, 2.25592, 981.09244, 91.67345, 2.19424, 85664.546, 404986.032, 15.87
360, 83.198, 2.14319, 982.75862, 91.54825, 2.16241, 85656.068, 405754.318, 15.884
361, 83.112, 2.18621, 978.96951, 92.20623, 2.25891, 85651.84, 406559.406, 15.97
362, 83.068, 2.1295, 986.48649, 92.18151, 2.17308, 85618.768, 407279.748, 15.982
363, 83.11, 2.179, 990.14239, 92.41925, 2.07657, 85665.724, 407974.508, 15.976
364, 83.096, 2.1477, 986.47125, 92.21371, 2.11111, 85697.868, 408623.364, 16.016
365, 83.074, 2.16473, 988.21008, 91.48698, 2.13272, 85726.522, 409369.558, 16.04
366, 83.044, 2.18333, 985.82334, 93.27102, 2.1957, 85741.484, 410090.964, 16.064
367, 83.072, 2.08413, 981.54556, 93.23737, 2.01639, 85732.626, 410728.402, 16.048
368, 83.06, 2.10732, 980.32407, 92.9693, 2.16545, 85660.02, 411425.694, 16.008
369, 83.168, 2.1759, 992.24806, 92.75335, 2.19951, 85702.468, 412097.78, 15.92
370, 83.206, 2.16229, 987.85872, 92.78324, 2.13981, 85718.298, 412792.952, 15.888
371, 83.234, 2.22222, 987.23404, 93.36638, 2.16038, 85793.416, 413494.422, 15.908
372, 83.19, 2.10238, 979.61495, 93.54451, 2.19249, 85683.362, 414255.798, 15.85
373, 83.216, 2.20047, 986.06645, 93.7163, 2.19715, 85696.07, 415001.056, 15.84
374, 83.242, 2.16945, 975.79758, 93.19166, 2.15725, 85729.336, 415659.464, 15.876
375, 83.382, 2.09353, 988.54525, 94.06025, 2.05674, 85755.716, 416272.516, 15.742
376, 83.37, 2.11566, 982.91572, 93.65933, 2.19855, 85691.054, 416976.444, 15.694
377, 83.304, 2.15258, 986.91385, 94.67182, 2.16548, 85703.986, 417684.988, 15.762
378, 83.278, 2.23185, 984.26023, 94.15139, 2.19093, 85754.256, 418418.178, 15.858
379, 83.3, 2.06905, 981.58803, 93.73857, 2.10526, 85735.148, 419056.146, 15.814
380, 83.39, 2.09524, 988.63636, 94.33103, 2.18114, 85743.45, 419695.64, 15.726
381, 83.38, 2.10417, 990.09901, 94.82, 2.2973, 85717.618, 420425.222, 15.684
382, 83.4, 2.26253, 981.01266, 94.77204, 2.17561, 85803.956, 421098.88, 15.776
383, 83.548, 2.05736, 983.0303, 94.88409, 2.03373, 85757.168, 421670.234, 15.59
384, 83.658, 2.15517, 979.42857, 94.62194, 2.14888, 85748.552, 422293.53, 15.498
385, 83.594, 2.1198, 981.54556, 95.27732, 2.18293, 85683.158, 422961.54, 15.506
386, 83.468, 2.19715, 984.86486, 95.58836, 2.14186, 85699.014, 423666.236, 15.64
387, 83.452, 2.15081, 990.29126, 95.22658, 2.18138, 85737.452, 424358.72, 15.682
388, 83.59, 2.12562, 976.82503, 95.13879, 2.06459, 85722.742, 424958.218, 15.544
389, 83.552, 2.1271, 987.59865, 95.38584, 2.11164, 85730.87, 425597.552, 15.578
390, 83.472, 2.11511, 976.19048, 95.64111, 2.13604, 85695.934, 426247.43, 15.632
391, 83.434, 2.14421, 984.5645, 95.82419, 2.21163, 85626.07, 426995.622, 15.582
392, 83.49, 2.3381, 982.68839, 95.54922, 2.16468, 85796.67, 427639.616, 15.676
393, 83.34, 2.1087, 987.39977, 95.96056, 2.20471, 85673.218, 428378.762, 15.698
394, 83.264, 2.14524, 984.46171, 95.7982, 2.12048, 85715.508, 428995.878, 15.816
395, 83.154, 2.21378, 993.56223, 96.47732, 2.18118, 85755.356, 429694.082, 15.936
396, 83.212, 2.08962, 980.81264, 96.28654, 2.11765, 85727.46, 430343.082, 15.85
397, 83.252, 2.16351, 990.14239, 96.25, 2.14112, 85784.28, 430980.33, 15.876
398, 83.158, 2.21027, 977.87611, 97.01697, 2.16279, 85721.63, 431696.066, 15.918
399, 83.23, 2.12293, 989.97773, 97.32171, 2.18519, 85756.73, 432318.642, 15.872
400, 83.25, 2.15479, 984.03649, 96.96871, 2.09398, 85773.252, 432906.302, 15.868
401, 83.272, 2.06103, 986.33257, 97.07275, 2.07434, 85803.094, 433486.794, 15.872
402, 83.374, 2.10811, 983.68298, 97.79621, 2.10377, 85730.84, 434125.94, 15.702
403, 83.446, 2.14184, 980.13245, 97.98086, 2.14005, 85789.148, 434718.062, 15.7
404, 83.388, 2.21241, 979.50378, 97.82489, 2.17907, 85751.514, 435442.192, 15.738
405, 83.406, 2.15422, 987.69575, 97.68177, 2.13302, 85747.276, 436087.044, 15.712
406, 83.442, 2.02878, 989.3617, 97.92473, 2.13382, 85705.174, 436674.366, 15.614
407, 83.504, 2.15765, 982.5518, 98.03996, 2.11164, 85759.636, 437288.5, 15.608
408, 83.57, 2.06444, 984.9711, 98.11385, 2.10565, 85768.724, 437851.812, 15.558
409, 83.544, 2.11002, 983.77752, 97.8457, 2.11215, 85687.084, 438498.64, 15.502
410, 83.584, 2.08197, 983.12711, 97.52517, 2.09903, 85720.246, 439078.106, 15.502
411, 83.57, 2.13012, 988.68778, 97.74027, 2.14286, 85736.298, 439675.168, 15.514
412, 83.502, 2.15877, 983.53458, 98.02567, 2.10024, 85789.656, 440275.512, 15.644
413, 83.596, 2.04077, 984.72385, 98.65871, 2.01188, 85775.336, 440823.778, 15.558
414, 83.694, 2.06373, 988.12352, 98.87139, 2.11538, 85713.85, 441409.498, 15.384
415, 83.706, 2.13744, 985.58758, 99.2216, 2.1199, 85748.0, 442011.664, 15.408
416, 83.572, 2.11779, 984.10897, 98.4233, 2.18075, 85658.594, 442694.212, 15.446
417, 83.566, 2.24221, 985.02674, 98.8165, 2.18913, 85671.026, 443380.896, 15.47
418, 83.514, 2.20913, 976.06094, 99.30435, 2.11268, 85687.884, 444015.82, 15.56
419, 83.434, 2.18182, 986.11111, 99.02817, 2.16152, 85742.22, 444662.498, 15.692
420, 83.436, 2.04265, 981.43852, 99.28251, 2.10539, 85746.15, 445207.062, 15.696
421, 83.418, 2.07729, 982.55814, 99.68047, 2.14425, 85695.264, 445798.252, 15.68
422, 83.416, 2.16274, 978.18975, 99.38685, 2.12972, 85712.656, 446426.34, 15.71
423, 83.378, 2.18029, 979.05182, 99.66779, 2.12441, 85698.816, 447064.874, 15.752
424, 83.268, 2.06542, 986.42534, 100.26032, 2.19518, 85644.436, 447712.602, 15.808
425, 83.342, 2.17703, 974.72527, 100.38331, 2.14563, 85679.842, 448297.154, 15.786
426, 83.342, 2.14149, 985.44233, 101.06705, 2.06542, 85678.786, 448899.91, 15.804
427, 83.32, 2.10798, 981.06904, 100.0193, 2.17016, 85616.126, 449570.206, 15.76
428, 83.362, 2.09398, 973.5328, 100.12411, 2.1068, 85602.794, 450116.93, 15.72
429, 83.484, 2.14486, 985.83878, 99.7337, 2.16746, 85641.104, 450729.758, 15.622
430, 83.48, 2.10654, 986.2069, 101.06527, 2.17164, 85632.692, 451294.772, 15.62
431, 83.398, 2.09456, 978.5553, 100.29758, 2.20286, 85554.408, 451949.258, 15.628
432, 83.438, 2.22356, 984.86486, 100.6685, 2.06905, 85664.086, 452495.088, 15.7
433, 83.398, 2.16473, 990.3537, 100.87446, 2.19037, 85655.238, 453186.69, 15.696
434, 83.42, 2.1401, 979.68397, 101.33986, 2.12189, 85707.664, 453704.094, 15.74
435, 83.45, 2.06988, 982.53783, 101.04976, 2.14151, 85604.958, 454331.636, 15.612
436, 83.324, 2.26456, 982.85102, 101.22465, 2.26988, 85600.65, 455001.192, 15.72
437, 83.248, 2.25659, 985.12221, 101.83172, 2.22673, 85643.706, 455638.444, 15.812
438, 83.258, 2.20657, 989.3617, 101.90753, 2.11138, 85766.774, 456202.828, 15.938
439, 83.212, 2.03103, 976.49824, 101.54152, 2.20192, 85621.864, 456835.806, 15.854
440, 83.148, 2.15202, 984.54746, 101.48767, 2.1171, 85643.398, 457426.318, 15.922
441, 83.12, 2.12121, 983.51648, 101.95084, 2.13986, 85623.61, 458060.032, 15.934
442, 83.142, 2.26651, 982.31009, 102.51165, 2.17661, 85714.106, 458676.236, 16.01
443, 83.136, 2.14074, 972.31834, 102.17438, 2.16152, 85621.594, 459279.344, 15.93
444, 83.192, 2.17676, 984.42714, 102.42373, 2.07416, 85686.77, 459804.802, 15.938
445, 83.16, 2.10451, 986.45598, 102.44966, 2.09767, 85650.118, 460411.228, 15.938
446, 83.246, 2.12646, 979.07489, 102.65017, 2.15513, 85657.136, 461000.546, 15.862
447, 83.378, 2.12833, 986.34812, 102.4902, 2.07109, 85657.418, 461550.226, 15.74
448, 83.376, 2.15144, 985.47486, 102.93651, 2.1931, 85556.838, 462230.872, 15.624
449, 83.282, 2.23419, 983.22851, 102.53198, 2.19804, 85671.104, 462804.27, 15.828
450, 83.342, 2.13447, 981.67239, 102.9895, 2.17, 85669.694, 463332.868, 15.778
451, 83.33, 2.20097, 988.9989, 102.90434, 2.1555, 85709.578, 463901.526, 15.806
452, 83.354, 2.15085, 983.03167, 103.04603, 2.23855, 85634.91, 464525.01, 15.692
453, 83.194, 2.17661, 985.24763, 103.15401, 2.21911, 85654.38, 465185.942, 15.846
454, 83.256, 2.20616, 986.03652, 103.97277, 2.11408, 85771.846, 465709.612, 15.904
455, 83.24, 2.08831, 988.57143, 103.01156, 2.11483, 85760.918, 466256.08, 15.902
456, 83.216, 2.16867, 977.77778, 104.03068, 2.22738, 85729.388, 466854.78, 15.904
457, 83.114, 2.14692, 984.54746, 103.59641, 2.23245, 85710.03, 467463.604, 15.974
458, 83.226, 2.16129, 982.77842, 103.3528, 2.10976, 85718.378, 467969.826, 15.874
459, 83.344, 2.12322, 979.91071, 103.84624, 2.1274, 85713.928, 468531.788, 15.778
460, 83.284, 2.1844, 981.60173, 104.20838, 2.1958, 85685.688, 469176.626, 15.802
461, 83.32, 2.14842, 987.54247, 104.64106, 2.17757, 85606.272, 469801.196, 15.668
462, 83.294, 2.2109, 981.77921, 104.26856, 2.10824, 85676.184, 470361.188, 15.768
463, 83.294, 2.13146, 982.37885, 104.53475, 2.18932, 85691.512, 470927.674, 15.78
464, 83.332, 2.16706, 979.07489, 104.66817, 2.11414, 85781.984, 471409.904, 15.854
465, 83.33, 2.12714, 977.01149, 104.55529, 2.14789, 85683.012, 472003.402, 15.766
466, 83.342, 2.06856, 990.85714, 104.78431, 2.13669, 85673.204, 472539.34, 15.722
467, 83.424, 2.08, 986.42534, 105.28096, 2.08333, 85748.936, 472997.802, 15.708
468, 83.336, 2.16588, 990.15317, 104.29724, 2.21311, 85708.564, 473638.738, 15.734
469, 83.43, 2.08983, 975.11312, 105.03132, 2.11529, 85750.99, 474109.028, 15.72
470, 83.328, 2.13539, 977.75306, 104.96928, 2.23185, 85656.25, 474751.81, 15.714
471, 83.37, 2.12761, 984.73282, 105.46069, 2.09201, 85751.844, 475248.166, 15.778
472, 83.438, 2.05314, 978.82353, 105.67548, 2.1226, 85658.296, 475794.274, 15.644
473, 83.538, 2.16386, 982.18263, 105.80952, 2.14039, 85698.696, 476301.208, 15.602
474, 83.61, 2.04146, 985.66308, 105.62424, 2.02663, 85686.182, 476747.16, 15.53
475, 83.518, 2.10514, 984.46171, 105.43968, 2.22912, 85618.65, 477372.372, 15.556
476, 83.44, 2.20952, 975.21552, 106.10718, 2.179, 85638.678, 477943.838, 15.664
477, 83.332, 2.12412, 987.87211, 106.17076, 2.14874, 85594.054, 478562.942, 15.708
478, 83.314, 2.22951, 985.29412, 105.63646, 2.1897, 85638.8, 479173.166, 15.76
479, 83.358, 2.11876, 976.4574, 106.67049, 2.08454, 85675.458, 479654.502, 15.774
480, 83.236, 2.1715, 978.86541, 106.16023, 2.18779, 85625.95, 480243.182, 15.83
