time, seeders, joined, request_count, response_size, left, awareness, bad_data, leechers
0, 0.0, 0.0, 0.0, 0.0, 0.0, 5000.994, 0.0, 0.0
1, 0.0, 148.126, 997.88018, 13.33303, 0.0, 139267.188, 0.0, 148.126
2, 0.0, 70.056, 964.34281, 31.41703, 8.082, 192058.686, 10729.906, 211.1
3, 0.0, 68.272, 952.68924, 43.25285, 6.988, 247853.346, 17227.116, 272.384
4, 0.0, 66.196, 941.99045, 54.76852, 8.262, 299455.658, 24960.638, 330.318
5, 0.0, 64.322, 932.55807, 65.83699, 9.826, 346907.066, 34173.614, 384.814
6, 0.0, 62.01, 925.27012, 76.42537, 10.856, 390581.594, 44317.166, 435.968
7, 0.0, 59.832, 915.99813, 86.62803, 12.278, 430264.686, 55768.366, 483.522
8, 0.0, 57.286, 906.32964, 96.30878, 13.14, 466320.972, 67902.306, 527.668
9, 0.0, 56.09, 900.83794, 105.68022, 14.456, 499647.552, 81305.38, 569.302
10, 0.0, 53.978, 893.03049, 114.43362, 15.356, 530007.082, 95386.076, 607.924
11, 115.762, 52.614, 888.85088, 122.86499, 13.178, 559752.132, 107300.754, 531.598
12, 166.478, 50.182, 878.84102, 130.96767, 16.624, 584135.112, 122149.216, 514.44
13, 216.13, 48.692, 875.99606, 138.43724, 16.1, 607518.266, 136434.252, 497.38
14, 263.546, 46.86, 876.90994, 145.86956, 16.552, 629081.978, 151008.72, 480.272
15, 308.34, 45.364, 870.20545, 152.66334, 17.14, 648710.8, 166008.52, 463.702
16, 350.722, 44.164, 865.04846, 159.65051, 17.39, 666982.498, 181129.99, 448.094
17, 391.17, 42.992, 862.6256, 166.02567, 17.704, 683988.31, 196456.806, 432.934
18, 428.462, 41.688, 863.46191, 172.43833, 17.998, 699745.504, 211998.51, 419.332
19, 464.378, 39.91, 856.37685, 178.40002, 17.996, 713895.786, 227479.302, 405.33
20, 497.968, 38.628, 852.9564, 184.07503, 18.004, 727080.806, 242761.134, 392.364
21, 529.98, 37.864, 849.98944, 189.59943, 18.362, 739282.18, 258318.266, 379.854
22, 559.772, 36.386, 849.11779, 194.87286, 18.48, 750217.536, 273961.962, 367.968
23, 587.968, 34.982, 839.2316, 200.09435, 18.836, 759605.978, 289792.144, 355.918
24, 613.778, 33.59, 844.47752, 204.79433, 19.18, 767996.672, 305723.166, 344.518
25, 638.034, 33.084, 838.53222, 209.71603, 19.266, 775738.05, 321717.89, 334.08
26, 661.308, 31.576, 838.80162, 214.00559, 19.498, 782325.622, 337760.726, 322.884
27, 683.58, 30.444, 841.41374, 218.30809, 19.312, 788244.98, 353658.508, 311.744
28, 703.848, 29.416, 835.25972, 222.52373, 19.466, 793256.49, 369536.562, 301.426
29, 722.868, 28.638, 838.67589, 226.37888, 19.808, 797497.092, 385728.662, 291.236
30, 740.538, 27.962, 835.9917, 230.32794, 19.498, 801514.47, 401483.438, 282.03
31, 757.516, 26.882, 834.31292, 233.90075, 19.528, 804748.462, 417186.92, 272.406
32, 772.962, 26.31, 834.28354, 237.50469, 19.728, 807421.864, 433036.314, 263.542
33, 786.974, 25.272, 831.27572, 240.79027, 19.796, 809309.948, 448848.59, 255.006
34, 799.94, 24.424, 834.26138, 244.08098, 19.504, 810957.98, 464276.008, 246.96
35, 811.956, 23.062, 821.35114, 247.38148, 19.88, 811061.316, 480063.164, 238.126
36, 822.816, 22.686, 836.7275, 250.16131, 19.606, 811397.064, 495587.518, 230.346
37, 832.382, 21.89, 829.14573, 252.84287, 19.78, 811053.81, 511064.038, 222.89
38, 840.87, 20.874, 833.38124, 256.04691, 19.698, 810222.502, 526333.546, 215.578
39, 848.94, 20.454, 828.39542, 258.32436, 19.484, 809096.65, 541471.902, 208.478
40, 856.502, 19.618, 832.19492, 261.01164, 19.35, 807561.282, 556444.71, 201.184
41, 863.012, 19.224, 823.76196, 263.38141, 19.3, 805741.558, 571257.128, 194.598
42, 868.574, 18.664, 835.08358, 266.02797, 19.502, 803581.872, 586194.228, 188.198
43, 873.788, 17.882, 831.78615, 267.90655, 18.974, 801306.098, 600532.552, 181.892
44, 877.962, 17.454, 833.73439, 270.0635, 19.33, 798437.854, 615230.62, 175.842
45, 881.346, 16.658, 828.91103, 271.70669, 19.008, 795251.01, 629548.734, 170.108
46, 884.044, 16.408, 828.49829, 274.05032, 19.088, 791769.76, 643975.788, 164.73
47, 886.662, 15.65, 832.58786, 275.54305, 18.634, 788159.912, 657974.05, 159.128
48, 888.068, 15.49, 839.25113, 277.83077, 18.696, 784487.342, 671983.784, 154.516
49, 888.912, 14.332, 835.33352, 279.61811, 18.822, 779912.99, 686018.422, 149.182
50, 889.27, 14.394, 836.59858, 280.91779, 18.678, 775586.136, 699811.652, 144.54
51, 889.5, 13.972, 825.36502, 283.04752, 18.224, 771118.79, 713241.808, 140.058
52, 889.048, 13.292, 831.02618, 284.4293, 18.416, 766203.026, 726682.152, 135.386
53, 887.996, 12.84, 831.15265, 285.48669, 18.486, 760935.96, 740144.722, 130.792
54, 886.91, 12.528, 833.33333, 286.96054, 17.86, 755940.032, 753039.25, 126.546
55, 884.87, 12.328, 845.23037, 288.21267, 18.098, 750809.96, 766060.544, 122.816
56, 882.664, 11.958, 847.96789, 289.67929, 18.046, 745407.232, 779106.92, 118.934
57, 880.204, 11.278, 842.1706, 290.33186, 17.462, 739965.112, 791536.142, 115.21
58, 877.844, 10.956, 834.24608, 291.62582, 17.232, 734428.7, 803686.464, 111.294
59, 874.2, 10.708, 846.46993, 293.62092, 17.682, 728518.946, 816186.03, 107.964
60, 870.914, 9.92, 844.15323, 293.55027, 17.108, 722423.558, 828198.6, 104.062
61, 867.17, 9.648, 840.79602, 294.61464, 17.0, 716236.678, 840034.28, 100.454
62, 862.99, 9.74, 851.12936, 296.08709, 17.05, 710093.41, 851975.732, 97.324
63, 858.76, 8.928, 843.63799, 296.7257, 16.534, 703792.75, 863326.146, 93.948
64, 854.428, 8.926, 848.75644, 297.3358, 16.378, 697673.128, 874496.19, 90.828
65, 849.698, 8.658, 850.08085, 298.13913, 16.506, 691205.116, 885843.732, 87.71
66, 844.862, 8.346, 846.63312, 298.94311, 16.322, 684627.956, 897003.774, 84.57
67, 839.532, 8.114, 848.65664, 299.75428, 16.018, 678191.304, 907803.652, 81.996
68, 834.09, 7.908, 841.67931, 300.23588, 16.03, 671523.01, 918630.872, 79.316
69, 828.682, 7.30661, 854.08667, 300.78645, 15.818, 664745.866, 929128.294, 76.198
70, 822.422, 7.40763, 848.7395, 300.68413, 15.976, 657838.698, 939806.402, 73.86
71, 816.062, 7.25, 859.86207, 302.0138, 15.61, 651223.732, 950093.43, 71.86
72, 810.008, 6.894, 851.46504, 302.07496, 15.422, 644381.386, 960267.002, 69.386
73, 803.534, 6.716, 868.67183, 302.58142, 14.9, 637873.612, 969999.376, 67.676
74, 796.814, 6.3988, 859.37989, 303.66727, 15.408, 630902.164, 979909.074, 65.374
75, 790.174, 6.37702, 860.25925, 303.11613, 15.012, 624178.956, 989469.508, 63.328
76, 783.638, 5.88306, 865.31871, 303.7303, 14.588, 617326.438, 998778.984, 61.112
77, 776.7, 5.83768, 856.16203, 304.38492, 14.9, 610149.184, 1008371.76, 58.976
78, 769.796, 5.60442, 863.84808, 303.96972, 14.512, 603169.85, 1017564.806, 56.95
79, 762.738, 5.54234, 862.13168, 305.25148, 14.042, 596570.166, 1026222.11, 55.464
80, 755.826, 5.16331, 868.0203, 305.65407, 13.982, 589610.49, 1034985.198, 53.516
81, 748.9, 4.91784, 874.08313, 305.67692, 13.868, 582652.872, 1043574.258, 51.482
82, 742.054, 4.88687, 865.64696, 305.87345, 13.612, 575869.292, 1051859.974, 49.554
83, 735.006, 4.97586, 859.28023, 305.50071, 13.422, 569375.318, 1059857.842, 48.126
84, 727.504, 4.68496, 872.45119, 305.63153, 13.71, 562318.942, 1068264.844, 46.528
85, 720.24, 4.47967, 882.48639, 305.63805, 13.494, 555342.408, 1076429.716, 44.706
86, 712.75, 4.50203, 873.58916, 305.90491, 13.13, 548644.522, 1084250.218, 43.496
87, 705.296, 4.12551, 874.38665, 306.37486, 13.004, 541747.772, 1091978.722, 42.022
88, 697.858, 4.19507, 875.67303, 306.26048, 12.818, 534971.138, 1099570.678, 40.728
89, 690.838, 3.93827, 861.5465, 306.12553, 12.396, 528272.208, 1106784.622, 39.18
90, 683.536, 3.74844, 869.10704, 305.90747, 12.158, 521635.632, 1113756.036, 37.93
91, 676.088, 3.76892, 880.08681, 306.07522, 12.196, 515119.726, 1120695.464, 36.868
92, 668.508, 3.72934, 890.85873, 306.22761, 12.302, 508579.862, 1127630.936, 35.756
93, 661.322, 3.5523, 869.25795, 306.19919, 11.82, 502007.758, 1134322.008, 34.518
94, 653.39, 3.40657, 896.32309, 304.90383, 12.336, 495105.168, 1141393.914, 33.432
95, 645.922, 3.25732, 888.24663, 306.46638, 11.71, 488541.808, 1147871.56, 32.304
96, 638.386, 3.19794, 883.3011, 306.19927, 11.738, 482000.384, 1154293.336, 31.204
97, 631.126, 3.18711, 882.58317, 305.43829, 11.226, 475671.928, 1160438.31, 30.304
98, 623.836, 3.05544, 884.15911, 304.85162, 11.232, 469311.042, 1166439.914, 29.228
99, 616.548, 3.02331, 889.27821, 305.99606, 10.952, 463136.176, 1172230.884, 28.418
100, 609.166, 2.84816, 904.79817, 305.27357, 10.882, 456867.47, 1177957.552, 27.544
101, 601.968, 2.82655, 893.93939, 304.88305, 10.862, 450600.58, 1183655.002, 26.52
102, 594.766, 2.72078, 887.03262, 305.10404, 10.638, 444396.472, 1189149.48, 25.598
103, 587.622, 2.71806, 891.41005, 304.32818, 10.41, 438324.68, 1194455.362, 24.8
104, 580.51, 2.67238, 892.62821, 304.64183, 10.28, 432405.838, 1199625.354, 24.128
105, 573.274, 2.52262, 905.8296, 303.2505, 10.26, 426344.102, 1204740.868, 23.334
106, 566.192, 2.52656, 883.91225, 302.89555, 10.068, 420370.348, 1209664.414, 22.536
107, 559.182, 2.35227, 902.41546, 302.95396, 9.89, 414464.736, 1214445.664, 21.726
108, 552.08, 2.38551, 916.74829, 302.76496, 9.89, 408526.5, 1219260.266, 20.98
109, 545.352, 2.2907, 915.73604, 303.67849, 9.39, 402883.5, 1223676.6, 20.288
110, 538.306, 2.47711, 895.9144, 301.95331, 9.582, 397126.73, 1228255.392, 19.808
111, 531.514, 2.21963, 917.89474, 302.85436, 9.378, 391499.308, 1232581.764, 19.122
112, 524.688, 2.18357, 905.97345, 300.28694, 9.294, 385829.034, 1236851.246, 18.462
113, 518.046, 2.13744, 902.43902, 301.74939, 8.988, 380402.464, 1240847.222, 17.92
114, 511.498, 1.97995, 908.86076, 302.49721, 8.866, 374812.768, 1244821.08, 17.182
115, 504.746, 1.96386, 912.88344, 301.08065, 8.908, 369333.03, 1248734.122, 16.656
116, 497.98, 1.8886, 931.41289, 299.96465, 8.892, 363741.97, 1252634.674, 15.988
117, 491.386, 1.93282, 925.13369, 300.05925, 8.61, 358378.66, 1256302.264, 15.468
118, 484.832, 1.85013, 927.3743, 299.94578, 8.558, 352968.778, 1259968.272, 14.896
119, 478.304, 1.88108, 912.35632, 299.79055, 8.43, 347653.386, 1263465.524, 14.386
120, 471.896, 1.87978, 920.05814, 300.12164, 8.3487, 342416.24, 1266877.558, 13.838
121, 465.734, 1.88032, 910.89109, 298.20031, 7.94, 337474.348, 1269991.18, 13.474
122, 459.444, 1.72527, 904.4586, 298.38732, 8.096, 332367.714, 1273126.414, 12.924
123, 453.064, 1.78, 924.55859, 296.47743, 8.116, 327158.354, 1276394.684, 12.434
124, 446.844, 1.75843, 934.50479, 297.43077, 7.788, 322297.902, 1279297.566, 12.118
125, 440.688, 1.62202, 944.95413, 298.62718, 7.74498, 317390.774, 1282114.946, 11.65
126, 434.582, 1.69207, 906.30631, 296.64612, 7.47, 312562.672, 1284819.316, 11.396
127, 428.614, 1.69883, 922.54733, 297.45336, 7.41683, 307864.244, 1287448.442, 11.124
128, 422.656, 1.65667, 923.54125, 296.42048, 7.43086, 303064.858, 1290037.394, 10.66
129, 416.706, 1.6422, 942.27188, 296.61067, 7.31463, 298408.192, 1292564.154, 10.384
130, 411.09, 1.5489, 918.5336, 295.19512, 6.926, 293945.938, 1294772.738, 10.056
131, 405.44, 1.64725, 937.13163, 295.44444, 6.946, 289477.65, 1297042.404, 9.778
132, 399.66, 1.51713, 936.34497, 294.47368, 7.008, 285007.956, 1299270.774, 9.524
133, 394.144, 1.44702, 931.35011, 293.76658, 6.79158, 280570.602, 1301370.912, 9.136
134, 388.548, 1.52174, 947.25275, 294.38051, 6.81124, 276226.708, 1303422.628, 8.858
135, 382.868, 1.60069, 934.92408, 293.74478, 6.776, 271903.63, 1305455.542, 8.684
136, 377.326, 1.46021, 924.17062, 293.45385, 6.65331, 267595.248, 1307382.486, 8.43
137, 372.01, 1.39051, 923.88451, 292.83239, 6.452, 263299.082, 1309226.216, 8.056
138, 366.474, 1.48689, 924.43325, 291.53678, 6.55511, 259051.462, 1311056.088, 7.844
139, 361.308, 1.36078, 922.1902, 290.49375, 6.206, 254949.556, 1312634.21, 7.498
140, 356.096, 1.38115, 910.97923, 290.22801, 6.158, 250836.2, 1314201.194, 7.226
141, 350.926, 1.46383, 950.5814, 292.09174, 6.13253, 246825.426, 1315703.1, 6.98998
142, 345.83, 1.42276, 954.28571, 290.94012, 5.98996, 242962.886, 1317071.326, 6.81964
143, 340.838, 1.4087, 919.75309, 289.66443, 5.85685, 239147.708, 1318311.72, 6.636
144, 335.864, 1.36842, 910.25641, 289.1162, 5.87928, 235275.088, 1319591.334, 6.42857
145, 330.904, 1.28169, 919.41392, 288.23506, 5.80561, 231396.012, 1320813.028, 6.12651
146, 326.312, 1.2963, 957.14286, 287.48881, 5.45951, 227810.75, 1321757.172, 5.88353
147, 321.636, 1.33014, 964.02878, 286.24254, 5.418, 224198.06, 1322732.314, 5.69679
148, 316.986, 1.28643, 929.6875, 287.89076, 5.44689, 220530.428, 1323715.924, 5.41082
149, 312.212, 1.29756, 962.40602, 287.71875, 5.444, 216907.078, 1324694.212, 5.28313
150, 307.56, 1.27041, 967.87149, 285.44813, 5.33266, 213374.252, 1325545.688, 5.13226
151, 303.1, 1.2931, 928.88889, 284.82297, 5.15663, 209923.346, 1326251.694, 4.90581
152, 298.51, 1.23936, 961.37339, 285.35714, 5.25956, 206402.14, 1327067.964, 4.74297
153, 294.066, 1.24719, 945.94595, 284.54762, 5.08835, 202985.242, 1327749.558, 4.57143
154, 289.864, 1.22843, 938.01653, 282.89868, 4.82495, 199788.312, 1328233.8, 4.47879
155, 285.49, 1.30464, 898.47716, 281.88701, 4.94769, 196416.382, 1328812.434, 4.32727
156, 281.092, 1.19255, 958.33333, 282.55435, 5.01004, 193015.384, 1329440.808, 4.12551
157, 276.916, 1.22222, 939.39394, 281.76037, 4.75354, 189902.966, 1329830.634, 4.07317
158, 272.706, 1.27011, 977.37557, 281.70833, 4.72121, 186806.3, 1330213.166, 4.07566
159, 268.56, 1.18079, 952.15311, 283.57789, 4.75153, 183713.724, 1330557.248, 4.00412
160, 264.546, 1.17241, 946.07843, 280.7513, 4.54032, 180730.716, 1330776.86, 3.89549
161, 260.518, 1.23377, 957.89474, 278.09341, 4.53939, 177759.498, 1330968.196, 3.79959
162, 256.616, 1.18919, 937.5, 279.7697, 4.41463, 174902.47, 1331011.646, 3.71516
163, 252.682, 1.17197, 972.82609, 279.55866, 4.37751, 172027.258, 1331103.29, 3.67078
164, 248.818, 1.1811, 946.66667, 281.19718, 4.36895, 169108.496, 1331166.044, 3.51033
165, 245.052, 1.16923, 986.84211, 279.84, 4.23482, 166257.984, 1331184.782, 3.39959
166, 241.386, 1.11594, 954.54545, 273.72789, 4.09128, 163508.216, 1331093.246, 3.35135
167, 237.762, 1.13043, 930.76923, 280.21488, 4.12627, 160724.862, 1330995.746, 3.23729
168, 234.118, 1.13223, 927.0073, 277.86614, 4.15275, 157970.808, 1330876.478, 3.08085
169, 230.602, 1.1, 969.69697, 279.5625, 3.95749, 155342.592, 1330640.108, 2.9806
170, 226.998, 1.17647, 931.25, 277.42282, 4.11066, 152683.04, 1330477.556, 2.87339
171, 223.49, 1.13889, 975.60976, 273.38333, 3.96715, 150056.852, 1330230.8, 2.74946
172, 220.2, 1.17544, 977.61194, 274.74809, 3.79874, 147613.166, 1329821.594, 2.69032
173, 216.92, 1.1215, 958.33333, 273.6, 3.76042, 145177.608, 1329372.588, 2.61605
174, 213.704, 1.06723, 968.50394, 272.93496, 3.60041, 142811.952, 1328874.306, 2.54624
175, 210.316, 1.10204, 972.22222, 272.89524, 3.72967, 140301.706, 1328494.422, 2.5131
176, 207.182, 1.12871, 964.91228, 272.60909, 3.5383, 137960.104, 1327960.75, 2.50111
177, 203.836, 1.08235, 934.78261, 274.26744, 3.71253, 135449.37, 1327557.48, 2.43792
178, 200.702, 1.08889, 928.57143, 272.13187, 3.50206, 133151.42, 1326948.988, 2.34382
179, 197.408, 1.10256, 965.11628, 271.38554, 3.66598, 130697.668, 1326493.828, 2.26818
180, 194.41, 1.04819, 942.52874, 273.10976, 3.45511, 128444.264, 1325830.972, 2.19104
181, 191.512, 1.09859, 961.53846, 270.68, 3.3234, 126316.018, 1325021.248, 2.10353
182, 188.546, 1.03659, 964.70588, 267.2439, 3.375, 124122.298, 1324307.922, 2.03874
183, 185.596, 1.02469, 975.90361, 270.20988, 3.29167, 121993.76, 1323535.5, 1.98547
184, 182.634, 1.1194, 973.33333, 269.80822, 3.30453, 119782.31, 1322842.09, 1.91542
185, 179.778, 1.08537, 988.76404, 267.59091, 3.17083, 117741.466, 1321996.762, 1.90773
186, 177.052, 1.0625, 952.94118, 268.79012, 3.09916, 115751.158, 1321097.954, 1.85536
187, 174.392, 1.05357, 949.15254, 265.05357, 2.99788, 113827.194, 1320081.674, 1.81772
188, 171.678, 1.14063, 945.20548, 266.57971, 3.09574, 111862.932, 1319140.938, 1.83333
189, 168.96, 1.09524, 942.02899, 264.07692, 3.0617, 109898.936, 1318198.32, 1.81867
190, 166.388, 1.05797, 986.30137, 262.40278, 2.92949, 108075.798, 1317128.89, 1.80108
191, 163.748, 1.01754, 965.51724, 264.94643, 2.94316, 106178.114, 1316106.004, 1.76152
192, 161.026, 1.09677, 985.29412, 264.23881, 3.07676, 104238.782, 1315154.782, 1.76667
193, 158.588, 1.01587, 1000.0, 260.51563, 2.81857, 102480.734, 1314021.124, 1.69146
194, 156.046, 1.0597, 985.91549, 263.71429, 2.89462, 100706.254, 1312915.65, 1.68044
195, 153.5, 1.02985, 1000.0, 262.88406, 2.91106, 98898.494, 1311849.918, 1.69916
196, 150.962, 1.03774, 963.63636, 260.9434, 2.88889, 97103.446, 1310745.508, 1.66762
197, 148.682, 1.14583, 963.63636, 264.30189, 2.65929, 95457.704, 1309492.334, 1.69118
198, 146.208, 1.04444, 1000.0, 265.51064, 2.80819, 93688.706, 1308358.89, 1.64012
199, 143.894, 1.05882, 962.96296, 262.88462, 2.70395, 92005.522, 1307157.344, 1.6036
200, 141.61, 1.06667, 937.5, 262.4, 2.65495, 90396.676, 1305868.162, 1.57317
201, 139.436, 1.02778, 1000.0, 263.21622, 2.4859, 88829.842, 1304525.036, 1.56329
202, 137.164, 1.04762, 977.27273, 259.97674, 2.68973, 87245.64, 1303216.182, 1.55298
203, 135.042, 1.02439, 976.19048, 256.58537, 2.45796, 85731.918, 1301840.21, 1.56271
204, 132.938, 1.02326, 954.54545, 260.38095, 2.48884, 84253.86, 1300439.032, 1.54007
205, 130.922, 1.05556, 1000.0, 260.10526, 2.43341, 82804.61, 1299005.808, 1.50183
206, 128.88, 1.06061, 1000.0, 257.82857, 2.42308, 81364.888, 1297560.704, 1.45221
207, 126.824, 1.1, 977.27273, 251.95349, 2.46136, 79938.684, 1296125.08, 1.44361
208, 124.722, 1.0, 972.22222, 257.17143, 2.46742, 78484.61, 1294706.75, 1.40755
209, 122.772, 1.0, 965.51724, 253.46429, 2.41452, 77085.21, 1293215.77, 1.3622
210, 120.804, 1.0625, 1000.0, 254.26471, 2.37011, 75701.382, 1291736.254, 1.34274
211, 118.938, 1.07143, 1000.0, 255.36667, 2.28103, 74395.168, 1290176.744, 1.3251
212, 117.04, 1.07407, 1000.0, 254.31034, 2.28736, 73087.51, 1288616.814, 1.32035
213, 115.248, 1.0, 1000.0, 253.8, 2.19438, 71830.508, 1287019.448, 1.32432
214, 113.4, 1.0303, 1000.0, 254.05882, 2.28741, 70547.986, 1285457.954, 1.27313
215, 111.664, 1.07143, 1000.0, 254.36667, 2.25622, 69365.722, 1283791.342, 1.30841
216, 109.974, 1.03846, 1000.0, 253.88889, 2.14112, 68191.88, 1282120.702, 1.28302
217, 108.33, 1.05882, 1000.0, 253.33333, 2.15, 67051.29, 1280404.956, 1.22927
218, 106.482, 1.06452, 939.39394, 253.35484, 2.26066, 65821.092, 1278812.392, 1.2201
219, 104.73, 1.0, 950.0, 250.73684, 2.17633, 64615.422, 1277170.322, 1.23153
220, 102.898, 1.04167, 1000.0, 251.44, 2.27446, 63368.958, 1275590.2, 1.20202
221, 101.334, 1.04762, 954.54545, 249.66667, 2.06888, 62294.23, 1273833.708, 1.21579
222, 99.7, 1.0, 1000.0, 248.06667, 2.05097, 61172.188, 1272150.422, 1.21354
223, 98.168, 1.04167, 960.0, 254.25, 1.95074, 60135.934, 1270370.574, 1.24064
224, 96.544, 1.0, 964.28571, 250.81481, 2.07901, 59041.754, 1268663.184, 1.26374
225, 95.06, 1.0, 1000.0, 252.6875, 1.94975, 58006.02, 1266882.286, 1.23256
226, 93.452, 1.0, 956.52174, 249.18182, 2.03922, 56912.78, 1265172.784, 1.23214
227, 91.978, 1.0, 1000.0, 249.61111, 1.90201, 55906.274, 1263375.76, 1.21302
228, 90.562, 1.0, 1000.0, 247.42105, 1.94226, 54923.698, 1261564.38, 1.2
229, 89.1, 1.05556, 894.73684, 242.76471, 1.90609, 53938.684, 1259757.752, 1.23226
230, 87.722, 1.0, 1000.0, 249.25, 1.8312, 52982.014, 1257924.234, 1.17647
231, 86.312, 1.0, 928.57143, 241.76923, 1.91821, 52014.616, 1256101.716, 1.15436
232, 84.908, 1.04762, 1000.0, 238.27273, 1.86224, 51092.488, 1254258.266, 1.16901
233, 83.51, 1.04762, 1000.0, 251.18182, 1.85641, 50164.546, 1252424.038, 1.18116
234, 82.196, 1.0, 1000.0, 232.875, 1.82527, 49244.156, 1250563.648, 1.16406
235, 80.772, 1.0, 1000.0, 241.5, 1.94118, 48299.436, 1248733.462, 1.16935
236, 79.42, 1.0, 1000.0, 250.8, 1.87634, 47406.578, 1246858.08, 1.15652
237, 78.21, 1.0, 1000.0, 244.61538, 1.77557, 46603.878, 1244905.144, 1.13514
238, 77.06, 1.0, 1000.0, 248.44444, 1.70845, 45830.102, 1242942.198, 1.15652
239, 75.782, 1.0, 1000.0, 238.42105, 1.8324, 45004.088, 1241032.47, 1.16379
240, 74.54, 1.0, 1000.0, 242.55556, 1.79944, 44162.16, 1239125.838, 1.16364
241, 73.354, 1.0, 1000.0, 250.58333, 1.70308, 43369.402, 1237177.78, 1.12613
242, 72.196, 1.0, 1000.0, 232.11111, 1.67318, 42581.31, 1235229.836, 1.1068
243, 70.956, 1.0, 1000.0, 244.55556, 1.77901, 41758.752, 1233327.032, 1.07609
244, 69.838, 1.0, 909.09091, 236.0, 1.66082, 41020.71, 1231346.976, 1.10989
245, 68.716, 1.0, 1000.0, 236.45455, 1.66862, 40310.236, 1229347.616, 1.11828
246, 67.66, 1.0, 1000.0, 227.4, 1.60119, 39643.798, 1227291.78, 1.1
247, 66.552, 1.0, 1000.0, 234.16667, 1.68862, 38938.634, 1225296.138, 1.10989
248, 65.416, 1.0, 1000.0, 237.71429, 1.69275, 38214.59, 1223327.658, 1.08791
249, 64.308, 1.0, 1000.0, 239.42857, 1.70448, 37477.046, 1221359.712, 1.08537
250, 63.228, 1.0, 1000.0, 238.9, 1.60058, 36776.428, 1219368.17, 1.09756
251, 62.23, 1.0, 1000.0, 234.27273, 1.57538, 36116.854, 1217343.788, 1.08642
252, 61.226, 1.0, 1000.0, 233.3, 1.60625, 35477.674, 1215304.79, 1.11688
253, 60.252, 1.0, 1000.0, 223.6, 1.48348, 34833.482, 1213271.072, 1.12
254, 59.368, 1.0, 1000.0, 226.66667, 1.48852, 34274.932, 1211158.16, 1.10959
255, 58.394, 1.0, 1000.0, 234.18182, 1.59105, 33645.484, 1209120.744, 1.09459
256, 57.54, 1.0, 1000.0, 225.0, 1.49315, 33094.588, 1207010.558, 1.06667
257, 56.594, 1.0, 1000.0, 232.0, 1.5817, 32495.524, 1204950.424, 1.05714
258, 55.64, 1.0, 1000.0, 231.2, 1.56051, 31882.68, 1202905.854, 1.06452
259, 54.772, 1.0, 1000.0, 230.0, 1.48322, 31316.33, 1200831.052, 1.1
260, 53.94, 1.0, 1000.0, 221.66667, 1.48944, 30786.488, 1198718.64, 1.12727
261, 53.032, 1.0, 1000.0, 227.88889, 1.50163, 30238.944, 1196637.198, 1.10345
262, 52.192, 1.0, 857.14286, 223.33333, 1.49135, 29713.728, 1194528.952, 1.07143
263, 51.304, 1.14286, 1000.0, 229.5, 1.5256, 29145.634, 1192475.146, 1.08333
264, 50.502, 1.0, 1000.0, 223.66667, 1.49084, 28638.264, 1190351.598, 1.08772
265, 49.67, 1.0, 1000.0, 218.0, 1.55273, 28097.566, 1188270.954, 1.05882
266, 48.918, 1.0, 1000.0, 236.14286, 1.37993, 27636.276, 1186125.748, 1.06122
267, 48.144, 1.0, 1000.0, 227.0, 1.45896, 27158.438, 1184000.91, 1.03846
268, 47.376, 1.0, 1000.0, 228.0, 1.45865, 26653.968, 1181911.436, 1.03846
269, 46.602, 1.0, 1000.0, 232.83333, 1.47368, 26174.634, 1179795.086, 1.03774
270, 45.776, 1.0, 1000.0, 227.0, 1.51087, 25670.054, 1177699.764, 1.03922
271, 45.008, 1.0, 1000.0, 231.66667, 1.41007, 25184.178, 1175596.032, 1.02128
272, 44.238, 1.0, 1000.0, 228.66667, 1.37762, 24692.696, 1173507.394, 1.02439
273, 43.532, 1.0, 1000.0, 224.75, 1.37643, 24241.202, 1171387.032, 1.05714
274, 42.83, 1.0, 1000.0, 221.0, 1.33083, 23811.122, 1169248.532, 1.05405
275, 42.122, 1.0, 1000.0, 215.5, 1.36502, 23362.808, 1167132.798, 1.05882
276, 41.436, 1.0, 1000.0, 233.25, 1.33977, 22935.31, 1165000.822, 1.05882
277, 40.762, 1.0, 1000.0, 226.5, 1.39431, 22512.062, 1162868.478, 1.09677
278, 40.13, 1.0, 1000.0, 216.875, 1.30081, 22122.704, 1160722.532, 1.02703
279, 39.488, 1.0, 1000.0, 235.25, 1.37975, 21723.38, 1158583.6, 1.02857
280, 38.91, 1.0, 1000.0, 217.0, 1.31081, 21368.472, 1156404.448, 1.05128
281, 38.216, 0.0, 0.0, 0.0, 1.47479, 20930.536, 1154306.44, 1.05714
282, 37.596, 1.0, 1000.0, 209.57143, 1.37611, 20562.712, 1152156.008, 1.04878
283, 37.018, 1.0, 1000.0, 219.0, 1.3785, 20206.342, 1149990.974, 1.05405
284, 36.376, 1.0, 1000.0, 222.33333, 1.31727, 19803.772, 1147872.112, 1.06061
285, 35.802, 1.0, 1000.0, 202.0, 1.28444, 19446.918, 1145714.216, 1.0625
286, 35.21, 1.0, 1000.0, 208.0, 1.30172, 19096.96, 1143558.622, 1.10714
287, 34.626, 1.0, 1000.0, 216.75, 1.33333, 18744.08, 1141410.152, 1.10714
288, 34.094, 1.0, 1000.0, 207.8, 1.3, 18430.636, 1139233.574, 1.03571
289, 33.548, 1.0, 1000.0, 211.8, 1.26606, 18101.608, 1137080.564, 1.03333
290, 32.99, 1.0, 1000.0, 220.5, 1.29864, 17759.912, 1134937.802, 1.0
291, 32.404, 1.0, 1000.0, 208.0, 1.34247, 17408.91, 1132803.322, 1.0
292, 31.876, 1.0, 1000.0, 244.0, 1.22273, 17092.114, 1130642.19, 1.0
293, 31.354, 1.0, 1000.0, 229.0, 1.24762, 16794.682, 1128467.094, 1.0
294, 30.834, 1.0, 1000.0, 240.0, 1.20642, 16471.962, 1126318.658, 1.0
295, 30.306, 1.0, 3000.0, 205.66667, 1.26794, 16161.618, 1124175.606, 1.0
296, 29.802, 1.0, 1000.0, 202.0, 1.27, 15854.626, 1122026.096, 1.0
297, 29.286, 1.0, 1000.0, 215.25, 1.24762, 15541.326, 1119895.638, 1.0
298, 28.818, 1.0, 1000.0, 233.25, 1.3022, 15273.514, 1117729.578, 1.0
299, 28.296, 1.0, 1000.0, 214.5, 1.29756, 14965.96, 1115605.024, 1.0
300, 27.828, 1.0, 1000.0, 213.5, 1.23684, 14690.564, 1113445.43, 1.0
301, 27.358, 1.0, 1000.0, 222.0, 1.24339, 14419.784, 1111290.738, 1.0
302, 26.878, 1.0, 1000.0, 210.66667, 1.24227, 14151.938, 1109133.966, 1.0
303, 26.438, 1.0, 1000.0, 212.0, 1.27586, 13897.862, 1106966.952, 1.0
304, 26.008, 1.0, 1000.0, 207.0, 1.16757, 13640.406, 1104809.75, 1.0
305, 25.576, 0.0, 0.0, 0.0, 1.25434, 13380.124, 1102656.282, 1.0
306, 25.142, 1.0, 1000.0, 195.0, 1.23729, 13125.342, 1100506.328, 1.0
307, 24.696, 1.0, 2000.0, 219.0, 1.22826, 12863.42, 1098373.142, 1.0
308, 24.306, 1.0, 1000.0, 208.0, 1.26115, 12631.112, 1096210.886, 1.0
309, 23.97, 1.0, 1000.0, 206.0, 1.2028, 12436.334, 1094015.194, 1.0
310, 23.546, 0.0, 0.0, 0.0, 1.20225, 12193.894, 1091874.854, 1.0
311, 23.168, 1.0, 1000.0, 232.0, 1.2649, 11975.202, 1089715.828, 1.0
312, 22.802, 1.0, 1000.0, 219.0, 1.2, 11762.316, 1087557.112, 1.0
313, 22.438, 1.0, 1333.33333, 207.5, 1.21854, 11566.378, 1085393.654, 1.0
314, 22.084, 0.0, 0.0, 0.0, 1.23611, 11372.076, 1083221.272, 1.0
315, 21.746, 0.0, 0.0, 0.0, 1.25185, 11179.486, 1081057.162, 1.0
316, 21.368, 1.0, 1000.0, 205.0, 1.19255, 10958.148, 1078923.29, 1.0
317, 20.954, 0.0, 0.0, 0.0, 1.21637, 10713.626, 1076816.49, 1.0
318, 20.588, 1.0, 1000.0, 212.66667, 1.21711, 10508.714, 1074682.324, 1.0
319, 20.26, 1.0, 1000.0, 192.33333, 1.25, 10327.77, 1072535.968, 1.0
320, 19.906, 1.0, 1000.0, 189.0, 1.17881, 10132.986, 1070397.146, 1.07692
321, 19.584, 1.0, 1000.0, 202.0, 1.21805, 9948.24, 1068251.876, 1.07692
322, 19.258, 1.0, 1000.0, 214.33333, 1.19708, 9769.794, 1066112.856, 1.06667
323, 18.948, 0.0, 0.0, 0.0, 1.11348, 9593.004, 1063966.568, 1.0
324, 18.704, 1.0, 2000.0, 209.5, 1.0991, 9447.052, 1061799.792, 1.0
325, 18.402, 1.0, 1750.0, 208.42857, 1.10219, 9285.678, 1059665.946, 1.0
326, 18.054, 1.0, 2000.0, 225.5, 1.2069, 9093.09, 1057557.088, 1.0
327, 17.736, 0.0, 0.0, 0.0, 1.14388, 8910.66, 1055440.728, 1.0
328, 17.462, 0.0, 0.0, 0.0, 1.16667, 8753.906, 1053303.824, 1.0
329, 17.19, 0.0, 0.0, 0.0, 1.14754, 8603.27, 1051160.132, 1.0
330, 16.896, 1.0, 1500.0, 194.33333, 1.16406, 8441.254, 1049040.868, 1.0
331, 16.638, 0.0, 0.0, 0.0, 1.10169, 8293.26, 1046911.462, 1.0
332, 16.352, 0.0, 0.0, 0.0, 1.14063, 8130.024, 1044796.02, 1.0
333, 16.092, 0.0, 0.0, 0.0, 1.12069, 7982.132, 1042676.254, 1.0
334, 15.834, 0.0, 0.0, 0.0, 1.13043, 7836.648, 1040556.172, 1.0
335, 15.57, 1.0, 1000.0, 191.5, 1.13333, 7692.074, 1038440.248, 1.0
336, 15.324, 0.0, 0.0, 0.0, 1.14815, 7550.55, 1036329.526, 1.0
337, 15.084, 0.0, 0.0, 0.0, 1.14286, 7421.748, 1034201.878, 1.0
338, 14.816, 0.0, 0.0, 0.0, 1.16522, 7276.644, 1032100.984, 1.0
339, 14.59, 0.0, 0.0, 0.0, 1.07619, 7152.9, 1029984.724, 1.0
340, 14.35, 0.0, 0.0, 0.0, 1.12963, 7019.544, 1027881.016, 1.0
341, 14.09, 0.0, 0.0, 0.0, 1.07377, 6880.738, 1025786.368, 1.0
342, 13.882, 0.0, 0.0, 0.0, 1.10638, 6763.49, 1023678.31, 1.0
343, 13.638, 0.0, 0.0, 0.0, 1.08929, 6629.644, 1021588.838, 1.0
344, 13.388, 1.0, 2000.0, 204.0, 1.13636, 6509.08, 1019497.484, 1.0
345, 13.134, 0.0, 0.0, 0.0, 1.13274, 6371.788, 1017419.368, 1.0
346, 12.94, 1.0, 2000.0, 195.25, 1.14118, 6271.718, 1015316.936, 1.0
347, 12.748, 1.0, 1000.0, 193.0, 1.09091, 6170.6, 1013216.42, 1.0
348, 12.508, 1.0, 1000.0, 193.0, 1.15385, 6044.244, 1011147.57, 1.0
349, 12.298, 0.0, 0.0, 0.0, 1.08247, 5927.404, 1009072.292, 1.0
350, 12.1, 0.0, 0.0, 0.0, 1.05319, 5825.646, 1006985.788, 1.0
351, 11.902, 1.0, 2000.0, 199.0, 1.13793, 5724.818, 1004905.376, 1.0
352, 11.672, 0.0, 0.0, 0.0, 1.11429, 5591.618, 1002859.706, 1.0
353, 11.456, 0.0, 0.0, 0.0, 1.09091, 5480.604, 1000797.602, 1.0
354, 11.286, 0.0, 0.0, 0.0, 1.14667, 5382.422, 998722.256, 1.0
355, 11.086, 1.0, 4000.0, 171.75, 1.1236, 5283.51, 996667.752, 1.0
356, 10.938, 0.0, 0.0, 0.0, 1.07143, 5203.878, 994588.228, 1.0
357, 10.774, 0.0, 0.0, 0.0, 1.05, 5106.574, 992527.822, 1.0
358, 10.55, 1.0, 3000.0, 185.66667, 1.10891, 4986.364, 990500.222, 1.0
359, 10.38, 0.0, 0.0, 0.0, 1.04938, 4896.166, 988440.898, 1.0
360, 10.186, 0.0, 0.0, 0.0, 1.06593, 4794.94, 986397.03, 1.0
361, 10.0, 0.0, 0.0, 0.0, 1.12048, 4699.608, 984353.496, 1.0
362, 9.844, 0.0, 0.0, 0.0, 1.05405, 4618.652, 982301.148, 1.0
363, 9.71, 0.0, 0.0, 0.0, 1.06349, 4548.19, 980245.426, 1.0
364, 9.556, 0.0, 0.0, 0.0, 1.1, 4464.73, 978205.48, 1.0
365, 9.382, 0.0, 0.0, 0.0, 1.04819, 4374.998, 976174.51, 1.0
366, 9.208, 0.0, 0.0, 0.0, 1.06098, 4287.134, 974150.496, 1.0
367, 9.082, 0.0, 0.0, 0.0, 1.08475, 4215.516, 972110.494, 1.0
368, 8.95, 0.0, 0.0, 0.0, 1.01538, 4142.342, 970073.184, 1.0
369, 8.804, 0.0, 0.0, 0.0, 1.05797, 4067.296, 968049.504, 1.0
370, 8.648, 0.0, 0.0, 0.0, 1.06757, 3982.018, 966036.022, 0.0
371, 8.476, 1.0, 2000.0, 188.0, 1.10256, 3902.484, 964027.522, 1.0
372, 8.334, 0.0, 0.0, 0.0, 1.09231, 3825.998, 962016.98, 1.0
373, 8.21, 0.0, 0.0, 0.0, 1.03333, 3763.58, 959996.96, 1.0
374, 8.05, 0.0, 0.0, 0.0, 1.08108, 3683.284, 957998.244, 1.0
375, 7.922, 0.0, 0.0, 0.0, 1.03226, 3613.452, 955992.976, 1.0
376, 7.774, 1.0, 2000.0, 184.0, 1.04225, 3541.152, 954000.008, 1.0
377, 7.644, 0.0, 0.0, 0.0, 1.06557, 3473.8, 952000.818, 1.0
378, 7.546, 0.0, 0.0, 0.0, 1.04255, 3418.628, 949995.932, 1.0
379, 7.426, 0.0, 0.0, 0.0, 1.09091, 3350.852, 948008.044, 1.0
380, 7.3, 0.0, 0.0, 0.0, 1.05, 3287.65, 946021.376, 1.0
381, 7.178, 0.0, 0.0, 0.0, 1.05172, 3226.798, 944033.158, 1.0
382, 7.026, 0.0, 0.0, 0.0, 1.07042, 3154.432, 942066.032, 1.0
383, 6.936, 0.0, 0.0, 0.0, 1.02273, 3107.658, 940073.46, 1.0
384, 6.81, 0.0, 0.0, 0.0, 1.03279, 3043.852, 938104.146, 1.0
385, 6.716, 0.0, 0.0, 0.0, 1.11905, 2990.48, 936124.498, 1.0
386, 6.614, 0.0, 0.0, 0.0, 1.0, 2937.56, 934152.71, 1.0
387, 6.51, 0.0, 0.0, 0.0, 1.04, 2879.994, 932185.432, 1.0
388, 6.426, 0.0, 0.0, 0.0, 1.13514, 2836.186, 930212.152, 1.0
389, 6.318, 0.0, 0.0, 0.0, 1.07843, 2780.54, 928253.362, 1.0
390, 6.204, 0.0, 0.0, 0.0, 1.03636, 2724.474, 926301.852, 1.0
391, 6.098, 0.0, 0.0, 0.0, 1.01923, 2673.056, 924347.142, 1.0
392, 6.002, 0.0, 0.0, 0.0, 1.04255, 2623.152, 922398.966, 0.0
393, 5.902, 0.0, 0.0, 0.0, 1.04167, 2570.89, 920455.294, 0.0
394, 5.804, 0.0, 0.0, 0.0, 1.08889, 2522.616, 918508.66, 0.0
395, 5.696, 0.0, 0.0, 0.0, 1.10204, 2468.242, 916574.832, 0.0
396, 5.63, 0.0, 0.0, 0.0, 1.0, 2437.446, 914626.612, 0.0
397, 5.546, 0.0, 0.0, 0.0, 1.16667, 2396.224, 912689.454, 0.0
398, 5.458, 0.0, 0.0, 0.0, 1.1, 2354.654, 910759.698, 0.0
399, 5.386, 0.0, 0.0, 0.0, 1.05882, 2318.074, 908828.368, 0.0
400, 5.292, 0.0, 0.0, 0.0, 1.04444, 2273.338, 906909.07, 0.0
401, 5.222, 0.0, 0.0, 0.0, 1.06061, 2238.55, 904983.222, 0.0
402, 5.152, 0.0, 0.0, 0.0, 1.02941, 2203.002, 903060.352, 0.0
403, 5.056, 0.0, 0.0, 0.0, 1.02128, 2157.928, 901149.864, 0.0
404, 4.97, 0.0, 0.0, 0.0, 1.04878, 2115.698, 899245.308, 0.0
405, 4.876, 0.0, 0.0, 0.0, 1.02174, 2068.222, 897349.252, 0.0
406, 4.804, 0.0, 0.0, 0.0, 1.0, 2032.938, 895445.296, 0.0
407, 4.714, 0.0, 0.0, 0.0, 1.0, 1993.27, 893549.994, 0.0
408, 4.654, 0.0, 0.0, 0.0, 1.0, 1964.066, 891649.38, 0.0
409, 4.57, 0.0, 0.0, 0.0, 1.07692, 1928.662, 889755.58, 0.0
410, 4.496, 0.0, 0.0, 0.0, 1.02778, 1896.304, 887868.308, 0.0
411, 4.42, 0.0, 0.0, 0.0, 1.0, 1862.242, 885984.594, 0.0
412, 4.34269, 0.0, 0.0, 0.0, 1.04878, 1828.32064, 884111.642, 0.0
413, 4.28169, 0.0, 0.0, 0.0, 1.0, 1802.34608, 882231.93587, 0.0
414, 4.22267, 0.0, 0.0, 0.0, 1.05, 1779.49393, 880299.23541, 0.0
415, 4.15789, 0.0, 0.0, 0.0, 1.03226, 1748.26518, 878442.14372, 0.0
416, 4.07287, 0.0, 0.0, 0.0, 1.02439, 1704.63968, 876587.23077, 0.0
417, 4.01012, 0.0, 0.0, 0.0, 1.06897, 1678.09717, 874719.34008, 0.0
418, 3.93117, 1.0, 6000.0, 153.5, 1.02632, 1655.72672, 872863.19028, 1.0
419, 3.87652, 0.0, 0.0, 0.0, 1.08, 1628.08907, 871005.86032, 1.0
420, 3.80933, 0.0, 0.0, 0.0, 1.02778, 1595.8499, 869163.41296, 1.0
421, 3.72617, 0.0, 0.0, 0.0, 1.025, 1558.21501, 867314.25963, 1.0
422, 3.67343, 0.0, 0.0, 0.0, 1.13043, 1534.86613, 865466.16633, 1.0
423, 3.61258, 0.0, 0.0, 0.0, 1.0, 1507.84178, 863624.24949, 1.0
424, 3.55081, 0.0, 0.0, 0.0, 1.0, 1479.66057, 861791.27383, 1.0
425, 3.51025, 1.0, 1000.0, 152.0, 1.0303, 1461.51434, 859957.59553, 1.0
426, 3.44467, 0.0, 0.0, 0.0, 1.0, 1433.02254, 858137.79508, 1.0
427, 3.40369, 0.0, 0.0, 0.0, 1.0, 1411.95287, 856306.07172, 1.0
428, 3.33607, 0.0, 0.0, 0.0, 1.1, 1385.29303, 854486.26639, 1.0
429, 3.29897, 0.0, 0.0, 0.0, 1.0, 1368.70103, 852669.02869, 1.0
430, 3.2381, 0.0, 0.0, 0.0, 1.05882, 1339.12008, 850881.42887, 1.0
431, 3.17427, 0.0, 0.0, 0.0, 1.0625, 1310.0249, 849081.75983, 1.0
432, 3.13306, 0.0, 0.0, 0.0, 1.0, 1288.96258, 847264.89419, 1.0
433, 3.07069, 0.0, 0.0, 0.0, 1.07143, 1259.39917, 845468.80457, 1.0
434, 3.03542, 0.0, 0.0, 0.0, 1.0, 1240.39583, 843662.44699, 1.0
435, 2.99374, 0.0, 0.0, 0.0, 1.0, 1222.10438, 841849.61875, 1.0
436, 2.96025, 0.0, 0.0, 0.0, 1.05556, 1207.09414, 840045.3904, 1.0
437, 2.92887, 0.0, 0.0, 0.0, 1.0, 1188.93305, 838242.80544, 1.0
438, 2.87841, 0.0, 0.0, 0.0, 1.03846, 1164.8805, 836458.27406, 1.0
439, 2.84664, 0.0, 0.0, 0.0, 1.05882, 1148.43067, 834665.59119, 1.0
440, 2.80632, 0.0, 0.0, 0.0, 1.04762, 1129.45684, 832865.57563, 1.0
441, 2.75738, 0.0, 0.0, 0.0, 1.0, 1109.61603, 831086.82316, 1.0
442, 2.74627, 0.0, 0.0, 0.0, 1.05556, 1102.34328, 829327.4135, 1.0
443, 2.70085, 0.0, 0.0, 0.0, 1.0, 1085.90812, 827508.98507, 1.0
444, 2.66453, 0.0, 0.0, 0.0, 1.0625, 1072.20299, 825744.42308, 1.0
445, 2.64378, 0.0, 0.0, 0.0, 1.0, 1063.66094, 823982.45513, 1.0
446, 2.60086, 0.0, 0.0, 0.0, 1.0, 1045.83047, 822216.41202, 1.0
447, 2.56344, 0.0, 0.0, 0.0, 1.0, 1029.48172, 820460.5794, 1.0
448, 2.53463, 0.0, 0.0, 0.0, 1.05, 1015.12121, 818676.77634, 1.0
449, 2.50435, 0.0, 0.0, 0.0, 1.05556, 998.26957, 816927.58009, 1.0
450, 2.44348, 0.0, 0.0, 0.0, 1.03704, 974.91957, 815161.26522, 1.0
451, 2.38646, 0.0, 0.0, 0.0, 1.0, 951.06769, 813434.01522, 1.0
452, 2.34573, 0.0, 0.0, 0.0, 1.05, 933.04158, 811685.9345, 1.0
453, 2.32237, 0.0, 0.0, 0.0, 1.0, 920.44298, 809937.1663, 1.0
454, 2.29075, 0.0, 0.0, 0.0, 1.0, 905.03524, 808191.41886, 1.0
455, 2.27051, 0.0, 0.0, 0.0, 1.0, 896.04213, 806478.55947, 1.0
456, 2.24609, 0.0, 0.0, 0.0, 1.0, 884.4877, 804746.43237, 1.0
457, 2.22122, 0.0, 0.0, 0.0, 1.0, 872.67043, 803019.76063, 1.0
458, 2.17833, 0.0, 0.0, 0.0, 1.05556, 853.8465, 801288.41535, 1.0
459, 2.15034, 0.0, 0.0, 0.0, 1.05, 841.58314, 799587.74944, 1.0
460, 2.10959, 0.0, 0.0, 0.0, 1.0, 815.379, 797922.01139, 0.0
461, 2.07798, 0.0, 0.0, 0.0, 1.0, 802.67661, 796212.19178, 0.0
462, 2.06294, 0.0, 0.0, 0.0, 1.0, 795.92774, 794507.86009, 0.0
463, 2.04728, 0.0, 0.0, 0.0, 1.05556, 787.11584, 792820.55944, 0.0
464, 2.02871, 0.0, 0.0, 0.0, 1.05882, 779.50478, 791098.58156, 0.0
465, 2.00482, 0.0, 0.0, 0.0, 1.0, 768.1253, 789375.94258, 0.0
466, 1.99031, 0.0, 0.0, 0.0, 1.0, 760.16949, 787695.80723, 0.0
467, 1.9635, 0.0, 0.0, 0.0, 1.15385, 748.91727, 786022.7385, 0.0
468, 1.94608, 0.0, 0.0, 0.0, 1.0, 741.04902, 784342.93187, 0.0
469, 1.9312, 0.0, 0.0, 0.0, 1.0, 735.10074, 782651.75245, 0.0
470, 1.91315, 0.0, 0.0, 0.0, 1.0, 718.81638, 780992.60934, 0.0
471, 1.89776, 0.0, 0.0, 0.0, 1.0, 711.55362, 779318.36725, 0.0
472, 1.87719, 0.0, 0.0, 0.0, 1.0, 702.42607, 777638.24688, 0.0
473, 1.8665, 0.0, 0.0, 0.0, 1.0, 695.54408, 775945.95739, 0.0
474, 1.85025, 0.0, 0.0, 0.0, 1.0, 688.95939, 774275.88665, 0.0
475, 1.84021, 0.0, 0.0, 0.0, 1.0, 682.74742, 772615.91371, 0.0
476, 1.82857, 0.0, 0.0, 0.0, 1.0, 677.68571, 770898.18557, 0.0
477, 1.81365, 0.0, 0.0, 0.0, 1.0, 670.0105, 769225.95584, 0.0
478, 1.8, 0.0, 0.0, 0.0, 1.0, 663.65067, 767593.48031, 0.0
479, 1.77688, 0.0, 0.0, 0.0, 1.0, 656.65323, 765864.59733, 0.0
480, 1.77446, 0.0, 0.0, 0.0, 1.0, 654.89674, 764187.19355, 0.0
481, 1.74185, 0.0, 0.0, 0.0, 1.0, 640.69837, 762540.89402, 0.0
482, 1.73297, 0.0, 0.0, 0.0, 1.0, 636.15259, 760901.40217, 0.0
483, 1.72376, 0.0, 0.0, 0.0, 1.0, 633.46685, 759258.32698, 0.0
484, 1.71944, 0.0, 0.0, 0.0, 1.0, 628.64167, 757633.78177, 0.0
485, 1.71268, 0.0, 0.0, 0.0, 1.0, 625.11268, 756024.64167, 0.0
486, 1.69972, 0.0, 0.0, 0.0, 1.0, 617.86402, 754397.45915, 0.0
487, 1.70201, 0.0, 0.0, 0.0, 1.0, 616.90544, 752797.35411, 0.0
488, 1.69164, 0.0, 0.0, 0.0, 1.0, 610.88473, 751177.78223, 0.0
489, 1.67826, 0.0, 0.0, 0.0, 1.0, 603.61159, 749556.6513, 0.0
490, 1.67665, 0.0, 0.0, 0.0, 1.0, 598.17665, 747959.83478, 0.0
491, 1.66565, 0.0, 0.0, 0.0, 1.0, 596.65046, 746409.31737, 0.0
492, 1.64438, 0.0, 0.0, 0.0, 1.0, 587.94833, 744816.64742, 0.0
493, 1.63804, 0.0, 0.0, 0.0, 1.0, 583.39571, 743223.9848, 0.0
494, 1.64486, 0.0, 0.0, 0.0, 1.0, 584.54829, 741622.12577, 0.0
495, 1.6395, 0.0, 0.0, 0.0, 1.0, 580.43574, 740045.60436, 0.0
496, 1.63208, 0.0, 0.0, 0.0, 1.0, 575.69182, 738428.6489, 0.0
497, 1.62658, 0.0, 0.0, 0.0, 1.0, 572.17722, 736848.41195, 0.0
498, 1.6045, 0.0, 0.0, 0.0, 1.0, 561.07395, 735297.17089, 0.0
499, 1.58958, 0.0, 0.0, 0.0, 1.0, 558.91857, 733693.72347, 0.0
500, 1.58086, 0.0, 0.0, 0.0, 1.0, 554.84488, 732106.04235, 0.0
501, 1.58249, 0.0, 0.0, 0.0, 1.0, 552.04377, 730562.033, 0.0
502, 1.55254, 0.0, 0.0, 0.0, 1.0, 540.45424, 729040.63973, 0.0
503, 1.55479, 0.0, 0.0, 0.0, 1.0, 535.26027, 727481.69153, 0.0
504, 1.54639, 0.0, 0.0, 0.0, 1.0, 531.56357, 725927.59247, 0.0
505, 1.54514, 0.0, 0.0, 0.0, 1.0, 529.70833, 724386.8488, 0.0
506, 1.52797, 0.0, 0.0, 0.0, 1.0, 523.84266, 722780.81597, 0.0
507, 1.52482, 0.0, 0.0, 0.0, 1.0, 520.91489, 721257.78671, 0.0
508, 1.51971, 0.0, 0.0, 0.0, 1.0, 518.91398, 719741.95035, 0.0
509, 1.50719, 0.0, 0.0, 0.0, 1.0, 511.73741, 718126.98208, 0.0
510, 1.49097, 0.0, 0.0, 0.0, 1.0, 504.67148, 716592.44604, 0.0
511, 1.47794, 0.0, 0.0, 0.0, 1.0, 497.30515, 715091.98195, 0.0
512, 1.45956, 0.0, 0.0, 0.0, 1.0, 490.375, 713516.02941, 0.0
513, 1.46067, 0.0, 0.0, 0.0, 1.0, 489.2397, 712000.8125, 0.0
514, 1.44528, 0.0, 0.0, 0.0, 1.16667, 486.49057, 710458.08989, 0.0
515, 1.43295, 0.0, 0.0, 0.0, 1.0, 479.62069, 708968.99245, 0.0
516, 1.42857, 0.0, 0.0, 0.0, 1.0, 476.36293, 707411.55556, 0.0
517, 1.40541, 0.0, 0.0, 0.0, 1.0, 467.28571, 705879.10811, 0.0
518, 1.40078, 0.0, 0.0, 0.0, 1.0, 463.05058, 704368.66795, 0.0
519, 1.39216, 0.0, 0.0, 0.0, 1.0, 458.29412, 702853.50195, 0.0
520, 1.3745, 0.0, 0.0, 0.0, 1.0, 450.02789, 701362.82745, 0.0
521, 1.36948, 0.0, 0.0, 0.0, 1.0, 448.57831, 699841.56574, 0.0
522, 1.36735, 0.0, 0.0, 0.0, 1.0, 445.80816, 698336.64659, 0.0
523, 1.34836, 0.0, 0.0, 0.0, 1.0, 437.55738, 696802.63265, 0.0
524, 1.35417, 0.0, 0.0, 0.0, 1.0, 437.99583, 695304.94262, 0.0
525, 1.34874, 0.0, 0.0, 0.0, 1.0, 434.60504, 693835.08333, 0.0
526, 1.33617, 0.0, 0.0, 0.0, 1.0, 429.70638, 692330.92437, 0.0
527, 1.32759, 0.0, 0.0, 0.0, 1.0, 425.90086, 690802.06809, 0.0
528, 1.33188, 0.0, 0.0, 0.0, 1.0, 426.09607, 689242.43966, 0.0
529, 1.32743, 0.0, 0.0, 0.0, 1.0, 423.19027, 687775.33188, 0.0
530, 1.31111, 0.0, 0.0, 0.0, 1.0, 416.96444, 686321.38938, 0.0
531, 1.30357, 0.0, 0.0, 0.0, 1.0, 414.75446, 684862.08, 0.0
532, 1.2968, 0.0, 0.0, 0.0, 1.14286, 413.87215, 683361.80357, 0.0
533, 1.29032, 0.0, 0.0, 0.0, 1.0, 412.03226, 681877.86758, 0.0
534, 1.28169, 0.0, 0.0, 0.0, 1.0, 412.42723, 680442.77419, 0.0
535, 1.26887, 0.0, 0.0, 0.0, 1.0, 406.95283, 679010.8216, 0.0
536, 1.26442, 0.0, 0.0, 0.0, 1.0, 403.92308, 677615.28774, 0.0
537, 1.26087, 0.0, 0.0, 0.0, 1.0, 401.63285, 676155.70673, 0.0
538, 1.25743, 0.0, 0.0, 0.0, 1.0, 397.83168, 674743.6087, 0.0
539, 1.25758, 0.0, 0.0, 0.0, 1.0, 396.16162, 673221.69802, 0.0
540, 1.2602, 0.0, 0.0, 0.0, 1.0, 395.43878, 671717.07071, 0.0
541, 1.2487, 0.0, 0.0, 0.0, 1.0, 392.24352, 670247.78061, 0.0
542, 1.23684, 0.0, 0.0, 0.0, 1.0, 388.07895, 668737.53886, 0.0
543, 1.23529, 0.0, 0.0, 0.0, 1.0, 386.13904, 667359.78421, 0.0
544, 1.22703, 0.0, 0.0, 0.0, 1.0, 382.05946, 665892.72727, 0.0
545, 1.22905, 0.0, 0.0, 0.0, 1.0, 384.60894, 664497.32432, 0.0
546, 1.22857, 0.0, 0.0, 0.0, 1.0, 382.59429, 663023.48045, 0.0
547, 1.21839, 0.0, 0.0, 0.0, 1.0, 378.62644, 661503.58857, 0.0
548, 1.21264, 0.0, 0.0, 0.0, 1.0, 375.95977, 660079.37931, 0.0
549, 1.20468, 0.0, 0.0, 0.0, 1.0, 371.82456, 658683.41379, 0.0
550, 1.20238, 0.0, 0.0, 0.0, 1.0, 369.51786, 657291.69591, 0.0
551, 1.20732, 0.0, 0.0, 0.0, 1.0, 370.67683, 655853.60714, 0.0
552, 1.20988, 0.0, 0.0, 0.0, 1.0, 372.64198, 654407.26829, 0.0
553, 1.20755, 0.0, 0.0, 0.0, 1.0, 372.88679, 652932.82716, 0.0
554, 1.20645, 0.0, 0.0, 0.0, 1.0, 370.85806, 651545.97484, 0.0
555, 1.20645, 0.0, 0.0, 0.0, 0.0, 370.18065, 650166.07097, 0.0
556, 1.20395, 0.0, 0.0, 0.0, 1.0, 369.61184, 648783.08387, 0.0
557, 1.19737, 0.0, 0.0, 0.0, 1.0, 367.0, 647373.19737, 0.0
558, 1.19728, 0.0, 0.0, 0.0, 1.0, 364.9932, 646013.51974, 0.0
559, 1.19863, 0.0, 0.0, 0.0, 1.0, 366.76027, 644583.64626, 0.0
560, 1.20139, 0.0, 0.0, 0.0, 1.0, 368.54167, 643163.81507, 0.0
561, 1.19014, 0.0, 0.0, 0.0, 1.0, 366.5493, 641740.13194, 0.0
562, 1.19565, 0.0, 0.0, 0.0, 1.0, 367.31884, 640393.92254, 0.0
563, 1.18841, 0.0, 0.0, 0.0, 1.0, 366.58696, 639082.06522, 0.0
564, 1.19697, 0.0, 0.0, 0.0, 1.0, 364.66667, 637751.7971, 0.0
565, 1.17692, 0.0, 0.0, 0.0, 1.0, 356.47692, 636354.92424, 0.0
566, 1.17188, 0.0, 0.0, 0.0, 1.0, 352.92969, 634947.59231, 0.0
567, 1.168, 0.0, 0.0, 0.0, 1.0, 353.032, 633518.07813, 0.0
568, 1.168, 0.0, 0.0, 0.0, 0.0, 352.296, 632149.664, 0.0
569, 1.16393, 0.0, 0.0, 0.0, 1.0, 348.27049, 630810.76, 0.0
570, 1.15702, 0.0, 0.0, 0.0, 1.0, 344.57851, 629452.86066, 0.0
571, 1.15126, 0.0, 0.0, 0.0, 1.0, 344.12605, 628131.19008, 0.0
572, 1.14407, 0.0, 0.0, 0.0, 1.0, 340.94068, 626719.84034, 0.0
573, 1.14783, 0.0, 0.0, 0.0, 1.0, 342.81739, 625350.86441, 0.0
574, 1.14035, 0.0, 0.0, 0.0, 1.0, 339.64035, 623842.41739, 0.0
575, 1.14414, 0.0, 0.0, 0.0, 1.0, 342.21622, 622524.51754, 0.0
576, 1.13761, 0.0, 0.0, 0.0, 1.0, 338.11009, 621142.42342, 0.0
577, 1.13889, 0.0, 0.0, 0.0, 1.0, 338.05556, 619798.2844, 0.0
578, 1.13889, 0.0, 0.0, 0.0, 0.0, 337.40741, 618400.62963, 0.0
579, 1.13592, 0.0, 0.0, 0.0, 1.0, 334.85437, 617134.91667, 0.0
580, 1.13, 0.0, 0.0, 0.0, 1.0, 331.62, 615800.17476, 0.0
581, 1.13131, 0.0, 0.0, 0.0, 1.0, 334.32323, 614456.88, 0.0
582, 1.13265, 0.0, 0.0, 0.0, 1.0, 333.70408, 613235.52525, 0.0
583, 1.12371, 0.0, 0.0, 0.0, 1.0, 330.14433, 612000.81633, 0.0
584, 1.10309, 0.0, 0.0, 0.0, 1.0, 322.5567, 610651.10309, 0.0
585, 1.10753, 0.0, 0.0, 0.0, 1.0, 325.78495, 609361.25773, 0.0
586, 1.08791, 0.0, 0.0, 0.0, 1.0, 316.14286, 608060.09677, 0.0
587, 1.08889, 0.0, 0.0, 0.0, 1.0, 315.35556, 606669.38462, 0.0
588, 1.09302, 0.0, 0.0, 0.0, 1.0, 314.95349, 605351.22222, 0.0
589, 1.09524, 0.0, 0.0, 0.0, 1.0, 313.7381, 603798.84884, 0.0
590, 1.09756, 0.0, 0.0, 0.0, 1.0, 312.39024, 602527.72619, 0.0
591, 1.09877, 0.0, 0.0, 0.0, 1.0, 310.74074, 601066.92683, 0.0
592, 1.09877, 0.0, 0.0, 0.0, 0.0, 310.17284, 599817.65432, 0.0
593, 1.1, 0.0, 0.0, 0.0, 1.0, 313.2375, 598534.07407, 0.0
594, 1.10127, 0.0, 0.0, 0.0, 1.0, 311.83544, 597233.425, 0.0
595, 1.10256, 0.0, 0.0, 0.0, 1.0, 310.98718, 596036.43038, 0.0
596, 1.10256, 0.0, 0.0, 0.0, 0.0, 310.38462, 594736.85897, 0.0
597, 1.09091, 0.0, 0.0, 0.0, 1.0, 305.72727, 593458.16667, 0.0
598, 1.09333, 0.0, 0.0, 0.0, 1.0, 305.66667, 592240.87013, 0.0
599, 1.08, 0.0, 0.0, 0.0, 1.0, 301.48, 590928.96, 0.0
600, 1.08219, 0.0, 0.0, 0.0, 1.0, 302.06849, 589676.94667, 0.0
601, 1.08219, 0.0, 0.0, 0.0, 0.0, 301.50685, 588432.68493, 0.0
602, 1.08333, 0.0, 0.0, 0.0, 1.0, 300.58333, 587179.20548, 0.0
603, 1.08333, 0.0, 0.0, 0.0, 0.0, 299.94444, 585907.09722, 0.0
604, 1.06944, 0.0, 0.0, 0.0, 1.0, 295.625, 584647.08333, 0.0
605, 1.05634, 0.0, 0.0, 0.0, 1.0, 289.42254, 583399.93056, 0.0
606, 1.05714, 0.0, 0.0, 0.0, 1.0, 289.5, 582217.78873, 0.0
607, 1.05797, 0.0, 0.0, 0.0, 1.0, 288.6087, 581012.4, 0.0
608, 1.06061, 0.0, 0.0, 0.0, 1.0, 284.92424, 579804.4058, 0.0
609, 1.06061, 0.0, 0.0, 0.0, 0.0, 284.37879, 578405.5303, 0.0
610, 1.06061, 0.0, 0.0, 0.0, 0.0, 283.80303, 577152.31818, 0.0
611, 1.06061, 0.0, 0.0, 0.0, 0.0, 283.31818, 575914.34848, 0.0
612, 1.06061, 0.0, 0.0, 0.0, 0.0, 282.87879, 574672.48485, 0.0
613, 1.06154, 0.0, 0.0, 0.0, 1.0, 281.35385, 573443.77273, 0.0
614, 1.06154, 0.0, 0.0, 0.0, 0.0, 280.69231, 572235.75385, 0.0
615, 1.0625, 0.0, 0.0, 0.0, 1.0, 280.78125, 571015.76923, 0.0
616, 1.06349, 0.0, 0.0, 0.0, 1.0, 278.88889, 569793.73438, 0.0
617, 1.04762, 0.0, 0.0, 0.0, 1.0, 273.74603, 568547.61905, 0.0
618, 1.04839, 0.0, 0.0, 0.0, 1.0, 272.87097, 567341.42857, 0.0
619, 1.04839, 0.0, 0.0, 0.0, 0.0, 272.25806, 566188.27419, 0.0
620, 1.04839, 0.0, 0.0, 0.0, 0.0, 271.59677, 564973.12903, 0.0
621, 1.05, 0.0, 0.0, 0.0, 1.0, 270.36667, 563791.48387, 0.0
622, 1.05172, 0.0, 0.0, 0.0, 1.0, 268.86207, 562526.68333, 0.0
623, 1.05357, 0.0, 0.0, 0.0, 1.0, 266.78571, 561327.7931, 0.0
624, 1.05357, 0.0, 0.0, 0.0, 0.0, 266.17857, 560164.625, 0.0
625, 1.05455, 0.0, 0.0, 0.0, 1.0, 265.41818, 558981.44643, 0.0
626, 1.0566, 0.0, 0.0, 0.0, 1.0, 274.66038, 557846.87273, 0.0
627, 1.05769, 0.0, 0.0, 0.0, 1.0, 273.11538, 556548.67925, 0.0
628, 1.05882, 0.0, 0.0, 0.0, 1.0, 271.70588, 555328.73077, 0.0
629, 1.06, 0.0, 0.0, 0.0, 1.0, 271.14, 554213.03922, 0.0
630, 1.06, 0.0, 0.0, 0.0, 0.0, 270.44, 553099.58, 0.0
631, 1.06, 0.0, 0.0, 0.0, 0.0, 269.76, 551906.84, 0.0
632, 1.06, 0.0, 0.0, 0.0, 0.0, 269.04, 550716.82, 0.0
633, 1.06, 0.0, 0.0, 0.0, 0.0, 268.44, 549531.32, 0.0
634, 1.04, 0.0, 0.0, 0.0, 1.0, 262.02, 548353.04, 0.0
635, 1.04, 0.0, 0.0, 0.0, 0.0, 261.5, 547157.48, 0.0
636, 1.04, 0.0, 0.0, 0.0, 0.0, 260.76, 545981.12, 0.0
637, 1.04, 0.0, 0.0, 0.0, 0.0, 260.16, 544797.66, 0.0
638, 1.04, 0.0, 0.0, 0.0, 0.0, 259.58, 543622.32, 0.0
639, 1.04, 0.0, 0.0, 0.0, 0.0, 259.2, 542451.44, 0.0
640, 1.04082, 0.0, 0.0, 0.0, 1.0, 263.93878, 541290.48, 0.0
641, 1.04167, 0.0, 0.0, 0.0, 1.0, 263.20833, 540220.57143, 0.0
642, 1.04255, 0.0, 0.0, 0.0, 1.0, 268.19149, 539148.25, 0.0
643, 1.04348, 0.0, 0.0, 0.0, 1.0, 267.56522, 537883.55319, 0.0
644, 1.04444, 0.0, 0.0, 0.0, 1.0, 266.44444, 536830.5, 0.0
645, 1.04444, 0.0, 0.0, 0.0, 0.0, 265.82222, 535585.62222, 0.0
646, 1.04444, 0.0, 0.0, 0.0, 0.0, 265.06667, 534426.33333, 0.0
647, 1.04545, 0.0, 0.0, 0.0, 1.0, 264.54545, 533299.0, 0.0
648, 1.04651, 0.0, 0.0, 0.0, 1.0, 270.06977, 532113.52273, 0.0
649, 1.04651, 0.0, 0.0, 0.0, 0.0, 269.53488, 530824.72093, 0.0
650, 1.04878, 0.0, 0.0, 0.0, 1.0, 265.39024, 529715.46512, 0.0
651, 1.04878, 0.0, 0.0, 0.0, 0.0, 264.80488, 528485.82927, 0.0
652, 1.05128, 0.0, 0.0, 0.0, 1.0, 265.25641, 527375.26829, 0.0
653, 1.05128, 0.0, 0.0, 0.0, 0.0, 264.71795, 526020.07692, 0.0
654, 1.05263, 0.0, 0.0, 0.0, 1.0, 260.18421, 524912.10256, 0.0
655, 1.05263, 0.0, 0.0, 0.0, 0.0, 259.78947, 523746.44737, 0.0
656, 1.05405, 0.0, 0.0, 0.0, 1.0, 258.62162, 522637.21053, 0.0
657, 1.05405, 0.0, 0.0, 0.0, 0.0, 257.7027, 521549.13514, 0.0
658, 1.05405, 0.0, 0.0, 0.0, 0.0, 257.21622, 520422.78378, 0.0
659, 1.05405, 0.0, 0.0, 0.0, 0.0, 256.86486, 519306.62162, 0.0
660, 1.05556, 0.0, 0.0, 0.0, 1.0, 255.61111, 518210.54054, 0.0
661, 1.05714, 0.0, 0.0, 0.0, 1.0, 255.51429, 517078.0, 0.0
662, 1.02857, 0.0, 0.0, 0.0, 1.0, 247.77143, 515853.42857, 0.0
663, 1.02941, 0.0, 0.0, 0.0, 1.0, 243.55882, 514747.74286, 0.0
664, 1.02941, 0.0, 0.0, 0.0, 0.0, 243.14706, 513667.32353, 0.0
665, 1.02941, 0.0, 0.0, 0.0, 0.0, 242.64706, 512557.0, 0.0
666, 1.02941, 0.0, 0.0, 0.0, 0.0, 241.97059, 511441.29412, 0.0
667, 1.0303, 0.0, 0.0, 0.0, 1.0, 241.57576, 510360.73529, 0.0
668, 1.0303, 0.0, 0.0, 0.0, 0.0, 241.18182, 509340.30303, 0.0
669, 1.0303, 0.0, 0.0, 0.0, 0.0, 240.72727, 508255.0303, 0.0
670, 1.0303, 0.0, 0.0, 0.0, 0.0, 240.36364, 507150.81818, 0.0
671, 1.0303, 0.0, 0.0, 0.0, 0.0, 240.0303, 506062.90909, 0.0
672, 1.03125, 0.0, 0.0, 0.0, 1.0, 238.625, 504988.84848, 0.0
673, 1.03125, 0.0, 0.0, 0.0, 0.0, 238.125, 503853.78125, 0.0
674, 1.03125, 0.0, 0.0, 0.0, 0.0, 237.65625, 502758.03125, 0.0
675, 1.03226, 0.0, 0.0, 0.0, 1.0, 244.64516, 501699.28125, 0.0
676, 1.03226, 0.0, 0.0, 0.0, 0.0, 243.83871, 500753.6129, 0.0
677, 1.03226, 0.0, 0.0, 0.0, 0.0, 243.35484, 499668.77419, 0.0
678, 1.03333, 0.0, 0.0, 0.0, 1.0, 242.9, 498611.77419, 0.0
679, 1.03333, 0.0, 0.0, 0.0, 0.0, 242.23333, 497712.16667, 0.0
680, 1.03333, 0.0, 0.0, 0.0, 0.0, 241.56667, 496634.53333, 0.0
681, 1.03571, 0.0, 0.0, 0.0, 1.0, 236.67857, 495602.33333, 0.0
682, 1.03571, 0.0, 0.0, 0.0, 0.0, 236.25, 494291.03571, 0.0
683, 1.03704, 0.0, 0.0, 0.0, 1.0, 244.25926, 493265.71429, 0.0
684, 1.04, 0.0, 0.0, 0.0, 1.0, 243.04, 492348.74074, 0.0
685, 1.04, 0.0, 0.0, 0.0, 0.0, 242.52, 491295.76, 0.0
686, 1.04, 0.0, 0.0, 0.0, 0.0, 242.0, 490225.16, 0.0
687, 1.04167, 0.0, 0.0, 0.0, 1.0, 239.54167, 489221.12, 0.0
688, 1.04348, 0.0, 0.0, 0.0, 1.0, 238.78261, 488582.75, 0.0
689, 1.04545, 0.0, 0.0, 0.0, 1.0, 249.09091, 487646.6087, 0.0
690, 1.04545, 0.0, 0.0, 0.0, 0.0, 248.63636, 486364.90909, 0.0
691, 1.04545, 0.0, 0.0, 0.0, 0.0, 248.13636, 485316.13636, 0.0
692, 1.04545, 0.0, 0.0, 0.0, 0.0, 247.68182, 484265.22727, 0.0
693, 1.04545, 0.0, 0.0, 0.0, 0.0, 247.18182, 483234.0, 0.0
694, 1.05, 0.0, 0.0, 0.0, 1.0, 238.3, 482287.77273, 0.0
695, 1.05263, 0.0, 0.0, 0.0, 1.0, 239.21053, 481336.3, 0.0
696, 1.05263, 0.0, 0.0, 0.0, 0.0, 238.84211, 479869.68421, 0.0
697, 1.05263, 0.0, 0.0, 0.0, 0.0, 238.52632, 478823.68421, 0.0
698, 1.05263, 0.0, 0.0, 0.0, 0.0, 238.26316, 477785.78947, 0.0
699, 1.05556, 0.0, 0.0, 0.0, 1.0, 250.88889, 476770.21053, 0.0
700, 1.05882, 0.0, 0.0, 0.0, 1.0, 264.88235, 475691.77778, 0.0
701, 1.05882, 0.0, 0.0, 0.0, 0.0, 264.29412, 474911.52941, 0.0
702, 1.05882, 0.0, 0.0, 0.0, 0.0, 263.94118, 473890.23529, 0.0
703, 1.05882, 0.0, 0.0, 0.0, 0.0, 263.47059, 472864.64706, 0.0
704, 1.05882, 0.0, 0.0, 0.0, 0.0, 263.0, 471840.29412, 0.0
705, 1.0625, 0.0, 0.0, 0.0, 1.0, 261.5, 470907.52941, 0.0
706, 1.0625, 0.0, 0.0, 0.0, 0.0, 261.0, 470231.6875, 0.0
707, 1.06667, 0.0, 0.0, 0.0, 1.0, 262.6, 469254.375, 0.0
708, 1.06667, 0.0, 0.0, 0.0, 0.0, 261.66667, 468335.33333, 0.0
709, 1.07143, 0.0, 0.0, 0.0, 1.0, 265.42857, 467370.33333, 0.0
710, 1.07143, 0.0, 0.0, 0.0, 0.0, 264.85714, 465918.71429, 0.0
711, 1.07143, 0.0, 0.0, 0.0, 0.0, 264.42857, 464923.85714, 0.0
712, 1.07143, 0.0, 0.0, 0.0, 0.0, 264.07143, 463926.14286, 0.0
713, 1.07143, 0.0, 0.0, 0.0, 0.0, 263.64286, 462936.35714, 0.0
714, 1.07143, 0.0, 0.0, 0.0, 0.0, 262.78571, 461968.57143, 0.0
715, 1.0, 0.0, 0.0, 0.0, 1.0, 247.15385, 461053.28571, 0.0
716, 1.0, 0.0, 0.0, 0.0, 0.0, 246.69231, 459855.92308, 0.0
717, 1.0, 0.0, 0.0, 0.0, 0.0, 246.23077, 458862.46154, 0.0
718, 1.0, 0.0, 0.0, 0.0, 0.0, 245.92308, 457865.0, 0.0
719, 1.0, 0.0, 0.0, 0.0, 0.0, 245.69231, 456871.23077, 0.0
720, 1.0, 0.0, 0.0, 0.0, 0.0, 245.53846, 455865.76923, 0.0
721, 1.0, 0.0, 0.0, 0.0, 0.0, 245.15385, 454880.53846, 0.0
722, 1.0, 0.0, 0.0, 0.0, 0.0, 244.69231, 453894.23077, 0.0
723, 1.0, 0.0, 0.0, 0.0, 0.0, 244.23077, 452925.0, 0.0
724, 1.0, 0.0, 0.0, 0.0, 0.0, 243.61538, 451957.23077, 0.0
725, 1.0, 0.0, 0.0, 0.0, 1.0, 242.75, 451070.53846, 0.0
726, 1.0, 0.0, 0.0, 0.0, 0.0, 242.16667, 450169.58333, 0.0
727, 1.0, 0.0, 0.0, 0.0, 0.0, 241.5, 449212.66667, 0.0
728, 1.0, 0.0, 0.0, 0.0, 0.0, 241.25, 448244.0, 0.0
729, 1.0, 0.0, 0.0, 0.0, 0.0, 240.83333, 447291.0, 0.0
730, 1.0, 0.0, 0.0, 0.0, 0.0, 240.08333, 446328.5, 0.0
731, 1.0, 0.0, 0.0, 0.0, 1.0, 242.45455, 445482.08333, 0.0
732, 1.0, 0.0, 0.0, 0.0, 0.0, 242.18182, 444174.27273, 0.0
733, 1.0, 0.0, 0.0, 0.0, 0.0, 241.63636, 443221.36364, 0.0
734, 1.0, 0.0, 0.0, 0.0, 0.0, 240.90909, 442276.54545, 0.0
735, 1.0, 0.0, 0.0, 0.0, 0.0, 240.09091, 441325.45455, 0.0
736, 1.0, 0.0, 0.0, 0.0, 0.0, 239.45455, 440388.18182, 0.0
737, 1.0, 0.0, 0.0, 0.0, 0.0, 238.90909, 439441.18182, 0.0
738, 1.0, 0.0, 0.0, 0.0, 0.0, 238.36364, 438493.54545, 0.0
739, 1.0, 0.0, 0.0, 0.0, 0.0, 238.0, 437556.72727, 0.0
740, 1.0, 0.0, 0.0, 0.0, 0.0, 237.63636, 436591.72727, 0.0
741, 1.0, 0.0, 0.0, 0.0, 0.0, 236.72727, 435651.45455, 0.0
742, 1.0, 0.0, 0.0, 0.0, 0.0, 236.27273, 434715.54545, 0.0
743, 1.0, 0.0, 0.0, 0.0, 0.0, 236.0, 433782.54545, 0.0
744, 1.0, 0.0, 0.0, 0.0, 0.0, 235.63636, 432852.09091, 0.0
745, 1.0, 0.0, 0.0, 0.0, 0.0, 235.45455, 431911.90909, 0.0
746, 1.0, 0.0, 0.0, 0.0, 1.0, 236.4, 431007.18182, 0.0
747, 1.0, 0.0, 0.0, 0.0, 0.0, 235.6, 430121.3, 0.0
748, 1.0, 0.0, 0.0, 0.0, 0.0, 234.7, 429200.8, 0.0
749, 1.0, 0.0, 0.0, 0.0, 0.0, 234.5, 428268.3, 0.0
750, 1.0, 0.0, 0.0, 0.0, 0.0, 233.7, 427329.1, 0.0
751, 1.0, 0.0, 0.0, 0.0, 1.0, 229.66667, 426507.7, 0.0
752, 1.0, 0.0, 0.0, 0.0, 0.0, 229.33333, 425617.11111, 0.0
753, 1.0, 0.0, 0.0, 0.0, 1.0, 231.125, 424773.88889, 0.0
754, 1.0, 0.0, 0.0, 0.0, 0.0, 230.625, 423794.875, 0.0
755, 1.0, 0.0, 0.0, 0.0, 0.0, 229.75, 422868.25, 0.0
756, 1.0, 0.0, 0.0, 0.0, 0.0, 229.75, 421963.75, 0.0
757, 1.0, 0.0, 0.0, 0.0, 0.0, 229.5, 421052.25, 0.0
758, 1.0, 0.0, 0.0, 0.0, 0.0, 229.125, 420127.0, 0.0
759, 1.0, 0.0, 0.0, 0.0, 0.0, 228.875, 419239.625, 0.0
760, 1.0, 0.0, 0.0, 0.0, 0.0, 228.625, 418336.375, 0.0
761, 1.0, 0.0, 0.0, 0.0, 0.0, 228.0, 417421.125, 0.0
762, 1.0, 0.0, 0.0, 0.0, 0.0, 227.75, 416508.875, 0.0
763, 1.0, 0.0, 0.0, 0.0, 0.0, 227.5, 415618.25, 0.0
764, 1.0, 0.0, 0.0, 0.0, 0.0, 227.375, 414697.875, 0.0
765, 1.0, 0.0, 0.0, 0.0, 0.0, 226.375, 413800.25, 0.0
766, 1.0, 0.0, 0.0, 0.0, 0.0, 225.75, 412884.0, 0.0
767, 1.0, 0.0, 0.0, 0.0, 0.0, 225.375, 411976.0, 0.0
768, 1.0, 0.0, 0.0, 0.0, 0.0, 225.125, 411070.625, 0.0
769, 1.0, 0.0, 0.0, 0.0, 0.0, 225.0, 410186.0, 0.0
770, 1.0, 0.0, 0.0, 0.0, 0.0, 225.0, 409288.25, 0.0
771, 1.0, 0.0, 0.0, 0.0, 0.0, 224.25, 408401.625, 0.0
772, 1.0, 0.0, 0.0, 0.0, 0.0, 224.0, 407505.125, 0.0
773, 1.0, 0.0, 0.0, 0.0, 0.0, 223.25, 406620.5, 0.0
774, 1.0, 0.0, 0.0, 0.0, 1.0, 216.0, 405879.375, 0.0
775, 1.0, 0.0, 0.0, 0.0, 0.0, 215.0, 404522.28571, 0.0
776, 1.0, 0.0, 0.0, 0.0, 0.0, 214.28571, 403641.14286, 0.0
777, 1.0, 0.0, 0.0, 0.0, 0.0, 214.14286, 402775.71429, 0.0
778, 1.0, 0.0, 0.0, 0.0, 0.0, 213.42857, 401905.71429, 0.0
779, 1.0, 0.0, 0.0, 0.0, 0.0, 212.85714, 401047.71429, 0.0
780, 1.0, 0.0, 0.0, 0.0, 1.0, 211.33333, 400231.0, 0.0
781, 1.0, 0.0, 0.0, 0.0, 0.0, 210.66667, 399291.5, 0.0
782, 1.0, 0.0, 0.0, 0.0, 0.0, 210.66667, 398411.16667, 0.0
783, 1.0, 0.0, 0.0, 0.0, 1.0, 213.6, 397663.33333, 0.0
784, 1.0, 0.0, 0.0, 0.0, 0.0, 213.0, 395936.6, 0.0
785, 1.0, 0.0, 0.0, 0.0, 0.0, 212.8, 395107.8, 0.0
786, 1.0, 0.0, 0.0, 0.0, 0.0, 212.0, 394252.0, 0.0
787, 1.0, 0.0, 0.0, 0.0, 0.0, 211.8, 393400.2, 0.0
788, 1.0, 0.0, 0.0, 0.0, 0.0, 211.8, 392565.6, 0.0
789, 1.0, 0.0, 0.0, 0.0, 0.0, 211.0, 391688.2, 0.0
790, 1.0, 0.0, 0.0, 0.0, 0.0, 210.4, 390844.0, 0.0
791, 1.0, 0.0, 0.0, 0.0, 0.0, 209.6, 390000.8, 0.0
792, 1.0, 0.0, 0.0, 0.0, 0.0, 209.0, 389143.6, 0.0
793, 1.0, 0.0, 0.0, 0.0, 0.0, 208.6, 388311.6, 0.0
794, 1.0, 0.0, 0.0, 0.0, 0.0, 207.6, 387487.8, 0.0
795, 1.0, 0.0, 0.0, 0.0, 0.0, 206.8, 386656.4, 0.0
796, 1.0, 0.0, 0.0, 0.0, 1.0, 209.0, 386016.4, 0.0
797, 1.0, 0.0, 0.0, 0.0, 0.0, 209.0, 386102.75, 0.0
798, 1.0, 0.0, 0.0, 0.0, 1.0, 216.0, 385408.75, 0.0
799, 1.0, 0.0, 0.0, 0.0, 0.0, 215.66667, 384152.66667, 0.0
800, 1.0, 0.0, 0.0, 0.0, 0.0, 215.33333, 383345.66667, 0.0
801, 1.0, 0.0, 0.0, 0.0, 0.0, 214.66667, 382507.33333, 0.0
802, 1.0, 0.0, 0.0, 0.0, 0.0, 214.33333, 381669.66667, 0.0
803, 1.0, 0.0, 0.0, 0.0, 0.0, 214.0, 380828.0, 0.0
804, 1.0, 0.0, 0.0, 0.0, 0.0, 213.0, 380010.33333, 0.0
805, 1.0, 0.0, 0.0, 0.0, 0.0, 212.66667, 379193.0, 0.0
806, 1.0, 0.0, 0.0, 0.0, 0.0, 212.66667, 378400.0, 0.0
807, 1.0, 0.0, 0.0, 0.0, 0.0, 212.33333, 377574.33333, 0.0
808, 1.0, 0.0, 0.0, 0.0, 0.0, 212.33333, 376769.33333, 0.0
809, 1.0, 0.0, 0.0, 0.0, 0.0, 212.0, 375934.0, 0.0
810, 1.0, 0.0, 0.0, 0.0, 0.0, 211.66667, 375088.0, 0.0
811, 1.0, 0.0, 0.0, 0.0, 0.0, 210.66667, 374266.0, 0.0
812, 1.0, 0.0, 0.0, 0.0, 0.0, 209.66667, 373442.66667, 0.0
813, 1.0, 0.0, 0.0, 0.0, 0.0, 209.66667, 372629.0, 0.0
814, 1.0, 0.0, 0.0, 0.0, 0.0, 209.0, 371858.66667, 0.0
815, 1.0, 0.0, 0.0, 0.0, 0.0, 208.33333, 371053.0, 0.0
816, 1.0, 0.0, 0.0, 0.0, 0.0, 208.0, 370261.66667, 0.0
817, 1.0, 0.0, 0.0, 0.0, 0.0, 208.0, 369500.0, 0.0
818, 1.0, 0.0, 0.0, 0.0, 0.0, 207.33333, 368689.0, 0.0
819, 1.0, 0.0, 0.0, 0.0, 0.0, 206.66667, 367945.33333, 0.0
820, 1.0, 0.0, 0.0, 0.0, 0.0, 206.33333, 367169.0, 0.0
821, 1.0, 0.0, 0.0, 0.0, 0.0, 206.33333, 366345.66667, 0.0
822, 1.0, 0.0, 0.0, 0.0, 0.0, 205.66667, 365572.66667, 0.0
823, 1.0, 0.0, 0.0, 0.0, 0.0, 205.33333, 364801.66667, 0.0
824, 1.0, 0.0, 0.0, 0.0, 0.0, 205.33333, 364002.66667, 0.0
825, 1.0, 0.0, 0.0, 0.0, 0.0, 205.33333, 363203.0, 0.0
826, 1.0, 0.0, 0.0, 0.0, 0.0, 204.66667, 362409.33333, 0.0
827, 1.0, 0.0, 0.0, 0.0, 0.0, 203.33333, 361603.33333, 0.0
828, 1.0, 0.0, 0.0, 0.0, 0.0, 203.0, 360849.66667, 0.0
829, 1.0, 0.0, 0.0, 0.0, 0.0, 203.0, 360061.33333, 0.0
830, 1.0, 0.0, 0.0, 0.0, 0.0, 202.0, 359281.0, 0.0
831, 1.0, 0.0, 0.0, 0.0, 0.0, 202.0, 358508.66667, 0.0
832, 1.0, 0.0, 0.0, 0.0, 0.0, 201.33333, 357749.0, 0.0
833, 1.0, 0.0, 0.0, 0.0, 0.0, 201.33333, 356949.0, 0.0
834, 1.0, 0.0, 0.0, 0.0, 0.0, 200.33333, 356166.0, 0.0
835, 1.0, 0.0, 0.0, 0.0, 0.0, 200.0, 355351.0, 0.0
836, 1.0, 0.0, 0.0, 0.0, 0.0, 200.0, 354627.66667, 0.0
837, 1.0, 0.0, 0.0, 0.0, 0.0, 198.66667, 353863.33333, 0.0
838, 1.0, 0.0, 0.0, 0.0, 0.0, 198.33333, 353099.33333, 0.0
839, 1.0, 0.0, 0.0, 0.0, 0.0, 198.0, 352344.0, 0.0
840, 1.0, 0.0, 0.0, 0.0, 0.0, 198.0, 351586.0, 0.0
841, 1.0, 0.0, 0.0, 0.0, 0.0, 197.66667, 350840.33333, 0.0
842, 1.0, 0.0, 0.0, 0.0, 0.0, 197.33333, 350066.33333, 0.0
843, 1.0, 0.0, 0.0, 0.0, 0.0, 197.33333, 349299.66667, 0.0
844, 1.0, 0.0, 0.0, 0.0, 0.0, 197.0, 348560.33333, 0.0
845, 1.0, 0.0, 0.0, 0.0, 0.0, 196.66667, 347766.33333, 0.0
846, 1.0, 0.0, 0.0, 0.0, 0.0, 196.0, 347015.33333, 0.0
847, 1.0, 0.0, 0.0, 0.0, 0.0, 195.66667, 346250.66667, 0.0
848, 1.0, 0.0, 0.0, 0.0, 0.0, 195.66667, 345504.66667, 0.0
849, 1.0, 0.0, 0.0, 0.0, 0.0, 195.66667, 344785.66667, 0.0
850, 1.0, 0.0, 0.0, 0.0, 0.0, 195.66667, 344031.33333, 0.0
851, 1.0, 0.0, 0.0, 0.0, 0.0, 195.66667, 343263.0, 0.0
852, 1.0, 0.0, 0.0, 0.0, 0.0, 195.66667, 342534.66667, 0.0
853, 1.0, 0.0, 0.0, 0.0, 0.0, 195.33333, 341812.66667, 0.0
854, 1.0, 0.0, 0.0, 0.0, 0.0, 194.66667, 341080.0, 0.0
855, 1.0, 0.0, 0.0, 0.0, 0.0, 194.33333, 340337.66667, 0.0
856, 1.0, 0.0, 0.0, 0.0, 0.0, 194.0, 339598.0, 0.0
857, 1.0, 0.0, 0.0, 0.0, 0.0, 193.33333, 338843.66667, 0.0
858, 1.0, 0.0, 0.0, 0.0, 0.0, 192.66667, 338104.66667, 0.0
859, 1.0, 0.0, 0.0, 0.0, 0.0, 192.33333, 337377.66667, 0.0
860, 1.0, 0.0, 0.0, 0.0, 0.0, 192.33333, 336646.0, 0.0
861, 1.0, 0.0, 0.0, 0.0, 0.0, 191.66667, 335907.66667, 0.0
862, 1.0, 0.0, 0.0, 0.0, 0.0, 191.0, 335190.66667, 0.0
863, 1.0, 0.0, 0.0, 0.0, 0.0, 190.33333, 334432.66667, 0.0
864, 1.0, 0.0, 0.0, 0.0, 0.0, 189.66667, 333715.0, 0.0
865, 1.0, 0.0, 0.0, 0.0, 0.0, 189.0, 333012.33333, 0.0
866, 1.0, 0.0, 0.0, 0.0, 0.0, 188.33333, 332307.33333, 0.0
867, 1.0, 0.0, 0.0, 0.0, 0.0, 187.66667, 331576.66667, 0.0
868, 1.0, 0.0, 0.0, 0.0, 0.0, 187.33333, 330852.0, 0.0
869, 1.0, 0.0, 0.0, 0.0, 0.0, 187.0, 330155.33333, 0.0
870, 1.0, 0.0, 0.0, 0.0, 0.0, 187.0, 329440.33333, 0.0
871, 1.0, 0.0, 0.0, 0.0, 0.0, 186.66667, 328693.66667, 0.0
872, 1.0, 0.0, 0.0, 0.0, 0.0, 186.0, 327983.0, 0.0
873, 1.0, 0.0, 0.0, 0.0, 0.0, 185.0, 327286.33333, 0.0
874, 1.0, 0.0, 0.0, 0.0, 0.0, 184.66667, 326564.33333, 0.0
875, 1.0, 0.0, 0.0, 0.0, 0.0, 183.33333, 325848.33333, 0.0
876, 1.0, 0.0, 0.0, 0.0, 0.0, 183.33333, 325155.0, 0.0
877, 1.0, 0.0, 0.0, 0.0, 0.0, 182.66667, 324466.0, 0.0
878, 1.0, 0.0, 0.0, 0.0, 0.0, 182.33333, 323753.66667, 0.0
879, 1.0, 0.0, 0.0, 0.0, 0.0, 182.0, 323026.0, 0.0
880, 1.0, 0.0, 0.0, 0.0, 0.0, 181.0, 322314.0, 0.0
881, 1.0, 0.0, 0.0, 0.0, 0.0, 180.66667, 321599.66667, 0.0
882, 1.0, 0.0, 0.0, 0.0, 0.0, 180.0, 320900.33333, 0.0
883, 1.0, 0.0, 0.0, 0.0, 0.0, 180.0, 320209.0, 0.0
884, 1.0, 0.0, 0.0, 0.0, 0.0, 179.66667, 319545.66667, 0.0
885, 1.0, 0.0, 0.0, 0.0, 0.0, 178.33333, 318830.66667, 0.0
886, 1.0, 0.0, 0.0, 0.0, 0.0, 177.66667, 318161.33333, 0.0
887, 1.0, 0.0, 0.0, 0.0, 0.0, 177.66667, 317472.66667, 0.0
888, 1.0, 0.0, 0.0, 0.0, 0.0, 177.33333, 316810.66667, 0.0
889, 1.0, 0.0, 0.0, 0.0, 0.0, 177.0, 316126.33333, 0.0
890, 1.0, 0.0, 0.0, 0.0, 0.0, 177.0, 315451.66667, 0.0
891, 1.0, 0.0, 0.0, 0.0, 0.0, 177.0, 314783.33333, 0.0
892, 1.0, 0.0, 0.0, 0.0, 0.0, 176.66667, 314107.66667, 0.0
893, 1.0, 0.0, 0.0, 0.0, 0.0, 176.66667, 313425.0, 0.0
894, 1.0, 0.0, 0.0, 0.0, 0.0, 176.66667, 312745.0, 0.0
895, 1.0, 0.0, 0.0, 0.0, 0.0, 176.66667, 312092.0, 0.0
896, 1.0, 0.0, 0.0, 0.0, 0.0, 176.66667, 311452.66667, 0.0
897, 1.0, 0.0, 0.0, 0.0, 0.0, 176.33333, 310778.0, 0.0
898, 1.0, 0.0, 0.0, 0.0, 0.0, 175.33333, 310134.33333, 0.0
899, 1.0, 0.0, 0.0, 0.0, 0.0, 175.0, 309472.33333, 0.0
900, 1.0, 0.0, 0.0, 0.0, 0.0, 175.0, 308818.33333, 0.0
901, 1.0, 0.0, 0.0, 0.0, 0.0, 174.66667, 308134.66667, 0.0
902, 1.0, 0.0, 0.0, 0.0, 0.0, 174.33333, 307473.33333, 0.0
903, 1.0, 0.0, 0.0, 0.0, 0.0, 174.33333, 306824.66667, 0.0
904, 1.0, 0.0, 0.0, 0.0, 0.0, 174.0, 306187.33333, 0.0
905, 1.0, 0.0, 0.0, 0.0, 0.0, 173.66667, 305515.33333, 0.0
906, 1.0, 0.0, 0.0, 0.0, 0.0, 173.0, 304851.0, 0.0
907, 1.0, 0.0, 0.0, 0.0, 0.0, 172.66667, 304192.33333, 0.0
908, 1.0, 0.0, 0.0, 0.0, 0.0, 172.33333, 303550.0, 0.0
909, 1.0, 0.0, 0.0, 0.0, 0.0, 172.33333, 302954.0, 0.0
910, 1.0, 0.0, 0.0, 0.0, 0.0, 172.0, 302297.33333, 0.0
911, 1.0, 0.0, 0.0, 0.0, 0.0, 171.66667, 301680.33333, 0.0
912, 1.0, 0.0, 0.0, 0.0, 0.0, 171.66667, 301031.0, 0.0
913, 1.0, 0.0, 0.0, 0.0, 0.0, 171.66667, 300388.0, 0.0
914, 1.0, 0.0, 0.0, 0.0, 0.0, 171.66667, 299765.33333, 0.0
915, 1.0, 0.0, 0.0, 0.0, 0.0, 171.66667, 299135.33333, 0.0
916, 1.0, 0.0, 0.0, 0.0, 0.0, 170.33333, 298499.66667, 0.0
917, 1.0, 0.0, 0.0, 0.0, 0.0, 169.33333, 297860.0, 0.0
918, 1.0, 0.0, 0.0, 0.0, 0.0, 169.0, 297262.33333, 0.0
919, 1.0, 0.0, 0.0, 0.0, 0.0, 169.0, 296616.33333, 0.0
920, 1.0, 0.0, 0.0, 0.0, 0.0, 169.0, 295963.66667, 0.0
921, 1.0, 0.0, 0.0, 0.0, 0.0, 169.0, 295338.0, 0.0
922, 1.0, 0.0, 0.0, 0.0, 0.0, 169.0, 294700.33333, 0.0
923, 1.0, 0.0, 0.0, 0.0, 0.0, 168.33333, 294091.66667, 0.0
924, 1.0, 0.0, 0.0, 0.0, 0.0, 168.0, 293455.33333, 0.0
925, 1.0, 0.0, 0.0, 0.0, 0.0, 167.66667, 292805.0, 0.0
926, 1.0, 0.0, 0.0, 0.0, 0.0, 167.0, 292179.33333, 0.0
927, 1.0, 0.0, 0.0, 0.0, 0.0, 167.0, 291531.0, 0.0
928, 1.0, 0.0, 0.0, 0.0, 0.0, 166.66667, 290896.33333, 0.0
929, 1.0, 0.0, 0.0, 0.0, 0.0, 166.66667, 290280.0, 0.0
930, 1.0, 0.0, 0.0, 0.0, 0.0, 166.33333, 289654.33333, 0.0
931, 1.0, 0.0, 0.0, 0.0, 0.0, 166.0, 289023.66667, 0.0
932, 1.0, 0.0, 0.0, 0.0, 0.0, 165.66667, 288392.33333, 0.0
933, 1.0, 0.0, 0.0, 0.0, 0.0, 165.33333, 287781.0, 0.0
934, 1.0, 0.0, 0.0, 0.0, 0.0, 164.66667, 287176.0, 0.0
935, 1.0, 0.0, 0.0, 0.0, 0.0, 164.33333, 286559.0, 0.0
936, 1.0, 0.0, 0.0, 0.0, 0.0, 164.33333, 285945.0, 0.0
937, 1.0, 0.0, 0.0, 0.0, 1.0, 169.5, 285530.0, 0.0
938, 1.0, 0.0, 0.0, 0.0, 0.0, 169.5, 283243.0, 0.0
939, 1.0, 0.0, 0.0, 0.0, 0.0, 169.5, 282659.5, 0.0
940, 1.0, 0.0, 0.0, 0.0, 0.0, 169.5, 282038.0, 0.0
941, 1.0, 0.0, 0.0, 0.0, 0.0, 168.5, 281473.5, 0.0
942, 1.0, 0.0, 0.0, 0.0, 0.0, 168.0, 280892.5, 0.0
943, 1.0, 0.0, 0.0, 0.0, 0.0, 167.5, 280265.5, 0.0
944, 1.0, 0.0, 0.0, 0.0, 0.0, 167.5, 279707.5, 0.0
945, 1.0, 0.0, 0.0, 0.0, 0.0, 167.5, 279095.5, 0.0
946, 1.0, 0.0, 0.0, 0.0, 0.0, 167.5, 278456.0, 0.0
947, 1.0, 0.0, 0.0, 0.0, 0.0, 167.0, 277861.5, 0.0
948, 1.0, 0.0, 0.0, 0.0, 0.0, 166.0, 277242.5, 0.0
949, 1.0, 0.0, 0.0, 0.0, 0.0, 165.5, 276631.0, 0.0
950, 1.0, 0.0, 0.0, 0.0, 0.0, 165.5, 276042.0, 0.0
951, 1.0, 0.0, 0.0, 0.0, 0.0, 164.5, 275438.0, 0.0
952, 1.0, 0.0, 0.0, 0.0, 0.0, 164.5, 274880.0, 0.0
953, 1.0, 0.0, 0.0, 0.0, 0.0, 164.0, 274283.0, 0.0
954, 1.0, 0.0, 0.0, 0.0, 0.0, 163.0, 273687.5, 0.0
955, 1.0, 0.0, 0.0, 0.0, 0.0, 162.5, 273114.0, 0.0
956, 1.0, 0.0, 0.0, 0.0, 0.0, 162.0, 272503.0, 0.0
957, 1.0, 0.0, 0.0, 0.0, 0.0, 162.0, 271912.5, 0.0
958, 1.0, 0.0, 0.0, 0.0, 0.0, 161.5, 271342.5, 0.0
959, 1.0, 0.0, 0.0, 0.0, 0.0, 161.0, 270718.5, 0.0
960, 1.0, 0.0, 0.0, 0.0, 0.0, 160.0, 270104.0, 0.0
961, 1.0, 0.0, 0.0, 0.0, 0.0, 160.0, 269555.5, 0.0
962, 1.0, 0.0, 0.0, 0.0, 0.0, 159.5, 268970.5, 0.0
963, 1.0, 0.0, 0.0, 0.0, 0.0, 158.5, 268345.0, 0.0
964, 1.0, 0.0, 0.0, 0.0, 0.0, 158.5, 267780.5, 0.0
965, 1.0, 0.0, 0.0, 0.0, 0.0, 158.5, 267198.0, 0.0
966, 1.0, 0.0, 0.0, 0.0, 0.0, 158.5, 266633.0, 0.0
967, 1.0, 0.0, 0.0, 0.0, 0.0, 158.0, 266102.0, 0.0
968, 1.0, 0.0, 0.0, 0.0, 0.0, 157.5, 265536.0, 0.0
969, 1.0, 0.0, 0.0, 0.0, 1.0, 158.0, 265319.0, 0.0
970, 1.0, 0.0, 0.0, 0.0, 0.0, 158.0, 265790.0, 0.0
971, 1.0, 0.0, 0.0, 0.0, 0.0, 158.0, 265218.0, 0.0
972, 1.0, 0.0, 0.0, 0.0, 0.0, 158.0, 264610.0, 0.0
973, 1.0, 0.0, 0.0, 0.0, 0.0, 157.0, 264039.0, 0.0
974, 1.0, 0.0, 0.0, 0.0, 0.0, 157.0, 263459.0, 0.0
975, 1.0, 0.0, 0.0, 0.0, 0.0, 157.0, 262905.0, 0.0
976, 1.0, 0.0, 0.0, 0.0, 0.0, 156.0, 262367.0, 0.0
977, 1.0, 0.0, 0.0, 0.0, 0.0, 155.0, 261743.0, 0.0
978, 1.0, 0.0, 0.0, 0.0, 0.0, 155.0, 261194.0, 0.0
979, 1.0, 0.0, 0.0, 0.0, 0.0, 153.0, 260614.0, 0.0
980, 1.0, 0.0, 0.0, 0.0, 0.0, 152.0, 260030.0, 0.0
981, 1.0, 0.0, 0.0, 0.0, 0.0, 152.0, 259501.0, 0.0
982, 1.0, 0.0, 0.0, 0.0, 0.0, 152.0, 258937.0, 0.0
983, 1.0, 0.0, 0.0, 0.0, 0.0, 152.0, 258363.0, 0.0
984, 1.0, 0.0, 0.0, 0.0, 0.0, 151.0, 257811.0, 0.0
985, 1.0, 0.0, 0.0, 0.0, 0.0, 151.0, 257250.0, 0.0
986, 1.0, 0.0, 0.0, 0.0, 0.0, 151.0, 256758.0, 0.0
987, 1.0, 0.0, 0.0, 0.0, 0.0, 151.0, 256204.0, 0.0
988, 1.0, 0.0, 0.0, 0.0, 0.0, 150.0, 255662.0, 0.0
989, 1.0, 0.0, 0.0, 0.0, 0.0, 150.0, 255113.0, 0.0
990, 1.0, 0.0, 0.0, 0.0, 0.0, 150.0, 254550.0, 0.0
991, 1.0, 0.0, 0.0, 0.0, 0.0, 150.0, 254041.0, 0.0
992, 1.0, 0.0, 0.0, 0.0, 0.0, 150.0, 253515.0, 0.0
993, 1.0, 0.0, 0.0, 0.0, 0.0, 150.0, 252971.0, 0.0
994, 1.0, 0.0, 0.0, 0.0, 0.0, 149.0, 252407.0, 0.0
995, 1.0, 0.0, 0.0, 0.0, 0.0, 149.0, 251834.0, 0.0
996, 1.0, 0.0, 0.0, 0.0, 0.0, 148.0, 251300.0, 0.0
997, 1.0, 0.0, 0.0, 0.0, 0.0, 147.0, 250753.0, 0.0
998, 1.0, 0.0, 0.0, 0.0, 0.0, 147.0, 250198.0, 0.0
999, 1.0, 0.0, 0.0, 0.0, 0.0, 147.0, 249635.0, 0.0
1000, 1.0, 0.0, 0.0, 0.0, 0.0, 147.0, 249053.0, 0.0
1001, 1.0, 0.0, 0.0, 0.0, 0.0, 147.0, 248457.0, 0.0
1002, 1.0, 0.0, 0.0, 0.0, 0.0, 146.0, 247959.0, 0.0
1003, 1.0, 0.0, 0.0, 0.0, 0.0, 144.0, 247415.0, 0.0
1004, 1.0, 0.0, 0.0, 0.0, 0.0, 142.0, 246903.0, 0.0
1005, 1.0, 0.0, 0.0, 0.0, 0.0, 142.0, 246373.0, 0.0
1006, 1.0, 0.0, 0.0, 0.0, 0.0, 141.0, 245861.0, 0.0
1007, 1.0, 0.0, 0.0, 0.0, 0.0, 140.0, 245267.0, 0.0
1008, 1.0, 0.0, 0.0, 0.0, 0.0, 139.0, 244737.0, 0.0
1009, 1.0, 0.0, 0.0, 0.0, 0.0, 139.0, 244229.0, 0.0
1010, 1.0, 0.0, 0.0, 0.0, 0.0, 138.0, 243647.0, 0.0
1011, 1.0, 0.0, 0.0, 0.0, 0.0, 137.0, 243131.0, 0.0
1012, 1.0, 0.0, 0.0, 0.0, 0.0, 137.0, 242606.0, 0.0
1013, 1.0, 0.0, 0.0, 0.0, 0.0, 137.0, 242058.0, 0.0
1014, 1.0, 0.0, 0.0, 0.0, 0.0, 137.0, 241520.0, 0.0
1015, 1.0, 0.0, 0.0, 0.0, 0.0, 137.0, 240988.0, 0.0
1016, 1.0, 0.0, 0.0, 0.0, 0.0, 137.0, 240446.0, 0.0
1017, 1.0, 0.0, 0.0, 0.0, 0.0, 136.0, 239932.0, 0.0
1018, 1.0, 0.0, 0.0, 0.0, 0.0, 135.0, 239421.0, 0.0
1019, 1.0, 0.0, 0.0, 0.0, 0.0, 134.0, 238945.0, 0.0
1020, 1.0, 0.0, 0.0, 0.0, 0.0, 134.0, 238434.0, 0.0
1021, 1.0, 0.0, 0.0, 0.0, 0.0, 133.0, 237908.0, 0.0
1022, 1.0, 0.0, 0.0, 0.0, 0.0, 133.0, 237349.0, 0.0
1023, 1.0, 0.0, 0.0, 0.0, 0.0, 133.0, 236855.0, 0.0
1024, 1.0, 0.0, 0.0, 0.0, 0.0, 133.0, 236337.0, 0.0
1025, 1.0, 0.0, 0.0, 0.0, 0.0, 133.0, 235792.0, 0.0
1026, 1.0, 0.0, 0.0, 0.0, 0.0, 133.0, 235297.0, 0.0
1027, 1.0, 0.0, 0.0, 0.0, 0.0, 133.0, 234790.0, 0.0
1028, 1.0, 0.0, 0.0, 0.0, 0.0, 133.0, 234287.0, 0.0
1029, 1.0, 0.0, 0.0, 0.0, 0.0, 132.0, 233833.0, 0.0
1030, 1.0, 0.0, 0.0, 0.0, 0.0, 132.0, 233300.0, 0.0
1031, 1.0, 0.0, 0.0, 0.0, 0.0, 132.0, 232800.0, 0.0
1032, 1.0, 0.0, 0.0, 0.0, 0.0, 132.0, 232310.0, 0.0
1033, 1.0, 0.0, 0.0, 0.0, 0.0, 130.0, 231791.0, 0.0
1034, 1.0, 0.0, 0.0, 0.0, 0.0, 130.0, 231338.0, 0.0
1035, 1.0, 0.0, 0.0, 0.0, 0.0, 130.0, 230857.0, 0.0
1036, 1.0, 0.0, 0.0, 0.0, 0.0, 130.0, 230352.0, 0.0
1037, 1.0, 0.0, 0.0, 0.0, 0.0, 128.0, 229849.0, 0.0
1038, 1.0, 0.0, 0.0, 0.0, 0.0, 128.0, 229385.0, 0.0
1039, 1.0, 0.0, 0.0, 0.0, 0.0, 128.0, 228919.0, 0.0
1040, 1.0, 0.0, 0.0, 0.0, 0.0, 128.0, 228385.0, 0.0
1041, 1.0, 0.0, 0.0, 0.0, 0.0, 128.0, 227897.0, 0.0
1042, 1.0, 0.0, 0.0, 0.0, 0.0, 127.0, 227399.0, 0.0
1043, 1.0, 0.0, 0.0, 0.0, 0.0, 127.0, 226885.0, 0.0
1044, 1.0, 0.0, 0.0, 0.0, 0.0, 127.0, 226428.0, 0.0
1045, 1.0, 0.0, 0.0, 0.0, 0.0, 127.0, 225964.0, 0.0
1046, 1.0, 0.0, 0.0, 0.0, 0.0, 127.0, 225480.0, 0.0
1047, 1.0, 0.0, 0.0, 0.0, 0.0, 127.0, 225009.0, 0.0
1048, 1.0, 0.0, 0.0, 0.0, 0.0, 126.0, 224531.0, 0.0
1049, 1.0, 0.0, 0.0, 0.0, 0.0, 126.0, 224049.0, 0.0
1050, 1.0, 0.0, 0.0, 0.0, 0.0, 126.0, 223568.0, 0.0
1051, 1.0, 0.0, 0.0, 0.0, 0.0, 126.0, 223083.0, 0.0
1052, 1.0, 0.0, 0.0, 0.0, 0.0, 126.0, 222589.0, 0.0
1053, 1.0, 0.0, 0.0, 0.0, 0.0, 126.0, 222095.0, 0.0
1054, 1.0, 0.0, 0.0, 0.0, 0.0, 126.0, 221646.0, 0.0
1055, 1.0, 0.0, 0.0, 0.0, 0.0, 126.0, 221213.0, 0.0
1056, 0.0, 0.0, 0.0, 0.0, 1.0, 0.0, 220997.0, 0.0
