time, seeders, joined, request_count, response_size, left, awareness, bad_data, leechers
0, 0.0, 0.0, 0.0, 0.0, 0.0, 1001.0, 0.0, 0.0
1, 0.0, 148.502, 571.15056, 3.81029, 0.0, 78304.286, 0.0, 148.502
2, 0.0, 70.144, 490.54802, 9.16202, 8.292, 106323.372, 4751.008, 211.354
3, 0.0, 68.124, 486.34842, 12.3966, 6.9519, 135153.942, 8275.97, 272.54
4, 0.0, 65.952, 484.73132, 15.55785, 8.19, 162190.836, 12389.484, 330.302
5, 0.0, 63.736, 482.03527, 18.58604, 9.68136, 187192.748, 17208.53, 384.376
6, 0.0, 61.806, 479.71071, 21.58282, 11.016, 210431.45, 22635.27, 435.166
7, 0.0, 60.116, 477.8262, 24.47366, 12.038, 232163.646, 28573.448, 483.244
8, 0.0, 57.926, 475.69313, 27.1845, 13.238, 252116.234, 35087.356, 527.932
9, 0.0, 55.626, 473.35778, 29.79359, 14.428, 270347.052, 42081.648, 569.13
10, 0.0, 53.746, 472.33282, 32.27826, 15.254, 287079.97, 49621.504, 607.622
11, 115.862, 52.034, 468.86651, 34.65516, 13.422, 303422.222, 55911.698, 530.372
12, 166.872, 50.746, 468.60836, 36.95273, 16.836, 317443.78, 63872.648, 513.272
13, 216.456, 48.528, 465.6487, 39.09475, 16.012, 330738.578, 71328.486, 496.204
14, 263.318, 47.834, 465.00397, 41.19534, 16.458, 343389.216, 79042.018, 480.718
15, 308.136, 46.322, 464.53089, 43.25797, 17.062, 355164.08, 86892.836, 465.16
16, 350.654, 43.964, 462.44655, 45.26413, 16.988, 365816.432, 94697.59, 449.618
17, 390.726, 42.922, 460.81264, 47.14202, 17.428, 375690.12, 102734.766, 435.04
18, 428.71, 41.35, 460.43531, 48.895, 17.866, 384741.346, 110871.15, 420.54
19, 464.548, 40.618, 460.58398, 50.67607, 18.122, 393397.034, 119056.48, 407.198
20, 498.07, 38.52, 458.30737, 52.32565, 18.464, 400893.93, 127398.918, 393.732
21, 529.482, 37.35, 458.95582, 53.91891, 18.962, 407751.804, 135877.014, 380.708
22, 559.718, 36.164, 457.27796, 55.46986, 18.752, 414054.182, 144306.21, 367.884
23, 587.494, 35.32, 456.62514, 56.83774, 18.81, 419970.798, 152705.96, 356.618
24, 614.314, 33.812, 456.40601, 58.31085, 19.426, 424995.782, 161344.604, 344.184
25, 639.898, 32.566, 456.73402, 59.67756, 19.306, 429495.734, 169956.9, 331.86
26, 662.962, 31.83, 456.23626, 61.05929, 19.036, 433865.458, 178325.31, 321.59
27, 684.656, 30.452, 453.92749, 62.26904, 19.276, 437460.854, 186812.196, 311.072
28, 704.836, 29.606, 453.25272, 63.50741, 19.7, 440577.228, 195385.018, 300.798
29, 724.266, 29.544, 453.76388, 64.71132, 19.342, 443828.678, 203770.326, 291.57
30, 741.506, 27.884, 453.59346, 65.83397, 19.896, 446134.028, 212406.566, 282.318
31, 757.43, 27.104, 451.63076, 66.74643, 19.762, 448147.934, 220932.796, 273.736
32, 772.558, 26.038, 451.76281, 67.69217, 19.75, 449738.004, 229427.56, 264.896
33, 786.926, 25.112, 453.76712, 68.76551, 19.7, 451026.874, 237862.634, 255.94
34, 799.988, 24.608, 454.40507, 69.66062, 19.596, 452185.434, 246203.322, 247.89
35, 811.82, 23.53, 453.46366, 70.61443, 19.324, 453014.868, 254371.506, 240.264
36, 823.042, 22.716, 451.0037, 71.56476, 19.528, 453369.988, 262613.61, 232.23
37, 832.774, 22.068, 450.92442, 72.32841, 19.506, 453524.402, 270772.586, 225.06
38, 841.654, 21.474, 454.64282, 73.0842, 19.762, 453404.288, 279025.106, 217.892
39, 850.224, 20.596, 454.99126, 74.01654, 20.104, 452759.502, 287448.138, 209.814
40, 857.546, 20.222, 452.4775, 74.79956, 19.622, 452136.892, 295600.452, 203.092
41, 863.834, 19.512, 452.08077, 75.35211, 19.654, 451192.258, 303771.898, 196.662
42, 869.484, 18.386, 452.1375, 76.13882, 19.584, 449860.782, 311837.132, 189.814
43, 874.464, 17.894, 450.31854, 76.74696, 19.18, 448470.838, 319700.674, 183.548
44, 878.666, 17.446, 452.25267, 77.41394, 19.332, 446890.32, 327590.12, 177.46
45, 882.32, 16.716, 455.79086, 77.94776, 18.97, 445221.41, 335298.158, 171.552
46, 885.28, 16.3, 457.30061, 78.60585, 19.046, 443420.9, 342964.764, 165.846
47, 887.66, 15.77, 451.55358, 79.29855, 18.814, 441429.882, 350496.498, 160.422
48, 889.622, 15.104, 452.19809, 79.66354, 18.75, 439217.946, 357972.47, 154.814
49, 890.918, 14.69, 454.52689, 79.93964, 18.536, 436947.04, 365352.198, 149.672
50, 891.672, 14.312, 453.11627, 80.41419, 18.762, 434420.9, 372804.502, 144.468
51, 891.838, 13.746, 454.60498, 81.01552, 18.448, 431863.792, 380043.578, 139.6
52, 891.684, 13.218, 455.74217, 81.47527, 17.808, 429293.556, 387061.218, 135.164
53, 890.84, 13.002, 449.00784, 81.91624, 18.22, 426449.606, 394180.932, 130.79
54, 889.348, 12.4, 454.27419, 82.01686, 18.364, 423341.968, 401375.586, 126.318
55, 887.544, 11.946, 452.28528, 82.32075, 17.592, 420403.126, 408145.36, 122.476
56, 885.056, 11.544, 456.77408, 82.75251, 18.066, 417131.546, 415143.728, 118.442
57, 882.61, 11.18, 456.08229, 83.19945, 17.82, 413848.694, 421967.776, 114.248
58, 879.53, 10.842, 456.65006, 83.60614, 17.686, 410487.554, 428720.91, 110.484
59, 876.224, 10.612, 453.35469, 83.81314, 17.61, 407057.95, 435395.782, 106.792
60, 872.808, 10.172, 455.76091, 84.11756, 17.276, 403596.45, 441920.928, 103.104
61, 868.888, 9.672, 457.19603, 84.2569, 17.006, 400050.27, 448319.642, 99.69
62, 864.674, 9.22, 455.74837, 84.68444, 17.056, 396312.832, 454699.786, 96.068
63, 860.56, 9.268, 459.1066, 84.85029, 16.52, 392855.98, 460821.202, 92.93
64, 855.976, 8.776, 456.13036, 85.0632, 16.486, 389202.142, 466896.358, 89.804
65, 851.012, 8.5491, 461.7909, 85.43959, 16.388, 385578.42, 472868.226, 86.912
66, 845.778, 7.972, 453.33668, 85.48174, 16.352, 381643.578, 478844.972, 83.766
67, 840.436, 8.10621, 458.96168, 85.75761, 16.094, 377946.136, 484658.766, 81.104
68, 834.836, 7.674, 462.86161, 85.99944, 16.128, 374051.95, 490514.878, 78.25
69, 829.106, 7.504, 458.95522, 85.80197, 15.968, 370121.49, 496299.512, 75.516
70, 823.406, 7.37675, 459.79353, 86.25554, 15.48, 366400.784, 501791.986, 73.098
71, 817.078, 7.05622, 461.58224, 86.33785, 15.562, 362525.148, 507299.614, 70.892
72, 810.706, 6.724, 460.73766, 86.57553, 15.262, 358646.892, 512661.248, 68.726
73, 804.454, 6.624, 461.95652, 86.30065, 15.094, 354783.692, 517962.052, 66.508
74, 798.024, 6.61, 460.2118, 86.2883, 14.906, 351047.708, 523105.018, 64.642
75, 791.51, 5.95783, 461.40883, 86.56245, 14.832, 347023.93, 528246.696, 62.258
76, 784.416, 5.86345, 460.9589, 86.75149, 14.938, 342930.22, 533408.566, 60.254
77, 777.76, 5.826, 462.58153, 86.94991, 14.24, 339152.39, 538235.63, 58.496
78, 770.746, 5.734, 467.56191, 87.13204, 14.528, 335237.948, 543187.876, 56.716
79, 763.8, 5.37475, 457.12155, 86.93964, 14.142, 331304.342, 547930.048, 54.884
80, 756.662, 5.38554, 457.12155, 86.96533, 14.332, 327254.454, 552788.422, 53.054
81, 749.682, 5.25605, 462.60069, 86.85779, 13.708, 323453.53, 557338.376, 51.54
82, 742.34, 4.8008, 465.00419, 87.08067, 13.838, 319435.356, 561927.374, 49.816
83, 735.066, 4.75252, 460.62659, 87.21002, 13.56, 315474.784, 566402.616, 48.254
84, 727.852, 4.60931, 461.13307, 87.80619, 13.562, 311514.47, 570794.994, 46.46
85, 720.316, 4.50303, 463.43652, 87.19022, 13.296, 307646.688, 575057.586, 45.158
86, 712.968, 4.22828, 469.66077, 87.3703, 12.994, 303765.87, 579229.79, 43.698
87, 705.772, 4.04675, 467.85535, 87.30059, 12.794, 299895.528, 583284.22, 42.082
88, 698.662, 3.99796, 465.54364, 87.27632, 12.738, 296027.462, 587296.226, 40.372
89, 691.01, 3.94297, 466.42562, 87.46013, 12.77, 292171.418, 591273.238, 39.126
90, 683.848, 3.66667, 470.71946, 86.96742, 12.33, 288378.384, 595060.34, 37.544
91, 676.648, 3.73077, 468.25827, 87.3343, 12.244, 284654.916, 598810.53, 36.186
92, 668.928, 3.58004, 468.06039, 86.82444, 12.216, 280865.724, 602517.196, 35.134
93, 661.498, 3.46791, 468.0597, 87.24043, 12.006, 277072.796, 606177.214, 33.908
94, 653.844, 3.24532, 472.13325, 87.44708, 11.954, 273210.626, 609817.778, 32.73
95, 646.22, 3.28361, 470.24952, 86.96599, 11.896, 269381.682, 613412.928, 31.584
96, 638.83, 3.21444, 469.94716, 87.03584, 11.428, 265716.03, 616790.684, 30.574
97, 631.29, 3.01268, 473.68421, 87.29407, 11.286, 262070.322, 620071.062, 29.678
98, 623.882, 3.12088, 465.14085, 86.80242, 11.116, 258456.846, 623283.026, 28.81
99, 616.51, 2.93023, 470.77922, 86.86973, 11.092, 254842.138, 626475.196, 27.862
100, 609.102, 2.87905, 467.36684, 86.89486, 10.974, 251245.03, 629596.15, 26.962
101, 601.854, 2.73134, 469.16472, 87.19135, 10.72, 247713.796, 632601.676, 26.052
102, 594.638, 2.78755, 472.67129, 86.8127, 10.57, 244289.008, 635517.772, 25.296
103, 587.51, 2.70806, 472.24457, 86.86797, 10.33, 240901.67, 638340.112, 24.58
104, 580.176, 2.61472, 475.99338, 86.52609, 10.442, 237464.144, 641192.064, 23.888
105, 572.87, 2.50873, 475.63098, 86.38518, 10.352, 234028.894, 643989.518, 23.14
106, 565.78, 2.51685, 470.53571, 86.53321, 10.012, 230705.192, 646624.716, 22.458
107, 558.464, 2.42459, 471.77033, 86.26065, 10.188, 227255.988, 649321.808, 21.676
108, 551.386, 2.36261, 470.92469, 85.96964, 9.81, 223938.292, 651887.136, 21.042
109, 544.416, 2.30612, 471.9764, 86.30208, 9.676, 220684.128, 654352.426, 20.37
110, 537.666, 2.30456, 473.46514, 85.9, 9.37, 217529.356, 656665.448, 19.672
111, 530.894, 2.15476, 477.90055, 85.98728, 9.15, 214418.694, 658883.602, 19.104
112, 524.144, 2.13647, 475.22026, 85.80997, 9.264, 211244.032, 661171.566, 18.406
113, 517.606, 2.12114, 469.20493, 85.80668, 8.87, 208213.336, 663282.356, 17.86
114, 510.694, 1.98223, 477.59283, 86.0429, 9.192, 204965.396, 665524.48, 17.142
115, 504.096, 1.94634, 478.07018, 84.79423, 8.812, 201905.76, 667594.332, 16.524
116, 497.268, 1.98425, 478.1746, 85.84924, 9.002, 198759.428, 669715.024, 15.862
117, 490.528, 2.02067, 474.42455, 85.64825, 8.75952, 195713.228, 671750.52, 15.424
118, 484.186, 1.94866, 478.04266, 84.94751, 8.314, 192876.312, 673585.852, 15.046
119, 477.6, 1.872, 479.34473, 85.11441, 8.51, 189898.006, 675482.34, 14.526
120, 471.336, 1.86389, 482.11624, 84.66615, 8.118, 187044.086, 677221.284, 14.014
121, 465.042, 1.83947, 475.67954, 84.55489, 8.05, 184263.074, 678903.502, 13.656
122, 458.806, 1.81556, 483.33333, 84.28079, 8.022, 181429.56, 680586.754, 13.13
123, 452.738, 1.67778, 470.19868, 84.76585, 7.782, 178662.65, 682158.24, 12.624
124, 446.41, 1.71884, 477.2344, 84.70318, 7.86373, 175876.086, 683751.672, 12.29
125, 440.36, 1.7358, 474.63175, 83.91724, 7.616, 173220.528, 685222.988, 11.946
126, 434.348, 1.68437, 473.7303, 83.68207, 7.474, 170577.282, 686645.526, 11.626
127, 428.334, 1.6208, 475.4717, 84.79167, 7.498, 167882.73, 688081.398, 11.202
128, 422.304, 1.62462, 475.04621, 83.92996, 7.48, 165205.968, 689512.966, 10.834
129, 416.684, 1.61682, 484.58574, 85.15308, 7.032, 162717.728, 690739.492, 10.46
130, 410.852, 1.5142, 481.25, 83.85714, 7.16232, 160148.48, 692009.918, 10.104
131, 405.184, 1.59509, 481.73077, 84.0479, 7.056, 157655.038, 693245.478, 9.756
132, 399.39, 1.4331, 477.88698, 83.41902, 7.054, 155050.3, 694482.632, 9.31
133, 393.604, 1.49477, 470.86247, 82.88614, 6.98, 152468.048, 695712.332, 8.974
134, 387.934, 1.5322, 475.66372, 83.55814, 6.80962, 150025.474, 696828.918, 8.752
135, 382.616, 1.54576, 481.35965, 83.46014, 6.496, 147703.914, 697831.332, 8.486
136, 377.326, 1.44649, 483.41837, 82.8971, 6.40443, 145361.626, 698795.564, 8.194
137, 371.78, 1.45196, 486.51961, 83.5063, 6.60521, 143012.592, 699787.034, 7.964
138, 366.524, 1.34815, 482.14286, 82.46439, 6.268, 140679.522, 700721.114, 7.68
139, 361.44, 1.45136, 470.50938, 81.50142, 6.08249, 138506.85, 701488.998, 7.47896
140, 356.384, 1.46809, 484.05797, 82.39521, 6.04637, 136311.45, 702263.77, 7.24096
141, 351.416, 1.28395, 483.97436, 81.48344, 5.908, 134131.78, 702994.258, 6.92369
142, 346.314, 1.31873, 487.91541, 82.52941, 5.936, 131971.218, 703723.336, 6.73747
143, 341.252, 1.35656, 486.40483, 81.70186, 5.90763, 129847.998, 704420.6, 6.564
144, 336.272, 1.3029, 487.26115, 81.93137, 5.884, 127703.324, 705124.122, 6.31325
145, 331.29, 1.31818, 486.2069, 82.70567, 5.83903, 125580.33, 705785.264, 6.07028
146, 326.222, 1.23474, 484.79087, 81.17255, 5.83534, 123400.152, 706478.44, 5.86318
147, 321.714, 1.29018, 489.61938, 80.61131, 5.3596, 121450.288, 706967.8, 5.61924
148, 317.024, 1.29167, 476.70251, 81.32707, 5.42137, 119460.718, 707480.08, 5.5
149, 312.214, 1.28426, 478.26087, 81.67769, 5.56048, 117441.244, 708004.564, 5.2992
150, 307.422, 1.32609, 491.80328, 80.07917, 5.50602, 115430.076, 708522.014, 5.09438
151, 302.956, 1.2233, 474.20635, 81.11715, 5.09879, 113583.318, 708872.968, 5.0161
152, 298.478, 1.24176, 486.72566, 80.4, 5.20606, 111662.59, 709283.014, 4.8101
153, 294.034, 1.26471, 481.39535, 80.16425, 5.09658, 109792.334, 709629.63, 4.63489
154, 289.684, 1.24157, 486.42534, 80.22326, 5.0, 107951.464, 709956.288, 4.46341
155, 285.346, 1.32164, 475.66372, 79.82326, 4.97561, 106161.456, 710235.8, 4.33806
156, 281.044, 1.28144, 478.97196, 80.59024, 4.87097, 104377.962, 710499.998, 4.24341
157, 276.892, 1.17143, 495.12195, 79.81281, 4.74245, 102639.312, 710722.19, 4.11429
158, 272.682, 1.14483, 493.9759, 80.2439, 4.74395, 100885.246, 710916.636, 3.96311
159, 268.628, 1.22069, 477.40113, 79.15976, 4.60446, 99181.218, 711066.702, 3.82787
160, 264.54, 1.20645, 486.63102, 77.54945, 4.62146, 97501.882, 711211.806, 3.75207
161, 260.508, 1.14839, 491.57303, 78.64, 4.56452, 95833.158, 711340.44, 3.6
162, 256.5, 1.19108, 481.28342, 80.02222, 4.45968, 94208.678, 711431.92, 3.57143
163, 252.654, 1.16429, 484.66258, 79.3038, 4.3125, 92638.476, 711450.102, 3.48333
164, 248.796, 1.12593, 490.13158, 78.44966, 4.37882, 91035.274, 711498.578, 3.35356
165, 245.15, 1.16875, 483.95722, 79.01657, 4.15574, 89570.814, 711434.834, 3.30208
166, 241.492, 1.18803, 485.61151, 77.71852, 4.14257, 88048.094, 711388.122, 3.18449
167, 237.592, 1.12, 489.28571, 77.64234, 4.3666, 86494.786, 711381.888, 3.05846
168, 233.912, 1.12281, 492.1875, 78.43651, 4.08554, 84997.984, 711306.304, 3.05567
169, 230.55, 1.12613, 492.0, 78.78049, 3.80738, 83616.198, 711116.338, 2.98913
170, 227.074, 1.1374, 489.93289, 78.26712, 3.92449, 82206.446, 710982.326, 2.89201
171, 223.614, 1.10811, 479.6748, 78.90678, 3.95833, 80806.866, 710810.02, 2.82096
172, 220.258, 1.11017, 492.36641, 77.17829, 3.74696, 79452.646, 710605.45, 2.76549
173, 216.872, 1.13208, 487.5, 76.68376, 3.74442, 78099.316, 710392.776, 2.67473
174, 213.43, 1.16129, 472.22222, 76.77451, 3.78862, 76718.398, 710195.448, 2.63839
175, 210.152, 1.13208, 483.33333, 77.93103, 3.72245, 75382.816, 709968.062, 2.52715
176, 206.848, 1.15152, 495.61404, 77.87611, 3.67762, 74082.51, 709708.07, 2.46501
177, 203.608, 1.16667, 495.79832, 76.01695, 3.59221, 72812.692, 709426.19, 2.47816
178, 200.5, 1.10753, 485.43689, 77.53, 3.42213, 71577.486, 709091.29, 2.42597
179, 197.416, 1.08333, 485.57692, 76.29703, 3.42418, 70364.538, 708739.538, 2.39631
180, 194.168, 1.09877, 494.38202, 77.19318, 3.67012, 69087.464, 708437.524, 2.37108
181, 191.17, 1.09412, 494.62366, 75.88043, 3.43644, 67880.408, 708078.314, 2.29327
182, 188.24, 1.16438, 476.47059, 76.35802, 3.31656, 66708.6, 707673.964, 2.22169
183, 185.294, 1.08451, 500.0, 74.38961, 3.33962, 65537.646, 707269.742, 2.1439
184, 182.402, 1.04167, 493.33333, 75.12162, 3.26105, 64388.722, 706838.074, 2.09091
185, 179.588, 1.08333, 500.0, 73.47253, 3.1625, 63297.078, 706369.19, 2.08271
186, 176.924, 1.10256, 494.18605, 75.27059, 3.12043, 62237.02, 705863.578, 2.06736
187, 174.208, 1.07463, 486.11111, 75.07143, 3.12607, 61166.91, 705359.662, 1.99739
188, 171.554, 1.18182, 487.17949, 76.21053, 2.98121, 60129.802, 704831.724, 1.96817
189, 168.922, 1.07937, 492.64706, 75.13433, 2.96218, 59099.466, 704289.652, 1.93514
190, 166.276, 1.01887, 490.74074, 74.9434, 3.06479, 58035.936, 703767.944, 1.85165
191, 163.572, 1.12727, 500.0, 73.79032, 3.05497, 56982.604, 703250.134, 1.80618
192, 160.962, 1.0566, 473.21429, 73.79245, 2.92616, 55963.334, 702690.94, 1.71389
193, 158.312, 1.05263, 500.0, 73.15, 3.0413, 54956.846, 702135.086, 1.70339
194, 155.788, 1.10526, 492.06349, 73.74194, 2.81013, 54000.524, 701530.686, 1.70286
195, 153.448, 1.02326, 511.36364, 73.84444, 2.75658, 53072.494, 700884.126, 1.65569
196, 151.022, 1.02174, 500.0, 74.51064, 2.79266, 52116.65, 700270.244, 1.571
197, 148.554, 1.04348, 500.0, 74.625, 2.75906, 51169.7, 699652.576, 1.54407
198, 146.278, 1.04167, 500.0, 73.9, 2.68212, 50293.322, 698965.612, 1.50784
199, 143.9, 1.04255, 489.79592, 72.45833, 2.70282, 49401.412, 698299.274, 1.45988
200, 141.596, 1.0, 488.88889, 71.75, 2.69128, 48529.59, 697609.922, 1.48254
201, 139.368, 1.125, 500.0, 72.28889, 2.5894, 47675.928, 696903.78, 1.47557
202, 137.172, 1.08571, 500.0, 73.18421, 2.56541, 46823.198, 696193.9, 1.46441
203, 134.922, 1.07692, 535.71429, 70.83333, 2.63556, 45950.28, 695505.418, 1.4562
204, 132.914, 1.11628, 500.0, 71.79167, 2.36889, 45183.366, 694727.132, 1.44737
205, 130.816, 1.01961, 500.0, 71.42308, 2.47059, 44409.032, 693960.526, 1.45926
206, 128.724, 1.12821, 488.63636, 73.27907, 2.43207, 43614.282, 693210.634, 1.44649
207, 126.682, 1.03448, 500.0, 71.36667, 2.38789, 42847.776, 692422.202, 1.41045
208, 124.734, 1.03125, 515.15152, 71.88235, 2.31066, 42112.486, 691613.486, 1.4186
209, 122.694, 1.04444, 521.2766, 69.61224, 2.34513, 41372.506, 690825.138, 1.42912
210, 120.662, 1.0, 500.0, 71.84211, 2.40909, 40607.608, 690052.368, 1.41154
211, 118.716, 1.03125, 515.15152, 69.02941, 2.35581, 39866.428, 689259.12, 1.38462
212, 116.838, 1.0, 533.33333, 71.46875, 2.24943, 39153.706, 688439.154, 1.33591
213, 114.898, 1.03226, 500.0, 71.09375, 2.33721, 38429.79, 687630.804, 1.372
214, 113.032, 1.0, 500.0, 72.1875, 2.27842, 37726.198, 686804.478, 1.33607
215, 111.276, 1.025, 512.19512, 65.54762, 2.17757, 37070.77, 685942.3, 1.33191
216, 109.632, 1.0, 538.46154, 70.57143, 2.07229, 36461.914, 685024.658, 1.29741
217, 107.906, 1.0, 500.0, 71.69444, 2.11502, 35830.358, 684139.64, 1.3
218, 106.126, 1.11111, 516.66667, 68.12903, 2.16432, 35178.276, 683269.38, 1.32589
219, 104.52, 1.07407, 500.0, 70.58621, 2.07407, 34578.774, 682352.026, 1.29018
220, 102.914, 1.10526, 500.0, 70.85714, 2.13811, 33988.992, 681418.298, 1.31905
221, 101.212, 1.0, 513.88889, 69.89189, 2.17445, 33367.288, 680535.514, 1.32227
222, 99.56, 1.0, 500.0, 67.3125, 2.08612, 32739.642, 679641.942, 1.27041
223, 98.024, 1.04, 500.0, 68.80769, 2.01777, 32176.47, 678695.102, 1.25253
224, 96.388, 1.08696, 540.0, 67.59259, 2.08108, 31574.878, 677793.346, 1.22
225, 94.974, 1.0, 525.0, 69.14286, 1.88861, 31042.29, 676820.164, 1.20321
226, 93.508, 1.05882, 500.0, 69.61111, 1.95641, 30490.64, 675866.408, 1.19663
227, 91.978, 1.0, 500.0, 69.0, 2.01523, 29931.228, 674925.054, 1.19412
228, 90.532, 1.04, 519.23077, 66.96296, 1.85396, 29404.806, 673958.212, 1.19412
229, 89.104, 1.0, 468.75, 69.6, 1.97594, 28878.24, 672985.566, 1.19753
230, 87.57, 1.0, 475.0, 71.10526, 2.0, 28341.184, 672029.854, 1.17964
231, 86.172, 1.0, 500.0, 69.0, 1.88718, 27811.202, 671067.866, 1.18493
232, 84.722, 1.0, 476.19048, 69.35, 1.92468, 27286.784, 670107.768, 1.19463
233, 83.312, 1.0, 636.36364, 72.71429, 1.89295, 26793.694, 669109.184, 1.20714
234, 82.006, 1.0, 533.33333, 67.125, 1.78421, 26317.38, 668100.762, 1.13571
235, 80.752, 1.0, 650.0, 68.76923, 1.74114, 25861.98, 667071.482, 1.14599
236, 79.458, 1.06667, 500.0, 64.9375, 1.84722, 25388.546, 666070.272, 1.17424
237, 78.19, 1.0, 527.77778, 69.21053, 1.76819, 24937.566, 665051.794, 1.17969
238, 76.966, 1.06667, 500.0, 69.5625, 1.72752, 24506.248, 664010.588, 1.19835
239, 75.73, 1.0, 636.36364, 67.42857, 1.80398, 24072.748, 662976.68, 1.2087
240, 74.468, 1.0, 450.0, 65.33333, 1.84463, 23617.548, 661960.81, 1.13393
241, 73.318, 1.0, 600.0, 77.5, 1.72886, 23196.912, 660909.924, 1.14
242, 72.104, 1.0, 545.45455, 70.75, 1.8058, 22780.104, 659865.046, 1.13542
243, 70.914, 1.0, 681.81818, 66.93333, 1.71831, 22353.67, 658833.6, 1.11702
244, 69.758, 1.0, 500.0, 71.75, 1.6573, 21947.734, 657781.762, 1.12222
245, 68.722, 1.16667, 571.42857, 68.375, 1.66144, 21583.124, 656697.11, 1.13187
246, 67.662, 1.0, 583.33333, 64.28571, 1.62202, 21211.838, 655622.97, 1.13636
247, 66.538, 1.0, 500.0, 65.16667, 1.67435, 20815.952, 654569.582, 1.10714
248, 65.458, 1.14286, 500.0, 62.25, 1.66467, 20437.802, 653502.35, 1.0625
249, 64.482, 1.0, 500.0, 68.0, 1.63192, 20086.938, 652404.652, 1.05479
250, 63.358, 1.0, 650.0, 67.23077, 1.69345, 19706.434, 651348.488, 1.09589
251, 62.316, 1.0, 750.0, 65.44444, 1.65, 19347.59, 650270.406, 1.09722
252, 61.282, 1.0, 500.0, 68.71429, 1.60245, 18987.5, 649194.812, 1.08219
253, 60.356, 1.0, 555.55556, 71.4, 1.5209, 18667.758, 648084.42, 1.08333
254, 59.432, 1.0, 500.0, 67.33333, 1.65493, 18335.852, 646978.654, 1.07353
255, 58.442, 1.0, 555.55556, 64.6, 1.60063, 17993.536, 645899.476, 1.07937
256, 57.508, 1.0, 500.0, 74.8, 1.55519, 17660.682, 644807.226, 1.07018
257, 56.588, 1.0, 1000.0, 63.375, 1.55263, 17345.02, 643702.51, 1.08163
258, 55.648, 1.0, 500.0, 64.8, 1.56026, 17022.844, 642611.29, 1.01887
259, 54.734, 1.0, 611.11111, 62.45455, 1.55743, 16716.48, 641502.79, 1.03509
260, 53.834, 1.0, 500.0, 67.33333, 1.54576, 16414.794, 640391.678, 1.03509
261, 52.87, 1.0, 500.0, 66.5, 1.54286, 16090.464, 639307.816, 1.0339
262, 52.006, 1.0, 687.5, 63.27273, 1.47811, 15797.562, 638200.332, 1.03333
263, 51.166, 1.0, 500.0, 61.66667, 1.45578, 15516.62, 637077.882, 1.01695
264, 50.344, 1.0, 714.28571, 60.6, 1.48571, 15233.878, 635961.238, 1.0
265, 49.498, 1.0, 625.0, 68.0, 1.49828, 14937.0, 634859.816, 1.01923
266, 48.708, 1.0, 785.71429, 63.36364, 1.42199, 14673.674, 633731.46, 1.05882
267, 47.914, 1.0, 1000.0, 67.5, 1.53257, 14401.096, 632614.388, 1.06
268, 47.148, 1.0, 571.42857, 72.5, 1.36713, 14144.486, 631484.624, 1.08333
269, 46.346, 1.0, 555.55556, 62.2, 1.5, 13877.946, 630369.04, 1.08
270, 45.618, 1.0, 666.66667, 64.25, 1.33094, 13637.658, 629220.402, 1.08511
271, 44.926, 1.0, 500.0, 57.33333, 1.44444, 13407.222, 628066.838, 1.06522
272, 44.252, 1.0, 750.0, 65.66667, 1.35433, 13171.982, 626925.328, 1.07317
273, 43.566, 1.0, 750.0, 64.5, 1.41057, 12941.764, 625784.484, 1.04762
274, 42.876, 1.0, 1000.0, 60.0, 1.40079, 12712.694, 624641.198, 1.08333
275, 42.106, 1.0, 500.0, 63.8, 1.49042, 12462.346, 623525.438, 1.08108
276, 41.468, 1.0, 562.5, 65.22222, 1.46637, 12254.696, 622371.36, 1.08108
277, 40.788, 1.0, 875.0, 61.71429, 1.40574, 12030.666, 621232.932, 1.10811
278, 40.094, 1.2, 583.33333, 61.42857, 1.37597, 11811.552, 620093.982, 1.14706
279, 39.472, 1.0, 714.28571, 60.7, 1.33195, 11609.064, 618944.178, 1.16129
280, 38.836, 1.0, 1000.0, 60.5, 1.3431, 11394.506, 617797.484, 1.13333
281, 38.218, 1.0, 900.0, 66.88889, 1.32479, 11198.318, 616645.044, 1.11765
282, 37.624, 1.0, 500.0, 58.0, 1.3114, 11000.928, 615491.008, 1.08824
283, 37.054, 1.0, 500.0, 61.33333, 1.29148, 10815.752, 614328.938, 1.15625
284, 36.43, 1.0, 1000.0, 58.0, 1.32911, 10607.2, 613188.704, 1.16667
285, 35.806, 1.0, 1000.0, 66.66667, 1.35776, 10405.31, 612049.494, 1.12903
286, 35.206, 1.0, 833.33333, 58.4, 1.32759, 10218.034, 610900.706, 1.15385
287, 34.642, 1.0, 833.33333, 58.9, 1.27679, 10040.38, 609749.73, 1.14286
288, 34.09, 1.0, 1250.0, 60.6, 1.31481, 9855.206, 608603.578, 1.08333
289, 33.546, 1.0, 1000.0, 60.0, 1.27778, 9679.762, 607453.3, 1.04167
290, 33.034, 1.0, 500.0, 64.66667, 1.27723, 9516.522, 606288.012, 1.04
291, 32.518, 1.0, 500.0, 50.0, 1.34694, 9340.574, 605137.226, 1.05
292, 32.004, 0.0, 0.0, 0.0, 1.29146, 9176.77, 603974.22, 1.05
293, 31.472, 1.0, 666.66667, 59.75, 1.33831, 9014.464, 602821.508, 1.04348
294, 30.974, 1.0, 750.0, 62.33333, 1.28205, 8858.166, 601664.152, 1.04167
295, 30.48, 1.0, 625.0, 56.0, 1.35676, 8701.098, 600508.914, 1.0
296, 30.024, 1.0, 500.0, 62.66667, 1.25543, 8557.116, 599344.152, 1.0
297, 29.49, 1.0, 500.0, 61.0, 1.2723, 8385.59, 598206.362, 1.0
298, 29.06, 1.0, 833.33333, 61.6, 1.24571, 8245.342, 597046.302, 1.0
299, 28.65, 1.0, 333.33333, 60.0, 1.22941, 8116.038, 595869.86, 1.0
300, 28.174, 1.0, 666.66667, 71.5, 1.26842, 7962.998, 594724.87, 1.05
301, 27.758, 1.0, 750.0, 55.33333, 1.22353, 7832.222, 593560.158, 1.04167
302, 27.328, 1.0, 1750.0, 58.42857, 1.19444, 7700.842, 592401.69, 1.03846
303, 26.862, 1.0, 500.0, 62.0, 1.2132, 7551.796, 591257.036, 1.04762
304, 26.436, 0.0, 0.0, 0.0, 1.22159, 7417.984, 590098.532, 1.05263
305, 26.036, 1.0, 500.0, 57.0, 1.22289, 7289.748, 588940.21, 1.05882
306, 25.602, 1.0, 1000.0, 59.0, 1.23729, 7159.686, 587788.048, 1.05882
307, 25.162, 0.0, 0.0, 0.0, 1.18817, 7018.168, 586647.412, 1.0625
308, 24.754, 1.0, 500.0, 73.0, 1.21893, 6892.932, 585496.412, 1.0
309, 24.38, 1.0, 1000.0, 56.0, 1.25, 6776.182, 584332.632, 1.0
310, 23.954, 1.0, 1000.0, 67.0, 1.22159, 6647.886, 583188.68, 1.0
311, 23.568, 1.0, 500.0, 51.0, 1.17857, 6530.606, 582031.62, 1.0
312, 23.212, 1.0, 833.33333, 59.6, 1.23288, 6420.942, 580876.138, 1.0
313, 22.836, 1.0, 1000.0, 52.5, 1.16564, 6305.758, 579728.274, 1.0
314, 22.444, 1.0, 750.0, 64.33333, 1.18072, 6187.752, 578584.26, 1.0
315, 22.058, 1.0, 1000.0, 59.5, 1.14793, 6070.074, 577443.518, 1.0
316, 21.754, 1.0, 3500.0, 55.07143, 1.13043, 5985.834, 576283.692, 1.0
317, 21.38, 1.0, 1500.0, 51.33333, 1.19108, 5877.964, 575137.998, 1.0
318, 21.0, 1.0, 833.33333, 53.6, 1.13095, 5763.886, 574003.444, 1.0
319, 20.646, 1.0, 500.0, 65.0, 1.1125, 5652.694, 572863.37, 1.0
320, 20.322, 1.0, 1000.0, 55.5, 1.18116, 5555.568, 571714.478, 1.0
321, 19.956, 0.0, 0.0, 0.0, 1.20261, 5444.562, 570578.928, 1.0
322, 19.638, 0.0, 0.0, 0.0, 1.17647, 5348.432, 569433.574, 1.0
323, 19.34, 1.0, 500.0, 64.0, 1.16031, 5255.068, 568288.5, 1.0
324, 19.072, 1.0, 2000.0, 52.83333, 1.12397, 5180.08, 567135.77, 1.0
325, 18.75, 1.0, 1000.0, 57.25, 1.16429, 5088.534, 565997.738, 1.0
326, 18.462, 0.0, 0.0, 0.0, 1.10606, 5000.09, 564852.852, 1.0
327, 18.156, 0.0, 0.0, 0.0, 1.12319, 4900.044, 563723.906, 1.0
328, 17.842, 0.0, 0.0, 0.0, 1.12766, 4803.152, 562595.47, 1.0
329, 17.57, 0.0, 0.0, 0.0, 1.0873, 4720.424, 561454.824, 1.0
330, 17.258, 1.0, 1500.0, 51.33333, 1.16418, 4630.516, 560325.566, 1.0
331, 17.022, 0.0, 0.0, 0.0, 1.08182, 4552.934, 559186.63, 1.0
332, 16.718, 0.0, 0.0, 0.0, 1.19685, 4463.916, 558060.874, 1.0
333, 16.442, 1.0, 500.0, 59.0, 1.13821, 4381.718, 556932.698, 1.0
334, 16.172, 0.0, 0.0, 0.0, 1.14286, 4298.58, 555803.252, 1.0
335, 15.894, 1.0, 1000.0, 61.0, 1.17355, 4218.702, 554677.236, 1.0
336, 15.606, 0.0, 0.0, 0.0, 1.152, 4134.018, 553556.448, 1.0
337, 15.338, 0.0, 0.0, 0.0, 1.17544, 4057.024, 552432.2, 1.0
338, 15.022, 0.0, 0.0, 0.0, 1.15328, 3962.738, 551324.648, 1.0
339, 14.776, 0.0, 0.0, 0.0, 1.12844, 3895.338, 550194.694, 1.0
340, 14.546, 0.0, 0.0, 0.0, 1.12745, 3829.264, 549066.574, 1.0
341, 14.292, 1.0, 1500.0, 58.33333, 1.10435, 3756.09, 547950.36, 1.0
342, 14.018, 0.0, 0.0, 0.0, 1.1405, 3675.852, 546840.034, 1.0
343, 13.772, 0.0, 0.0, 0.0, 1.11712, 3603.494, 545725.37, 1.0
344, 13.526, 0.0, 0.0, 0.0, 1.10811, 3530.778, 544613.694, 1.0
345, 13.328, 0.0, 0.0, 0.0, 1.125, 3472.622, 543490.236, 1.0
346, 13.106, 0.0, 0.0, 0.0, 1.14433, 3411.45, 542369.814, 1.0
347, 12.9, 0.0, 0.0, 0.0, 1.14444, 3350.29, 541253.788, 1.0
348, 12.688, 0.0, 0.0, 0.0, 1.09278, 3288.534, 540141.42, 1.0
349, 12.466, 0.0, 0.0, 0.0, 1.12121, 3224.206, 539031.662, 1.0
350, 12.28, 0.0, 0.0, 0.0, 1.10714, 3169.322, 537918.34, 1.0
351, 12.048, 0.0, 0.0, 0.0, 1.125, 3099.526, 536822.21, 0.0
352, 11.878, 0.0, 0.0, 0.0, 1.0625, 3050.474, 535705.856, 0.0
353, 11.668, 1.0, 500.0, 62.5, 1.1413, 2992.88, 534604.51, 1.0
354, 11.466, 0.0, 0.0, 0.0, 1.07447, 2935.208, 533503.164, 1.0
355, 11.29, 0.0, 0.0, 0.0, 1.08642, 2887.478, 532395.038, 1.0
356, 11.078, 0.0, 0.0, 0.0, 1.08163, 2828.95, 531302.512, 1.0
357, 10.914, 0.0, 0.0, 0.0, 1.12329, 2771.222, 530207.166, 1.0
358, 10.72, 1.0, 1500.0, 53.33333, 1.08989, 2721.852, 529110.222, 1.0
359, 10.552, 0.0, 0.0, 0.0, 1.02439, 2672.442, 528010.596, 1.0
360, 10.346, 0.0, 0.0, 0.0, 1.07292, 2618.208, 526917.75, 1.0
361, 10.148, 0.0, 0.0, 0.0, 1.11236, 2563.05, 525829.566, 1.0
362, 9.994, 0.0, 0.0, 0.0, 1.13235, 2518.744, 524736.864, 1.0
363, 9.826, 0.0, 0.0, 0.0, 1.08861, 2470.354, 523645.606, 1.0
364, 9.658, 0.0, 0.0, 0.0, 1.10526, 2425.92, 522554.792, 1.0
365, 9.484, 0.0, 0.0, 0.0, 1.0875, 2379.226, 521467.548, 1.0
366, 9.302, 0.0, 0.0, 0.0, 1.12346, 2329.67, 520389.734, 1.0
367, 9.132, 0.0, 0.0, 0.0, 1.07595, 2283.114, 519308.812, 1.0
368, 8.978, 0.0, 0.0, 0.0, 1.05479, 2241.768, 518225.578, 1.0
369, 8.822, 0.0, 0.0, 0.0, 1.09859, 2199.216, 517145.924, 1.0
370, 8.684, 0.0, 0.0, 0.0, 1.02985, 2162.882, 516061.802, 1.0
371, 8.566, 0.0, 0.0, 0.0, 1.09259, 2130.864, 514974.238, 1.0
372, 8.458, 0.0, 0.0, 0.0, 1.03846, 2102.074, 513886.822, 1.0
373, 8.288, 0.0, 0.0, 0.0, 1.0241, 2055.814, 512819.744, 1.0
374, 8.152, 0.0, 0.0, 0.0, 1.0625, 2019.396, 511741.872, 1.0
375, 8.04, 0.0, 0.0, 0.0, 1.09615, 1986.146, 510664.722, 0.0
376, 7.894, 0.0, 0.0, 0.0, 1.02817, 1947.03, 509597.344, 0.0
377, 7.74, 0.0, 0.0, 0.0, 1.08451, 1907.192, 508532.724, 0.0
378, 7.63, 1.0, 4500.0, 52.44444, 1.05769, 1882.884, 507464.644, 1.0
379, 7.494, 0.0, 0.0, 0.0, 1.07937, 1848.144, 506401.568, 1.0
380, 7.364, 0.0, 0.0, 0.0, 1.01563, 1813.746, 505339.23, 1.0
381, 7.28457, 0.0, 0.0, 0.0, 1.02174, 1787.91383, 504275.208, 1.0
382, 7.1483, 0.0, 0.0, 0.0, 1.0625, 1752.54309, 503201.62525, 1.0
383, 7.03407, 0.0, 0.0, 0.0, 1.09615, 1722.89379, 502141.97194, 1.0
384, 6.88778, 1.0, 3000.0, 45.5, 1.12308, 1690.67335, 501097.58717, 1.0
385, 6.76152, 1.0, 3500.0, 48.42857, 1.05, 1664.53106, 500041.72745, 1.0
386, 6.65462, 0.0, 0.0, 0.0, 1.05263, 1634.61647, 498993.58116, 1.0
387, 6.56827, 0.0, 0.0, 0.0, 1.02381, 1609.96988, 497931.4759, 1.0
388, 6.45382, 0.0, 0.0, 0.0, 1.05556, 1579.42369, 496882.3996, 1.0
389, 6.34137, 0.0, 0.0, 0.0, 1.03704, 1548.51606, 495837.85542, 1.0
390, 6.249, 0.0, 0.0, 0.0, 1.02222, 1523.6747, 494789.7751, 1.0
391, 6.14859, 1.0, 1000.0, 45.0, 1.0, 1500.52209, 493746.00201, 1.0
392, 6.04418, 0.0, 0.0, 0.0, 1.01961, 1471.70884, 492705.0241, 1.0
393, 5.95181, 0.0, 0.0, 0.0, 1.04545, 1448.28916, 491663.40562, 1.0
394, 5.85341, 0.0, 0.0, 0.0, 1.02041, 1422.01205, 490625.49398, 1.0
395, 5.76305, 0.0, 0.0, 0.0, 1.02222, 1397.59036, 489588.07229, 1.0
396, 5.66466, 0.0, 0.0, 0.0, 1.04255, 1372.49799, 488554.40964, 1.0
397, 5.58434, 0.0, 0.0, 0.0, 1.08108, 1352.25502, 487517.11847, 1.0
398, 5.48394, 0.0, 0.0, 0.0, 1.02, 1326.30321, 486489.73092, 1.0
399, 5.38353, 0.0, 0.0, 0.0, 1.06383, 1300.7751, 485462.52209, 1.0
400, 5.30522, 0.0, 0.0, 0.0, 1.02632, 1280.49197, 484434.23896, 1.0
401, 5.22289, 0.0, 0.0, 0.0, 1.0, 1257.81928, 483408.73494, 1.0
402, 5.14458, 0.0, 0.0, 0.0, 1.05405, 1236.86546, 482384.21687, 1.0
403, 5.03815, 0.0, 0.0, 0.0, 1.05882, 1209.90562, 481367.88153, 0.0
404, 4.9759, 0.0, 0.0, 0.0, 1.06897, 1192.72691, 480341.76506, 0.0
405, 4.89537, 0.0, 0.0, 0.0, 1.07143, 1167.55131, 479331.15863, 0.0
406, 4.81288, 0.0, 0.0, 0.0, 1.025, 1147.03622, 478297.42857, 0.0
407, 4.74849, 0.0, 0.0, 0.0, 1.0, 1128.70221, 477280.84507, 0.0
408, 4.67203, 0.0, 0.0, 0.0, 1.05556, 1108.76056, 476269.77867, 0.0
409, 4.59155, 0.0, 0.0, 0.0, 1.08108, 1089.29577, 475260.80282, 0.0
410, 4.53024, 0.0, 0.0, 0.0, 1.09375, 1073.09274, 474252.21328, 0.0
411, 4.44737, 0.0, 0.0, 0.0, 1.08696, 1052.95142, 473244.04839, 0.0
412, 4.40283, 0.0, 0.0, 0.0, 1.1, 1040.56883, 472224.98381, 0.0
413, 4.32186, 0.0, 0.0, 0.0, 1.08108, 1019.24089, 471226.917, 0.0
414, 4.27383, 0.0, 0.0, 0.0, 1.03704, 1005.8215, 470224.17206, 0.0
415, 4.20892, 0.0, 0.0, 0.0, 1.06667, 989.83367, 469224.88641, 0.0
416, 4.14024, 0.0, 0.0, 0.0, 1.0, 970.20935, 468233.23327, 0.0
417, 4.06098, 0.0, 0.0, 0.0, 1.05405, 950.68089, 467246.67276, 0.0
418, 3.97967, 0.0, 0.0, 0.0, 1.05263, 930.49593, 466257.35772, 0.0
419, 3.93279, 0.0, 0.0, 0.0, 1.0, 917.41548, 465266.63008, 0.0
420, 3.86151, 0.0, 0.0, 0.0, 1.09375, 900.39919, 464278.20774, 0.0
421, 3.82653, 0.0, 0.0, 0.0, 1.05, 891.97551, 463285.20367, 0.0
422, 3.78937, 0.0, 0.0, 0.0, 1.1, 880.29652, 462293.70816, 0.0
423, 3.73922, 0.0, 0.0, 0.0, 1.06667, 868.05749, 461315.64622, 0.0
424, 3.69342, 1.0, 28500.0, 44.57895, 1.04, 914.35597, 460328.1499, 1.0
425, 3.64876, 0.0, 0.0, 0.0, 1.03571, 902.92562, 459351.23251, 1.0
426, 3.57645, 0.0, 0.0, 0.0, 1.02941, 885.80372, 458374.17355, 1.0
427, 3.52066, 0.0, 0.0, 0.0, 1.0, 871.55992, 457396.93595, 1.0
428, 3.47619, 0.0, 0.0, 0.0, 1.0, 859.75776, 456425.54959, 1.0
429, 3.43064, 0.0, 0.0, 0.0, 1.0, 847.23188, 455450.86128, 1.0
430, 3.38669, 0.0, 0.0, 0.0, 1.12, 835.76507, 454483.49275, 1.0
431, 3.32917, 0.0, 0.0, 0.0, 1.03333, 822.42292, 453523.77339, 1.0
432, 3.28601, 0.0, 0.0, 0.0, 1.04348, 811.42171, 452556.59792, 1.0
433, 3.2364, 0.0, 0.0, 0.0, 1.03846, 799.82008, 451595.58873, 1.0
434, 3.17782, 0.0, 0.0, 0.0, 1.0, 786.51674, 450627.46444, 1.0
435, 3.11088, 0.0, 0.0, 0.0, 1.03226, 771.20711, 449668.62134, 1.0
436, 3.05021, 0.0, 0.0, 0.0, 1.03571, 756.19038, 448714.20921, 1.0
437, 3.02321, 0.0, 0.0, 0.0, 1.0, 750.20886, 447760.77406, 1.0
438, 2.99366, 0.0, 0.0, 0.0, 1.0625, 742.38478, 446789.10338, 1.0
439, 2.95975, 0.0, 0.0, 0.0, 1.0, 734.04661, 445830.47146, 1.0
440, 2.93404, 0.0, 0.0, 0.0, 1.05882, 726.49149, 444883.59958, 1.0
441, 2.89979, 0.0, 0.0, 0.0, 1.0, 717.65032, 443917.12553, 1.0
442, 2.88699, 0.0, 0.0, 0.0, 1.0, 713.82942, 442969.24947, 1.0
443, 2.85043, 0.0, 0.0, 0.0, 1.0, 705.20299, 442022.90618, 1.0
444, 2.82227, 0.0, 0.0, 0.0, 1.0, 696.97009, 441059.39744, 1.0
445, 2.78925, 0.0, 0.0, 0.0, 1.05, 689.11159, 440121.76068, 1.0
446, 2.7581, 0.0, 0.0, 0.0, 1.0, 625.24838, 439227.32403, 0.0
447, 2.73043, 0.0, 0.0, 0.0, 1.0, 619.11739, 438227.36933, 0.0
448, 2.69063, 0.0, 0.0, 0.0, 1.0, 608.93464, 437306.45, 0.0
449, 2.67406, 0.0, 0.0, 0.0, 1.03571, 605.70953, 436369.71678, 0.0
450, 2.6317, 0.0, 0.0, 0.0, 1.03846, 595.10491, 435438.14191, 0.0
451, 2.59152, 0.0, 0.0, 0.0, 1.0, 584.91518, 434510.27455, 0.0
452, 2.54484, 0.0, 0.0, 0.0, 1.0, 574.41256, 433588.93973, 0.0
453, 2.5, 0.0, 0.0, 0.0, 1.0, 564.72973, 432655.22646, 0.0
454, 2.45495, 0.0, 0.0, 0.0, 1.05263, 553.02477, 431711.02928, 0.0
455, 2.42534, 0.0, 0.0, 0.0, 1.0, 545.63801, 430789.56982, 0.0
456, 2.39773, 0.0, 0.0, 0.0, 1.0, 538.79545, 429874.90498, 0.0
457, 2.37443, 0.0, 0.0, 0.0, 1.0, 533.2032, 428951.56818, 0.0
458, 2.33871, 0.0, 0.0, 0.0, 1.13636, 526.13134, 428037.34018, 0.0
459, 2.32401, 0.0, 0.0, 0.0, 1.05882, 521.14918, 427129.76267, 0.0
460, 2.29108, 0.0, 0.0, 0.0, 1.0, 514.75587, 426226.44522, 0.0
461, 2.26415, 0.0, 0.0, 0.0, 1.0, 508.08962, 425310.78169, 0.0
462, 2.23753, 0.0, 0.0, 0.0, 1.05882, 501.06413, 424400.71934, 0.0
463, 2.20525, 0.0, 0.0, 0.0, 1.0, 494.20525, 423484.94774, 0.0
464, 2.17225, 0.0, 0.0, 0.0, 1.0, 488.03828, 422566.0716, 0.0
465, 2.13942, 0.0, 0.0, 0.0, 1.0, 474.58173, 421664.85407, 0.0
466, 2.11807, 0.0, 0.0, 0.0, 1.0, 468.65301, 420761.51683, 0.0
467, 2.0799, 0.0, 0.0, 0.0, 1.0, 460.39709, 419856.93976, 0.0
468, 2.07056, 0.0, 0.0, 0.0, 1.0, 458.57664, 418968.4092, 0.0
469, 2.04645, 0.0, 0.0, 0.0, 1.07692, 449.94866, 418063.40146, 0.0
470, 2.0297, 0.0, 0.0, 0.0, 1.0, 445.70297, 417167.60391, 0.0
471, 2.00499, 0.0, 0.0, 0.0, 1.0, 439.93516, 416268.59158, 0.0
472, 1.9799, 0.0, 0.0, 0.0, 1.0, 434.57538, 415360.4389, 0.0
473, 1.95455, 0.0, 0.0, 0.0, 1.07692, 429.24747, 414477.16834, 0.0
474, 1.93367, 0.0, 0.0, 0.0, 1.0, 425.00255, 413586.93939, 0.0
475, 1.91795, 0.0, 0.0, 0.0, 1.0, 421.8359, 412682.63776, 0.0
476, 1.89637, 0.0, 0.0, 0.0, 1.0, 409.78756, 411821.43846, 0.0
477, 1.8799, 0.0, 0.0, 0.0, 1.0, 405.42037, 410919.2513, 0.0
478, 1.87139, 0.0, 0.0, 0.0, 1.0, 402.72441, 410038.4282, 0.0
479, 1.84309, 0.0, 0.0, 0.0, 1.0, 397.68883, 409164.14436, 0.0
480, 1.82038, 0.0, 0.0, 0.0, 1.0, 393.41555, 408289.05053, 0.0
481, 1.80759, 0.0, 0.0, 0.0, 1.0, 390.98645, 407402.03753, 0.0
482, 1.80274, 0.0, 0.0, 0.0, 1.125, 389.36438, 406516.82385, 0.0
483, 1.78729, 0.0, 0.0, 0.0, 1.0, 385.43923, 405637.12055, 0.0
484, 1.76944, 0.0, 0.0, 0.0, 1.0, 381.73333, 404773.99724, 0.0
485, 1.75209, 0.0, 0.0, 0.0, 1.0, 377.20334, 403903.58611, 0.0
486, 1.73315, 0.0, 0.0, 0.0, 1.0, 372.55337, 403028.02228, 0.0
487, 1.70704, 0.0, 0.0, 0.0, 1.0, 366.92676, 402164.09551, 0.0
488, 1.70255, 0.0, 0.0, 0.0, 1.0, 366.14448, 401290.76056, 0.0
489, 1.69054, 0.0, 0.0, 0.0, 1.1, 363.26648, 400431.5864, 0.0
490, 1.67241, 0.0, 0.0, 0.0, 1.0, 359.59483, 399564.32665, 0.0
491, 1.65896, 0.0, 0.0, 0.0, 1.0, 357.03179, 398713.10057, 0.0
492, 1.62974, 0.0, 0.0, 0.0, 1.15385, 350.86589, 397863.87861, 0.0
493, 1.6129, 0.0, 0.0, 0.0, 1.0, 347.09091, 396995.26239, 0.0
494, 1.59347, 0.0, 0.0, 0.0, 1.0, 343.28487, 396143.65103, 0.0
495, 1.58559, 0.0, 0.0, 0.0, 1.0, 340.82883, 395286.55193, 0.0
496, 1.5841, 0.0, 0.0, 0.0, 1.0, 340.01529, 394416.94294, 0.0
497, 1.57407, 0.0, 0.0, 0.0, 1.0, 337.62037, 393567.48624, 0.0
498, 1.56522, 0.0, 0.0, 0.0, 1.0, 334.92547, 392727.86111, 0.0
499, 1.55031, 0.0, 0.0, 0.0, 1.0, 331.79245, 391879.53727, 0.0
500, 1.54286, 0.0, 0.0, 0.0, 1.0, 329.52381, 391028.83962, 0.0
501, 1.52885, 0.0, 0.0, 0.0, 1.0, 326.53205, 390184.9746, 0.0
502, 1.52751, 0.0, 0.0, 0.0, 1.0, 326.19741, 389329.97756, 0.0
503, 1.51792, 0.0, 0.0, 0.0, 1.0, 323.7329, 388503.73463, 0.0
504, 1.5082, 0.0, 0.0, 0.0, 1.0, 321.40328, 387671.31596, 0.0
505, 1.49834, 0.0, 0.0, 0.0, 1.0, 319.39867, 386860.43279, 0.0
506, 1.49329, 0.0, 0.0, 0.0, 1.0, 318.02013, 386036.71429, 0.0
507, 1.49831, 0.0, 0.0, 0.0, 1.0, 318.3661, 385235.14094, 0.0
508, 1.48805, 0.0, 0.0, 0.0, 1.0, 316.89078, 384422.79661, 0.0
509, 1.47603, 0.0, 0.0, 0.0, 1.0, 313.84589, 383584.74403, 0.0
510, 1.46181, 0.0, 0.0, 0.0, 1.0, 311.42361, 382773.57192, 0.0
511, 1.44755, 0.0, 0.0, 0.0, 1.0, 308.15035, 381956.51736, 0.0
512, 1.43262, 0.0, 0.0, 0.0, 1.11111, 294.5461, 381143.92308, 0.0
513, 1.40925, 0.0, 0.0, 0.0, 1.0, 290.30249, 380296.64894, 0.0
514, 1.40433, 0.0, 0.0, 0.0, 1.0, 289.19856, 379482.0, 0.0
515, 1.40146, 0.0, 0.0, 0.0, 1.0, 288.83942, 378673.36462, 0.0
516, 1.3963, 0.0, 0.0, 0.0, 1.0, 286.39259, 377824.12774, 0.0
517, 1.38433, 0.0, 0.0, 0.0, 1.0, 284.42164, 377018.7963, 0.0
518, 1.37079, 0.0, 0.0, 0.0, 1.0, 281.58801, 376209.37313, 0.0
519, 1.37121, 0.0, 0.0, 0.0, 1.0, 280.94318, 375419.56554, 0.0
520, 1.36641, 0.0, 0.0, 0.0, 1.0, 279.73282, 374655.28788, 0.0
521, 1.35547, 0.0, 0.0, 0.0, 1.0, 278.61328, 373858.5458, 0.0
522, 1.36255, 0.0, 0.0, 0.0, 1.0, 279.70916, 373043.23438, 0.0
523, 1.35484, 0.0, 0.0, 0.0, 1.0, 278.90726, 372240.23108, 0.0
524, 1.35246, 0.0, 0.0, 0.0, 1.0, 278.06557, 371459.8629, 0.0
525, 1.34156, 0.0, 0.0, 0.0, 1.0, 276.40741, 370686.16803, 0.0
526, 1.3375, 0.0, 0.0, 0.0, 1.0, 275.60417, 369895.33745, 0.0
527, 1.33054, 0.0, 0.0, 0.0, 1.0, 273.67782, 369068.22083, 0.0
528, 1.32911, 0.0, 0.0, 0.0, 1.0, 272.93671, 368262.60251, 0.0
529, 1.32189, 0.0, 0.0, 0.0, 1.0, 271.70815, 367483.12658, 0.0
530, 1.31304, 0.0, 0.0, 0.0, 1.0, 269.48261, 366726.60086, 0.0
531, 1.30702, 0.0, 0.0, 0.0, 1.0, 268.91228, 365913.60435, 0.0
532, 1.2973, 0.0, 0.0, 0.0, 1.0, 267.78378, 365133.09211, 0.0
533, 1.29493, 0.0, 0.0, 0.0, 1.0, 267.70507, 364354.31532, 0.0
534, 1.28241, 0.0, 0.0, 0.0, 1.0, 264.62037, 363569.56682, 0.0
535, 1.27442, 0.0, 0.0, 0.0, 1.0, 242.83256, 362805.77778, 0.0
536, 1.27103, 0.0, 0.0, 0.0, 1.0, 242.49533, 362024.05581, 0.0
537, 1.27014, 0.0, 0.0, 0.0, 1.0, 242.1327, 361226.92991, 0.0
538, 1.25359, 0.0, 0.0, 0.0, 1.0, 236.57895, 360431.1564, 0.0
539, 1.25121, 0.0, 0.0, 0.0, 1.0, 235.96618, 359636.74641, 0.0
540, 1.24155, 0.0, 0.0, 0.0, 1.0, 233.64251, 358868.36715, 0.0
541, 1.24155, 0.0, 0.0, 0.0, 0.0, 233.1401, 358096.0, 0.0
542, 1.2439, 0.0, 0.0, 0.0, 1.0, 233.37561, 357326.97585, 0.0
543, 1.2451, 0.0, 0.0, 0.0, 1.0, 233.28922, 356536.90732, 0.0
544, 1.24631, 0.0, 0.0, 0.0, 1.0, 233.13793, 355760.13725, 0.0
545, 1.24876, 0.0, 0.0, 0.0, 1.0, 233.35821, 354981.31034, 0.0
546, 1.2398, 0.0, 0.0, 0.0, 1.0, 216.85204, 354269.06965, 0.0
547, 1.23958, 0.0, 0.0, 0.0, 1.0, 217.07813, 353477.67857, 0.0
548, 1.23118, 0.0, 0.0, 0.0, 1.0, 215.72043, 352722.58333, 0.0
549, 1.21978, 0.0, 0.0, 0.0, 1.0, 212.65934, 351937.85484, 0.0
550, 1.21788, 0.0, 0.0, 0.0, 1.0, 211.56983, 351164.28571, 0.0
551, 1.20787, 0.0, 0.0, 0.0, 1.0, 208.8427, 350387.21788, 0.0
552, 1.21264, 0.0, 0.0, 0.0, 1.0, 208.81609, 349626.16854, 0.0
553, 1.21637, 0.0, 0.0, 0.0, 1.0, 209.2924, 348878.83908, 0.0
554, 1.22024, 0.0, 0.0, 0.0, 1.0, 210.54762, 348146.19298, 0.0
555, 1.21687, 0.0, 0.0, 0.0, 1.0, 209.5, 347361.23214, 0.0
556, 1.21687, 0.0, 0.0, 0.0, 0.0, 209.05422, 346630.53614, 0.0
557, 1.21687, 0.0, 0.0, 0.0, 0.0, 208.59036, 345882.46988, 0.0
558, 1.21472, 0.0, 0.0, 0.0, 1.0, 208.93252, 345149.70482, 0.0
559, 1.20859, 0.0, 0.0, 0.0, 1.0, 207.44785, 344365.31902, 0.0
560, 1.2037, 0.0, 0.0, 0.0, 1.0, 206.2963, 343625.01227, 0.0
561, 1.20126, 0.0, 0.0, 0.0, 1.0, 205.59748, 342854.53704, 0.0
562, 1.1962, 0.0, 0.0, 0.0, 1.0, 204.25949, 342114.45283, 0.0
563, 1.18065, 0.0, 0.0, 0.0, 1.0, 200.75484, 341390.00633, 0.0
564, 1.17532, 0.0, 0.0, 0.0, 1.0, 200.44805, 340607.3871, 0.0
565, 1.16667, 0.0, 0.0, 0.0, 1.0, 198.34667, 339864.53896, 0.0
566, 1.16216, 0.0, 0.0, 0.0, 1.0, 198.40541, 339146.58, 0.0
567, 1.15862, 0.0, 0.0, 0.0, 1.0, 197.58621, 338411.14865, 0.0
568, 1.14685, 0.0, 0.0, 0.0, 1.0, 196.71329, 337668.82759, 0.0
569, 1.14685, 0.0, 0.0, 0.0, 0.0, 196.34266, 336922.59441, 0.0
570, 1.14184, 0.0, 0.0, 0.0, 1.0, 194.64539, 336204.01399, 0.0
571, 1.13869, 0.0, 0.0, 0.0, 1.0, 194.56204, 335448.50355, 0.0
572, 1.14179, 0.0, 0.0, 0.0, 1.0, 195.15672, 334699.90511, 0.0
573, 1.14394, 0.0, 0.0, 0.0, 1.0, 195.04545, 333963.91791, 0.0
574, 1.14615, 0.0, 0.0, 0.0, 1.0, 194.9, 333279.95455, 0.0
575, 1.14615, 0.0, 0.0, 0.0, 0.0, 194.55385, 332562.93077, 0.0
576, 1.14729, 0.0, 0.0, 0.0, 1.0, 194.35659, 331854.29231, 0.0
577, 1.14961, 0.0, 0.0, 0.0, 1.0, 193.24409, 331143.11628, 0.0
578, 1.14173, 0.0, 0.0, 0.0, 1.0, 191.65354, 330475.02362, 0.0
579, 1.14286, 0.0, 0.0, 0.0, 1.0, 191.61905, 329771.64567, 0.0
580, 1.13821, 0.0, 0.0, 0.0, 1.0, 190.0, 329086.88095, 0.0
581, 1.13934, 0.0, 0.0, 0.0, 1.0, 190.06557, 328379.89431, 0.0
582, 1.1405, 0.0, 0.0, 0.0, 1.0, 190.01653, 327677.7541, 0.0
583, 1.14167, 0.0, 0.0, 0.0, 1.0, 190.00833, 326972.15702, 0.0
584, 1.14167, 0.0, 0.0, 0.0, 0.0, 189.48333, 326285.95833, 0.0
585, 1.1453, 0.0, 0.0, 0.0, 1.0, 189.88889, 325601.075, 0.0
586, 1.14655, 0.0, 0.0, 0.0, 1.0, 189.7069, 324933.68376, 0.0
587, 1.13913, 0.0, 0.0, 0.0, 1.0, 189.76522, 324234.16379, 0.0
588, 1.14414, 0.0, 0.0, 0.0, 1.0, 190.31532, 323541.55652, 0.0
589, 1.14679, 0.0, 0.0, 0.0, 1.0, 191.98165, 322801.8018, 0.0
590, 1.14953, 0.0, 0.0, 0.0, 1.0, 191.15888, 322079.40367, 0.0
591, 1.13208, 0.0, 0.0, 0.0, 1.0, 188.35849, 321375.1028, 0.0
592, 1.13333, 0.0, 0.0, 0.0, 1.0, 187.9619, 320690.37736, 0.0
593, 1.125, 0.0, 0.0, 0.0, 1.0, 185.48077, 319991.51429, 0.0
594, 1.12621, 0.0, 0.0, 0.0, 1.0, 185.39806, 319300.55769, 0.0
595, 1.11, 0.0, 0.0, 0.0, 1.0, 184.18, 318585.29126, 0.0
596, 1.11111, 0.0, 0.0, 0.0, 1.0, 184.16162, 317965.78, 0.0
597, 1.10526, 0.0, 0.0, 0.0, 1.0, 183.82105, 317271.85859, 0.0
598, 1.10638, 0.0, 0.0, 0.0, 1.0, 183.61702, 316602.13684, 0.0
599, 1.09677, 0.0, 0.0, 0.0, 1.0, 169.78495, 315921.96809, 0.0
600, 1.1, 0.0, 0.0, 0.0, 1.0, 170.05556, 315244.83871, 0.0
601, 1.10345, 0.0, 0.0, 0.0, 1.0, 171.62069, 314579.14444, 0.0
602, 1.10843, 0.0, 0.0, 0.0, 1.0, 171.95181, 313992.25287, 0.0
603, 1.09877, 0.0, 0.0, 0.0, 1.0, 169.46914, 313380.3012, 0.0
604, 1.1, 0.0, 0.0, 0.0, 1.0, 168.9625, 312683.02469, 0.0
605, 1.1039, 0.0, 0.0, 0.0, 1.0, 168.80519, 312050.1625, 0.0
606, 1.10667, 0.0, 0.0, 0.0, 1.0, 168.8, 311364.28571, 0.0
607, 1.09459, 0.0, 0.0, 0.0, 1.0, 166.59459, 310786.69333, 0.0
608, 1.09589, 0.0, 0.0, 0.0, 1.0, 166.63014, 310132.77027, 0.0
609, 1.09722, 0.0, 0.0, 0.0, 1.0, 166.77778, 309480.13699, 0.0
610, 1.10145, 0.0, 0.0, 0.0, 1.0, 167.10145, 308827.54167, 0.0
611, 1.10448, 0.0, 0.0, 0.0, 1.0, 167.31343, 308199.28986, 0.0
612, 1.09091, 0.0, 0.0, 0.0, 1.0, 164.93939, 307516.41791, 0.0
613, 1.09231, 0.0, 0.0, 0.0, 1.0, 164.41538, 306885.98485, 0.0
614, 1.09231, 0.0, 0.0, 0.0, 0.0, 164.07692, 306200.46154, 0.0
615, 1.09524, 0.0, 0.0, 0.0, 1.0, 164.03175, 305550.61538, 0.0
616, 1.09524, 0.0, 0.0, 0.0, 0.0, 163.71429, 304827.19048, 0.0
617, 1.09524, 0.0, 0.0, 0.0, 0.0, 163.34921, 304176.63492, 0.0
618, 1.08197, 0.0, 0.0, 0.0, 1.0, 160.45902, 303542.39683, 0.0
619, 1.08772, 0.0, 0.0, 0.0, 1.0, 163.4386, 302916.2459, 0.0
620, 1.08772, 0.0, 0.0, 0.0, 0.0, 163.03509, 302225.07018, 0.0
621, 1.08772, 0.0, 0.0, 0.0, 0.0, 162.59649, 301574.84211, 0.0
622, 1.08772, 0.0, 0.0, 0.0, 0.0, 162.35088, 300922.80702, 0.0
623, 1.08772, 0.0, 0.0, 0.0, 0.0, 161.92982, 300277.35088, 0.0
624, 1.08772, 0.0, 0.0, 0.0, 0.0, 161.47368, 299634.96491, 0.0
625, 1.08772, 0.0, 0.0, 0.0, 0.0, 161.05263, 298989.63158, 0.0
626, 1.09091, 0.0, 0.0, 0.0, 1.0, 161.52727, 298354.96491, 0.0
627, 1.09434, 0.0, 0.0, 0.0, 1.0, 161.16981, 297741.32727, 0.0
628, 1.09434, 0.0, 0.0, 0.0, 0.0, 160.96226, 297063.35849, 0.0
629, 1.09804, 0.0, 0.0, 0.0, 1.0, 160.45098, 296434.49057, 0.0
630, 1.09804, 0.0, 0.0, 0.0, 0.0, 160.13725, 295757.90196, 0.0
631, 1.10417, 0.0, 0.0, 0.0, 1.0, 159.27083, 295133.33333, 0.0
632, 1.1087, 0.0, 0.0, 0.0, 1.0, 159.80435, 294485.85417, 0.0
633, 1.11628, 0.0, 0.0, 0.0, 1.0, 160.60465, 293912.13043, 0.0
634, 1.11905, 0.0, 0.0, 0.0, 1.0, 164.09524, 293132.32558, 0.0
635, 1.11905, 0.0, 0.0, 0.0, 0.0, 163.66667, 292444.42857, 0.0
636, 1.10256, 0.0, 0.0, 0.0, 1.0, 160.51282, 291843.33333, 0.0
637, 1.10256, 0.0, 0.0, 0.0, 0.0, 160.20513, 291175.38462, 0.0
638, 1.10256, 0.0, 0.0, 0.0, 0.0, 159.89744, 290557.17949, 0.0
639, 1.10256, 0.0, 0.0, 0.0, 0.0, 159.53846, 289932.53846, 0.0
640, 1.10256, 0.0, 0.0, 0.0, 0.0, 159.12821, 289308.87179, 0.0
641, 1.10256, 0.0, 0.0, 0.0, 0.0, 158.82051, 288686.79487, 0.0
642, 1.10526, 0.0, 0.0, 0.0, 1.0, 159.5, 288075.51282, 0.0
643, 1.10526, 0.0, 0.0, 0.0, 0.0, 159.02632, 287403.81579, 0.0
644, 1.08108, 0.0, 0.0, 0.0, 1.0, 159.48649, 286791.39474, 0.0
645, 1.08108, 0.0, 0.0, 0.0, 0.0, 159.16216, 286110.83784, 0.0
646, 1.08108, 0.0, 0.0, 0.0, 0.0, 158.83784, 285495.13514, 0.0
647, 1.08333, 0.0, 0.0, 0.0, 1.0, 158.22222, 284889.02703, 0.0
648, 1.08333, 0.0, 0.0, 0.0, 0.0, 157.91667, 284312.52778, 0.0
649, 1.08333, 0.0, 0.0, 0.0, 0.0, 157.58333, 283697.77778, 0.0
650, 1.08333, 0.0, 0.0, 0.0, 0.0, 157.25, 283083.11111, 0.0
651, 1.08571, 0.0, 0.0, 0.0, 1.0, 157.42857, 282483.97222, 0.0
652, 1.05714, 0.0, 0.0, 0.0, 1.0, 153.17143, 281824.68571, 0.0
653, 1.05714, 0.0, 0.0, 0.0, 0.0, 152.82857, 281218.25714, 0.0
654, 1.05882, 0.0, 0.0, 0.0, 1.0, 152.73529, 280628.28571, 0.0
655, 1.05882, 0.0, 0.0, 0.0, 0.0, 152.52941, 280030.52941, 0.0
656, 1.02941, 0.0, 0.0, 0.0, 1.0, 148.20588, 279437.38235, 0.0
657, 1.02941, 0.0, 0.0, 0.0, 0.0, 147.85294, 278843.0, 0.0
658, 1.02941, 0.0, 0.0, 0.0, 0.0, 147.55882, 278240.38235, 0.0
659, 1.02941, 0.0, 0.0, 0.0, 0.0, 147.38235, 277642.5, 0.0
660, 1.03125, 0.0, 0.0, 0.0, 1.0, 152.4375, 277068.94118, 0.0
661, 1.03226, 0.0, 0.0, 0.0, 1.0, 151.22581, 276627.3125, 0.0
662, 1.03226, 0.0, 0.0, 0.0, 0.0, 150.64516, 276064.83871, 0.0
663, 1.03226, 0.0, 0.0, 0.0, 0.0, 150.29032, 275467.12903, 0.0
664, 1.03226, 0.0, 0.0, 0.0, 0.0, 150.06452, 274870.45161, 0.0
665, 1.03226, 0.0, 0.0, 0.0, 0.0, 149.83871, 274274.80645, 0.0
666, 1.03333, 0.0, 0.0, 0.0, 1.0, 150.63333, 273692.03226, 0.0
667, 1.03448, 0.0, 0.0, 0.0, 1.0, 151.37931, 273142.3, 0.0
668, 1.03571, 0.0, 0.0, 0.0, 1.0, 151.10714, 272641.17241, 0.0
669, 1.03704, 0.0, 0.0, 0.0, 1.0, 151.62963, 272033.21429, 0.0
670, 1.03704, 0.0, 0.0, 0.0, 0.0, 151.37037, 271389.96296, 0.0
671, 1.03846, 0.0, 0.0, 0.0, 1.0, 151.42308, 270811.81481, 0.0
672, 1.03846, 0.0, 0.0, 0.0, 0.0, 151.11538, 270172.07692, 0.0
673, 1.03846, 0.0, 0.0, 0.0, 0.0, 150.84615, 269584.53846, 0.0
674, 1.03846, 0.0, 0.0, 0.0, 0.0, 150.46154, 269002.07692, 0.0
675, 1.03846, 0.0, 0.0, 0.0, 0.0, 150.30769, 268419.34615, 0.0
676, 1.03846, 0.0, 0.0, 0.0, 0.0, 149.96154, 267844.42308, 0.0
677, 1.03846, 0.0, 0.0, 0.0, 0.0, 149.57692, 267263.5, 0.0
678, 1.03846, 0.0, 0.0, 0.0, 0.0, 149.30769, 266686.96154, 0.0
679, 1.03846, 0.0, 0.0, 0.0, 0.0, 149.03846, 266119.84615, 0.0
680, 1.04, 0.0, 0.0, 0.0, 1.0, 149.88, 265557.34615, 0.0
681, 1.04, 0.0, 0.0, 0.0, 0.0, 149.52, 264937.56, 0.0
682, 1.04, 0.0, 0.0, 0.0, 0.0, 149.28, 264362.68, 0.0
683, 1.04, 0.0, 0.0, 0.0, 0.0, 148.76, 263796.72, 0.0
684, 1.04167, 0.0, 0.0, 0.0, 1.0, 149.125, 263236.08, 0.0
685, 1.04348, 0.0, 0.0, 0.0, 1.0, 149.56522, 262671.5, 0.0
686, 1.04545, 0.0, 0.0, 0.0, 1.0, 151.5, 262184.21739, 0.0
687, 1.04545, 0.0, 0.0, 0.0, 0.0, 151.36364, 261504.22727, 0.0
688, 1.04545, 0.0, 0.0, 0.0, 0.0, 151.09091, 260942.5, 0.0
689, 1.04545, 0.0, 0.0, 0.0, 0.0, 150.86364, 260374.68182, 0.0
690, 1.04545, 0.0, 0.0, 0.0, 0.0, 150.59091, 259812.31818, 0.0
691, 1.04545, 0.0, 0.0, 0.0, 0.0, 150.40909, 259257.5, 0.0
692, 1.04545, 0.0, 0.0, 0.0, 0.0, 150.22727, 258702.54545, 0.0
693, 1.04762, 0.0, 0.0, 0.0, 1.0, 151.33333, 258153.5, 0.0
694, 1.04762, 0.0, 0.0, 0.0, 0.0, 150.95238, 257695.85714, 0.0
695, 1.04762, 0.0, 0.0, 0.0, 0.0, 150.42857, 257131.47619, 0.0
696, 1.04762, 0.0, 0.0, 0.0, 0.0, 150.0, 256570.47619, 0.0
697, 1.04762, 0.0, 0.0, 0.0, 0.0, 149.47619, 256009.80952, 0.0
698, 1.05263, 0.0, 0.0, 0.0, 1.0, 148.0, 255485.28571, 0.0
699, 1.05263, 0.0, 0.0, 0.0, 0.0, 147.63158, 255232.68421, 0.0
700, 1.05263, 0.0, 0.0, 0.0, 0.0, 147.0, 254689.57895, 0.0
701, 1.05263, 0.0, 0.0, 0.0, 0.0, 146.52632, 254139.42105, 0.0
702, 1.05263, 0.0, 0.0, 0.0, 0.0, 146.26316, 253591.94737, 0.0
703, 1.05263, 0.0, 0.0, 0.0, 0.0, 145.89474, 253036.84211, 0.0
704, 1.05263, 0.0, 0.0, 0.0, 0.0, 145.52632, 252494.26316, 0.0
705, 1.05263, 0.0, 0.0, 0.0, 0.0, 145.15789, 251952.31579, 0.0
706, 1.05263, 0.0, 0.0, 0.0, 0.0, 144.57895, 251403.0, 0.0
707, 1.05882, 0.0, 0.0, 0.0, 1.0, 144.35294, 250894.89474, 0.0
708, 1.0625, 0.0, 0.0, 0.0, 1.0, 142.375, 250198.29412, 0.0
709, 1.0625, 0.0, 0.0, 0.0, 0.0, 142.0, 249670.8125, 0.0
710, 1.0625, 0.0, 0.0, 0.0, 0.0, 141.6875, 249139.5, 0.0
711, 1.0625, 0.0, 0.0, 0.0, 0.0, 141.5625, 248599.75, 0.0
712, 1.0625, 0.0, 0.0, 0.0, 0.0, 141.25, 248054.125, 0.0
713, 1.0625, 0.0, 0.0, 0.0, 0.0, 141.0625, 247524.4375, 0.0
714, 1.0625, 0.0, 0.0, 0.0, 0.0, 140.6875, 246987.3125, 0.0
715, 1.06667, 0.0, 0.0, 0.0, 1.0, 142.0, 246449.875, 0.0
716, 1.07143, 0.0, 0.0, 0.0, 1.0, 145.07143, 245848.13333, 0.0
717, 1.07143, 0.0, 0.0, 0.0, 0.0, 144.42857, 245348.57143, 0.0
718, 1.07143, 0.0, 0.0, 0.0, 0.0, 144.21429, 244819.35714, 0.0
719, 1.07143, 0.0, 0.0, 0.0, 0.0, 144.0, 244286.57143, 0.0
720, 1.07692, 0.0, 0.0, 0.0, 1.0, 141.46154, 243781.5, 0.0
721, 1.07692, 0.0, 0.0, 0.0, 0.0, 141.30769, 243182.30769, 0.0
722, 1.07692, 0.0, 0.0, 0.0, 0.0, 140.92308, 242649.0, 0.0
723, 1.07692, 0.0, 0.0, 0.0, 0.0, 140.76923, 242139.38462, 0.0
724, 1.07692, 0.0, 0.0, 0.0, 0.0, 140.46154, 241618.76923, 0.0
725, 1.08333, 0.0, 0.0, 0.0, 1.0, 143.16667, 241114.23077, 0.0
726, 1.08333, 0.0, 0.0, 0.0, 0.0, 142.58333, 240303.58333, 0.0
727, 1.08333, 0.0, 0.0, 0.0, 0.0, 142.41667, 239790.08333, 0.0
728, 1.08333, 0.0, 0.0, 0.0, 0.0, 142.16667, 239277.33333, 0.0
729, 1.08333, 0.0, 0.0, 0.0, 0.0, 141.75, 238752.58333, 0.0
730, 1.08333, 0.0, 0.0, 0.0, 0.0, 141.25, 238251.75, 0.0
731, 1.1, 0.0, 0.0, 0.0, 1.0, 146.4, 237795.25, 0.0
732, 1.1, 0.0, 0.0, 0.0, 0.0, 146.2, 237115.0, 0.0
733, 1.1, 0.0, 0.0, 0.0, 0.0, 145.7, 236591.5, 0.0
734, 1.1, 0.0, 0.0, 0.0, 0.0, 145.3, 236099.3, 0.0
735, 1.11111, 0.0, 0.0, 0.0, 1.0, 148.88889, 235642.1, 0.0
736, 1.11111, 0.0, 0.0, 0.0, 0.0, 148.55556, 235249.44444, 0.0
737, 1.11111, 0.0, 0.0, 0.0, 0.0, 148.22222, 234738.66667, 0.0
738, 1.11111, 0.0, 0.0, 0.0, 0.0, 147.66667, 234222.22222, 0.0
739, 1.11111, 0.0, 0.0, 0.0, 0.0, 147.66667, 233713.66667, 0.0
740, 1.11111, 0.0, 0.0, 0.0, 0.0, 147.0, 233219.44444, 0.0
741, 1.11111, 0.0, 0.0, 0.0, 0.0, 146.66667, 232732.44444, 0.0
742, 1.11111, 0.0, 0.0, 0.0, 0.0, 146.33333, 232219.22222, 0.0
743, 1.125, 0.0, 0.0, 0.0, 1.0, 152.5, 231763.0, 0.0
744, 1.125, 0.0, 0.0, 0.0, 0.0, 152.5, 231151.5, 0.0
745, 1.125, 0.0, 0.0, 0.0, 0.0, 152.125, 230648.375, 0.0
746, 1.125, 0.0, 0.0, 0.0, 0.0, 151.875, 230151.75, 0.0
747, 1.14286, 0.0, 0.0, 0.0, 1.0, 158.57143, 229707.375, 0.0
748, 1.14286, 0.0, 0.0, 0.0, 0.0, 158.42857, 229314.57143, 0.0
749, 1.14286, 0.0, 0.0, 0.0, 0.0, 157.85714, 228839.14286, 0.0
750, 1.14286, 0.0, 0.0, 0.0, 0.0, 157.71429, 228333.0, 0.0
751, 1.14286, 0.0, 0.0, 0.0, 0.0, 156.85714, 227840.57143, 0.0
752, 1.16667, 0.0, 0.0, 0.0, 1.0, 163.33333, 227358.28571, 0.0
753, 1.16667, 0.0, 0.0, 0.0, 0.0, 162.66667, 227106.16667, 0.0
754, 1.16667, 0.0, 0.0, 0.0, 0.0, 162.5, 226627.83333, 0.0
755, 1.16667, 0.0, 0.0, 0.0, 0.0, 162.0, 226139.16667, 0.0
756, 1.16667, 0.0, 0.0, 0.0, 0.0, 161.66667, 225652.83333, 0.0
757, 1.16667, 0.0, 0.0, 0.0, 0.0, 161.16667, 225167.5, 0.0
758, 1.2, 0.0, 0.0, 0.0, 1.0, 175.8, 224739.5, 0.0
759, 1.2, 0.0, 0.0, 0.0, 0.0, 174.8, 224095.2, 0.0
760, 1.2, 0.0, 0.0, 0.0, 0.0, 174.2, 223614.2, 0.0
761, 1.25, 0.0, 0.0, 0.0, 1.0, 188.75, 223227.6, 0.0
762, 1.25, 0.0, 0.0, 0.0, 0.0, 188.25, 223160.0, 0.0
763, 1.25, 0.0, 0.0, 0.0, 0.0, 187.75, 222686.5, 0.0
764, 1.25, 0.0, 0.0, 0.0, 0.0, 187.5, 222186.5, 0.0
765, 1.25, 0.0, 0.0, 0.0, 0.0, 187.0, 221725.25, 0.0
766, 1.25, 0.0, 0.0, 0.0, 0.0, 185.75, 221248.0, 0.0
767, 1.25, 0.0, 0.0, 0.0, 0.0, 185.75, 220763.0, 0.0
768, 1.25, 0.0, 0.0, 0.0, 0.0, 185.25, 220289.0, 0.0
769, 1.25, 0.0, 0.0, 0.0, 0.0, 185.0, 219821.75, 0.0
770, 1.25, 0.0, 0.0, 0.0, 0.0, 184.75, 219348.25, 0.0
771, 1.25, 0.0, 0.0, 0.0, 0.0, 184.25, 218869.5, 0.0
772, 1.25, 0.0, 0.0, 0.0, 0.0, 183.5, 218390.25, 0.0
773, 1.25, 0.0, 0.0, 0.0, 0.0, 183.5, 217926.75, 0.0
774, 1.25, 0.0, 0.0, 0.0, 0.0, 183.0, 217460.25, 0.0
775, 1.25, 0.0, 0.0, 0.0, 0.0, 183.0, 216979.0, 0.0
776, 1.25, 0.0, 0.0, 0.0, 0.0, 183.0, 216520.75, 0.0
777, 1.25, 0.0, 0.0, 0.0, 0.0, 182.5, 216047.25, 0.0
778, 1.25, 0.0, 0.0, 0.0, 0.0, 182.5, 215586.25, 0.0
779, 1.25, 0.0, 0.0, 0.0, 0.0, 181.5, 215109.75, 0.0
780, 1.25, 0.0, 0.0, 0.0, 0.0, 181.0, 214646.0, 0.0
781, 1.25, 0.0, 0.0, 0.0, 0.0, 180.25, 214171.75, 0.0
782, 1.25, 0.0, 0.0, 0.0, 0.0, 180.0, 213711.5, 0.0
783, 1.25, 0.0, 0.0, 0.0, 0.0, 179.5, 213239.25, 0.0
784, 1.0, 0.0, 0.0, 0.0, 1.0, 104.5, 212872.0, 0.0
785, 1.0, 0.0, 0.0, 0.0, 0.0, 104.5, 212404.75, 0.0
786, 1.0, 0.0, 0.0, 0.0, 0.0, 104.25, 211946.5, 0.0
787, 1.0, 0.0, 0.0, 0.0, 0.0, 104.0, 211480.5, 0.0
788, 1.0, 0.0, 0.0, 0.0, 0.0, 103.75, 211014.25, 0.0
789, 1.0, 0.0, 0.0, 0.0, 0.0, 103.75, 210567.5, 0.0
790, 1.0, 0.0, 0.0, 0.0, 0.0, 103.5, 210109.25, 0.0
791, 1.0, 0.0, 0.0, 0.0, 0.0, 103.5, 209641.5, 0.0
792, 1.0, 0.0, 0.0, 0.0, 0.0, 103.5, 209182.25, 0.0
793, 1.0, 0.0, 0.0, 0.0, 0.0, 103.0, 208729.5, 0.0
794, 1.0, 0.0, 0.0, 0.0, 0.0, 103.0, 208289.25, 0.0
795, 1.0, 0.0, 0.0, 0.0, 0.0, 102.75, 207858.5, 0.0
796, 1.0, 0.0, 0.0, 0.0, 0.0, 102.75, 207409.0, 0.0
797, 1.0, 0.0, 0.0, 0.0, 0.0, 102.5, 206974.25, 0.0
798, 1.0, 0.0, 0.0, 0.0, 0.0, 102.5, 206517.5, 0.0
799, 1.0, 0.0, 0.0, 0.0, 0.0, 102.5, 206082.5, 0.0
800, 1.0, 0.0, 0.0, 0.0, 0.0, 102.25, 205654.25, 0.0
801, 1.0, 0.0, 0.0, 0.0, 0.0, 101.75, 205229.25, 0.0
802, 1.0, 0.0, 0.0, 0.0, 0.0, 101.5, 204803.0, 0.0
803, 1.0, 0.0, 0.0, 0.0, 0.0, 101.25, 204366.5, 0.0
804, 1.0, 0.0, 0.0, 0.0, 0.0, 101.0, 203933.5, 0.0
805, 1.0, 0.0, 0.0, 0.0, 0.0, 100.5, 203478.5, 0.0
806, 1.0, 0.0, 0.0, 0.0, 0.0, 100.5, 203052.0, 0.0
807, 1.0, 0.0, 0.0, 0.0, 0.0, 100.25, 202620.75, 0.0
808, 1.0, 0.0, 0.0, 0.0, 0.0, 100.25, 202161.75, 0.0
809, 1.0, 0.0, 0.0, 0.0, 1.0, 107.66667, 201865.75, 0.0
810, 1.0, 0.0, 0.0, 0.0, 0.0, 107.66667, 201089.33333, 0.0
811, 1.0, 0.0, 0.0, 0.0, 0.0, 107.33333, 200653.66667, 0.0
812, 1.0, 0.0, 0.0, 0.0, 0.0, 107.33333, 200221.66667, 0.0
813, 1.0, 0.0, 0.0, 0.0, 0.0, 106.66667, 199799.33333, 0.0
814, 1.0, 0.0, 0.0, 0.0, 0.0, 106.66667, 199363.0, 0.0
815, 1.0, 0.0, 0.0, 0.0, 0.0, 106.33333, 198934.0, 0.0
816, 1.0, 0.0, 0.0, 0.0, 0.0, 106.33333, 198517.66667, 0.0
817, 1.0, 0.0, 0.0, 0.0, 0.0, 105.33333, 198082.0, 0.0
818, 1.0, 0.0, 0.0, 0.0, 0.0, 104.66667, 197677.33333, 0.0
819, 1.0, 0.0, 0.0, 0.0, 0.0, 104.66667, 197251.33333, 0.0
820, 1.0, 0.0, 0.0, 0.0, 0.0, 104.66667, 196820.0, 0.0
821, 1.0, 0.0, 0.0, 0.0, 0.0, 104.66667, 196372.66667, 0.0
822, 1.0, 0.0, 0.0, 0.0, 0.0, 104.66667, 195942.33333, 0.0
823, 1.0, 0.0, 0.0, 0.0, 0.0, 104.33333, 195513.33333, 0.0
824, 1.0, 0.0, 0.0, 0.0, 0.0, 104.0, 195090.66667, 0.0
825, 1.0, 0.0, 0.0, 0.0, 0.0, 104.0, 194652.33333, 0.0
826, 1.0, 0.0, 0.0, 0.0, 0.0, 104.0, 194236.66667, 0.0
827, 1.0, 0.0, 0.0, 0.0, 0.0, 103.33333, 193827.33333, 0.0
828, 1.0, 0.0, 0.0, 0.0, 0.0, 103.0, 193396.66667, 0.0
829, 1.0, 0.0, 0.0, 0.0, 0.0, 103.0, 192976.0, 0.0
830, 1.0, 0.0, 0.0, 0.0, 0.0, 103.0, 192567.33333, 0.0
831, 1.0, 0.0, 0.0, 0.0, 0.0, 102.66667, 192147.66667, 0.0
832, 1.0, 0.0, 0.0, 0.0, 0.0, 102.66667, 191747.66667, 0.0
833, 1.0, 0.0, 0.0, 0.0, 0.0, 102.33333, 191335.33333, 0.0
834, 1.0, 0.0, 0.0, 0.0, 0.0, 102.33333, 190911.0, 0.0
835, 1.0, 0.0, 0.0, 0.0, 0.0, 102.0, 190486.33333, 0.0
836, 1.0, 0.0, 0.0, 0.0, 0.0, 102.0, 190077.33333, 0.0
837, 1.0, 0.0, 0.0, 0.0, 1.0, 101.5, 189798.33333, 0.0
838, 1.0, 0.0, 0.0, 0.0, 0.0, 101.5, 189578.5, 0.0
839, 1.0, 0.0, 0.0, 0.0, 0.0, 101.5, 189183.0, 0.0
840, 1.0, 0.0, 0.0, 0.0, 0.0, 101.5, 188761.5, 0.0
841, 1.0, 0.0, 0.0, 0.0, 0.0, 100.5, 188382.0, 0.0
842, 1.0, 0.0, 0.0, 0.0, 0.0, 100.0, 187959.5, 0.0
843, 1.0, 0.0, 0.0, 0.0, 0.0, 99.0, 187550.0, 0.0
844, 1.0, 0.0, 0.0, 0.0, 0.0, 98.5, 187113.5, 0.0
845, 1.0, 0.0, 0.0, 0.0, 0.0, 98.5, 186693.0, 0.0
846, 1.0, 0.0, 0.0, 0.0, 0.0, 98.0, 186310.0, 0.0
847, 1.0, 0.0, 0.0, 0.0, 0.0, 98.0, 185919.5, 0.0
848, 1.0, 0.0, 0.0, 0.0, 0.0, 98.0, 185510.5, 0.0
849, 1.0, 0.0, 0.0, 0.0, 0.0, 98.0, 185090.5, 0.0
850, 1.0, 0.0, 0.0, 0.0, 0.0, 97.0, 184662.0, 0.0
851, 1.0, 0.0, 0.0, 0.0, 0.0, 96.5, 184252.5, 0.0
852, 1.0, 0.0, 0.0, 0.0, 1.0, 105.0, 183960.5, 0.0
853, 1.0, 0.0, 0.0, 0.0, 0.0, 105.0, 183785.0, 0.0
854, 1.0, 0.0, 0.0, 0.0, 0.0, 105.0, 183378.0, 0.0
855, 1.0, 0.0, 0.0, 0.0, 0.0, 105.0, 182982.0, 0.0
856, 1.0, 0.0, 0.0, 0.0, 0.0, 105.0, 182529.0, 0.0
857, 1.0, 0.0, 0.0, 0.0, 0.0, 103.0, 182152.0, 0.0
858, 1.0, 0.0, 0.0, 0.0, 0.0, 103.0, 181755.0, 0.0
859, 1.0, 0.0, 0.0, 0.0, 0.0, 103.0, 181350.0, 0.0
860, 1.0, 0.0, 0.0, 0.0, 0.0, 103.0, 180955.0, 0.0
861, 1.0, 0.0, 0.0, 0.0, 0.0, 103.0, 180567.0, 0.0
862, 1.0, 0.0, 0.0, 0.0, 0.0, 102.0, 180173.0, 0.0
863, 1.0, 0.0, 0.0, 0.0, 0.0, 102.0, 179786.0, 0.0
864, 1.0, 0.0, 0.0, 0.0, 0.0, 101.0, 179388.0, 0.0
865, 1.0, 0.0, 0.0, 0.0, 0.0, 100.0, 178967.0, 0.0
866, 1.0, 0.0, 0.0, 0.0, 0.0, 100.0, 178579.0, 0.0
867, 1.0, 0.0, 0.0, 0.0, 0.0, 100.0, 178170.0, 0.0
868, 1.0, 0.0, 0.0, 0.0, 0.0, 100.0, 177770.0, 0.0
869, 1.0, 0.0, 0.0, 0.0, 0.0, 100.0, 177384.0, 0.0
870, 1.0, 0.0, 0.0, 0.0, 0.0, 100.0, 176974.0, 0.0
871, 1.0, 0.0, 0.0, 0.0, 0.0, 100.0, 176573.0, 0.0
872, 1.0, 0.0, 0.0, 0.0, 0.0, 99.0, 176186.0, 0.0
873, 1.0, 0.0, 0.0, 0.0, 0.0, 99.0, 175812.0, 0.0
874, 1.0, 0.0, 0.0, 0.0, 0.0, 99.0, 175424.0, 0.0
875, 1.0, 0.0, 0.0, 0.0, 0.0, 99.0, 175052.0, 0.0
876, 1.0, 0.0, 0.0, 0.0, 0.0, 99.0, 174710.0, 0.0
877, 1.0, 0.0, 0.0, 0.0, 0.0, 99.0, 174352.0, 0.0
878, 1.0, 0.0, 0.0, 0.0, 0.0, 99.0, 173975.0, 0.0
879, 1.0, 0.0, 0.0, 0.0, 0.0, 99.0, 173620.0, 0.0
880, 1.0, 0.0, 0.0, 0.0, 0.0, 99.0, 173254.0, 0.0
881, 1.0, 0.0, 0.0, 0.0, 0.0, 99.0, 172881.0, 0.0
882, 1.0, 0.0, 0.0, 0.0, 0.0, 99.0, 172524.0, 0.0
883, 1.0, 0.0, 0.0, 0.0, 0.0, 99.0, 172158.0, 0.0
884, 1.0, 0.0, 0.0, 0.0, 0.0, 99.0, 171759.0, 0.0
885, 1.0, 0.0, 0.0, 0.0, 0.0, 99.0, 171406.0, 0.0
886, 1.0, 0.0, 0.0, 0.0, 0.0, 99.0, 171038.0, 0.0
887, 1.0, 0.0, 0.0, 0.0, 0.0, 99.0, 170683.0, 0.0
888, 1.0, 0.0, 0.0, 0.0, 0.0, 98.0, 170306.0, 0.0
889, 1.0, 0.0, 0.0, 0.0, 0.0, 98.0, 169918.0, 0.0
890, 1.0, 0.0, 0.0, 0.0, 0.0, 98.0, 169545.0, 0.0
891, 1.0, 0.0, 0.0, 0.0, 0.0, 98.0, 169170.0, 0.0
892, 1.0, 0.0, 0.0, 0.0, 0.0, 98.0, 168812.0, 0.0
893, 1.0, 0.0, 0.0, 0.0, 0.0, 98.0, 168431.0, 0.0
894, 1.0, 0.0, 0.0, 0.0, 0.0, 98.0, 168087.0, 0.0
895, 1.0, 0.0, 0.0, 0.0, 0.0, 98.0, 167717.0, 0.0
896, 1.0, 0.0, 0.0, 0.0, 0.0, 98.0, 167383.0, 0.0
897, 1.0, 0.0, 0.0, 0.0, 0.0, 98.0, 167017.0, 0.0
898, 1.0, 0.0, 0.0, 0.0, 0.0, 97.0, 166670.0, 0.0
899, 1.0, 0.0, 0.0, 0.0, 0.0, 96.0, 166306.0, 0.0
900, 1.0, 0.0, 0.0, 0.0, 0.0, 96.0, 165957.0, 0.0
901, 1.0, 0.0, 0.0, 0.0, 0.0, 96.0, 165567.0, 0.0
902, 1.0, 0.0, 0.0, 0.0, 0.0, 95.0, 165199.0, 0.0
903, 1.0, 0.0, 0.0, 0.0, 0.0, 95.0, 164849.0, 0.0
904, 1.0, 0.0, 0.0, 0.0, 0.0, 95.0, 164493.0, 0.0
905, 1.0, 0.0, 0.0, 0.0, 0.0, 95.0, 164134.0, 0.0
906, 1.0, 0.0, 0.0, 0.0, 0.0, 95.0, 163799.0, 0.0
907, 1.0, 0.0, 0.0, 0.0, 0.0, 94.0, 163462.0, 0.0
908, 1.0, 0.0, 0.0, 0.0, 0.0, 94.0, 163095.0, 0.0
909, 1.0, 0.0, 0.0, 0.0, 0.0, 94.0, 162747.0, 0.0
910, 1.0, 0.0, 0.0, 0.0, 0.0, 94.0, 162390.0, 0.0
911, 1.0, 0.0, 0.0, 0.0, 0.0, 93.0, 162066.0, 0.0
912, 1.0, 0.0, 0.0, 0.0, 0.0, 93.0, 161699.0, 0.0
913, 1.0, 0.0, 0.0, 0.0, 0.0, 92.0, 161347.0, 0.0
914, 1.0, 0.0, 0.0, 0.0, 0.0, 92.0, 161017.0, 0.0
915, 1.0, 0.0, 0.0, 0.0, 0.0, 92.0, 160674.0, 0.0
916, 1.0, 0.0, 0.0, 0.0, 0.0, 92.0, 160326.0, 0.0
917, 1.0, 0.0, 0.0, 0.0, 0.0, 91.0, 160004.0, 0.0
918, 1.0, 0.0, 0.0, 0.0, 0.0, 91.0, 159615.0, 0.0
919, 1.0, 0.0, 0.0, 0.0, 0.0, 90.0, 159276.0, 0.0
920, 1.0, 0.0, 0.0, 0.0, 0.0, 90.0, 158921.0, 0.0
921, 1.0, 0.0, 0.0, 0.0, 0.0, 90.0, 158547.0, 0.0
922, 1.0, 0.0, 0.0, 0.0, 0.0, 90.0, 158205.0, 0.0
923, 1.0, 0.0, 0.0, 0.0, 0.0, 90.0, 157841.0, 0.0
924, 1.0, 0.0, 0.0, 0.0, 0.0, 90.0, 157477.0, 0.0
925, 1.0, 0.0, 0.0, 0.0, 0.0, 90.0, 157117.0, 0.0
926, 1.0, 0.0, 0.0, 0.0, 0.0, 90.0, 156815.0, 0.0
927, 1.0, 0.0, 0.0, 0.0, 0.0, 90.0, 156480.0, 0.0
928, 1.0, 0.0, 0.0, 0.0, 0.0, 90.0, 156165.0, 0.0
929, 1.0, 0.0, 0.0, 0.0, 0.0, 90.0, 155815.0, 0.0
930, 1.0, 0.0, 0.0, 0.0, 0.0, 89.0, 155463.0, 0.0
931, 1.0, 0.0, 0.0, 0.0, 0.0, 88.0, 155136.0, 0.0
932, 1.0, 0.0, 0.0, 0.0, 0.0, 88.0, 154769.0, 0.0
933, 1.0, 0.0, 0.0, 0.0, 0.0, 88.0, 154449.0, 0.0
934, 1.0, 0.0, 0.0, 0.0, 0.0, 88.0, 154152.0, 0.0
935, 1.0, 0.0, 0.0, 0.0, 0.0, 87.0, 153812.0, 0.0
936, 1.0, 0.0, 0.0, 0.0, 0.0, 86.0, 153456.0, 0.0
937, 1.0, 0.0, 0.0, 0.0, 0.0, 86.0, 153170.0, 0.0
938, 1.0, 0.0, 0.0, 0.0, 0.0, 86.0, 152847.0, 0.0
939, 1.0, 0.0, 0.0, 0.0, 0.0, 86.0, 152506.0, 0.0
940, 1.0, 0.0, 0.0, 0.0, 0.0, 86.0, 152151.0, 0.0
941, 1.0, 0.0, 0.0, 0.0, 0.0, 86.0, 151816.0, 0.0
942, 1.0, 0.0, 0.0, 0.0, 0.0, 86.0, 151462.0, 0.0
943, 1.0, 0.0, 0.0, 0.0, 0.0, 86.0, 151128.0, 0.0
944, 1.0, 0.0, 0.0, 0.0, 0.0, 86.0, 150777.0, 0.0
945, 1.0, 0.0, 0.0, 0.0, 0.0, 86.0, 150440.0, 0.0
946, 1.0, 0.0, 0.0, 0.0, 0.0, 85.0, 150111.0, 0.0
947, 1.0, 0.0, 0.0, 0.0, 0.0, 85.0, 149792.0, 0.0
948, 1.0, 0.0, 0.0, 0.0, 0.0, 85.0, 149454.0, 0.0
949, 1.0, 0.0, 0.0, 0.0, 0.0, 85.0, 149107.0, 0.0
950, 1.0, 0.0, 0.0, 0.0, 0.0, 84.0, 148805.0, 0.0
951, 1.0, 0.0, 0.0, 0.0, 0.0, 84.0, 148469.0, 0.0
952, 1.0, 0.0, 0.0, 0.0, 0.0, 84.0, 148137.0, 0.0
953, 1.0, 0.0, 0.0, 0.0, 0.0, 84.0, 147803.0, 0.0
954, 1.0, 0.0, 0.0, 0.0, 0.0, 84.0, 147491.0, 0.0
955, 1.0, 0.0, 0.0, 0.0, 0.0, 84.0, 147154.0, 0.0
956, 1.0, 0.0, 0.0, 0.0, 0.0, 84.0, 146843.0, 0.0
957, 1.0, 0.0, 0.0, 0.0, 0.0, 83.0, 146568.0, 0.0
958, 1.0, 0.0, 0.0, 0.0, 0.0, 83.0, 146240.0, 0.0
959, 1.0, 0.0, 0.0, 0.0, 0.0, 83.0, 145949.0, 0.0
960, 1.0, 0.0, 0.0, 0.0, 0.0, 83.0, 145646.0, 0.0
961, 1.0, 0.0, 0.0, 0.0, 0.0, 83.0, 145351.0, 0.0
962, 1.0, 0.0, 0.0, 0.0, 0.0, 83.0, 145036.0, 0.0
963, 1.0, 0.0, 0.0, 0.0, 0.0, 83.0, 144708.0, 0.0
964, 1.0, 0.0, 0.0, 0.0, 0.0, 83.0, 144396.0, 0.0
965, 1.0, 0.0, 0.0, 0.0, 0.0, 83.0, 144079.0, 0.0
966, 1.0, 0.0, 0.0, 0.0, 0.0, 83.0, 143749.0, 0.0
967, 1.0, 0.0, 0.0, 0.0, 0.0, 83.0, 143467.0, 0.0
968, 1.0, 0.0, 0.0, 0.0, 0.0, 82.0, 143136.0, 0.0
969, 1.0, 0.0, 0.0, 0.0, 0.0, 82.0, 142779.0, 0.0
970, 1.0, 0.0, 0.0, 0.0, 0.0, 82.0, 142490.0, 0.0
971, 1.0, 0.0, 0.0, 0.0, 0.0, 82.0, 142162.0, 0.0
972, 1.0, 0.0, 0.0, 0.0, 0.0, 82.0, 141890.0, 0.0
973, 1.0, 0.0, 0.0, 0.0, 0.0, 82.0, 141592.0, 0.0
974, 1.0, 0.0, 0.0, 0.0, 0.0, 82.0, 141287.0, 0.0
975, 1.0, 0.0, 0.0, 0.0, 0.0, 82.0, 140995.0, 0.0
976, 1.0, 0.0, 0.0, 0.0, 0.0, 82.0, 140696.0, 0.0
977, 1.0, 0.0, 0.0, 0.0, 0.0, 81.0, 140395.0, 0.0
978, 1.0, 0.0, 0.0, 0.0, 0.0, 81.0, 140098.0, 0.0
979, 1.0, 0.0, 0.0, 0.0, 0.0, 81.0, 139806.0, 0.0
980, 1.0, 0.0, 0.0, 0.0, 0.0, 81.0, 139496.0, 0.0
981, 1.0, 0.0, 0.0, 0.0, 0.0, 81.0, 139234.0, 0.0
982, 1.0, 0.0, 0.0, 0.0, 0.0, 81.0, 138936.0, 0.0
983, 1.0, 0.0, 0.0, 0.0, 0.0, 81.0, 138648.0, 0.0
984, 1.0, 0.0, 0.0, 0.0, 0.0, 81.0, 138374.0, 0.0
985, 1.0, 0.0, 0.0, 0.0, 0.0, 81.0, 138035.0, 0.0
986, 1.0, 0.0, 0.0, 0.0, 0.0, 81.0, 137694.0, 0.0
987, 1.0, 0.0, 0.0, 0.0, 0.0, 81.0, 137405.0, 0.0
988, 1.0, 0.0, 0.0, 0.0, 0.0, 81.0, 137110.0, 0.0
989, 1.0, 0.0, 0.0, 0.0, 0.0, 80.0, 136844.0, 0.0
990, 1.0, 0.0, 0.0, 0.0, 0.0, 80.0, 136551.0, 0.0
991, 1.0, 0.0, 0.0, 0.0, 0.0, 80.0, 136272.0, 0.0
992, 0.0, 0.0, 0.0, 0.0, 1.0, 0.0, 136322.0, 0.0
