time, seeders, joined, request_count, response_size, left, awareness, bad_data, leechers
0, 0.0, 0.0, 0.0, 0.0, 0.0, 5000.996, 0.0, 0.0
1, 0.0, 2065.288, 456.65157, 44.25999, 0.0, 802514.318, 0.0, 2065.288
2, 0.0, 979.968, 399.51509, 104.12841, 101.356, 1070623.206, 46297.482, 2944.9
3, 0.0, 948.122, 374.76717, 139.9319, 96.764, 1309901.298, 85648.306, 3796.258
4, 0.0, 917.414, 353.06525, 172.91564, 116.41, 1508449.446, 131479.998, 4597.262
5, 0.0, 887.584, 334.88436, 203.0337, 134.636, 1674327.286, 182948.454, 5350.21
6, 0.0, 858.944, 319.75193, 230.72728, 154.132, 1813434.564, 240441.424, 6055.022
7, 0.0, 830.882, 307.53103, 256.26933, 170.55, 1931724.458, 302132.972, 6715.354
8, 0.0, 805.828, 296.89959, 279.91916, 185.368, 2033033.522, 367736.724, 7335.814
9, 0.0, 777.69, 287.63775, 301.99511, 201.954, 2119030.41, 437487.01, 7911.55
10, 0.0, 749.642, 278.73171, 322.49351, 214.486, 2192105.156, 509947.154, 8446.706
11, 1609.328, 727.09, 271.38594, 340.16445, 186.664, 2244061.852, 563294.478, 7377.804
12, 2080.572, 700.626, 267.84618, 354.96296, 471.378, 2228207.646, 728044.7, 7135.808
13, 2554.762, 680.12, 267.4778, 368.93232, 438.368, 2221622.884, 872245.658, 6903.37
14, 2963.682, 659.548, 266.77664, 382.45304, 475.266, 2209197.188, 1024288.468, 6678.732
15, 3310.43, 635.796, 268.11273, 395.57785, 507.526, 2192370.49, 1181693.724, 6460.254
16, 3605.286, 613.48, 267.85877, 408.0739, 531.622, 2172118.048, 1341603.46, 6247.256
17, 3852.086, 592.92, 269.89644, 420.34415, 554.638, 2149817.772, 1502886.032, 6038.738
18, 4057.192, 574.768, 272.06803, 432.2454, 570.698, 2126128.464, 1664649.09, 5837.702
19, 4222.628, 556.144, 273.40401, 443.933, 583.228, 2101095.252, 1825624.304, 5645.182
20, 4352.178, 538.672, 275.20272, 455.23938, 591.104, 2075686.094, 1984303.098, 5463.2
21, 4454.788, 522.718, 278.88843, 466.04617, 596.874, 2049372.512, 2139392.732, 5286.434
22, 4526.408, 503.588, 280.33234, 476.45921, 603.946, 2020855.332, 2290567.616, 5114.456
23, 4578.208, 487.442, 283.06958, 486.17971, 603.522, 1991615.188, 2437088.592, 4946.576
24, 4610.45, 472.014, 285.6822, 495.51981, 602.372, 1961554.152, 2579732.062, 4783.976
25, 4623.912, 454.462, 288.98566, 504.30679, 599.678, 1930687.886, 2718435.27, 4625.298
26, 4617.83, 442.204, 291.87886, 512.76848, 596.886, 1899972.876, 2853181.736, 4476.698
27, 4598.344, 428.69, 295.05237, 520.74765, 590.336, 1869979.532, 2982987.228, 4334.538
28, 4567.888, 413.872, 298.65997, 528.47919, 584.486, 1839682.406, 3109472.856, 4194.38
29, 4527.772, 398.528, 300.61125, 535.93025, 576.732, 1809288.534, 3231560.868, 4056.292
30, 4477.44, 386.436, 304.34535, 543.10224, 569.538, 1779174.792, 3350422.878, 3923.522
31, 4422.162, 373.652, 306.59544, 549.81964, 558.998, 1749425.376, 3464908.676, 3793.454
32, 4358.054, 360.976, 310.3752, 556.30947, 548.048, 1720006.662, 3575526.408, 3670.49
33, 4289.876, 349.988, 313.6879, 562.61513, 537.562, 1690875.764, 3682546.886, 3551.094
34, 4216.168, 337.736, 315.99533, 568.31216, 527.284, 1661706.502, 3785625.662, 3435.254
35, 4137.58, 325.288, 318.70834, 574.05406, 516.654, 1632113.65, 3885266.764, 3322.476
36, 4058.096, 316.202, 321.769, 579.23634, 505.446, 1603218.88, 3980976.484, 3212.716
37, 3976.828, 306.462, 324.82331, 584.31488, 493.816, 1574749.988, 4072927.746, 3106.63
38, 3891.548, 296.428, 327.89413, 589.0427, 484.148, 1546204.396, 4161765.628, 3004.19
39, 3803.694, 285.116, 332.40506, 593.40625, 472.164, 1517675.58, 4247391.206, 2904.996
40, 3715.724, 276.572, 334.24208, 597.58041, 460.016, 1489549.758, 4329377.794, 2809.522
41, 3628.01, 266.89, 336.76046, 601.37661, 447.936, 1461629.008, 4407865.732, 2716.19
42, 3539.454, 258.638, 339.93458, 605.16663, 436.238, 1434100.168, 4483205.51, 2627.146
43, 3450.774, 249.936, 342.51568, 608.73936, 425.786, 1406412.81, 4555921.562, 2539.976
44, 3362.194, 242.804, 346.35344, 611.9555, 414.33, 1379403.64, 4625582.034, 2457.03
45, 3272.496, 235.22, 350.11904, 614.80193, 403.29, 1352964.81, 4692222.286, 2378.658
46, 3183.732, 227.144, 351.31899, 617.66467, 393.118, 1326095.63, 4756343.534, 2301.448
47, 3097.96, 218.746, 352.96645, 620.07836, 380.79, 1299455.986, 4817053.682, 2225.176
48, 3014.24, 212.356, 355.5115, 622.47506, 368.964, 1273351.346, 4874897.662, 2152.288
49, 2929.8, 204.684, 360.37502, 624.48213, 359.544, 1247567.638, 4930061.396, 2081.868
50, 2846.608, 197.754, 362.69304, 626.5511, 349.836, 1221827.724, 4982749.592, 2012.978
51, 2764.412, 190.942, 364.45622, 628.27813, 338.652, 1196355.552, 5032544.758, 1947.464
52, 2685.226, 184.516, 368.75935, 629.83299, 328.58, 1171559.22, 5079545.768, 1882.586
53, 2607.962, 178.756, 371.44487, 631.22968, 318.074, 1147076.476, 5124151.098, 1820.532
54, 2532.96, 172.69, 373.71591, 632.15458, 308.948, 1122702.858, 5166440.048, 1759.276
55, 2458.694, 168.27, 375.25406, 633.36678, 300.318, 1099032.036, 5206133.908, 1701.494
56, 2385.814, 162.138, 378.0915, 634.22852, 291.772, 1075054.886, 5244140.59, 1644.74
57, 2313.588, 156.576, 381.54634, 634.7691, 282.658, 1051480.718, 5279832.868, 1590.884
58, 2244.536, 151.996, 384.33906, 635.25588, 273.774, 1028637.486, 5313045.852, 1538.158
59, 2175.768, 147.192, 385.91771, 635.86416, 266.046, 1005990.042, 5344201.35, 1488.072
60, 2109.4, 141.752, 388.87635, 635.91735, 257.082, 983709.952, 5373047.578, 1439.11
61, 2044.128, 138.098, 393.30765, 635.92759, 249.238, 962160.022, 5400019.058, 1393.242
62, 1981.188, 132.426, 392.61927, 635.93899, 241.154, 940253.144, 5424967.85, 1347.454
63, 1919.052, 128.164, 396.25012, 635.29087, 234.124, 918830.588, 5447959.004, 1303.63
64, 1859.412, 124.462, 397.21361, 635.29378, 226.914, 897581.026, 5469297.858, 1260.818
65, 1801.334, 120.144, 400.42782, 634.90661, 220.55, 876702.37, 5488746.37, 1218.49
66, 1744.13, 116.768, 402.27631, 634.10449, 212.654, 856617.742, 5506064.388, 1179.808
67, 1688.078, 111.964, 405.46962, 633.48018, 206.5, 836333.304, 5521965.178, 1141.324
68, 1635.402, 109.154, 406.41662, 632.73414, 198.956, 816918.764, 5535724.884, 1104.198
69, 1584.552, 105.376, 409.4196, 631.63952, 193.004, 797507.54, 5548227.084, 1067.42
70, 1533.168, 101.588, 411.33795, 630.51133, 187.2, 778388.316, 5558999.042, 1033.192
71, 1484.25, 98.964, 414.31228, 629.28755, 182.014, 759680.98, 5568519.81, 999.06
72, 1436.79, 94.92, 416.4981, 628.07252, 174.81, 741381.424, 5576139.226, 966.63
73, 1390.398, 92.682, 416.76917, 626.62909, 169.956, 723340.06, 5582561.178, 935.748
74, 1345.716, 89.306, 418.5833, 625.23503, 164.526, 705444.67, 5587594.154, 905.21
75, 1303.014, 86.15, 421.83401, 623.81154, 158.654, 688011.394, 5591109.132, 875.408
76, 1261.676, 83.072, 422.76579, 621.77096, 153.198, 670915.008, 5593075.2, 846.62
77, 1221.954, 79.926, 425.5186, 620.16739, 147.4, 654442.624, 5593269.074, 818.868
78, 1183.126, 78.45, 426.52645, 618.30187, 143.99, 638110.054, 5592826.348, 792.156
79, 1145.794, 75.332, 429.29963, 616.66116, 139.038, 622072.166, 5591027.642, 765.782
80, 1108.14, 73.73, 431.38478, 614.54766, 135.798, 606331.672, 5588451.738, 741.368
81, 1072.598, 69.83, 432.6364, 612.95442, 130.59, 590544.462, 5584476.33, 716.15
82, 1038.292, 68.862, 436.81566, 610.60396, 125.57, 575990.444, 5579071.91, 693.748
83, 1005.346, 65.974, 435.89899, 608.45309, 122.18, 561123.294, 5572841.768, 670.488
84, 973.056, 64.376, 439.23201, 605.91169, 118.294, 546737.78, 5565723.804, 648.86
85, 941.104, 61.35, 438.74491, 603.89033, 115.028, 532208.916, 5557570.546, 627.134
86, 910.366, 59.848, 438.1433, 601.56247, 110.826, 518015.586, 5548505.08, 606.894
87, 880.922, 57.362, 444.52774, 598.74446, 107.078, 504211.964, 5538454.802, 586.622
88, 852.362, 55.826, 443.44929, 596.10664, 103.762, 490678.85, 5527505.852, 567.246
89, 824.566, 53.854, 446.1507, 593.8182, 100.034, 477589.82, 5515484.684, 548.862
90, 798.636, 51.782, 447.35622, 591.0275, 96.488, 464734.002, 5502554.638, 530.086
91, 772.166, 50.426, 448.85575, 588.74918, 93.756, 452290.72, 5488830.116, 513.226
92, 748.104, 49.282, 449.65708, 586.26462, 90.272, 440318.742, 5474339.106, 496.298
93, 723.654, 46.984, 452.15392, 583.06943, 88.254, 428118.006, 5459358.834, 479.478
94, 700.888, 46.116, 452.92306, 580.77565, 84.732, 416737.84, 5443323.868, 463.628
95, 677.894, 44.258, 453.09323, 577.91393, 81.914, 405297.884, 5426738.976, 448.966
96, 655.994, 42.698, 455.68879, 574.58781, 79.602, 394102.902, 5409490.182, 433.962
97, 634.81, 41.266, 457.08331, 572.13848, 76.674, 383202.766, 5391565.23, 419.738
98, 613.662, 40.25, 458.08696, 569.2727, 74.816, 372590.582, 5373130.336, 406.32
99, 592.768, 38.13, 457.93339, 566.23962, 72.816, 361614.74, 5354343.804, 392.528
100, 572.492, 37.602, 458.7256, 563.43411, 70.16, 351361.714, 5334755.988, 380.246
101, 554.474, 36.412, 459.40899, 560.52325, 66.852, 341636.102, 5314305.48, 367.824
102, 536.908, 35.01, 462.09654, 557.44752, 65.21, 331858.708, 5293630.82, 355.19
103, 519.65, 33.74, 462.68524, 554.0597, 62.546, 322578.48, 5272114.848, 343.642
104, 502.672, 32.992, 464.50655, 551.43282, 61.248, 313409.772, 5250448.834, 332.364
105, 485.866, 31.614, 467.57766, 547.91801, 59.17, 304460.632, 5228202.146, 321.614
106, 469.898, 30.492, 467.86042, 545.2494, 57.012, 295619.588, 5205605.368, 311.062
107, 454.542, 29.826, 467.57862, 542.28194, 55.208, 287207.424, 5182457.086, 301.036
108, 440.356, 28.404, 467.99747, 538.55119, 53.054, 278867.656, 5158851.052, 290.572
109, 425.094, 27.53, 469.12459, 535.58242, 51.84, 270644.514, 5134996.28, 281.524
110, 410.894, 26.622, 471.2268, 532.61148, 50.176, 262638.472, 5110794.002, 272.17
111, 397.418, 25.662, 470.657, 529.24532, 48.668, 254748.302, 5086275.39, 262.64
112, 384.284, 25.01, 470.65174, 526.11486, 46.788, 247175.628, 5061393.326, 253.996
113, 371.596, 24.286, 473.15326, 522.60717, 45.178, 239948.176, 5036142.264, 245.792
114, 359.57, 23.34, 473.47901, 519.59759, 43.764, 232907.978, 5010492.568, 237.394
115, 347.814, 22.864, 473.3205, 516.4513, 42.278, 226149.85, 4984577.928, 229.736
116, 336.594, 22.064, 475.88832, 513.66724, 40.562, 219546.032, 4958490.722, 222.458
117, 325.542, 20.958, 476.23819, 510.13055, 39.902, 212780.254, 4932273.064, 214.566
118, 314.418, 20.804, 477.45626, 506.60717, 38.71, 206380.356, 4905889.056, 207.784
119, 304.068, 19.876, 476.95713, 503.13597, 36.888, 200258.272, 4879046.646, 201.122
120, 293.788, 19.664, 476.20016, 500.4371, 35.782, 194403.364, 4852116.31, 195.284
121, 283.766, 18.536, 476.96375, 497.34872, 34.794, 188436.352, 4825054.972, 189.048
122, 274.188, 17.762, 479.73201, 493.47107, 33.396, 182731.088, 4797668.312, 182.992
123, 265.594, 17.526, 478.31793, 490.51258, 32.058, 177437.692, 4769973.02, 177.054
124, 256.682, 17.014, 480.13401, 487.59322, 31.334, 172133.97, 4742333.15, 171.646
125, 248.776, 16.01, 482.0737, 484.07709, 29.896, 166966.508, 4714357.62, 165.666
126, 241.084, 16.026, 480.53164, 480.61265, 28.882, 162187.308, 4686253.228, 160.502
127, 232.884, 15.25, 481.63934, 477.66276, 28.536, 157195.066, 4658303.286, 155.416
128, 225.662, 14.596, 483.96821, 474.45144, 27.236, 152424.712, 4630077.916, 149.998
129, 218.072, 14.07, 483.86638, 471.13969, 26.97, 147500.47, 4602049.136, 144.688
130, 211.13, 13.774, 484.82648, 468.65409, 25.75, 142959.216, 4573752.852, 139.654
131, 203.696, 13.388, 485.80819, 464.51076, 25.232, 138454.218, 4545540.622, 135.244
132, 196.834, 12.862, 484.21707, 461.88118, 23.924, 134231.55, 4517014.082, 131.044
133, 190.434, 12.524, 485.38805, 457.89242, 23.158, 130171.902, 4488473.278, 126.81
134, 184.136, 12.146, 484.19233, 455.16919, 22.652, 126091.546, 4460025.814, 122.602
135, 177.824, 11.688, 487.33744, 452.72683, 21.786, 122190.822, 4431489.634, 118.816
136, 172.56, 11.234, 486.29161, 448.76826, 20.618, 118531.366, 4402722.162, 114.696
137, 166.806, 10.81, 488.43663, 445.79811, 20.416, 114829.75, 4374080.71, 110.844
138, 161.182, 10.374, 487.85425, 441.61529, 19.802, 111121.96, 4345505.286, 107.04
139, 155.816, 10.412, 486.65002, 439.48707, 18.844, 107836.982, 4316772.206, 103.974
140, 150.904, 9.842, 489.53465, 436.03923, 18.26, 104489.27, 4288125.348, 100.468
141, 146.27, 9.53, 488.87723, 433.0455, 17.668, 101257.946, 4259454.732, 96.964
142, 141.608, 9.294, 489.99354, 429.73188, 16.98, 98229.322, 4230741.464, 93.94
143, 136.922, 8.95591, 489.70687, 426.67352, 16.786, 95100.044, 4202217.48, 90.778
144, 132.586, 8.592, 488.71043, 423.77638, 16.198, 92030.726, 4173714.012, 87.508
145, 128.286, 8.036, 487.30712, 419.61951, 15.322, 89089.324, 4145035.884, 84.522
146, 124.072, 8.104, 490.49852, 416.65031, 14.996, 86334.5, 4116506.336, 81.844
147, 120.044, 7.798, 490.63863, 414.35808, 14.494, 83621.868, 4088058.908, 79.176
148, 116.098, 7.61847, 491.30206, 410.9096, 13.834, 81114.406, 4059550.01, 76.876
149, 112.384, 7.476, 491.7068, 408.45783, 13.736, 78598.716, 4031252.956, 74.33
150, 108.948, 6.88978, 490.8377, 404.50815, 13.006, 76095.546, 4002923.462, 71.636
151, 105.554, 6.73347, 492.70833, 402.53579, 12.67, 73645.784, 3974709.108, 69.08
152, 102.07, 6.498, 491.07418, 399.25948, 12.316, 71271.352, 3946566.158, 66.746
153, 98.864, 6.42886, 492.36284, 396.34441, 11.856, 69041.0, 3918500.584, 64.512
154, 95.492, 6.298, 493.96634, 393.37641, 11.682, 66863.216, 3890563.956, 62.5
155, 92.336, 6.16064, 492.99218, 391.11769, 10.96, 64903.52, 3862573.408, 60.832
156, 89.206, 5.88577, 493.8713, 387.21165, 11.04, 62790.724, 3834858.918, 58.796
157, 86.258, 5.84569, 492.97223, 384.21871, 10.506, 60885.532, 3807185.842, 57.072
158, 83.48, 5.45582, 494.47921, 381.33011, 10.01, 58994.5, 3779553.95, 55.274
159, 80.95, 5.32329, 494.71897, 378.55318, 9.782, 57148.492, 3752056.048, 53.324
160, 77.98, 5.23541, 495.196, 375.81878, 9.492, 55395.754, 3724659.412, 52.006
161, 75.434, 4.99798, 494.94745, 372.52103, 9.016, 53718.824, 3697318.554, 50.484
162, 72.902, 4.94153, 496.32803, 369.52322, 8.89, 52079.754, 3670165.758, 49.028
163, 70.502, 4.67821, 497.60557, 366.05424, 8.676, 50401.566, 3643125.518, 47.346
164, 68.268, 4.56225, 498.67958, 363.99206, 8.276, 48865.692, 3616166.424, 45.848
165, 65.962, 4.40606, 499.77075, 361.76972, 8.122, 47313.37, 3589348.532, 44.394
166, 63.736, 4.3306, 500.23708, 358.56161, 7.85571, 45825.282, 3562659.82, 42.998
167, 61.78, 4.15746, 501.72159, 355.42304, 7.444, 44425.83, 3536051.606, 41.576
168, 59.774, 4.06776, 503.78597, 351.81814, 7.296, 43048.808, 3509619.628, 40.248
169, 57.862, 3.70842, 501.38427, 350.40033, 7.11, 41563.89, 3483337.998, 38.662
170, 55.964, 3.68367, 505.26316, 347.76645, 6.906, 40211.288, 3457135.404, 37.264
171, 54.128, 3.57851, 503.17552, 345.65347, 6.554, 38932.222, 3431012.582, 36.01
172, 52.514, 3.64523, 506.82982, 341.64907, 6.41283, 37747.14, 3405086.098, 34.738
173, 50.852, 3.31381, 510.41667, 341.78602, 6.1984, 36466.174, 3379306.558, 33.382
174, 49.178, 3.25934, 515.59516, 336.64815, 6.0982, 35275.658, 3353662.26, 32.112
175, 47.568, 3.33403, 511.65721, 335.61084, 5.78112, 34214.938, 3328092.746, 31.138
176, 45.994, 3.21186, 511.54354, 331.94197, 5.65996, 33159.832, 3302679.594, 30.118
177, 44.55, 3.02737, 520.1669, 328.12567, 5.34677, 32182.238, 3277372.324, 29.134
178, 43.038, 2.92128, 518.93664, 327.1186, 5.29839, 31163.122, 3252239.19, 28.136
179, 41.556, 2.74681, 523.6251, 324.29438, 5.03636, 30180.202, 3227219.828, 27.214
180, 40.144, 2.92505, 523.42606, 321.48951, 4.83534, 29347.018, 3202356.106, 26.542
181, 38.848, 2.69053, 528.16901, 320.52148, 4.76411, 28457.028, 3177665.902, 25.668
182, 37.56, 2.68913, 530.31528, 317.0625, 4.70265, 27582.9, 3153135.134, 24.812
183, 36.112, 2.54709, 539.17254, 314.52898, 4.61429, 26687.596, 3128760.16, 24.01
184, 34.762, 2.6, 538.02939, 311.99518, 4.51837, 25844.934, 3104555.372, 23.246
185, 33.78, 2.44519, 545.74565, 308.76781, 4.13238, 25109.714, 3080424.496, 22.356
186, 32.74, 2.32723, 544.24779, 307.21861, 4.01217, 24327.676, 3056446.974, 21.474
187, 31.77, 2.31685, 543.16198, 305.65804, 3.8898, 23627.116, 3032613.992, 20.694
188, 30.652, 2.27523, 550.40323, 302.07326, 3.85451, 22918.738, 3008953.856, 20.034
189, 29.616, 2.33097, 558.82353, 298.8294, 3.71951, 22262.832, 2985449.22, 19.382
190, 28.8, 2.23671, 562.63499, 298.48752, 3.50928, 21664.042, 2962025.592, 18.646
191, 27.88, 2.21241, 562.56742, 295.42282, 3.37423, 21121.894, 2938757.344, 18.12
192, 26.918, 2.02817, 563.65741, 293.61294, 3.51867, 20458.044, 2915734.33, 17.418
193, 25.832, 2.08333, 575.88235, 289.38917, 3.28131, 19892.658, 2892819.532, 17.008
194, 24.908, 2.08095, 589.24485, 288.58738, 3.25678, 19407.4, 2870081.186, 16.56
195, 24.154, 1.98504, 587.31156, 285.83316, 3.00636, 18935.566, 2847427.76, 16.068
196, 23.366, 2.03005, 608.34455, 281.13053, 2.97436, 18465.102, 2824913.642, 15.558
197, 22.7, 2.03553, 592.26933, 280.06316, 2.79258, 18139.772, 2802521.282, 15.27
198, 21.84, 1.85128, 598.33795, 278.82523, 2.9359, 17641.276, 2780391.136, 14.826
199, 21.196, 1.84737, 618.23362, 277.47235, 2.73085, 17240.374, 2758351.676, 14.378
200, 20.432, 1.87569, 632.54786, 274.76717, 2.78373, 16773.79, 2736577.298, 13.9
201, 19.82, 1.7467, 622.3565, 273.20631, 2.64706, 16353.578, 2714905.196, 13.406
202, 19.174, 1.71031, 622.14984, 269.54712, 2.55357, 15937.582, 2693336.496, 12.992
203, 18.588, 1.71111, 648.53896, 267.49687, 2.46018, 15585.118, 2671929.834, 12.586
204, 18.02, 1.68536, 673.75231, 266.03978, 2.51991, 15097.426, 2650755.884, 11.958
205, 17.424, 1.68608, 677.54319, 262.92068, 2.47597, 14661.978, 2629678.74, 11.432
206, 16.844, 1.63824, 670.55655, 259.97456, 2.33102, 14349.738, 2608715.07, 11.112
207, 16.486, 1.59036, 691.28788, 256.75068, 2.29812, 14005.87, 2587939.292, 10.568
208, 15.882, 1.58991, 669.64286, 255.99111, 2.28704, 13572.47, 2567385.39, 10.204
209, 15.296, 1.68254, 682.07547, 256.35823, 2.24766, 13238.746, 2546952.898, 9.926
210, 14.874, 1.53205, 707.11297, 252.05917, 2.12189, 12999.134, 2526532.084, 9.598
211, 14.408, 1.57047, 717.94872, 251.60714, 2.0709, 12724.842, 2506322.744, 9.306
212, 13.988, 1.51667, 745.05495, 250.80236, 1.94581, 12525.4, 2486206.266, 9.056
213, 13.416, 1.43478, 729.60373, 246.21885, 2.07529, 12186.73, 2466359.568, 8.722
214, 12.958, 1.47183, 745.21531, 244.45746, 1.9709, 11949.314, 2446565.888, 8.526
215, 12.362, 1.43284, 766.92708, 243.01528, 1.95533, 11626.894, 2427017.028, 8.314
216, 12.01, 1.42435, 768.13472, 241.60877, 1.91053, 11360.282, 2407560.478, 7.986
217, 11.572, 1.47857, 735.50725, 238.88342, 1.88974, 11124.18, 2388265.498, 7.79359
218, 11.206, 1.40989, 746.86717, 237.08389, 1.77309, 10929.432, 2369080.794, 7.61323
219, 10.942, 1.38672, 766.19718, 234.77022, 1.85303, 10703.614, 2350039.844, 7.3006
220, 10.604, 1.35714, 727.55418, 233.86809, 1.80229, 10387.35, 2331170.804, 7.012
221, 10.294, 1.37705, 821.42857, 232.11413, 1.68732, 10173.724, 2312442.832, 6.80962
222, 9.996, 1.40284, 809.12162, 230.47182, 1.71131, 9928.926, 2293829.678, 6.536
223, 9.674, 1.33865, 849.70238, 229.2049, 1.69254, 9775.746, 2275366.41, 6.396
224, 9.346, 1.32083, 847.00315, 225.03166, 1.66667, 9615.152, 2257011.12, 6.258
225, 8.982, 1.32035, 842.62295, 224.10117, 1.60704, 9428.702, 2238840.346, 6.136
226, 8.738, 1.24229, 852.83688, 223.07277, 1.59938, 9248.068, 2220800.772, 5.93775
227, 8.434, 1.32124, 825.4902, 220.75059, 1.65152, 8979.38, 2202940.984, 5.67203
228, 8.232, 1.28856, 901.5444, 218.84368, 1.54576, 8845.888, 2185114.21, 5.46787
229, 7.934, 1.27778, 901.18577, 218.82018, 1.57692, 8642.458, 2167505.094, 5.28715
230, 7.576, 1.26699, 934.8659, 214.90574, 1.58013, 8464.056, 2150045.71, 5.18072
231, 7.278, 1.29208, 938.69732, 212.95918, 1.55219, 8311.852, 2132709.33, 5.06814
232, 7.046, 1.29439, 918.77256, 210.83497, 1.45985, 8273.23, 2115427.286, 5.05411
233, 6.784, 1.20118, 953.20197, 210.94057, 1.56842, 8058.384, 2098355.986, 4.83735
234, 6.60643, 1.18235, 960.199, 206.77979, 1.47636, 7879.728, 2081394.732, 4.64919
235, 6.3662, 1.20321, 1026.66667, 206.33983, 1.51119, 7771.208, 2064552.214, 4.54949
236, 6.10484, 1.30573, 1092.68293, 205.22321, 1.4507, 7616.964, 2047897.512, 4.37952
237, 5.88462, 1.21429, 980.39216, 204.2975, 1.40625, 7458.364, 2031340.13, 4.33535
238, 5.66463, 1.18831, 1021.85792, 201.42513, 1.47368, 7292.412, 2014903.68, 4.2378
239, 5.4664, 1.19205, 1150.0, 199.77295, 1.4, 7192.712, 1998578.372, 4.11585
240, 5.19878, 1.22759, 1053.37079, 199.93333, 1.33878, 7050.764, 1982404.922, 4.03232
241, 5.06667, 1.15385, 1044.44444, 197.35638, 1.27149, 6950.824, 1966307.0, 3.97149
242, 4.95927, 1.17143, 1100.60976, 196.09695, 1.35217, 6830.454, 1950352.21, 3.82857
243, 4.76122, 1.12057, 1294.3038, 195.10758, 1.3038, 6706.312, 1934567.698, 3.72857
244, 4.59878, 1.12587, 1139.75155, 190.28065, 1.32787, 6660.754, 1918815.536, 3.72188
245, 4.48654, 1.17518, 1288.81988, 189.39036, 1.36842, 6604.118, 1903256.642, 3.65235
246, 4.34091, 1.22222, 1090.90909, 187.23512, 1.27225, 6539.16, 1887757.66, 3.6127
247, 4.1281, 1.152, 1020.83333, 186.94218, 1.30093, 6366.22, 1872464.544, 3.53579
248, 3.98969, 1.14035, 1300.0, 185.02959, 1.28249, 6329.398, 1857199.33, 3.44512
249, 3.8527, 1.09091, 1238.63636, 183.29664, 1.27273, 6241.672, 1842115.84, 3.38037
250, 3.67086, 1.13514, 1269.84127, 183.70313, 1.2451, 6130.636, 1827157.722, 3.34908
251, 3.54449, 1.13889, 1333.33333, 182.59756, 1.20652, 6041.784, 1812315.928, 3.29918
252, 3.38429, 1.07339, 1145.29915, 179.60075, 1.24432, 5885.354, 1797602.414, 3.25205
253, 3.27706, 1.13462, 1288.13559, 176.10197, 1.21893, 5819.258, 1782966.132, 3.22245
254, 3.20796, 1.06742, 1431.57895, 177.27206, 1.22086, 5722.808, 1768439.896, 3.15369
255, 3.12528, 1.10345, 1651.04167, 177.35331, 1.29452, 5631.26, 1754102.358, 3.07803
256, 3.02928, 1.05618, 1404.25532, 173.97727, 1.18519, 5591.93, 1739748.42, 3.06186
257, 2.98861, 1.11364, 1668.36735, 172.6789, 1.15574, 5637.064, 1725493.256, 3.06017
258, 2.87244, 1.07595, 1576.47059, 172.87687, 1.19595, 5565.29259, 1711453.93, 3.0
259, 2.78211, 1.1573, 1616.50485, 170.31231, 1.16107, 5586.65462, 1697473.97395, 2.95397
260, 2.74478, 1.05333, 1727.8481, 167.0293, 1.16535, 5548.33871, 1683599.22289, 2.89662
261, 2.69104, 1.16, 1350.57471, 166.57872, 1.20325, 5469.26815, 1669832.79637, 2.88699
262, 2.62143, 1.125, 1179.01235, 165.3089, 1.12308, 5356.19556, 1656175.9254, 2.85806
263, 2.54177, 1.08861, 1732.55814, 162.92953, 1.08333, 5371.55354, 1642631.59274, 2.85931
264, 2.46247, 1.01515, 1529.85075, 164.00488, 1.18852, 5226.77733, 1629286.72525, 2.79437
265, 2.38084, 1.04688, 2141.79104, 161.86411, 1.16949, 5169.36842, 1616037.77935, 2.72688
266, 2.30123, 1.06944, 1941.55844, 160.86288, 1.14159, 5184.61943, 1602811.63968, 2.68308
267, 2.23737, 1.07576, 2316.90141, 158.59574, 1.12389, 5277.77033, 1589692.47773, 2.66167
268, 2.16927, 1.10938, 1887.32394, 158.02239, 1.20536, 5226.99797, 1576691.55691, 2.64946
269, 2.14555, 1.05714, 1912.16216, 157.21201, 1.10101, 5283.48676, 1563767.44715, 2.61441
270, 2.0672, 1.03125, 1348.48485, 156.0618, 1.13208, 5247.21268, 1550954.73727, 2.56809
271, 2.01102, 1.03704, 1660.71429, 152.85484, 1.11321, 5156.61963, 1538237.31493, 2.55724
272, 1.92737, 1.0566, 1375.0, 152.11039, 1.15789, 5050.86858, 1525694.82004, 2.53247
273, 1.92918, 1.04167, 1330.0, 151.52632, 1.05952, 4977.87269, 1513163.12936, 2.46753
274, 1.91279, 1.08, 1657.40741, 149.29609, 1.06522, 4898.00411, 1500781.7269, 2.42733
275, 1.88166, 1.04918, 1742.1875, 151.52466, 1.07792, 4869.91546, 1488533.6694, 2.44978
276, 1.84259, 1.05357, 2347.45763, 150.71119, 1.10638, 4921.96273, 1476317.60619, 2.46358
277, 1.82188, 1.06667, 2531.25, 146.69547, 1.0641, 4955.40956, 1464190.15114, 2.4442
278, 1.76603, 1.02564, 2475.0, 145.62626, 1.13793, 4904.62917, 1452222.17048, 2.37862
279, 1.70607, 1.02326, 3386.36364, 144.88255, 1.08861, 4906.59916, 1440381.41458, 2.33333
280, 1.67987, 1.04762, 1988.63636, 142.87429, 1.08974, 4853.52731, 1428646.94781, 2.29241
281, 1.65292, 1.02632, 1782.05128, 141.58993, 1.08, 4750.55907, 1416972.04202, 2.29186
282, 1.6436, 1.04545, 2032.6087, 143.19251, 1.07692, 4687.95117, 1405406.29325, 2.26136
283, 1.65091, 1.08333, 2987.17949, 141.28755, 1.07143, 4779.03863, 1393853.2293, 2.23235
284, 1.60448, 1.07317, 1568.18182, 141.53623, 1.05263, 4720.28976, 1382493.20815, 2.23557
285, 1.56985, 1.04762, 2159.09091, 136.55263, 1.0566, 4780.37856, 1371062.29412, 2.21991
286, 1.55894, 1.05405, 2333.33333, 137.47802, 1.09231, 4741.01978, 1359854.62582, 2.18014
287, 1.58498, 1.0, 3068.96552, 138.09551, 1.02941, 4673.66444, 1348884.72967, 2.17143
288, 1.583, 1.2069, 2671.42857, 133.96791, 1.05556, 4744.08054, 1337648.70889, 2.15827
289, 1.56327, 1.05263, 2462.5, 130.18274, 1.13208, 4815.2517, 1326669.783, 2.15012
290, 1.54321, 1.08333, 2211.53846, 129.42609, 1.06557, 4769.52752, 1315810.3288, 2.12655
291, 1.53782, 1.11111, 3400.0, 129.9951, 1.0625, 4826.5843, 1305086.94037, 2.11779
292, 1.53947, 1.05, 1761.90476, 133.94595, 1.09804, 4566.97442, 1294495.32794, 2.09391
293, 1.53182, 1.0, 4222.22222, 127.63816, 1.07407, 4509.27934, 1283916.6, 2.04872
294, 1.5311, 1.0, 3433.33333, 129.25243, 1.10204, 4463.67849, 1273369.92488, 2.01295
295, 1.48544, 1.05, 5119.04762, 125.7814, 1.03922, 4507.21718, 1262963.54137, 1.96124
296, 1.46602, 1.0, 2722.22222, 126.62245, 1.06667, 4464.68106, 1252538.88783, 1.91384
297, 1.43415, 1.0, 2395.83333, 125.91304, 1.025, 4452.56039, 1242238.71942, 1.90526
298, 1.40777, 1.04348, 5375.0, 122.89147, 1.16216, 4600.78537, 1232064.97585, 1.88064
299, 1.34634, 1.0, 1527.77778, 123.25455, 1.06818, 4319.51852, 1222192.29512, 1.87568
300, 1.36634, 1.09524, 1456.52174, 122.98507, 1.02041, 4253.64824, 1212081.30123, 1.8274
301, 1.38095, 1.0, 3800.0, 118.15789, 1.07317, 4253.81633, 1202187.3593, 1.81389
302, 1.36464, 1.0, 3558.82353, 117.70248, 1.07317, 4272.3419, 1192239.84184, 1.79272
303, 1.3314, 1.0, 3447.36842, 118.74046, 1.01961, 4271.93523, 1182443.69666, 1.77054
304, 1.34337, 1.0, 4041.66667, 120.04124, 1.0303, 4205.10499, 1172862.29016, 1.74
305, 1.31013, 1.0, 3250.0, 118.75, 1.11905, 4111.55409, 1163191.88451, 1.74194
306, 1.34211, 1.1, 3181.81818, 115.17143, 1.03571, 4066.4016, 1153616.67282, 1.70294
307, 1.35374, 1.11111, 5850.0, 115.2906, 1.0, 4117.41192, 1144167.86702, 1.67879
308, 1.35417, 1.0, 2027.77778, 110.24658, 1.05714, 4060.05234, 1134715.77507, 1.67913
309, 1.34286, 1.0, 1937.5, 112.19355, 1.03571, 4018.08287, 1125234.80441, 1.67085
310, 1.31884, 1.0, 4611.11111, 114.10843, 1.03333, 4083.67877, 1115932.33978, 1.63608
311, 1.28571, 1.0, 3142.85714, 112.34091, 1.11429, 4012.44476, 1106791.96927, 1.6
312, 1.26984, 1.0, 6875.0, 108.53939, 1.02564, 4170.09275, 1097746.55807, 1.57566
313, 1.2439, 1.0, 1800.0, 105.33333, 1.0, 4149.53412, 1088611.76232, 1.55333
314, 1.26087, 1.0, 5500.0, 106.58586, 1.0, 4201.01515, 1079650.41246, 1.5302
315, 1.21905, 1.0, 2285.71429, 106.5, 1.0, 4154.18576, 1070772.17576, 1.53925
316, 1.22857, 1.0, 4076.92308, 107.73585, 1.0, 4262.56426, 1061902.80805, 1.54167
317, 1.23529, 1.0, 23500.0, 107.77305, 1.13636, 4351.57325, 1053257.7931, 1.5233
318, 1.19231, 1.0, 2125.0, 105.67647, 1.03704, 4343.54575, 1044603.22611, 1.49632
319, 1.19626, 1.0, 2125.0, 99.67647, 1.0, 4254.72093, 1036015.10784, 1.51515
320, 1.17708, 1.1, 4500.0, 102.84848, 1.03448, 4410.83045, 1027773.69435, 1.54086
321, 1.12766, 1.0, 2916.66667, 100.2, 1.0, 4121.78873, 1019324.29758, 1.50794
322, 1.13043, 1.0, 10666.66667, 102.90625, 1.05556, 4122.85765, 1010878.71831, 1.47581
323, 1.1, 1.0, 6227.27273, 103.31387, 1.08333, 4263.81139, 1002453.74377, 1.48193
324, 1.11494, 1.1, 1772.72727, 97.10256, 1.0, 4345.31868, 994283.84342, 1.49796
325, 1.11494, 1.0, 1700.0, 97.52941, 1.05556, 4315.28358, 986002.87179, 1.48319
326, 1.08235, 1.0, 750.0, 96.33333, 1.04167, 4119.6092, 978024.22388, 1.45652
327, 1.13415, 1.0, 3125.0, 95.92, 1.0, 4021.94071, 970075.04215, 1.44444
328, 1.1375, 1.0, 5666.66667, 97.11765, 1.0, 4138.18699, 962077.58893, 1.42453
329, 1.1125, 1.0, 4125.0, 98.93939, 1.05882, 4103.97521, 954198.96748, 1.38756
330, 1.13333, 1.0, 4714.28571, 95.18182, 1.05882, 4161.92735, 946478.33471, 1.39409
331, 1.12857, 1.0, 14000.0, 91.59524, 1.0, 4289.43612, 938740.77778, 1.375
332, 1.13235, 1.0, 2250.0, 85.88889, 1.0, 4253.86726, 930757.4185, 1.38579
333, 1.15254, 1.0, 9250.0, 90.36036, 1.0, 4488.30734, 923167.34956, 1.38144
334, 1.16364, 1.0, 11700.0, 90.93162, 1.0, 4677.12963, 915367.05505, 1.3886
335, 1.12069, 1.0, 1333.33333, 88.625, 1.0, 4665.18224, 907759.0, 1.375
336, 1.05263, 1.0, 4500.0, 91.33333, 1.1, 4609.55399, 900186.14953, 1.34896
337, 1.10714, 1.0, 2750.0, 94.18182, 1.0, 4524.36019, 892768.00469, 1.3262
338, 1.07018, 1.0, 4750.0, 84.89474, 1.0, 4476.91787, 885507.54028, 1.29834
339, 1.08475, 1.0, 1000.0, 81.5, 1.0, 4136.40394, 878409.95169, 1.27119
340, 1.08621, 1.0, 5200.0, 85.71154, 1.0, 4243.24, 870973.67488, 1.29651
341, 1.03774, 1.0, 916.66667, 90.36364, 1.06667, 4239.81959, 863757.475, 1.30769
342, 1.03571, 1.33333, 3750.0, 87.73333, 1.0, 4176.85789, 856659.37113, 1.32716
343, 1.05357, 1.0, 1500.0, 83.33333, 1.0, 3993.81481, 849516.86842, 1.3125
344, 1.01724, 1.0, 5625.0, 82.15556, 1.1, 4052.45946, 842556.33862, 1.30968
345, 1.01667, 1.0, 500.0, 73.0, 1.09091, 3860.73333, 835753.18919, 1.26667
346, 1.03636, 1.0, 5333.33333, 79.8125, 1.1, 3867.04598, 828885.43333, 1.25676
347, 1.09259, 1.0, 3500.0, 72.85714, 1.0, 3920.79641, 821983.8046, 1.23944
348, 1.01818, 0.0, 0.0, 0.0, 1.1, 3855.06667, 815108.65269, 1.2
349, 1.01852, 0.0, 0.0, 0.0, 1.0, 3872.90062, 808327.70303, 1.17518
350, 1.01923, 1.0, 8000.0, 88.0625, 1.16667, 3710.08228, 801746.34161, 1.17164
351, 1.02222, 1.0, 1000.0, 73.66667, 1.07692, 3701.72667, 794930.39241, 1.17692
352, 1.02326, 1.0, 750.0, 82.33333, 1.0, 3755.84028, 788322.06, 1.16667
353, 1.02564, 0.0, 0.0, 0.0, 1.0, 3779.37857, 781511.88889, 1.17073
354, 1.025, 1.0, 20000.0, 75.175, 1.0, 3912.63768, 775043.08571, 1.16807
355, 1.10811, 1.0, 2000.0, 72.0, 1.11111, 3967.84733, 768858.63768, 1.15044
356, 1.11111, 1.0, 500.0, 77.0, 1.0, 3987.19685, 762475.83206, 1.14679
357, 1.08108, 0.0, 0.0, 0.0, 1.0, 3940.128, 756303.55118, 1.14286
358, 1.07895, 1.0, 7000.0, 71.28571, 1.0, 3695.48387, 750346.736, 1.13592
359, 1.08108, 0.0, 0.0, 0.0, 1.0, 3722.43697, 744205.21774, 1.13265
360, 1.08108, 0.0, 0.0, 0.0, 1.0, 3756.25, 738057.52101, 1.13684
361, 1.05714, 0.0, 0.0, 0.0, 1.0, 3549.57391, 732040.06897, 1.12632
362, 1.08824, 0.0, 0.0, 0.0, 1.0, 3497.39823, 726115.33043, 1.13187
363, 1.06452, 1.0, 7500.0, 75.2, 1.0, 3621.66667, 720294.67257, 1.14773
364, 1.1, 0.0, 0.0, 0.0, 1.0, 3463.91509, 714246.88889, 1.14118
365, 1.09677, 1.0, 13250.0, 68.60377, 1.0, 3631.38614, 708416.01887, 1.1625
366, 1.0625, 1.0, 4000.0, 63.375, 1.0, 3628.0495, 702239.55446, 1.1625
367, 1.09677, 0.0, 0.0, 0.0, 1.0, 3618.7, 696450.75248, 1.1519
368, 1.16667, 0.0, 0.0, 0.0, 1.0, 3490.97938, 690902.36, 1.14667
369, 1.2, 0.0, 0.0, 0.0, 1.0, 3466.0, 684946.73196, 1.13889
370, 1.2069, 1.0, 1000.0, 61.5, 1.0, 3493.33333, 679377.71875, 1.14706
371, 1.17241, 0.0, 0.0, 0.0, 1.0, 3500.21111, 673820.27957, 1.13846
372, 1.19231, 0.0, 0.0, 0.0, 1.0, 3520.65517, 668164.98889, 1.10769
373, 1.12, 0.0, 0.0, 0.0, 1.0, 3503.58824, 662584.1954, 1.11111
374, 1.07692, 0.0, 0.0, 0.0, 1.0, 3584.22222, 657126.44706, 1.12069
375, 1.04, 1.0, 1000.0, 66.5, 1.0, 3606.70886, 651642.16049, 1.12281
376, 1.04, 1.0, 1500.0, 70.0, 1.0, 3748.88, 646316.0, 1.09259
377, 1.03846, 1.0, 1000.0, 67.0, 1.0, 3773.68056, 641131.88, 1.09804
378, 1.03704, 0.0, 0.0, 0.0, 1.0, 3835.95714, 635605.625, 1.08163
379, 1.0, 0.0, 0.0, 0.0, 1.0, 3736.9403, 630613.4, 1.08511
380, 1.0, 0.0, 0.0, 0.0, 1.0, 3758.63077, 625360.44776, 1.08889
381, 1.0, 1.0, 8500.0, 60.64706, 1.0, 4008.86885, 620316.4, 1.09091
382, 1.0, 1.0, 6250.0, 57.8, 1.0, 3844.7193, 615775.60656, 1.09524
383, 1.0, 0.0, 0.0, 0.0, 1.0, 3956.66667, 609972.07018, 1.1
384, 1.0, 0.0, 0.0, 0.0, 1.0, 4122.41176, 604896.35185, 1.11111
385, 1.0, 0.0, 0.0, 0.0, 1.0, 3633.19565, 600565.37255, 1.12121
386, 1.0, 1.0, 2500.0, 61.8, 1.0, 3689.22222, 594489.76087, 1.09091
387, 1.0, 0.0, 0.0, 0.0, 1.0, 3641.21951, 590028.31111, 1.09677
388, 1.0, 0.0, 0.0, 0.0, 1.0, 3780.41026, 584785.60976, 1.10345
389, 1.0, 0.0, 0.0, 0.0, 0.0, 3748.94872, 579117.48718, 1.10345
390, 1.0, 0.0, 0.0, 0.0, 0.0, 3718.51282, 574290.17949, 1.11111
391, 1.0, 0.0, 0.0, 0.0, 1.0, 3104.73684, 570301.61538, 1.11538
392, 1.0, 0.0, 0.0, 0.0, 1.0, 2976.86486, 565049.05263, 1.12
393, 1.0, 0.0, 0.0, 0.0, 1.0, 2665.2, 560675.43243, 1.125
394, 1.0, 0.0, 0.0, 0.0, 1.0, 2768.33333, 555908.8, 1.125
395, 1.0, 0.0, 0.0, 0.0, 1.0, 2992.24138, 551660.18182, 1.13043
396, 1.0, 0.0, 0.0, 0.0, 1.0, 2799.82143, 546853.7931, 1.13636
397, 1.0, 0.0, 0.0, 0.0, 1.0, 2848.52, 542447.67857, 1.1
398, 1.0, 0.0, 0.0, 0.0, 1.0, 2266.45833, 538379.84, 1.10526
399, 1.0, 0.0, 0.0, 0.0, 0.0, 2246.91667, 533369.91667, 1.05263
400, 1.0, 0.0, 0.0, 0.0, 1.0, 2098.65217, 529150.95833, 1.0625
401, 1.0, 0.0, 0.0, 0.0, 0.0, 2081.17391, 524712.21739, 1.0625
402, 1.0, 0.0, 0.0, 0.0, 0.0, 2063.43478, 520375.3913, 1.0625
403, 1.0, 0.0, 0.0, 0.0, 1.0, 2128.81818, 516117.82609, 1.0625
404, 1.0, 0.0, 0.0, 0.0, 1.0, 2193.19048, 511996.63636, 1.0
405, 1.16667, 0.0, 0.0, 0.0, 1.0, 1828.42857, 508099.33333, 1.0
406, 1.25, 0.0, 0.0, 0.0, 1.0, 1505.33333, 504743.33333, 1.0
407, 1.33333, 0.0, 0.0, 0.0, 1.0, 1499.23529, 499262.61111, 1.0
408, 1.5, 0.0, 0.0, 0.0, 1.0, 1263.66667, 495611.52941, 1.0
409, 1.5, 0.0, 0.0, 0.0, 0.0, 1253.46667, 491439.53333, 1.0
410, 1.5, 0.0, 0.0, 0.0, 0.0, 1243.06667, 487379.33333, 1.0
411, 2.0, 0.0, 0.0, 0.0, 1.0, 1173.35714, 483542.4, 1.0
412, 2.0, 0.0, 0.0, 0.0, 0.0, 1163.85714, 479235.64286, 1.0
413, 2.0, 0.0, 0.0, 0.0, 1.0, 948.69231, 475639.07143, 1.0
414, 2.0, 0.0, 0.0, 0.0, 0.0, 940.30769, 471539.46154, 1.0
415, 1.5, 0.0, 0.0, 0.0, 1.0, 963.75, 467785.84615, 1.0
416, 1.33333, 0.0, 0.0, 0.0, 0.0, 956.5, 463926.83333, 1.0
417, 1.33333, 0.0, 0.0, 0.0, 0.0, 949.16667, 460040.0, 1.0
418, 1.33333, 0.0, 0.0, 0.0, 0.0, 942.0, 456169.0, 1.0
419, 1.33333, 0.0, 0.0, 0.0, 0.0, 934.41667, 452328.75, 1.0
420, 1.5, 0.0, 0.0, 0.0, 1.0, 956.2, 448894.25, 1.0
421, 1.5, 0.0, 0.0, 0.0, 0.0, 946.7, 445926.6, 1.0
422, 2.0, 0.0, 0.0, 0.0, 1.0, 994.66667, 442535.0, 1.0
423, 2.0, 0.0, 0.0, 0.0, 1.0, 920.25, 439182.0, 1.0
424, 1.5, 0.0, 0.0, 0.0, 1.0, 999.85714, 435562.125, 1.0
425, 1.5, 0.0, 0.0, 0.0, 0.0, 989.57143, 431773.42857, 1.0
426, 1.5, 0.0, 0.0, 0.0, 0.0, 980.57143, 428140.85714, 1.0
427, 1.5, 0.0, 0.0, 0.0, 0.0, 971.71429, 424589.0, 1.0
428, 1.5, 0.0, 0.0, 0.0, 1.0, 1016.33333, 421284.57143, 1.0
429, 1.5, 0.0, 0.0, 0.0, 0.0, 1007.16667, 417252.33333, 1.0
430, 1.5, 0.0, 0.0, 0.0, 0.0, 999.66667, 413758.33333, 1.0
431, 1.5, 0.0, 0.0, 0.0, 0.0, 991.0, 410294.0, 1.0
432, 1.5, 0.0, 0.0, 0.0, 0.0, 982.5, 406914.83333, 1.0
433, 1.5, 0.0, 0.0, 0.0, 0.0, 973.16667, 403558.83333, 1.0
434, 2.0, 0.0, 0.0, 0.0, 1.0, 1057.8, 400781.83333, 1.0
435, 1.5, 0.0, 0.0, 0.0, 0.0, 1050.4, 397548.4, 1.0
436, 1.0, 0.0, 0.0, 0.0, 1.0, 838.2, 394443.6, 1.0
437, 1.0, 0.0, 0.0, 0.0, 0.0, 830.4, 391131.2, 1.0
438, 1.0, 0.0, 0.0, 0.0, 0.0, 826.2, 387881.2, 1.0
439, 1.0, 0.0, 0.0, 0.0, 0.0, 818.8, 384669.0, 1.0
440, 1.0, 0.0, 0.0, 0.0, 0.0, 814.2, 381486.0, 1.0
441, 1.0, 0.0, 0.0, 0.0, 0.0, 807.8, 378370.2, 1.0
442, 1.0, 0.0, 0.0, 0.0, 0.0, 800.8, 375270.6, 1.0
443, 1.0, 0.0, 0.0, 0.0, 0.0, 793.0, 372121.8, 1.0
444, 1.0, 0.0, 0.0, 0.0, 1.0, 703.5, 369305.6, 1.0
445, 1.0, 0.0, 0.0, 0.0, 0.0, 698.5, 367386.75, 1.0
446, 1.0, 0.0, 0.0, 0.0, 0.0, 693.25, 364299.0, 1.0
447, 1.0, 0.0, 0.0, 0.0, 0.0, 687.75, 361245.0, 1.0
448, 1.0, 0.0, 0.0, 0.0, 1.0, 637.0, 358732.0, 1.0
449, 1.0, 0.0, 0.0, 0.0, 0.0, 632.33333, 355128.33333, 1.0
450, 1.0, 0.0, 0.0, 0.0, 0.0, 626.33333, 352121.66667, 1.0
451, 1.0, 0.0, 0.0, 0.0, 0.0, 621.33333, 349288.0, 1.0
452, 1.0, 0.0, 0.0, 0.0, 0.0, 614.33333, 346397.66667, 1.0
453, 1.0, 0.0, 0.0, 0.0, 0.0, 609.33333, 343498.33333, 1.0
454, 1.0, 0.0, 0.0, 0.0, 0.0, 606.33333, 340599.33333, 1.0
455, 1.0, 0.0, 0.0, 0.0, 0.0, 598.66667, 337713.66667, 1.0
456, 1.0, 0.0, 0.0, 0.0, 0.0, 593.66667, 334974.66667, 1.0
457, 1.0, 0.0, 0.0, 0.0, 0.0, 589.0, 332108.66667, 1.0
458, 1.0, 0.0, 0.0, 0.0, 0.0, 585.0, 329352.33333, 1.0
459, 1.0, 0.0, 0.0, 0.0, 0.0, 578.0, 326660.66667, 1.0
460, 1.0, 0.0, 0.0, 0.0, 0.0, 572.33333, 323966.66667, 1.0
461, 1.0, 0.0, 0.0, 0.0, 0.0, 566.66667, 321222.33333, 1.0
462, 1.0, 0.0, 0.0, 0.0, 0.0, 560.0, 318496.0, 1.0
463, 0.0, 0.0, 0.0, 0.0, 1.0, 760.0, 316261.0, 1.0
464, 0.0, 0.0, 0.0, 0.0, 0.0, 753.5, 314208.0, 1.0
465, 0.0, 0.0, 0.0, 0.0, 0.0, 746.0, 311666.0, 1.0
466, 0.0, 0.0, 0.0, 0.0, 0.0, 739.0, 309067.5, 1.0
467, 0.0, 0.0, 0.0, 0.0, 1.0, 235.0, 307675.5, 1.0
468, 0.0, 0.0, 0.0, 0.0, 0.0, 233.0, 305657.0, 1.0
469, 0.0, 0.0, 0.0, 0.0, 0.0, 233.0, 303116.0, 1.0
470, 0.0, 0.0, 0.0, 0.0, 0.0, 233.0, 300632.0, 1.0
471, 0.0, 0.0, 0.0, 0.0, 0.0, 231.0, 298157.0, 1.0
472, 1.0, 0.0, 0.0, 0.0, 0.0, 226.0, 295805.0, 0.0
473, 1.0, 0.0, 0.0, 0.0, 0.0, 226.0, 293452.0, 0.0
474, 0.0, 0.0, 0.0, 0.0, 1.0, 0.0, 293331.0, 0.0
