time, seeders, joined, request_count, response_size, left, awareness, bad_data, leechers
0, 1.0, 0.0, 0.0, 0.0, 0.0, 5001.0, 0.0, 0.0
1, 1000.0, 999.0, 482.05205, 22.7318, 0.0, 430229.072, 0.0, 0.0
2, 1000.0, 0.0, 0.0, 0.0, 0.0, 425398.792, 0.0, 0.0
3, 1000.0, 0.0, 0.0, 0.0, 0.0, 425327.04, 0.0, 0.0
4, 1000.0, 0.0, 0.0, 0.0, 0.0, 425233.374, 0.0, 0.0
5, 1000.0, 0.0, 0.0, 0.0, 0.0, 425119.128, 0.0, 0.0
6, 1000.0, 0.0, 0.0, 0.0, 0.0, 424985.008, 0.0, 0.0
7, 1000.0, 0.0, 0.0, 0.0, 0.0, 424830.526, 0.0, 0.0
8, 1000.0, 0.0, 0.0, 0.0, 0.0, 424658.138, 0.0, 0.0
9, 1000.0, 0.0, 0.0, 0.0, 0.0, 424466.69, 0.0, 0.0
10, 1000.0, 0.0, 0.0, 0.0, 0.0, 424256.83, 0.0, 0.0
11, 1000.0, 0.0, 0.0, 0.0, 0.0, 423309.102, 0.0, 0.0
12, 1000.0, 0.0, 0.0, 0.0, 0.0, 422324.286, 0.0, 0.0
13, 1000.0, 0.0, 0.0, 0.0, 0.0, 421352.806, 0.0, 0.0
14, 1000.0, 0.0, 0.0, 0.0, 0.0, 420395.73, 0.0, 0.0
15, 1000.0, 0.0, 0.0, 0.0, 0.0, 419448.228, 0.0, 0.0
16, 1000.0, 0.0, 0.0, 0.0, 0.0, 418512.49, 0.0, 0.0
17, 1000.0, 0.0, 0.0, 0.0, 0.0, 417592.254, 0.0, 0.0
18, 1000.0, 0.0, 0.0, 0.0, 0.0, 416679.74, 0.0, 0.0
19, 1000.0, 0.0, 0.0, 0.0, 0.0, 415779.248, 0.0, 0.0
20, 1000.0, 0.0, 0.0, 0.0, 0.0, 414888.28, 0.0, 0.0
21, 1000.0, 0.0, 0.0, 0.0, 0.0, 413998.46, 0.0, 0.0
22, 1000.0, 0.0, 0.0, 0.0, 0.0, 413111.548, 0.0, 0.0
23, 1000.0, 0.0, 0.0, 0.0, 0.0, 412224.672, 0.0, 0.0
24, 1000.0, 0.0, 0.0, 0.0, 0.0, 411338.63, 0.0, 0.0
25, 1000.0, 0.0, 0.0, 0.0, 0.0, 410454.72, 0.0, 0.0
26, 1000.0, 0.0, 0.0, 0.0, 0.0, 409573.118, 0.0, 0.0
27, 1000.0, 0.0, 0.0, 0.0, 0.0, 408692.234, 0.0, 0.0
28, 1000.0, 0.0, 0.0, 0.0, 0.0, 407812.814, 0.0, 0.0
29, 1000.0, 0.0, 0.0, 0.0, 0.0, 406934.012, 0.0, 0.0
30, 1000.0, 0.0, 0.0, 0.0, 0.0, 406057.674, 0.0, 0.0
31, 1000.0, 0.0, 0.0, 0.0, 0.0, 405184.972, 0.0, 0.0
32, 1000.0, 0.0, 0.0, 0.0, 0.0, 404312.322, 0.0, 0.0
33, 1000.0, 0.0, 0.0, 0.0, 0.0, 403442.734, 0.0, 0.0
34, 1000.0, 0.0, 0.0, 0.0, 0.0, 402574.846, 0.0, 0.0
35, 1000.0, 0.0, 0.0, 0.0, 0.0, 401707.574, 0.0, 0.0
36, 1000.0, 0.0, 0.0, 0.0, 0.0, 400844.112, 0.0, 0.0
37, 1000.0, 0.0, 0.0, 0.0, 0.0, 399983.418, 0.0, 0.0
38, 1000.0, 0.0, 0.0, 0.0, 0.0, 399122.584, 0.0, 0.0
39, 1000.0, 0.0, 0.0, 0.0, 0.0, 398265.038, 0.0, 0.0
40, 1000.0, 0.0, 0.0, 0.0, 0.0, 397407.354, 0.0, 0.0
41, 1000.0, 0.0, 0.0, 0.0, 0.0, 396554.674, 0.0, 0.0
42, 1000.0, 0.0, 0.0, 0.0, 0.0, 395701.364, 0.0, 0.0
43, 1000.0, 0.0, 0.0, 0.0, 0.0, 394850.876, 0.0, 0.0
44, 1000.0, 0.0, 0.0, 0.0, 0.0, 394002.314, 0.0, 0.0
45, 1000.0, 0.0, 0.0, 0.0, 0.0, 393151.51, 0.0, 0.0
46, 1000.0, 0.0, 0.0, 0.0, 0.0, 392306.322, 0.0, 0.0
47, 1000.0, 0.0, 0.0, 0.0, 0.0, 391462.88, 0.0, 0.0
48, 1000.0, 0.0, 0.0, 0.0, 0.0, 390620.106, 0.0, 0.0
49, 1000.0, 0.0, 0.0, 0.0, 0.0, 389778.894, 0.0, 0.0
50, 1000.0, 0.0, 0.0, 0.0, 0.0, 388939.608, 0.0, 0.0
51, 1000.0, 0.0, 0.0, 0.0, 0.0, 388104.24, 0.0, 0.0
52, 1000.0, 0.0, 0.0, 0.0, 0.0, 387268.832, 0.0, 0.0
53, 1000.0, 0.0, 0.0, 0.0, 0.0, 386435.216, 0.0, 0.0
54, 1000.0, 0.0, 0.0, 0.0, 0.0, 385605.766, 0.0, 0.0
55, 1000.0, 0.0, 0.0, 0.0, 0.0, 384776.148, 0.0, 0.0
56, 1000.0, 0.0, 0.0, 0.0, 0.0, 383950.26, 0.0, 0.0
57, 1000.0, 0.0, 0.0, 0.0, 0.0, 383124.366, 0.0, 0.0
58, 1000.0, 0.0, 0.0, 0.0, 0.0, 382300.708, 0.0, 0.0
59, 1000.0, 0.0, 0.0, 0.0, 0.0, 381480.59, 0.0, 0.0
60, 1000.0, 0.0, 0.0, 0.0, 0.0, 380661.38, 0.0, 0.0
61, 1000.0, 0.0, 0.0, 0.0, 0.0, 379843.228, 0.0, 0.0
62, 1000.0, 0.0, 0.0, 0.0, 0.0, 379026.372, 0.0, 0.0
63, 1000.0, 0.0, 0.0, 0.0, 0.0, 378212.196, 0.0, 0.0
64, 1000.0, 0.0, 0.0, 0.0, 0.0, 377400.124, 0.0, 0.0
65, 1000.0, 0.0, 0.0, 0.0, 0.0, 376590.348, 0.0, 0.0
66, 1000.0, 0.0, 0.0, 0.0, 0.0, 375779.492, 0.0, 0.0
67, 1000.0, 0.0, 0.0, 0.0, 0.0, 374969.554, 0.0, 0.0
68, 1000.0, 0.0, 0.0, 0.0, 0.0, 374164.22, 0.0, 0.0
69, 1000.0, 0.0, 0.0, 0.0, 0.0, 373357.158, 0.0, 0.0
70, 1000.0, 0.0, 0.0, 0.0, 0.0, 372554.86, 0.0, 0.0
71, 1000.0, 0.0, 0.0, 0.0, 0.0, 371752.326, 0.0, 0.0
72, 1000.0, 0.0, 0.0, 0.0, 0.0, 370953.574, 0.0, 0.0
73, 1000.0, 0.0, 0.0, 0.0, 0.0, 370155.84, 0.0, 0.0
74, 1000.0, 0.0, 0.0, 0.0, 0.0, 369361.15, 0.0, 0.0
75, 1000.0, 0.0, 0.0, 0.0, 0.0, 368566.786, 0.0, 0.0
76, 1000.0, 0.0, 0.0, 0.0, 0.0, 367773.432, 0.0, 0.0
77, 1000.0, 0.0, 0.0, 0.0, 0.0, 366980.316, 0.0, 0.0
78, 1000.0, 0.0, 0.0, 0.0, 0.0, 366193.454, 0.0, 0.0
79, 1000.0, 0.0, 0.0, 0.0, 0.0, 365406.758, 0.0, 0.0
80, 1000.0, 0.0, 0.0, 0.0, 0.0, 364619.638, 0.0, 0.0
81, 1000.0, 0.0, 0.0, 0.0, 0.0, 363834.924, 0.0, 0.0
82, 1000.0, 0.0, 0.0, 0.0, 0.0, 363051.172, 0.0, 0.0
83, 1000.0, 0.0, 0.0, 0.0, 0.0, 362271.498, 0.0, 0.0
84, 1000.0, 0.0, 0.0, 0.0, 0.0, 361491.1, 0.0, 0.0
85, 1000.0, 0.0, 0.0, 0.0, 0.0, 360712.882, 0.0, 0.0
86, 1000.0, 0.0, 0.0, 0.0, 0.0, 359936.278, 0.0, 0.0
87, 1000.0, 0.0, 0.0, 0.0, 0.0, 359162.662, 0.0, 0.0
88, 1000.0, 0.0, 0.0, 0.0, 0.0, 358392.156, 0.0, 0.0
89, 1000.0, 0.0, 0.0, 0.0, 0.0, 357623.076, 0.0, 0.0
90, 1000.0, 0.0, 0.0, 0.0, 0.0, 356854.35, 0.0, 0.0
91, 1000.0, 0.0, 0.0, 0.0, 0.0, 356086.912, 0.0, 0.0
92, 1000.0, 0.0, 0.0, 0.0, 0.0, 355319.608, 0.0, 0.0
93, 1000.0, 0.0, 0.0, 0.0, 0.0, 354554.474, 0.0, 0.0
94, 1000.0, 0.0, 0.0, 0.0, 0.0, 353791.812, 0.0, 0.0
95, 1000.0, 0.0, 0.0, 0.0, 0.0, 353029.542, 0.0, 0.0
96, 1000.0, 0.0, 0.0, 0.0, 0.0, 352268.466, 0.0, 0.0
97, 1000.0, 0.0, 0.0, 0.0, 0.0, 351511.772, 0.0, 0.0
98, 1000.0, 0.0, 0.0, 0.0, 0.0, 350756.574, 0.0, 0.0
99, 1000.0, 0.0, 0.0, 0.0, 0.0, 350002.844, 0.0, 0.0
100, 1000.0, 0.0, 0.0, 0.0, 0.0, 349249.582, 0.0, 0.0
101, 1000.0, 0.0, 0.0, 0.0, 0.0, 348498.94, 0.0, 0.0
102, 1000.0, 0.0, 0.0, 0.0, 0.0, 347748.18, 0.0, 0.0
103, 1000.0, 0.0, 0.0, 0.0, 0.0, 346999.664, 0.0, 0.0
104, 1000.0, 0.0, 0.0, 0.0, 0.0, 346251.422, 0.0, 0.0
105, 1000.0, 0.0, 0.0, 0.0, 0.0, 345506.448, 0.0, 0.0
106, 1000.0, 0.0, 0.0, 0.0, 0.0, 344763.55, 0.0, 0.0
107, 1000.0, 0.0, 0.0, 0.0, 0.0, 344023.014, 0.0, 0.0
108, 1000.0, 0.0, 0.0, 0.0, 0.0, 343283.572, 0.0, 0.0
109, 1000.0, 0.0, 0.0, 0.0, 0.0, 342545.666, 0.0, 0.0
110, 1000.0, 0.0, 0.0, 0.0, 0.0, 341810.638, 0.0, 0.0
111, 1000.0, 0.0, 0.0, 0.0, 0.0, 341076.94, 0.0, 0.0
112, 1000.0, 0.0, 0.0, 0.0, 0.0, 340344.334, 0.0, 0.0
113, 1000.0, 0.0, 0.0, 0.0, 0.0, 339611.97, 0.0, 0.0
114, 1000.0, 0.0, 0.0, 0.0, 0.0, 338881.202, 0.0, 0.0
115, 1000.0, 0.0, 0.0, 0.0, 0.0, 338151.86, 0.0, 0.0
116, 1000.0, 0.0, 0.0, 0.0, 0.0, 337424.306, 0.0, 0.0
117, 1000.0, 0.0, 0.0, 0.0, 0.0, 336699.776, 0.0, 0.0
118, 1000.0, 0.0, 0.0, 0.0, 0.0, 335975.286, 0.0, 0.0
119, 1000.0, 0.0, 0.0, 0.0, 0.0, 335252.932, 0.0, 0.0
120, 1000.0, 0.0, 0.0, 0.0, 0.0, 334532.178, 0.0, 0.0
121, 1000.0, 0.0, 0.0, 0.0, 0.0, 333812.482, 0.0, 0.0
122, 1000.0, 0.0, 0.0, 0.0, 0.0, 333097.582, 0.0, 0.0
123, 1000.0, 0.0, 0.0, 0.0, 0.0, 332383.198, 0.0, 0.0
124, 1000.0, 0.0, 0.0, 0.0, 0.0, 331665.834, 0.0, 0.0
125, 1000.0, 0.0, 0.0, 0.0, 0.0, 330954.054, 0.0, 0.0
126, 1000.0, 0.0, 0.0, 0.0, 0.0, 330244.124, 0.0, 0.0
127, 1000.0, 0.0, 0.0, 0.0, 0.0, 329533.79, 0.0, 0.0
128, 1000.0, 0.0, 0.0, 0.0, 0.0, 328828.888, 0.0, 0.0
129, 1000.0, 0.0, 0.0, 0.0, 0.0, 328122.79, 0.0, 0.0
130, 1000.0, 0.0, 0.0, 0.0, 0.0, 327419.454, 0.0, 0.0
131, 1000.0, 0.0, 0.0, 0.0, 0.0, 326717.084, 0.0, 0.0
132, 1000.0, 0.0, 0.0, 0.0, 0.0, 326016.24, 0.0, 0.0
133, 1000.0, 0.0, 0.0, 0.0, 0.0, 325312.77, 0.0, 0.0
134, 1000.0, 0.0, 0.0, 0.0, 0.0, 324611.426, 0.0, 0.0
135, 1000.0, 0.0, 0.0, 0.0, 0.0, 323916.148, 0.0, 0.0
136, 1000.0, 0.0, 0.0, 0.0, 0.0, 323220.482, 0.0, 0.0
137, 1000.0, 0.0, 0.0, 0.0, 0.0, 322527.0, 0.0, 0.0
138, 1000.0, 0.0, 0.0, 0.0, 0.0, 321835.954, 0.0, 0.0
139, 1000.0, 0.0, 0.0, 0.0, 0.0, 321140.504, 0.0, 0.0
140, 1000.0, 0.0, 0.0, 0.0, 0.0, 320449.52, 0.0, 0.0
141, 1000.0, 0.0, 0.0, 0.0, 0.0, 319761.94, 0.0, 0.0
142, 1000.0, 0.0, 0.0, 0.0, 0.0, 319074.648, 0.0, 0.0
143, 1000.0, 0.0, 0.0, 0.0, 0.0, 318388.248, 0.0, 0.0
144, 1000.0, 0.0, 0.0, 0.0, 0.0, 317703.784, 0.0, 0.0
145, 1000.0, 0.0, 0.0, 0.0, 0.0, 317019.44, 0.0, 0.0
146, 1000.0, 0.0, 0.0, 0.0, 0.0, 316337.608, 0.0, 0.0
147, 1000.0, 0.0, 0.0, 0.0, 0.0, 315659.4, 0.0, 0.0
148, 1000.0, 0.0, 0.0, 0.0, 0.0, 314979.726, 0.0, 0.0
149, 1000.0, 0.0, 0.0, 0.0, 0.0, 314303.194, 0.0, 0.0
150, 1000.0, 0.0, 0.0, 0.0, 0.0, 313626.372, 0.0, 0.0
151, 1000.0, 0.0, 0.0, 0.0, 0.0, 312952.438, 0.0, 0.0
152, 1000.0, 0.0, 0.0, 0.0, 0.0, 312278.652, 0.0, 0.0
153, 1000.0, 0.0, 0.0, 0.0, 0.0, 311605.606, 0.0, 0.0
154, 1000.0, 0.0, 0.0, 0.0, 0.0, 310936.642, 0.0, 0.0
155, 1000.0, 0.0, 0.0, 0.0, 0.0, 310269.164, 0.0, 0.0
156, 1000.0, 0.0, 0.0, 0.0, 0.0, 309601.006, 0.0, 0.0
157, 1000.0, 0.0, 0.0, 0.0, 0.0, 308934.132, 0.0, 0.0
158, 1000.0, 0.0, 0.0, 0.0, 0.0, 308271.352, 0.0, 0.0
159, 1000.0, 0.0, 0.0, 0.0, 0.0, 307609.534, 0.0, 0.0
160, 1000.0, 0.0, 0.0, 0.0, 0.0, 306946.746, 0.0, 0.0
161, 1000.0, 0.0, 0.0, 0.0, 0.0, 306286.846, 0.0, 0.0
162, 1000.0, 0.0, 0.0, 0.0, 0.0, 305627.92, 0.0, 0.0
163, 1000.0, 0.0, 0.0, 0.0, 0.0, 304970.616, 0.0, 0.0
164, 1000.0, 0.0, 0.0, 0.0, 0.0, 304315.76, 0.0, 0.0
165, 1000.0, 0.0, 0.0, 0.0, 0.0, 303662.4, 0.0, 0.0
166, 1000.0, 0.0, 0.0, 0.0, 0.0, 303009.538, 0.0, 0.0
167, 1000.0, 0.0, 0.0, 0.0, 0.0, 302358.602, 0.0, 0.0
168, 1000.0, 0.0, 0.0, 0.0, 0.0, 301707.472, 0.0, 0.0
169, 1000.0, 0.0, 0.0, 0.0, 0.0, 301058.198, 0.0, 0.0
170, 1000.0, 0.0, 0.0, 0.0, 0.0, 300410.056, 0.0, 0.0
171, 1000.0, 0.0, 0.0, 0.0, 0.0, 299764.922, 0.0, 0.0
172, 1000.0, 0.0, 0.0, 0.0, 0.0, 299120.888, 0.0, 0.0
173, 1000.0, 0.0, 0.0, 0.0, 0.0, 298477.532, 0.0, 0.0
174, 1000.0, 0.0, 0.0, 0.0, 0.0, 297837.19, 0.0, 0.0
175, 1000.0, 0.0, 0.0, 0.0, 0.0, 297194.628, 0.0, 0.0
176, 1000.0, 0.0, 0.0, 0.0, 0.0, 296555.684, 0.0, 0.0
177, 1000.0, 0.0, 0.0, 0.0, 0.0, 295917.026, 0.0, 0.0
178, 1000.0, 0.0, 0.0, 0.0, 0.0, 295281.716, 0.0, 0.0
179, 1000.0, 0.0, 0.0, 0.0, 0.0, 294647.974, 0.0, 0.0
180, 1000.0, 0.0, 0.0, 0.0, 0.0, 294013.196, 0.0, 0.0
181, 1000.0, 0.0, 0.0, 0.0, 0.0, 293383.104, 0.0, 0.0
182, 1000.0, 0.0, 0.0, 0.0, 0.0, 292753.796, 0.0, 0.0
183, 1000.0, 0.0, 0.0, 0.0, 0.0, 292123.598, 0.0, 0.0
184, 1000.0, 0.0, 0.0, 0.0, 0.0, 291493.776, 0.0, 0.0
185, 1000.0, 0.0, 0.0, 0.0, 0.0, 290867.996, 0.0, 0.0
186, 1000.0, 0.0, 0.0, 0.0, 0.0, 290243.536, 0.0, 0.0
187, 1000.0, 0.0, 0.0, 0.0, 0.0, 289620.086, 0.0, 0.0
188, 1000.0, 0.0, 0.0, 0.0, 0.0, 288998.416, 0.0, 0.0
189, 1000.0, 0.0, 0.0, 0.0, 0.0, 288378.056, 0.0, 0.0
190, 1000.0, 0.0, 0.0, 0.0, 0.0, 287758.062, 0.0, 0.0
191, 1000.0, 0.0, 0.0, 0.0, 0.0, 287140.68, 0.0, 0.0
192, 1000.0, 0.0, 0.0, 0.0, 0.0, 286524.216, 0.0, 0.0
193, 1000.0, 0.0, 0.0, 0.0, 0.0, 285909.476, 0.0, 0.0
194, 1000.0, 0.0, 0.0, 0.0, 0.0, 285294.78, 0.0, 0.0
195, 1000.0, 0.0, 0.0, 0.0, 0.0, 284681.21, 0.0, 0.0
196, 1000.0, 0.0, 0.0, 0.0, 0.0, 284068.564, 0.0, 0.0
197, 1000.0, 0.0, 0.0, 0.0, 0.0, 283456.086, 0.0, 0.0
198, 1000.0, 0.0, 0.0, 0.0, 0.0, 282847.828, 0.0, 0.0
199, 1000.0, 0.0, 0.0, 0.0, 0.0, 282238.154, 0.0, 0.0
200, 1000.0, 0.0, 0.0, 0.0, 0.0, 281632.354, 0.0, 0.0
201, 1000.0, 0.0, 0.0, 0.0, 0.0, 281026.032, 0.0, 0.0
202, 1000.0, 0.0, 0.0, 0.0, 0.0, 280420.304, 0.0, 0.0
203, 1000.0, 0.0, 0.0, 0.0, 0.0, 279817.588, 0.0, 0.0
204, 1000.0, 0.0, 0.0, 0.0, 0.0, 279216.656, 0.0, 0.0
205, 1000.0, 0.0, 0.0, 0.0, 0.0, 278617.156, 0.0, 0.0
206, 1000.0, 0.0, 0.0, 0.0, 0.0, 278017.37, 0.0, 0.0
207, 1000.0, 0.0, 0.0, 0.0, 0.0, 277420.622, 0.0, 0.0
208, 1000.0, 0.0, 0.0, 0.0, 0.0, 276823.58, 0.0, 0.0
209, 1000.0, 0.0, 0.0, 0.0, 0.0, 276227.336, 0.0, 0.0
210, 1000.0, 0.0, 0.0, 0.0, 0.0, 275634.586, 0.0, 0.0
211, 1000.0, 0.0, 0.0, 0.0, 0.0, 275043.24, 0.0, 0.0
212, 1000.0, 0.0, 0.0, 0.0, 0.0, 274454.758, 0.0, 0.0
213, 1000.0, 0.0, 0.0, 0.0, 0.0, 273863.634, 0.0, 0.0
214, 1000.0, 0.0, 0.0, 0.0, 0.0, 273273.918, 0.0, 0.0
215, 1000.0, 0.0, 0.0, 0.0, 0.0, 272687.068, 0.0, 0.0
216, 1000.0, 0.0, 0.0, 0.0, 0.0, 272102.206, 0.0, 0.0
217, 1000.0, 0.0, 0.0, 0.0, 0.0, 271516.56, 0.0, 0.0
218, 1000.0, 0.0, 0.0, 0.0, 0.0, 270934.894, 0.0, 0.0
219, 1000.0, 0.0, 0.0, 0.0, 0.0, 270351.192, 0.0, 0.0
220, 1000.0, 0.0, 0.0, 0.0, 0.0, 269769.418, 0.0, 0.0
221, 1000.0, 0.0, 0.0, 0.0, 0.0, 269188.638, 0.0, 0.0
222, 1000.0, 0.0, 0.0, 0.0, 0.0, 268610.11, 0.0, 0.0
223, 1000.0, 0.0, 0.0, 0.0, 0.0, 268032.57, 0.0, 0.0
224, 1000.0, 0.0, 0.0, 0.0, 0.0, 267456.428, 0.0, 0.0
225, 1000.0, 0.0, 0.0, 0.0, 0.0, 266882.47, 0.0, 0.0
226, 1000.0, 0.0, 0.0, 0.0, 0.0, 266308.75, 0.0, 0.0
227, 1000.0, 0.0, 0.0, 0.0, 0.0, 265737.416, 0.0, 0.0
228, 1000.0, 0.0, 0.0, 0.0, 0.0, 265165.964, 0.0, 0.0
229, 1000.0, 0.0, 0.0, 0.0, 0.0, 264596.52, 0.0, 0.0
230, 1000.0, 0.0, 0.0, 0.0, 0.0, 264028.41, 0.0, 0.0
231, 1000.0, 0.0, 0.0, 0.0, 0.0, 263460.914, 0.0, 0.0
232, 1000.0, 0.0, 0.0, 0.0, 0.0, 262894.668, 0.0, 0.0
233, 1000.0, 0.0, 0.0, 0.0, 0.0, 262328.308, 0.0, 0.0
234, 1000.0, 0.0, 0.0, 0.0, 0.0, 261765.408, 0.0, 0.0
235, 1000.0, 0.0, 0.0, 0.0, 0.0, 261204.054, 0.0, 0.0
236, 1000.0, 0.0, 0.0, 0.0, 0.0, 260643.312, 0.0, 0.0
237, 1000.0, 0.0, 0.0, 0.0, 0.0, 260082.608, 0.0, 0.0
238, 1000.0, 0.0, 0.0, 0.0, 0.0, 259525.108, 0.0, 0.0
239, 1000.0, 0.0, 0.0, 0.0, 0.0, 258969.2, 0.0, 0.0
240, 1000.0, 0.0, 0.0, 0.0, 0.0, 258412.408, 0.0, 0.0
241, 1000.0, 0.0, 0.0, 0.0, 0.0, 257856.522, 0.0, 0.0
242, 1000.0, 0.0, 0.0, 0.0, 0.0, 257302.948, 0.0, 0.0
243, 1000.0, 0.0, 0.0, 0.0, 0.0, 256750.648, 0.0, 0.0
244, 1000.0, 0.0, 0.0, 0.0, 0.0, 256198.082, 0.0, 0.0
245, 1000.0, 0.0, 0.0, 0.0, 0.0, 255648.122, 0.0, 0.0
246, 1000.0, 0.0, 0.0, 0.0, 0.0, 255099.476, 0.0, 0.0
247, 1000.0, 0.0, 0.0, 0.0, 0.0, 254550.284, 0.0, 0.0
248, 1000.0, 0.0, 0.0, 0.0, 0.0, 254002.674, 0.0, 0.0
249, 1000.0, 0.0, 0.0, 0.0, 0.0, 253456.608, 0.0, 0.0
250, 1000.0, 0.0, 0.0, 0.0, 0.0, 252910.33, 0.0, 0.0
251, 1000.0, 0.0, 0.0, 0.0, 0.0, 252367.028, 0.0, 0.0
252, 1000.0, 0.0, 0.0, 0.0, 0.0, 251825.422, 0.0, 0.0
253, 1000.0, 0.0, 0.0, 0.0, 0.0, 251283.53, 0.0, 0.0
254, 1000.0, 0.0, 0.0, 0.0, 0.0, 250744.066, 0.0, 0.0
255, 1000.0, 0.0, 0.0, 0.0, 0.0, 250206.788, 0.0, 0.0
256, 1000.0, 0.0, 0.0, 0.0, 0.0, 249669.214, 0.0, 0.0
257, 1000.0, 0.0, 0.0, 0.0, 0.0, 249134.794, 0.0, 0.0
258, 1000.0, 0.0, 0.0, 0.0, 0.0, 248598.084, 0.0, 0.0
259, 1000.0, 0.0, 0.0, 0.0, 0.0, 248063.588, 0.0, 0.0
260, 1000.0, 0.0, 0.0, 0.0, 0.0, 247530.154, 0.0, 0.0
261, 1000.0, 0.0, 0.0, 0.0, 0.0, 246997.66, 0.0, 0.0
262, 1000.0, 0.0, 0.0, 0.0, 0.0, 246468.426, 0.0, 0.0
263, 1000.0, 0.0, 0.0, 0.0, 0.0, 245938.1, 0.0, 0.0
264, 1000.0, 0.0, 0.0, 0.0, 0.0, 245410.792, 0.0, 0.0
265, 1000.0, 0.0, 0.0, 0.0, 0.0, 244884.474, 0.0, 0.0
266, 1000.0, 0.0, 0.0, 0.0, 0.0, 244358.394, 0.0, 0.0
267, 1000.0, 0.0, 0.0, 0.0, 0.0, 243835.376, 0.0, 0.0
268, 1000.0, 0.0, 0.0, 0.0, 0.0, 243311.946, 0.0, 0.0
269, 1000.0, 0.0, 0.0, 0.0, 0.0, 242788.276, 0.0, 0.0
270, 1000.0, 0.0, 0.0, 0.0, 0.0, 242266.486, 0.0, 0.0
271, 1000.0, 0.0, 0.0, 0.0, 0.0, 241747.858, 0.0, 0.0
272, 1000.0, 0.0, 0.0, 0.0, 0.0, 241227.06, 0.0, 0.0
273, 1000.0, 0.0, 0.0, 0.0, 0.0, 240708.844, 0.0, 0.0
274, 1000.0, 0.0, 0.0, 0.0, 0.0, 240193.686, 0.0, 0.0
275, 1000.0, 0.0, 0.0, 0.0, 0.0, 239677.622, 0.0, 0.0
276, 1000.0, 0.0, 0.0, 0.0, 0.0, 239163.266, 0.0, 0.0
277, 1000.0, 0.0, 0.0, 0.0, 0.0, 238649.858, 0.0, 0.0
278, 1000.0, 0.0, 0.0, 0.0, 0.0, 238137.686, 0.0, 0.0
279, 1000.0, 0.0, 0.0, 0.0, 0.0, 237625.73, 0.0, 0.0
280, 1000.0, 0.0, 0.0, 0.0, 0.0, 237115.044, 0.0, 0.0
281, 1000.0, 0.0, 0.0, 0.0, 0.0, 236606.902, 0.0, 0.0
282, 1000.0, 0.0, 0.0, 0.0, 0.0, 236096.498, 0.0, 0.0
283, 1000.0, 0.0, 0.0, 0.0, 0.0, 235589.014, 0.0, 0.0
284, 1000.0, 0.0, 0.0, 0.0, 0.0, 235085.148, 0.0, 0.0
285, 1000.0, 0.0, 0.0, 0.0, 0.0, 234580.626, 0.0, 0.0
286, 1000.0, 0.0, 0.0, 0.0, 0.0, 234076.444, 0.0, 0.0
287, 1000.0, 0.0, 0.0, 0.0, 0.0, 233572.852, 0.0, 0.0
288, 1000.0, 0.0, 0.0, 0.0, 0.0, 233071.602, 0.0, 0.0
289, 1000.0, 0.0, 0.0, 0.0, 0.0, 232570.524, 0.0, 0.0
290, 1000.0, 0.0, 0.0, 0.0, 0.0, 232069.974, 0.0, 0.0
291, 1000.0, 0.0, 0.0, 0.0, 0.0, 231570.416, 0.0, 0.0
292, 1000.0, 0.0, 0.0, 0.0, 0.0, 231072.404, 0.0, 0.0
293, 1000.0, 0.0, 0.0, 0.0, 0.0, 230575.674, 0.0, 0.0
294, 1000.0, 0.0, 0.0, 0.0, 0.0, 230080.502, 0.0, 0.0
295, 1000.0, 0.0, 0.0, 0.0, 0.0, 229586.28, 0.0, 0.0
296, 1000.0, 0.0, 0.0, 0.0, 0.0, 229092.894, 0.0, 0.0
297, 1000.0, 0.0, 0.0, 0.0, 0.0, 228602.064, 0.0, 0.0
298, 1000.0, 0.0, 0.0, 0.0, 0.0, 228111.514, 0.0, 0.0
299, 1000.0, 0.0, 0.0, 0.0, 0.0, 227620.814, 0.0, 0.0
300, 1000.0, 0.0, 0.0, 0.0, 0.0, 227130.434, 0.0, 0.0
301, 1000.0, 0.0, 0.0, 0.0, 0.0, 226643.918, 0.0, 0.0
302, 1000.0, 0.0, 0.0, 0.0, 0.0, 226158.33, 0.0, 0.0
303, 1000.0, 0.0, 0.0, 0.0, 0.0, 225674.498, 0.0, 0.0
304, 1000.0, 0.0, 0.0, 0.0, 0.0, 225190.938, 0.0, 0.0
305, 1000.0, 0.0, 0.0, 0.0, 0.0, 224706.406, 0.0, 0.0
306, 1000.0, 0.0, 0.0, 0.0, 0.0, 224224.012, 0.0, 0.0
307, 1000.0, 0.0, 0.0, 0.0, 0.0, 223742.498, 0.0, 0.0
308, 1000.0, 0.0, 0.0, 0.0, 0.0, 223261.544, 0.0, 0.0
309, 1000.0, 0.0, 0.0, 0.0, 0.0, 222782.14, 0.0, 0.0
310, 1000.0, 0.0, 0.0, 0.0, 0.0, 222303.588, 0.0, 0.0
311, 1000.0, 0.0, 0.0, 0.0, 0.0, 221826.884, 0.0, 0.0
312, 1000.0, 0.0, 0.0, 0.0, 0.0, 221351.582, 0.0, 0.0
313, 1000.0, 0.0, 0.0, 0.0, 0.0, 220877.998, 0.0, 0.0
314, 1000.0, 0.0, 0.0, 0.0, 0.0, 220404.56, 0.0, 0.0
315, 1000.0, 0.0, 0.0, 0.0, 0.0, 219931.022, 0.0, 0.0
316, 1000.0, 0.0, 0.0, 0.0, 0.0, 219458.668, 0.0, 0.0
317, 1000.0, 0.0, 0.0, 0.0, 0.0, 218989.306, 0.0, 0.0
318, 1000.0, 0.0, 0.0, 0.0, 0.0, 218519.518, 0.0, 0.0
319, 1000.0, 0.0, 0.0, 0.0, 0.0, 218050.89, 0.0, 0.0
320, 1000.0, 0.0, 0.0, 0.0, 0.0, 217581.836, 0.0, 0.0
321, 1000.0, 0.0, 0.0, 0.0, 0.0, 217114.842, 0.0, 0.0
322, 1000.0, 0.0, 0.0, 0.0, 0.0, 216650.124, 0.0, 0.0
323, 1000.0, 0.0, 0.0, 0.0, 0.0, 216184.894, 0.0, 0.0
324, 1000.0, 0.0, 0.0, 0.0, 0.0, 215719.94, 0.0, 0.0
325, 1000.0, 0.0, 0.0, 0.0, 0.0, 215256.714, 0.0, 0.0
326, 1000.0, 0.0, 0.0, 0.0, 0.0, 214795.232, 0.0, 0.0
327, 1000.0, 0.0, 0.0, 0.0, 0.0, 214332.436, 0.0, 0.0
328, 1000.0, 0.0, 0.0, 0.0, 0.0, 213871.842, 0.0, 0.0
329, 1000.0, 0.0, 0.0, 0.0, 0.0, 213414.414, 0.0, 0.0
330, 1000.0, 0.0, 0.0, 0.0, 0.0, 212958.11, 0.0, 0.0
331, 1000.0, 0.0, 0.0, 0.0, 0.0, 212500.382, 0.0, 0.0
332, 1000.0, 0.0, 0.0, 0.0, 0.0, 212042.746, 0.0, 0.0
333, 1000.0, 0.0, 0.0, 0.0, 0.0, 211587.926, 0.0, 0.0
334, 1000.0, 0.0, 0.0, 0.0, 0.0, 211133.85, 0.0, 0.0
335, 1000.0, 0.0, 0.0, 0.0, 0.0, 210679.372, 0.0, 0.0
336, 1000.0, 0.0, 0.0, 0.0, 0.0, 210226.878, 0.0, 0.0
337, 1000.0, 0.0, 0.0, 0.0, 0.0, 209775.978, 0.0, 0.0
338, 1000.0, 0.0, 0.0, 0.0, 0.0, 209326.292, 0.0, 0.0
339, 1000.0, 0.0, 0.0, 0.0, 0.0, 208875.164, 0.0, 0.0
340, 1000.0, 0.0, 0.0, 0.0, 0.0, 208427.946, 0.0, 0.0
341, 1000.0, 0.0, 0.0, 0.0, 0.0, 207981.206, 0.0, 0.0
342, 1000.0, 0.0, 0.0, 0.0, 0.0, 207534.068, 0.0, 0.0
343, 1000.0, 0.0, 0.0, 0.0, 0.0, 207088.952, 0.0, 0.0
344, 1000.0, 0.0, 0.0, 0.0, 0.0, 206645.628, 0.0, 0.0
345, 1000.0, 0.0, 0.0, 0.0, 0.0, 206202.254, 0.0, 0.0
346, 1000.0, 0.0, 0.0, 0.0, 0.0, 205757.666, 0.0, 0.0
347, 1000.0, 0.0, 0.0, 0.0, 0.0, 205316.568, 0.0, 0.0
348, 1000.0, 0.0, 0.0, 0.0, 0.0, 204875.642, 0.0, 0.0
349, 1000.0, 0.0, 0.0, 0.0, 0.0, 204435.264, 0.0, 0.0
350, 1000.0, 0.0, 0.0, 0.0, 0.0, 203996.19, 0.0, 0.0
351, 1000.0, 0.0, 0.0, 0.0, 0.0, 203560.346, 0.0, 0.0
352, 1000.0, 0.0, 0.0, 0.0, 0.0, 203122.85, 0.0, 0.0
353, 1000.0, 0.0, 0.0, 0.0, 0.0, 202687.106, 0.0, 0.0
354, 1000.0, 0.0, 0.0, 0.0, 0.0, 202251.282, 0.0, 0.0
355, 1000.0, 0.0, 0.0, 0.0, 0.0, 201816.964, 0.0, 0.0
356, 1000.0, 0.0, 0.0, 0.0, 0.0, 201384.844, 0.0, 0.0
357, 1000.0, 0.0, 0.0, 0.0, 0.0, 200952.906, 0.0, 0.0
358, 1000.0, 0.0, 0.0, 0.0, 0.0, 200521.404, 0.0, 0.0
359, 1000.0, 0.0, 0.0, 0.0, 0.0, 200090.738, 0.0, 0.0
360, 1000.0, 0.0, 0.0, 0.0, 0.0, 199662.684, 0.0, 0.0
361, 1000.0, 0.0, 0.0, 0.0, 0.0, 199234.926, 0.0, 0.0
362, 1000.0, 0.0, 0.0, 0.0, 0.0, 198806.322, 0.0, 0.0
363, 1000.0, 0.0, 0.0, 0.0, 0.0, 198379.764, 0.0, 0.0
364, 1000.0, 0.0, 0.0, 0.0, 0.0, 197955.486, 0.0, 0.0
365, 1000.0, 0.0, 0.0, 0.0, 0.0, 197531.988, 0.0, 0.0
366, 1000.0, 0.0, 0.0, 0.0, 0.0, 197107.82, 0.0, 0.0
367, 1000.0, 0.0, 0.0, 0.0, 0.0, 196685.146, 0.0, 0.0
368, 1000.0, 0.0, 0.0, 0.0, 0.0, 196262.552, 0.0, 0.0
369, 1000.0, 0.0, 0.0, 0.0, 0.0, 195841.646, 0.0, 0.0
370, 1000.0, 0.0, 0.0, 0.0, 0.0, 195420.42, 0.0, 0.0
371, 1000.0, 0.0, 0.0, 0.0, 0.0, 195001.358, 0.0, 0.0
372, 1000.0, 0.0, 0.0, 0.0, 0.0, 194583.842, 0.0, 0.0
373, 1000.0, 0.0, 0.0, 0.0, 0.0, 194166.928, 0.0, 0.0
374, 1000.0, 0.0, 0.0, 0.0, 0.0, 193751.356, 0.0, 0.0
375, 1000.0, 0.0, 0.0, 0.0, 0.0, 193333.924, 0.0, 0.0
376, 1000.0, 0.0, 0.0, 0.0, 0.0, 192918.658, 0.0, 0.0
377, 1000.0, 0.0, 0.0, 0.0, 0.0, 192505.418, 0.0, 0.0
378, 1000.0, 0.0, 0.0, 0.0, 0.0, 192092.224, 0.0, 0.0
379, 1000.0, 0.0, 0.0, 0.0, 0.0, 191680.558, 0.0, 0.0
380, 1000.0, 0.0, 0.0, 0.0, 0.0, 191271.218, 0.0, 0.0
381, 1000.0, 0.0, 0.0, 0.0, 0.0, 190859.802, 0.0, 0.0
382, 1000.0, 0.0, 0.0, 0.0, 0.0, 190450.382, 0.0, 0.0
383, 1000.0, 0.0, 0.0, 0.0, 0.0, 190041.852, 0.0, 0.0
384, 1000.0, 0.0, 0.0, 0.0, 0.0, 189636.69, 0.0, 0.0
385, 1000.0, 0.0, 0.0, 0.0, 0.0, 189230.16, 0.0, 0.0
386, 1000.0, 0.0, 0.0, 0.0, 0.0, 188824.43, 0.0, 0.0
387, 1000.0, 0.0, 0.0, 0.0, 0.0, 188418.97, 0.0, 0.0
388, 1000.0, 0.0, 0.0, 0.0, 0.0, 188016.074, 0.0, 0.0
389, 1000.0, 0.0, 0.0, 0.0, 0.0, 187611.398, 0.0, 0.0
390, 1000.0, 0.0, 0.0, 0.0, 0.0, 187207.384, 0.0, 0.0
391, 1000.0, 0.0, 0.0, 0.0, 0.0, 186806.404, 0.0, 0.0
392, 1000.0, 0.0, 0.0, 0.0, 0.0, 186405.896, 0.0, 0.0
393, 1000.0, 0.0, 0.0, 0.0, 0.0, 186005.94, 0.0, 0.0
394, 1000.0, 0.0, 0.0, 0.0, 0.0, 185606.53, 0.0, 0.0
395, 1000.0, 0.0, 0.0, 0.0, 0.0, 185207.884, 0.0, 0.0
396, 1000.0, 0.0, 0.0, 0.0, 0.0, 184811.042, 0.0, 0.0
397, 1000.0, 0.0, 0.0, 0.0, 0.0, 184415.992, 0.0, 0.0
398, 1000.0, 0.0, 0.0, 0.0, 0.0, 184021.286, 0.0, 0.0
399, 1000.0, 0.0, 0.0, 0.0, 0.0, 183627.874, 0.0, 0.0
400, 1000.0, 0.0, 0.0, 0.0, 0.0, 183234.28, 0.0, 0.0
401, 1000.0, 0.0, 0.0, 0.0, 0.0, 182841.7, 0.0, 0.0
402, 1000.0, 0.0, 0.0, 0.0, 0.0, 182449.564, 0.0, 0.0
403, 1000.0, 0.0, 0.0, 0.0, 0.0, 182059.646, 0.0, 0.0
404, 1000.0, 0.0, 0.0, 0.0, 0.0, 181669.586, 0.0, 0.0
405, 1000.0, 0.0, 0.0, 0.0, 0.0, 181280.816, 0.0, 0.0
406, 1000.0, 0.0, 0.0, 0.0, 0.0, 180893.57, 0.0, 0.0
407, 1000.0, 0.0, 0.0, 0.0, 0.0, 180505.062, 0.0, 0.0
408, 1000.0, 0.0, 0.0, 0.0, 0.0, 180118.002, 0.0, 0.0
409, 1000.0, 0.0, 0.0, 0.0, 0.0, 179732.984, 0.0, 0.0
410, 1000.0, 0.0, 0.0, 0.0, 0.0, 179346.626, 0.0, 0.0
411, 1000.0, 0.0, 0.0, 0.0, 0.0, 178961.41, 0.0, 0.0
412, 1000.0, 0.0, 0.0, 0.0, 0.0, 178577.182, 0.0, 0.0
413, 1000.0, 0.0, 0.0, 0.0, 0.0, 178195.682, 0.0, 0.0
414, 1000.0, 0.0, 0.0, 0.0, 0.0, 177813.346, 0.0, 0.0
415, 1000.0, 0.0, 0.0, 0.0, 0.0, 177432.854, 0.0, 0.0
416, 1000.0, 0.0, 0.0, 0.0, 0.0, 177052.31, 0.0, 0.0
417, 1000.0, 0.0, 0.0, 0.0, 0.0, 176673.802, 0.0, 0.0
418, 1000.0, 0.0, 0.0, 0.0, 0.0, 176295.52, 0.0, 0.0
419, 1000.0, 0.0, 0.0, 0.0, 0.0, 175918.074, 0.0, 0.0
420, 1000.0, 0.0, 0.0, 0.0, 0.0, 175539.716, 0.0, 0.0
421, 1000.0, 0.0, 0.0, 0.0, 0.0, 175163.848, 0.0, 0.0
422, 1000.0, 0.0, 0.0, 0.0, 0.0, 174786.18, 0.0, 0.0
423, 1000.0, 0.0, 0.0, 0.0, 0.0, 174410.744, 0.0, 0.0
424, 1000.0, 0.0, 0.0, 0.0, 0.0, 174035.912, 0.0, 0.0
425, 1000.0, 0.0, 0.0, 0.0, 0.0, 173662.5, 0.0, 0.0
426, 1000.0, 0.0, 0.0, 0.0, 0.0, 173289.464, 0.0, 0.0
427, 1000.0, 0.0, 0.0, 0.0, 0.0, 172917.082, 0.0, 0.0
428, 1000.0, 0.0, 0.0, 0.0, 0.0, 172547.26, 0.0, 0.0
429, 1000.0, 0.0, 0.0, 0.0, 0.0, 172178.568, 0.0, 0.0
430, 1000.0, 0.0, 0.0, 0.0, 0.0, 171808.166, 0.0, 0.0
431, 1000.0, 0.0, 0.0, 0.0, 0.0, 171438.152, 0.0, 0.0
432, 1000.0, 0.0, 0.0, 0.0, 0.0, 171069.724, 0.0, 0.0
433, 1000.0, 0.0, 0.0, 0.0, 0.0, 170703.556, 0.0, 0.0
434, 1000.0, 0.0, 0.0, 0.0, 0.0, 170336.242, 0.0, 0.0
435, 1000.0, 0.0, 0.0, 0.0, 0.0, 169971.576, 0.0, 0.0
436, 1000.0, 0.0, 0.0, 0.0, 0.0, 169605.204, 0.0, 0.0
437, 1000.0, 0.0, 0.0, 0.0, 0.0, 169242.484, 0.0, 0.0
438, 1000.0, 0.0, 0.0, 0.0, 0.0, 168879.102, 0.0, 0.0
439, 1000.0, 0.0, 0.0, 0.0, 0.0, 168517.826, 0.0, 0.0
440, 1000.0, 0.0, 0.0, 0.0, 0.0, 168156.028, 0.0, 0.0
441, 1000.0, 0.0, 0.0, 0.0, 0.0, 167794.032, 0.0, 0.0
442, 1000.0, 0.0, 0.0, 0.0, 0.0, 167435.108, 0.0, 0.0
443, 1000.0, 0.0, 0.0, 0.0, 0.0, 167073.2, 0.0, 0.0
444, 1000.0, 0.0, 0.0, 0.0, 0.0, 166714.39, 0.0, 0.0
445, 1000.0, 0.0, 0.0, 0.0, 0.0, 166357.262, 0.0, 0.0
446, 1000.0, 0.0, 0.0, 0.0, 0.0, 166000.67, 0.0, 0.0
447, 1000.0, 0.0, 0.0, 0.0, 0.0, 165645.194, 0.0, 0.0
448, 1000.0, 0.0, 0.0, 0.0, 0.0, 165289.946, 0.0, 0.0
449, 1000.0, 0.0, 0.0, 0.0, 0.0, 164936.382, 0.0, 0.0
450, 1000.0, 0.0, 0.0, 0.0, 0.0, 164583.96, 0.0, 0.0
451, 1000.0, 0.0, 0.0, 0.0, 0.0, 164231.684, 0.0, 0.0
452, 1000.0, 0.0, 0.0, 0.0, 0.0, 163879.562, 0.0, 0.0
453, 1000.0, 0.0, 0.0, 0.0, 0.0, 163528.1, 0.0, 0.0
454, 1000.0, 0.0, 0.0, 0.0, 0.0, 163176.786, 0.0, 0.0
455, 1000.0, 0.0, 0.0, 0.0, 0.0, 162827.156, 0.0, 0.0
456, 1000.0, 0.0, 0.0, 0.0, 0.0, 162479.06, 0.0, 0.0
457, 1000.0, 0.0, 0.0, 0.0, 0.0, 162131.15, 0.0, 0.0
458, 1000.0, 0.0, 0.0, 0.0, 0.0, 161783.962, 0.0, 0.0
459, 1000.0, 0.0, 0.0, 0.0, 0.0, 161436.368, 0.0, 0.0
460, 1000.0, 0.0, 0.0, 0.0, 0.0, 161090.826, 0.0, 0.0
461, 1000.0, 0.0, 0.0, 0.0, 0.0, 160746.108, 0.0, 0.0
462, 1000.0, 0.0, 0.0, 0.0, 0.0, 160400.482, 0.0, 0.0
463, 1000.0, 0.0, 0.0, 0.0, 0.0, 160057.102, 0.0, 0.0
464, 1000.0, 0.0, 0.0, 0.0, 0.0, 159713.326, 0.0, 0.0
465, 1000.0, 0.0, 0.0, 0.0, 0.0, 159370.214, 0.0, 0.0
466, 1000.0, 0.0, 0.0, 0.0, 0.0, 159029.606, 0.0, 0.0
467, 1000.0, 0.0, 0.0, 0.0, 0.0, 158689.202, 0.0, 0.0
468, 1000.0, 0.0, 0.0, 0.0, 0.0, 158350.092, 0.0, 0.0
469, 1000.0, 0.0, 0.0, 0.0, 0.0, 158011.874, 0.0, 0.0
470, 1000.0, 0.0, 0.0, 0.0, 0.0, 157674.866, 0.0, 0.0
471, 1000.0, 0.0, 0.0, 0.0, 0.0, 157336.714, 0.0, 0.0
472, 1000.0, 0.0, 0.0, 0.0, 0.0, 156999.626, 0.0, 0.0
473, 1000.0, 0.0, 0.0, 0.0, 0.0, 156662.406, 0.0, 0.0
474, 1000.0, 0.0, 0.0, 0.0, 0.0, 156327.01, 0.0, 0.0
475, 1000.0, 0.0, 0.0, 0.0, 0.0, 155992.31, 0.0, 0.0
476, 1000.0, 0.0, 0.0, 0.0, 0.0, 155657.63, 0.0, 0.0
477, 1000.0, 0.0, 0.0, 0.0, 0.0, 155323.962, 0.0, 0.0
478, 1000.0, 0.0, 0.0, 0.0, 0.0, 154990.798, 0.0, 0.0
479, 1000.0, 0.0, 0.0, 0.0, 0.0, 154658.656, 0.0, 0.0
480, 1000.0, 0.0, 0.0, 0.0, 0.0, 154327.974, 0.0, 0.0
