time, seeders, joined, request_count, response_size, left, awareness, bad_data, leechers
0, 1.0, 0.0, 0.0, 0.0, 0.0, 1001.0, 0.0, 0.0
1, 10.0, 9.0, 1254.95556, 0.0828, 0.0, 11028.096, 0.0, 0.0
2, 10.0, 0.0, 0.0, 0.0, 0.0, 10950.752, 0.0, 0.0
3, 10.0, 0.0, 0.0, 0.0, 0.0, 10948.996, 0.0, 0.0
4, 10.0, 0.0, 0.0, 0.0, 0.0, 10946.606, 0.0, 0.0
5, 10.0, 0.0, 0.0, 0.0, 0.0, 10943.72, 0.0, 0.0
6, 10.0, 0.0, 0.0, 0.0, 0.0, 10940.22, 0.0, 0.0
7, 10.0, 0.0, 0.0, 0.0, 0.0, 10936.256, 0.0, 0.0
8, 10.0, 0.0, 0.0, 0.0, 0.0, 10931.64, 0.0, 0.0
9, 10.0, 0.0, 0.0, 0.0, 0.0, 10926.59, 0.0, 0.0
10, 10.0, 0.0, 0.0, 0.0, 0.0, 10921.238, 0.0, 0.0
11, 10.0, 0.0, 0.0, 0.0, 0.0, 10896.11, 0.0, 0.0
12, 10.0, 0.0, 0.0, 0.0, 0.0, 10870.65, 0.0, 0.0
13, 10.0, 0.0, 0.0, 0.0, 0.0, 10845.716, 0.0, 0.0
14, 10.0, 0.0, 0.0, 0.0, 0.0, 10820.632, 0.0, 0.0
15, 10.0, 0.0, 0.0, 0.0, 0.0, 10796.458, 0.0, 0.0
16, 10.0, 0.0, 0.0, 0.0, 0.0, 10772.43, 0.0, 0.0
17, 10.0, 0.0, 0.0, 0.0, 0.0, 10748.302, 0.0, 0.0
18, 10.0, 0.0, 0.0, 0.0, 0.0, 10724.808, 0.0, 0.0
19, 10.0, 0.0, 0.0, 0.0, 0.0, 10702.044, 0.0, 0.0
20, 10.0, 0.0, 0.0, 0.0, 0.0, 10678.81, 0.0, 0.0
21, 10.0, 0.0, 0.0, 0.0, 0.0, 10655.794, 0.0, 0.0
22, 10.0, 0.0, 0.0, 0.0, 0.0, 10632.822, 0.0, 0.0
23, 10.0, 0.0, 0.0, 0.0, 0.0, 10609.746, 0.0, 0.0
24, 10.0, 0.0, 0.0, 0.0, 0.0, 10586.616, 0.0, 0.0
25, 10.0, 0.0, 0.0, 0.0, 0.0, 10563.816, 0.0, 0.0
26, 10.0, 0.0, 0.0, 0.0, 0.0, 10540.944, 0.0, 0.0
27, 10.0, 0.0, 0.0, 0.0, 0.0, 10518.486, 0.0, 0.0
28, 10.0, 0.0, 0.0, 0.0, 0.0, 10495.772, 0.0, 0.0
29, 10.0, 0.0, 0.0, 0.0, 0.0, 10473.138, 0.0, 0.0
30, 10.0, 0.0, 0.0, 0.0, 0.0, 10450.42, 0.0, 0.0
31, 10.0, 0.0, 0.0, 0.0, 0.0, 10428.052, 0.0, 0.0
32, 10.0, 0.0, 0.0, 0.0, 0.0, 10405.714, 0.0, 0.0
33, 10.0, 0.0, 0.0, 0.0, 0.0, 10383.228, 0.0, 0.0
34, 10.0, 0.0, 0.0, 0.0, 0.0, 10360.88, 0.0, 0.0
35, 10.0, 0.0, 0.0, 0.0, 0.0, 10338.724, 0.0, 0.0
36, 10.0, 0.0, 0.0, 0.0, 0.0, 10316.442, 0.0, 0.0
37, 10.0, 0.0, 0.0, 0.0, 0.0, 10294.55, 0.0, 0.0
38, 10.0, 0.0, 0.0, 0.0, 0.0, 10272.456, 0.0, 0.0
39, 10.0, 0.0, 0.0, 0.0, 0.0, 10250.214, 0.0, 0.0
40, 10.0, 0.0, 0.0, 0.0, 0.0, 10228.12, 0.0, 0.0
41, 10.0, 0.0, 0.0, 0.0, 0.0, 10206.312, 0.0, 0.0
42, 10.0, 0.0, 0.0, 0.0, 0.0, 10184.126, 0.0, 0.0
43, 10.0, 0.0, 0.0, 0.0, 0.0, 10162.06, 0.0, 0.0
44, 10.0, 0.0, 0.0, 0.0, 0.0, 10140.104, 0.0, 0.0
45, 10.0, 0.0, 0.0, 0.0, 0.0, 10118.236, 0.0, 0.0
46, 10.0, 0.0, 0.0, 0.0, 0.0, 10096.44, 0.0, 0.0
47, 10.0, 0.0, 0.0, 0.0, 0.0, 10074.36, 0.0, 0.0
48, 10.0, 0.0, 0.0, 0.0, 0.0, 10052.748, 0.0, 0.0
49, 10.0, 0.0, 0.0, 0.0, 0.0, 10031.174, 0.0, 0.0
50, 10.0, 0.0, 0.0, 0.0, 0.0, 10009.11, 0.0, 0.0
51, 10.0, 0.0, 0.0, 0.0, 0.0, 9987.594, 0.0, 0.0
52, 10.0, 0.0, 0.0, 0.0, 0.0, 9965.936, 0.0, 0.0
53, 10.0, 0.0, 0.0, 0.0, 0.0, 9944.504, 0.0, 0.0
54, 10.0, 0.0, 0.0, 0.0, 0.0, 9923.216, 0.0, 0.0
55, 10.0, 0.0, 0.0, 0.0, 0.0, 9901.64, 0.0, 0.0
56, 10.0, 0.0, 0.0, 0.0, 0.0, 9880.09, 0.0, 0.0
57, 10.0, 0.0, 0.0, 0.0, 0.0, 9858.9, 0.0, 0.0
58, 10.0, 0.0, 0.0, 0.0, 0.0, 9837.952, 0.0, 0.0
59, 10.0, 0.0, 0.0, 0.0, 0.0, 9816.508, 0.0, 0.0
60, 10.0, 0.0, 0.0, 0.0, 0.0, 9795.35, 0.0, 0.0
61, 10.0, 0.0, 0.0, 0.0, 0.0, 9774.396, 0.0, 0.0
62, 10.0, 0.0, 0.0, 0.0, 0.0, 9753.18, 0.0, 0.0
63, 10.0, 0.0, 0.0, 0.0, 0.0, 9732.648, 0.0, 0.0
64, 10.0, 0.0, 0.0, 0.0, 0.0, 9711.852, 0.0, 0.0
65, 10.0, 0.0, 0.0, 0.0, 0.0, 9690.89, 0.0, 0.0
66, 10.0, 0.0, 0.0, 0.0, 0.0, 9670.198, 0.0, 0.0
67, 10.0, 0.0, 0.0, 0.0, 0.0, 9649.44, 0.0, 0.0
68, 10.0, 0.0, 0.0, 0.0, 0.0, 9628.324, 0.0, 0.0
69, 10.0, 0.0, 0.0, 0.0, 0.0, 9607.45, 0.0, 0.0
70, 10.0, 0.0, 0.0, 0.0, 0.0, 9587.032, 0.0, 0.0
71, 10.0, 0.0, 0.0, 0.0, 0.0, 9566.358, 0.0, 0.0
72, 10.0, 0.0, 0.0, 0.0, 0.0, 9545.942, 0.0, 0.0
73, 10.0, 0.0, 0.0, 0.0, 0.0, 9524.956, 0.0, 0.0
74, 10.0, 0.0, 0.0, 0.0, 0.0, 9504.646, 0.0, 0.0
75, 10.0, 0.0, 0.0, 0.0, 0.0, 9484.084, 0.0, 0.0
76, 10.0, 0.0, 0.0, 0.0, 0.0, 9463.392, 0.0, 0.0
77, 10.0, 0.0, 0.0, 0.0, 0.0, 9443.202, 0.0, 0.0
78, 10.0, 0.0, 0.0, 0.0, 0.0, 9422.794, 0.0, 0.0
79, 10.0, 0.0, 0.0, 0.0, 0.0, 9402.382, 0.0, 0.0
80, 10.0, 0.0, 0.0, 0.0, 0.0, 9382.002, 0.0, 0.0
81, 10.0, 0.0, 0.0, 0.0, 0.0, 9361.958, 0.0, 0.0
82, 10.0, 0.0, 0.0, 0.0, 0.0, 9341.628, 0.0, 0.0
83, 10.0, 0.0, 0.0, 0.0, 0.0, 9321.634, 0.0, 0.0
84, 10.0, 0.0, 0.0, 0.0, 0.0, 9301.43, 0.0, 0.0
85, 10.0, 0.0, 0.0, 0.0, 0.0, 9281.258, 0.0, 0.0
86, 10.0, 0.0, 0.0, 0.0, 0.0, 9261.278, 0.0, 0.0
87, 10.0, 0.0, 0.0, 0.0, 0.0, 9241.108, 0.0, 0.0
88, 10.0, 0.0, 0.0, 0.0, 0.0, 9220.974, 0.0, 0.0
89, 10.0, 0.0, 0.0, 0.0, 0.0, 9201.154, 0.0, 0.0
90, 10.0, 0.0, 0.0, 0.0, 0.0, 9181.34, 0.0, 0.0
91, 10.0, 0.0, 0.0, 0.0, 0.0, 9161.728, 0.0, 0.0
92, 10.0, 0.0, 0.0, 0.0, 0.0, 9141.712, 0.0, 0.0
93, 10.0, 0.0, 0.0, 0.0, 0.0, 9122.192, 0.0, 0.0
94, 10.0, 0.0, 0.0, 0.0, 0.0, 9102.492, 0.0, 0.0
95, 10.0, 0.0, 0.0, 0.0, 0.0, 9082.876, 0.0, 0.0
96, 10.0, 0.0, 0.0, 0.0, 0.0, 9063.37, 0.0, 0.0
97, 10.0, 0.0, 0.0, 0.0, 0.0, 9043.842, 0.0, 0.0
98, 10.0, 0.0, 0.0, 0.0, 0.0, 9024.108, 0.0, 0.0
99, 10.0, 0.0, 0.0, 0.0, 0.0, 9004.336, 0.0, 0.0
100, 10.0, 0.0, 0.0, 0.0, 0.0, 8984.882, 0.0, 0.0
101, 10.0, 0.0, 0.0, 0.0, 0.0, 8965.28, 0.0, 0.0
102, 10.0, 0.0, 0.0, 0.0, 0.0, 8945.858, 0.0, 0.0
103, 10.0, 0.0, 0.0, 0.0, 0.0, 8926.732, 0.0, 0.0
104, 10.0, 0.0, 0.0, 0.0, 0.0, 8907.438, 0.0, 0.0
105, 10.0, 0.0, 0.0, 0.0, 0.0, 8888.592, 0.0, 0.0
106, 10.0, 0.0, 0.0, 0.0, 0.0, 8869.668, 0.0, 0.0
107, 10.0, 0.0, 0.0, 0.0, 0.0, 8850.622, 0.0, 0.0
108, 10.0, 0.0, 0.0, 0.0, 0.0, 8832.074, 0.0, 0.0
109, 10.0, 0.0, 0.0, 0.0, 0.0, 8813.142, 0.0, 0.0
110, 10.0, 0.0, 0.0, 0.0, 0.0, 8794.294, 0.0, 0.0
111, 10.0, 0.0, 0.0, 0.0, 0.0, 8775.06, 0.0, 0.0
112, 10.0, 0.0, 0.0, 0.0, 0.0, 8756.292, 0.0, 0.0
113, 10.0, 0.0, 0.0, 0.0, 0.0, 8737.18, 0.0, 0.0
114, 10.0, 0.0, 0.0, 0.0, 0.0, 8718.256, 0.0, 0.0
115, 10.0, 0.0, 0.0, 0.0, 0.0, 8699.638, 0.0, 0.0
116, 10.0, 0.0, 0.0, 0.0, 0.0, 8680.89, 0.0, 0.0
117, 10.0, 0.0, 0.0, 0.0, 0.0, 8662.076, 0.0, 0.0
118, 10.0, 0.0, 0.0, 0.0, 0.0, 8643.518, 0.0, 0.0
119, 10.0, 0.0, 0.0, 0.0, 0.0, 8625.15, 0.0, 0.0
120, 10.0, 0.0, 0.0, 0.0, 0.0, 8606.8, 0.0, 0.0
121, 10.0, 0.0, 0.0, 0.0, 0.0, 8587.836, 0.0, 0.0
122, 10.0, 0.0, 0.0, 0.0, 0.0, 8569.238, 0.0, 0.0
123, 10.0, 0.0, 0.0, 0.0, 0.0, 8550.76, 0.0, 0.0
124, 10.0, 0.0, 0.0, 0.0, 0.0, 8532.296, 0.0, 0.0
125, 10.0, 0.0, 0.0, 0.0, 0.0, 8514.214, 0.0, 0.0
126, 10.0, 0.0, 0.0, 0.0, 0.0, 8495.732, 0.0, 0.0
127, 10.0, 0.0, 0.0, 0.0, 0.0, 8477.54, 0.0, 0.0
128, 10.0, 0.0, 0.0, 0.0, 0.0, 8459.3, 0.0, 0.0
129, 10.0, 0.0, 0.0, 0.0, 0.0, 8441.546, 0.0, 0.0
130, 10.0, 0.0, 0.0, 0.0, 0.0, 8423.528, 0.0, 0.0
131, 10.0, 0.0, 0.0, 0.0, 0.0, 8405.51, 0.0, 0.0
132, 10.0, 0.0, 0.0, 0.0, 0.0, 8387.516, 0.0, 0.0
133, 10.0, 0.0, 0.0, 0.0, 0.0, 8369.562, 0.0, 0.0
134, 10.0, 0.0, 0.0, 0.0, 0.0, 8351.63, 0.0, 0.0
135, 10.0, 0.0, 0.0, 0.0, 0.0, 8333.566, 0.0, 0.0
136, 10.0, 0.0, 0.0, 0.0, 0.0, 8315.352, 0.0, 0.0
137, 10.0, 0.0, 0.0, 0.0, 0.0, 8297.332, 0.0, 0.0
138, 10.0, 0.0, 0.0, 0.0, 0.0, 8279.408, 0.0, 0.0
139, 10.0, 0.0, 0.0, 0.0, 0.0, 8261.158, 0.0, 0.0
140, 10.0, 0.0, 0.0, 0.0, 0.0, 8243.434, 0.0, 0.0
141, 10.0, 0.0, 0.0, 0.0, 0.0, 8225.814, 0.0, 0.0
142, 10.0, 0.0, 0.0, 0.0, 0.0, 8207.964, 0.0, 0.0
143, 10.0, 0.0, 0.0, 0.0, 0.0, 8190.534, 0.0, 0.0
144, 10.0, 0.0, 0.0, 0.0, 0.0, 8173.066, 0.0, 0.0
145, 10.0, 0.0, 0.0, 0.0, 0.0, 8155.71, 0.0, 0.0
146, 10.0, 0.0, 0.0, 0.0, 0.0, 8138.214, 0.0, 0.0
147, 10.0, 0.0, 0.0, 0.0, 0.0, 8120.668, 0.0, 0.0
148, 10.0, 0.0, 0.0, 0.0, 0.0, 8103.072, 0.0, 0.0
149, 10.0, 0.0, 0.0, 0.0, 0.0, 8085.388, 0.0, 0.0
150, 10.0, 0.0, 0.0, 0.0, 0.0, 8067.808, 0.0, 0.0
151, 10.0, 0.0, 0.0, 0.0, 0.0, 8050.746, 0.0, 0.0
152, 10.0, 0.0, 0.0, 0.0, 0.0, 8033.168, 0.0, 0.0
153, 10.0, 0.0, 0.0, 0.0, 0.0, 8016.132, 0.0, 0.0
154, 10.0, 0.0, 0.0, 0.0, 0.0, 7998.95, 0.0, 0.0
155, 10.0, 0.0, 0.0, 0.0, 0.0, 7981.624, 0.0, 0.0
156, 10.0, 0.0, 0.0, 0.0, 0.0, 7964.934, 0.0, 0.0
157, 10.0, 0.0, 0.0, 0.0, 0.0, 7947.6, 0.0, 0.0
158, 10.0, 0.0, 0.0, 0.0, 0.0, 7930.572, 0.0, 0.0
159, 10.0, 0.0, 0.0, 0.0, 0.0, 7913.204, 0.0, 0.0
160, 10.0, 0.0, 0.0, 0.0, 0.0, 7896.08, 0.0, 0.0
161, 10.0, 0.0, 0.0, 0.0, 0.0, 7878.856, 0.0, 0.0
162, 10.0, 0.0, 0.0, 0.0, 0.0, 7861.642, 0.0, 0.0
163, 10.0, 0.0, 0.0, 0.0, 0.0, 7844.454, 0.0, 0.0
164, 10.0, 0.0, 0.0, 0.0, 0.0, 7828.046, 0.0, 0.0
165, 10.0, 0.0, 0.0, 0.0, 0.0, 7811.232, 0.0, 0.0
166, 10.0, 0.0, 0.0, 0.0, 0.0, 7794.432, 0.0, 0.0
167, 10.0, 0.0, 0.0, 0.0, 0.0, 7777.588, 0.0, 0.0
168, 10.0, 0.0, 0.0, 0.0, 0.0, 7760.876, 0.0, 0.0
169, 10.0, 0.0, 0.0, 0.0, 0.0, 7744.086, 0.0, 0.0
170, 10.0, 0.0, 0.0, 0.0, 0.0, 7727.584, 0.0, 0.0
171, 10.0, 0.0, 0.0, 0.0, 0.0, 7710.66, 0.0, 0.0
172, 10.0, 0.0, 0.0, 0.0, 0.0, 7694.286, 0.0, 0.0
173, 10.0, 0.0, 0.0, 0.0, 0.0, 7677.968, 0.0, 0.0
174, 10.0, 0.0, 0.0, 0.0, 0.0, 7661.266, 0.0, 0.0
175, 10.0, 0.0, 0.0, 0.0, 0.0, 7644.708, 0.0, 0.0
176, 10.0, 0.0, 0.0, 0.0, 0.0, 7628.418, 0.0, 0.0
177, 10.0, 0.0, 0.0, 0.0, 0.0, 7611.932, 0.0, 0.0
178, 10.0, 0.0, 0.0, 0.0, 0.0, 7595.61, 0.0, 0.0
179, 10.0, 0.0, 0.0, 0.0, 0.0, 7579.302, 0.0, 0.0
180, 10.0, 0.0, 0.0, 0.0, 0.0, 7563.306, 0.0, 0.0
181, 10.0, 0.0, 0.0, 0.0, 0.0, 7546.822, 0.0, 0.0
182, 10.0, 0.0, 0.0, 0.0, 0.0, 7530.616, 0.0, 0.0
183, 10.0, 0.0, 0.0, 0.0, 0.0, 7514.342, 0.0, 0.0
184, 10.0, 0.0, 0.0, 0.0, 0.0, 7498.14, 0.0, 0.0
185, 10.0, 0.0, 0.0, 0.0, 0.0, 7481.954, 0.0, 0.0
186, 10.0, 0.0, 0.0, 0.0, 0.0, 7465.754, 0.0, 0.0
187, 10.0, 0.0, 0.0, 0.0, 0.0, 7449.708, 0.0, 0.0
188, 10.0, 0.0, 0.0, 0.0, 0.0, 7434.1, 0.0, 0.0
189, 10.0, 0.0, 0.0, 0.0, 0.0, 7418.158, 0.0, 0.0
190, 10.0, 0.0, 0.0, 0.0, 0.0, 7402.234, 0.0, 0.0
191, 10.0, 0.0, 0.0, 0.0, 0.0, 7386.226, 0.0, 0.0
192, 10.0, 0.0, 0.0, 0.0, 0.0, 7370.418, 0.0, 0.0
193, 10.0, 0.0, 0.0, 0.0, 0.0, 7354.274, 0.0, 0.0
194, 10.0, 0.0, 0.0, 0.0, 0.0, 7338.748, 0.0, 0.0
195, 10.0, 0.0, 0.0, 0.0, 0.0, 7323.016, 0.0, 0.0
196, 10.0, 0.0, 0.0, 0.0, 0.0, 7307.302, 0.0, 0.0
197, 10.0, 0.0, 0.0, 0.0, 0.0, 7291.498, 0.0, 0.0
198, 10.0, 0.0, 0.0, 0.0, 0.0, 7275.644, 0.0, 0.0
199, 10.0, 0.0, 0.0, 0.0, 0.0, 7260.194, 0.0, 0.0
200, 10.0, 0.0, 0.0, 0.0, 0.0, 7244.594, 0.0, 0.0
201, 10.0, 0.0, 0.0, 0.0, 0.0, 7229.246, 0.0, 0.0
202, 10.0, 0.0, 0.0, 0.0, 0.0, 7213.718, 0.0, 0.0
203, 10.0, 0.0, 0.0, 0.0, 0.0, 7198.318, 0.0, 0.0
204, 10.0, 0.0, 0.0, 0.0, 0.0, 7182.728, 0.0, 0.0
205, 10.0, 0.0, 0.0, 0.0, 0.0, 7167.184, 0.0, 0.0
206, 10.0, 0.0, 0.0, 0.0, 0.0, 7152.23, 0.0, 0.0
207, 10.0, 0.0, 0.0, 0.0, 0.0, 7137.108, 0.0, 0.0
208, 10.0, 0.0, 0.0, 0.0, 0.0, 7121.688, 0.0, 0.0
209, 10.0, 0.0, 0.0, 0.0, 0.0, 7106.51, 0.0, 0.0
210, 10.0, 0.0, 0.0, 0.0, 0.0, 7091.132, 0.0, 0.0
211, 10.0, 0.0, 0.0, 0.0, 0.0, 7075.75, 0.0, 0.0
212, 10.0, 0.0, 0.0, 0.0, 0.0, 7060.578, 0.0, 0.0
213, 10.0, 0.0, 0.0, 0.0, 0.0, 7045.446, 0.0, 0.0
214, 10.0, 0.0, 0.0, 0.0, 0.0, 7030.1, 0.0, 0.0
215, 10.0, 0.0, 0.0, 0.0, 0.0, 7014.83, 0.0, 0.0
216, 10.0, 0.0, 0.0, 0.0, 0.0, 6999.806, 0.0, 0.0
217, 10.0, 0.0, 0.0, 0.0, 0.0, 6984.814, 0.0, 0.0
218, 10.0, 0.0, 0.0, 0.0, 0.0, 6969.808, 0.0, 0.0
219, 10.0, 0.0, 0.0, 0.0, 0.0, 6954.898, 0.0, 0.0
220, 10.0, 0.0, 0.0, 0.0, 0.0, 6939.972, 0.0, 0.0
221, 10.0, 0.0, 0.0, 0.0, 0.0, 6924.974, 0.0, 0.0
222, 10.0, 0.0, 0.0, 0.0, 0.0, 6910.112, 0.0, 0.0
223, 10.0, 0.0, 0.0, 0.0, 0.0, 6895.228, 0.0, 0.0
224, 10.0, 0.0, 0.0, 0.0, 0.0, 6880.446, 0.0, 0.0
225, 10.0, 0.0, 0.0, 0.0, 0.0, 6865.802, 0.0, 0.0
226, 10.0, 0.0, 0.0, 0.0, 0.0, 6850.894, 0.0, 0.0
227, 10.0, 0.0, 0.0, 0.0, 0.0, 6835.976, 0.0, 0.0
228, 10.0, 0.0, 0.0, 0.0, 0.0, 6821.084, 0.0, 0.0
229, 10.0, 0.0, 0.0, 0.0, 0.0, 6806.24, 0.0, 0.0
230, 10.0, 0.0, 0.0, 0.0, 0.0, 6791.428, 0.0, 0.0
231, 10.0, 0.0, 0.0, 0.0, 0.0, 6776.828, 0.0, 0.0
232, 10.0, 0.0, 0.0, 0.0, 0.0, 6761.946, 0.0, 0.0
233, 10.0, 0.0, 0.0, 0.0, 0.0, 6747.56, 0.0, 0.0
234, 10.0, 0.0, 0.0, 0.0, 0.0, 6732.812, 0.0, 0.0
235, 10.0, 0.0, 0.0, 0.0, 0.0, 6718.088, 0.0, 0.0
236, 10.0, 0.0, 0.0, 0.0, 0.0, 6703.916, 0.0, 0.0
237, 10.0, 0.0, 0.0, 0.0, 0.0, 6689.846, 0.0, 0.0
238, 10.0, 0.0, 0.0, 0.0, 0.0, 6675.24, 0.0, 0.0
239, 10.0, 0.0, 0.0, 0.0, 0.0, 6660.61, 0.0, 0.0
240, 10.0, 0.0, 0.0, 0.0, 0.0, 6646.362, 0.0, 0.0
241, 10.0, 0.0, 0.0, 0.0, 0.0, 6632.11, 0.0, 0.0
242, 10.0, 0.0, 0.0, 0.0, 0.0, 6617.824, 0.0, 0.0
243, 10.0, 0.0, 0.0, 0.0, 0.0, 6603.674, 0.0, 0.0
244, 10.0, 0.0, 0.0, 0.0, 0.0, 6589.426, 0.0, 0.0
245, 10.0, 0.0, 0.0, 0.0, 0.0, 6575.124, 0.0, 0.0
246, 10.0, 0.0, 0.0, 0.0, 0.0, 6561.034, 0.0, 0.0
247, 10.0, 0.0, 0.0, 0.0, 0.0, 6547.172, 0.0, 0.0
248, 10.0, 0.0, 0.0, 0.0, 0.0, 6533.114, 0.0, 0.0
249, 10.0, 0.0, 0.0, 0.0, 0.0, 6518.958, 0.0, 0.0
250, 10.0, 0.0, 0.0, 0.0, 0.0, 6504.71, 0.0, 0.0
251, 10.0, 0.0, 0.0, 0.0, 0.0, 6490.526, 0.0, 0.0
252, 10.0, 0.0, 0.0, 0.0, 0.0, 6476.802, 0.0, 0.0
253, 10.0, 0.0, 0.0, 0.0, 0.0, 6462.688, 0.0, 0.0
254, 10.0, 0.0, 0.0, 0.0, 0.0, 6448.758, 0.0, 0.0
255, 10.0, 0.0, 0.0, 0.0, 0.0, 6434.792, 0.0, 0.0
256, 10.0, 0.0, 0.0, 0.0, 0.0, 6421.044, 0.0, 0.0
257, 10.0, 0.0, 0.0, 0.0, 0.0, 6407.308, 0.0, 0.0
258, 10.0, 0.0, 0.0, 0.0, 0.0, 6393.852, 0.0, 0.0
259, 10.0, 0.0, 0.0, 0.0, 0.0, 6380.116, 0.0, 0.0
260, 10.0, 0.0, 0.0, 0.0, 0.0, 6366.664, 0.0, 0.0
261, 10.0, 0.0, 0.0, 0.0, 0.0, 6352.794, 0.0, 0.0
262, 10.0, 0.0, 0.0, 0.0, 0.0, 6339.032, 0.0, 0.0
263, 10.0, 0.0, 0.0, 0.0, 0.0, 6325.536, 0.0, 0.0
264, 10.0, 0.0, 0.0, 0.0, 0.0, 6311.852, 0.0, 0.0
265, 10.0, 0.0, 0.0, 0.0, 0.0, 6298.206, 0.0, 0.0
266, 10.0, 0.0, 0.0, 0.0, 0.0, 6284.662, 0.0, 0.0
267, 10.0, 0.0, 0.0, 0.0, 0.0, 6271.344, 0.0, 0.0
268, 10.0, 0.0, 0.0, 0.0, 0.0, 6257.964, 0.0, 0.0
269, 10.0, 0.0, 0.0, 0.0, 0.0, 6244.354, 0.0, 0.0
270, 10.0, 0.0, 0.0, 0.0, 0.0, 6231.148, 0.0, 0.0
271, 10.0, 0.0, 0.0, 0.0, 0.0, 6217.792, 0.0, 0.0
272, 10.0, 0.0, 0.0, 0.0, 0.0, 6204.286, 0.0, 0.0
273, 10.0, 0.0, 0.0, 0.0, 0.0, 6190.814, 0.0, 0.0
274, 10.0, 0.0, 0.0, 0.0, 0.0, 6177.536, 0.0, 0.0
275, 10.0, 0.0, 0.0, 0.0, 0.0, 6164.242, 0.0, 0.0
276, 10.0, 0.0, 0.0, 0.0, 0.0, 6150.956, 0.0, 0.0
277, 10.0, 0.0, 0.0, 0.0, 0.0, 6137.91, 0.0, 0.0
278, 10.0, 0.0, 0.0, 0.0, 0.0, 6124.53, 0.0, 0.0
279, 10.0, 0.0, 0.0, 0.0, 0.0, 6111.462, 0.0, 0.0
280, 10.0, 0.0, 0.0, 0.0, 0.0, 6098.514, 0.0, 0.0
281, 10.0, 0.0, 0.0, 0.0, 0.0, 6085.092, 0.0, 0.0
282, 10.0, 0.0, 0.0, 0.0, 0.0, 6072.122, 0.0, 0.0
283, 10.0, 0.0, 0.0, 0.0, 0.0, 6058.934, 0.0, 0.0
284, 10.0, 0.0, 0.0, 0.0, 0.0, 6045.95, 0.0, 0.0
285, 10.0, 0.0, 0.0, 0.0, 0.0, 6032.82, 0.0, 0.0
286, 10.0, 0.0, 0.0, 0.0, 0.0, 6019.944, 0.0, 0.0
287, 10.0, 0.0, 0.0, 0.0, 0.0, 6007.302, 0.0, 0.0
288, 10.0, 0.0, 0.0, 0.0, 0.0, 5994.406, 0.0, 0.0
289, 10.0, 0.0, 0.0, 0.0, 0.0, 5981.666, 0.0, 0.0
290, 10.0, 0.0, 0.0, 0.0, 0.0, 5968.962, 0.0, 0.0
291, 10.0, 0.0, 0.0, 0.0, 0.0, 5956.04, 0.0, 0.0
292, 10.0, 0.0, 0.0, 0.0, 0.0, 5943.066, 0.0, 0.0
293, 10.0, 0.0, 0.0, 0.0, 0.0, 5930.242, 0.0, 0.0
294, 10.0, 0.0, 0.0, 0.0, 0.0, 5917.588, 0.0, 0.0
295, 10.0, 0.0, 0.0, 0.0, 0.0, 5904.98, 0.0, 0.0
296, 10.0, 0.0, 0.0, 0.0, 0.0, 5892.21, 0.0, 0.0
297, 10.0, 0.0, 0.0, 0.0, 0.0, 5879.676, 0.0, 0.0
298, 10.0, 0.0, 0.0, 0.0, 0.0, 5867.148, 0.0, 0.0
299, 10.0, 0.0, 0.0, 0.0, 0.0, 5854.308, 0.0, 0.0
300, 10.0, 0.0, 0.0, 0.0, 0.0, 5841.572, 0.0, 0.0
301, 10.0, 0.0, 0.0, 0.0, 0.0, 5828.932, 0.0, 0.0
302, 10.0, 0.0, 0.0, 0.0, 0.0, 5816.13, 0.0, 0.0
303, 10.0, 0.0, 0.0, 0.0, 0.0, 5803.68, 0.0, 0.0
304, 10.0, 0.0, 0.0, 0.0, 0.0, 5791.092, 0.0, 0.0
305, 10.0, 0.0, 0.0, 0.0, 0.0, 5778.644, 0.0, 0.0
306, 10.0, 0.0, 0.0, 0.0, 0.0, 5765.898, 0.0, 0.0
307, 10.0, 0.0, 0.0, 0.0, 0.0, 5753.356, 0.0, 0.0
308, 10.0, 0.0, 0.0, 0.0, 0.0, 5740.942, 0.0, 0.0
309, 10.0, 0.0, 0.0, 0.0, 0.0, 5728.472, 0.0, 0.0
310, 10.0, 0.0, 0.0, 0.0, 0.0, 5716.202, 0.0, 0.0
311, 10.0, 0.0, 0.0, 0.0, 0.0, 5703.882, 0.0, 0.0
312, 10.0, 0.0, 0.0, 0.0, 0.0, 5691.594, 0.0, 0.0
313, 10.0, 0.0, 0.0, 0.0, 0.0, 5679.462, 0.0, 0.0
314, 10.0, 0.0, 0.0, 0.0, 0.0, 5667.2, 0.0, 0.0
315, 10.0, 0.0, 0.0, 0.0, 0.0, 5655.14, 0.0, 0.0
316, 10.0, 0.0, 0.0, 0.0, 0.0, 5642.83, 0.0, 0.0
317, 10.0, 0.0, 0.0, 0.0, 0.0, 5630.66, 0.0, 0.0
318, 10.0, 0.0, 0.0, 0.0, 0.0, 5618.52, 0.0, 0.0
319, 10.0, 0.0, 0.0, 0.0, 0.0, 5606.296, 0.0, 0.0
320, 10.0, 0.0, 0.0, 0.0, 0.0, 5594.158, 0.0, 0.0
321, 10.0, 0.0, 0.0, 0.0, 0.0, 5582.156, 0.0, 0.0
322, 10.0, 0.0, 0.0, 0.0, 0.0, 5570.242, 0.0, 0.0
323, 10.0, 0.0, 0.0, 0.0, 0.0, 5558.138, 0.0, 0.0
324, 10.0, 0.0, 0.0, 0.0, 0.0, 5546.15, 0.0, 0.0
325, 10.0, 0.0, 0.0, 0.0, 0.0, 5534.332, 0.0, 0.0
326, 10.0, 0.0, 0.0, 0.0, 0.0, 5522.374, 0.0, 0.0
327, 10.0, 0.0, 0.0, 0.0, 0.0, 5510.362, 0.0, 0.0
328, 10.0, 0.0, 0.0, 0.0, 0.0, 5498.324, 0.0, 0.0
329, 10.0, 0.0, 0.0, 0.0, 0.0, 5486.42, 0.0, 0.0
330, 10.0, 0.0, 0.0, 0.0, 0.0, 5474.718, 0.0, 0.0
331, 10.0, 0.0, 0.0, 0.0, 0.0, 5462.928, 0.0, 0.0
332, 10.0, 0.0, 0.0, 0.0, 0.0, 5451.144, 0.0, 0.0
333, 10.0, 0.0, 0.0, 0.0, 0.0, 5439.578, 0.0, 0.0
334, 10.0, 0.0, 0.0, 0.0, 0.0, 5428.068, 0.0, 0.0
335, 10.0, 0.0, 0.0, 0.0, 0.0, 5416.542, 0.0, 0.0
336, 10.0, 0.0, 0.0, 0.0, 0.0, 5404.616, 0.0, 0.0
337, 10.0, 0.0, 0.0, 0.0, 0.0, 5393.312, 0.0, 0.0
338, 10.0, 0.0, 0.0, 0.0, 0.0, 5381.906, 0.0, 0.0
339, 10.0, 0.0, 0.0, 0.0, 0.0, 5370.43, 0.0, 0.0
340, 10.0, 0.0, 0.0, 0.0, 0.0, 5358.776, 0.0, 0.0
341, 10.0, 0.0, 0.0, 0.0, 0.0, 5347.128, 0.0, 0.0
342, 10.0, 0.0, 0.0, 0.0, 0.0, 5335.744, 0.0, 0.0
343, 10.0, 0.0, 0.0, 0.0, 0.0, 5324.37, 0.0, 0.0
344, 10.0, 0.0, 0.0, 0.0, 0.0, 5313.068, 0.0, 0.0
345, 10.0, 0.0, 0.0, 0.0, 0.0, 5301.616, 0.0, 0.0
346, 10.0, 0.0, 0.0, 0.0, 0.0, 5290.374, 0.0, 0.0
347, 10.0, 0.0, 0.0, 0.0, 0.0, 5279.12, 0.0, 0.0
348, 10.0, 0.0, 0.0, 0.0, 0.0, 5267.662, 0.0, 0.0
349, 10.0, 0.0, 0.0, 0.0, 0.0, 5256.16, 0.0, 0.0
350, 10.0, 0.0, 0.0, 0.0, 0.0, 5244.822, 0.0, 0.0
351, 10.0, 0.0, 0.0, 0.0, 0.0, 5233.478, 0.0, 0.0
352, 10.0, 0.0, 0.0, 0.0, 0.0, 5222.104, 0.0, 0.0
353, 10.0, 0.0, 0.0, 0.0, 0.0, 5211.284, 0.0, 0.0
354, 10.0, 0.0, 0.0, 0.0, 0.0, 5200.146, 0.0, 0.0
355, 10.0, 0.0, 0.0, 0.0, 0.0, 5189.108, 0.0, 0.0
356, 10.0, 0.0, 0.0, 0.0, 0.0, 5177.854, 0.0, 0.0
357, 10.0, 0.0, 0.0, 0.0, 0.0, 5166.846, 0.0, 0.0
358, 10.0, 0.0, 0.0, 0.0, 0.0, 5155.926, 0.0, 0.0
359, 10.0, 0.0, 0.0, 0.0, 0.0, 5144.804, 0.0, 0.0
360, 10.0, 0.0, 0.0, 0.0, 0.0, 5133.88, 0.0, 0.0
361, 10.0, 0.0, 0.0, 0.0, 0.0, 5123.024, 0.0, 0.0
362, 10.0, 0.0, 0.0, 0.0, 0.0, 5111.914, 0.0, 0.0
363, 10.0, 0.0, 0.0, 0.0, 0.0, 5101.156, 0.0, 0.0
364, 10.0, 0.0, 0.0, 0.0, 0.0, 5089.844, 0.0, 0.0
365, 10.0, 0.0, 0.0, 0.0, 0.0, 5078.77, 0.0, 0.0
366, 10.0, 0.0, 0.0, 0.0, 0.0, 5067.76, 0.0, 0.0
367, 10.0, 0.0, 0.0, 0.0, 0.0, 5056.666, 0.0, 0.0
368, 10.0, 0.0, 0.0, 0.0, 0.0, 5045.86, 0.0, 0.0
369, 10.0, 0.0, 0.0, 0.0, 0.0, 5034.832, 0.0, 0.0
370, 10.0, 0.0, 0.0, 0.0, 0.0, 5023.988, 0.0, 0.0
371, 10.0, 0.0, 0.0, 0.0, 0.0, 5013.31, 0.0, 0.0
372, 10.0, 0.0, 0.0, 0.0, 0.0, 5002.548, 0.0, 0.0
373, 10.0, 0.0, 0.0, 0.0, 0.0, 4991.994, 0.0, 0.0
374, 10.0, 0.0, 0.0, 0.0, 0.0, 4981.504, 0.0, 0.0
375, 10.0, 0.0, 0.0, 0.0, 0.0, 4970.65, 0.0, 0.0
376, 10.0, 0.0, 0.0, 0.0, 0.0, 4959.958, 0.0, 0.0
377, 10.0, 0.0, 0.0, 0.0, 0.0, 4949.788, 0.0, 0.0
378, 10.0, 0.0, 0.0, 0.0, 0.0, 4939.036, 0.0, 0.0
379, 10.0, 0.0, 0.0, 0.0, 0.0, 4928.128, 0.0, 0.0
380, 10.0, 0.0, 0.0, 0.0, 0.0, 4917.46, 0.0, 0.0
381, 10.0, 0.0, 0.0, 0.0, 0.0, 4906.938, 0.0, 0.0
382, 10.0, 0.0, 0.0, 0.0, 0.0, 4896.522, 0.0, 0.0
383, 10.0, 0.0, 0.0, 0.0, 0.0, 4885.926, 0.0, 0.0
384, 10.0, 0.0, 0.0, 0.0, 0.0, 4875.476, 0.0, 0.0
385, 10.0, 0.0, 0.0, 0.0, 0.0, 4864.966, 0.0, 0.0
386, 10.0, 0.0, 0.0, 0.0, 0.0, 4854.476, 0.0, 0.0
387, 10.0, 0.0, 0.0, 0.0, 0.0, 4843.654, 0.0, 0.0
388, 10.0, 0.0, 0.0, 0.0, 0.0, 4833.132, 0.0, 0.0
389, 10.0, 0.0, 0.0, 0.0, 0.0, 4822.586, 0.0, 0.0
390, 10.0, 0.0, 0.0, 0.0, 0.0, 4811.962, 0.0, 0.0
391, 10.0, 0.0, 0.0, 0.0, 0.0, 4801.252, 0.0, 0.0
392, 10.0, 0.0, 0.0, 0.0, 0.0, 4790.838, 0.0, 0.0
393, 10.0, 0.0, 0.0, 0.0, 0.0, 4780.692, 0.0, 0.0
394, 10.0, 0.0, 0.0, 0.0, 0.0, 4770.312, 0.0, 0.0
395, 10.0, 0.0, 0.0, 0.0, 0.0, 4760.168, 0.0, 0.0
396, 10.0, 0.0, 0.0, 0.0, 0.0, 4749.772, 0.0, 0.0
397, 10.0, 0.0, 0.0, 0.0, 0.0, 4739.558, 0.0, 0.0
398, 10.0, 0.0, 0.0, 0.0, 0.0, 4729.196, 0.0, 0.0
399, 10.0, 0.0, 0.0, 0.0, 0.0, 4718.882, 0.0, 0.0
400, 10.0, 0.0, 0.0, 0.0, 0.0, 4708.788, 0.0, 0.0
401, 10.0, 0.0, 0.0, 0.0, 0.0, 4699.0, 0.0, 0.0
402, 10.0, 0.0, 0.0, 0.0, 0.0, 4688.842, 0.0, 0.0
403, 10.0, 0.0, 0.0, 0.0, 0.0, 4678.764, 0.0, 0.0
404, 10.0, 0.0, 0.0, 0.0, 0.0, 4668.508, 0.0, 0.0
405, 10.0, 0.0, 0.0, 0.0, 0.0, 4658.674, 0.0, 0.0
406, 10.0, 0.0, 0.0, 0.0, 0.0, 4648.598, 0.0, 0.0
407, 10.0, 0.0, 0.0, 0.0, 0.0, 4638.754, 0.0, 0.0
408, 10.0, 0.0, 0.0, 0.0, 0.0, 4628.748, 0.0, 0.0
409, 10.0, 0.0, 0.0, 0.0, 0.0, 4618.776, 0.0, 0.0
410, 10.0, 0.0, 0.0, 0.0, 0.0, 4608.728, 0.0, 0.0
411, 10.0, 0.0, 0.0, 0.0, 0.0, 4598.898, 0.0, 0.0
412, 10.0, 0.0, 0.0, 0.0, 0.0, 4589.064, 0.0, 0.0
413, 10.0, 0.0, 0.0, 0.0, 0.0, 4579.348, 0.0, 0.0
414, 10.0, 0.0, 0.0, 0.0, 0.0, 4569.464, 0.0, 0.0
415, 10.0, 0.0, 0.0, 0.0, 0.0, 4559.596, 0.0, 0.0
416, 10.0, 0.0, 0.0, 0.0, 0.0, 4549.82, 0.0, 0.0
417, 10.0, 0.0, 0.0, 0.0, 0.0, 4540.13, 0.0, 0.0
418, 10.0, 0.0, 0.0, 0.0, 0.0, 4530.37, 0.0, 0.0
419, 10.0, 0.0, 0.0, 0.0, 0.0, 4520.762, 0.0, 0.0
420, 10.0, 0.0, 0.0, 0.0, 0.0, 4510.888, 0.0, 0.0
421, 10.0, 0.0, 0.0, 0.0, 0.0, 4501.262, 0.0, 0.0
422, 10.0, 0.0, 0.0, 0.0, 0.0, 4491.644, 0.0, 0.0
423, 10.0, 0.0, 0.0, 0.0, 0.0, 4481.8, 0.0, 0.0
424, 10.0, 0.0, 0.0, 0.0, 0.0, 4472.14, 0.0, 0.0
425, 10.0, 0.0, 0.0, 0.0, 0.0, 4462.564, 0.0, 0.0
426, 10.0, 0.0, 0.0, 0.0, 0.0, 4452.816, 0.0, 0.0
427, 10.0, 0.0, 0.0, 0.0, 0.0, 4443.234, 0.0, 0.0
428, 10.0, 0.0, 0.0, 0.0, 0.0, 4433.772, 0.0, 0.0
429, 10.0, 0.0, 0.0, 0.0, 0.0, 4424.218, 0.0, 0.0
430, 10.0, 0.0, 0.0, 0.0, 0.0, 4414.662, 0.0, 0.0
431, 10.0, 0.0, 0.0, 0.0, 0.0, 4405.162, 0.0, 0.0
432, 10.0, 0.0, 0.0, 0.0, 0.0, 4395.662, 0.0, 0.0
433, 10.0, 0.0, 0.0, 0.0, 0.0, 4386.154, 0.0, 0.0
434, 10.0, 0.0, 0.0, 0.0, 0.0, 4376.65, 0.0, 0.0
435, 10.0, 0.0, 0.0, 0.0, 0.0, 4367.088, 0.0, 0.0
436, 10.0, 0.0, 0.0, 0.0, 0.0, 4357.652, 0.0, 0.0
437, 10.0, 0.0, 0.0, 0.0, 0.0, 4348.146, 0.0, 0.0
438, 10.0, 0.0, 0.0, 0.0, 0.0, 4338.816, 0.0, 0.0
439, 10.0, 0.0, 0.0, 0.0, 0.0, 4329.458, 0.0, 0.0
440, 10.0, 0.0, 0.0, 0.0, 0.0, 4320.094, 0.0, 0.0
441, 10.0, 0.0, 0.0, 0.0, 0.0, 4310.746, 0.0, 0.0
442, 10.0, 0.0, 0.0, 0.0, 0.0, 4301.668, 0.0, 0.0
443, 10.0, 0.0, 0.0, 0.0, 0.0, 4292.572, 0.0, 0.0
444, 10.0, 0.0, 0.0, 0.0, 0.0, 4283.236, 0.0, 0.0
445, 10.0, 0.0, 0.0, 0.0, 0.0, 4273.916, 0.0, 0.0
446, 10.0, 0.0, 0.0, 0.0, 0.0, 4264.7, 0.0, 0.0
447, 10.0, 0.0, 0.0, 0.0, 0.0, 4255.724, 0.0, 0.0
448, 10.0, 0.0, 0.0, 0.0, 0.0, 4246.482, 0.0, 0.0
449, 10.0, 0.0, 0.0, 0.0, 0.0, 4237.386, 0.0, 0.0
450, 10.0, 0.0, 0.0, 0.0, 0.0, 4228.34, 0.0, 0.0
451, 10.0, 0.0, 0.0, 0.0, 0.0, 4219.282, 0.0, 0.0
452, 10.0, 0.0, 0.0, 0.0, 0.0, 4210.19, 0.0, 0.0
453, 10.0, 0.0, 0.0, 0.0, 0.0, 4200.876, 0.0, 0.0
454, 10.0, 0.0, 0.0, 0.0, 0.0, 4191.726, 0.0, 0.0
455, 10.0, 0.0, 0.0, 0.0, 0.0, 4182.738, 0.0, 0.0
456, 10.0, 0.0, 0.0, 0.0, 0.0, 4173.672, 0.0, 0.0
457, 10.0, 0.0, 0.0, 0.0, 0.0, 4164.432, 0.0, 0.0
458, 10.0, 0.0, 0.0, 0.0, 0.0, 4155.266, 0.0, 0.0
459, 10.0, 0.0, 0.0, 0.0, 0.0, 4146.462, 0.0, 0.0
460, 10.0, 0.0, 0.0, 0.0, 0.0, 4137.498, 0.0, 0.0
461, 10.0, 0.0, 0.0, 0.0, 0.0, 4128.854, 0.0, 0.0
462, 10.0, 0.0, 0.0, 0.0, 0.0, 4120.046, 0.0, 0.0
463, 10.0, 0.0, 0.0, 0.0, 0.0, 4111.014, 0.0, 0.0
464, 10.0, 0.0, 0.0, 0.0, 0.0, 4102.194, 0.0, 0.0
465, 10.0, 0.0, 0.0, 0.0, 0.0, 4093.384, 0.0, 0.0
466, 10.0, 0.0, 0.0, 0.0, 0.0, 4084.644, 0.0, 0.0
467, 10.0, 0.0, 0.0, 0.0, 0.0, 4075.826, 0.0, 0.0
468, 10.0, 0.0, 0.0, 0.0, 0.0, 4066.918, 0.0, 0.0
469, 10.0, 0.0, 0.0, 0.0, 0.0, 4057.952, 0.0, 0.0
470, 10.0, 0.0, 0.0, 0.0, 0.0, 4048.898, 0.0, 0.0
471, 10.0, 0.0, 0.0, 0.0, 0.0, 4040.242, 0.0, 0.0
472, 10.0, 0.0, 0.0, 0.0, 0.0, 4031.688, 0.0, 0.0
473, 10.0, 0.0, 0.0, 0.0, 0.0, 4023.188, 0.0, 0.0
474, 10.0, 0.0, 0.0, 0.0, 0.0, 4014.436, 0.0, 0.0
475, 10.0, 0.0, 0.0, 0.0, 0.0, 4005.816, 0.0, 0.0
476, 10.0, 0.0, 0.0, 0.0, 0.0, 3997.334, 0.0, 0.0
477, 10.0, 0.0, 0.0, 0.0, 0.0, 3988.61, 0.0, 0.0
478, 10.0, 0.0, 0.0, 0.0, 0.0, 3979.94, 0.0, 0.0
479, 10.0, 0.0, 0.0, 0.0, 0.0, 3971.14, 0.0, 0.0
480, 10.0, 0.0, 0.0, 0.0, 0.0, 3962.77, 0.0, 0.0
