time, seeders, joined, request_count, response_size, left, awareness, bad_data, leechers
0, 0.0, 0.0, 0.0, 0.0, 0.0, 1001.0, 0.0, 0.0
1, 0.0, 9.0, 1470.11111, 0.42831, 0.0, 12789.638, 0.0, 9.0
2, 0.0, 1.234, 802.26904, 1.07677, 1.462, 12107.238, 1569.464, 9.772
3, 0.0, 1.18788, 755.10204, 1.1723, 1.14286, 12093.098, 1875.242, 9.876
4, 0.0, 1.13462, 830.50847, 1.12245, 1.11607, 11989.376, 2172.03, 9.862
5, 0.0, 1.18182, 834.61538, 1.24424, 1.22609, 11888.536, 2486.13, 9.84
6, 0.0, 1.12903, 775.0, 1.23041, 1.10309, 11727.396, 2859.702, 9.906
7, 0.0, 1.05682, 731.1828, 1.33824, 1.07895, 11627.418, 3090.474, 9.846
8, 0.0, 1.13274, 839.84375, 1.26512, 1.12632, 11579.426, 3347.568, 9.888
9, 0.0, 1.06195, 845.83333, 1.28571, 1.10435, 11525.488, 3597.71, 9.874
10, 0.0, 1.11207, 748.06202, 1.27461, 1.09174, 11441.204, 3867.684, 9.894
11, 3.30065, 1.12264, 827.73109, 1.46701, 1.09821, 11273.902, 4197.726, 8.876
12, 7.124, 1.07353, 760.27397, 1.45045, 1.06122, 11272.72, 4273.96, 3.04121
13, 7.638, 1.1413, 885.71429, 1.39247, 1.07031, 11037.064, 4659.876, 2.46785
14, 7.796, 1.06, 797.16981, 1.4142, 1.06579, 11043.366, 4786.572, 2.37978
15, 7.812, 1.11538, 821.83908, 1.61538, 1.12195, 10947.576, 4989.92, 2.32444
16, 7.902, 1.08046, 765.95745, 1.57639, 1.05882, 10914.958, 5130.768, 2.27891
17, 7.984, 1.05479, 831.16883, 1.50781, 1.04819, 10770.904, 5367.38, 2.18807
18, 7.988, 1.09346, 807.69231, 1.62434, 1.10227, 10735.32, 5556.196, 2.21412
19, 8.042, 1.125, 839.50617, 1.43382, 1.08511, 10660.962, 5731.046, 2.14385
20, 8.11, 1.02062, 904.0404, 1.34637, 1.07895, 10642.596, 5892.832, 2.1093
21, 8.184, 1.04167, 813.33333, 1.42623, 1.10667, 10552.276, 6070.05, 2.02347
22, 8.226, 1.10667, 957.83133, 1.32704, 1.07576, 10498.868, 6246.514, 2.02133
23, 8.206, 1.04286, 945.20548, 1.21739, 1.13924, 10458.396, 6388.626, 2.01429
24, 8.256, 1.08889, 816.32653, 1.56875, 1.04819, 10441.442, 6529.702, 1.99043
25, 8.288, 1.0625, 847.05882, 1.56944, 1.0625, 10372.054, 6706.018, 1.92
26, 8.316, 1.04054, 805.19481, 1.46774, 1.06579, 10337.256, 6827.872, 1.93689
27, 8.29, 1.15584, 955.05618, 1.45294, 1.08989, 10282.438, 7015.74, 1.93961
28, 8.318, 1.05747, 836.95652, 1.48052, 1.10714, 10219.334, 7195.134, 1.92195
29, 8.294, 1.10526, 871.42857, 1.53005, 1.06667, 10116.736, 7443.246, 1.91546
30, 8.288, 1.09804, 808.03571, 1.61326, 1.08989, 10109.68, 7593.732, 2.00247
31, 8.24, 1.10588, 797.87234, 1.56667, 1.10112, 10064.704, 7750.482, 2.00725
32, 8.24, 1.09639, 989.01099, 1.38889, 1.0875, 10037.986, 7918.636, 2.04156
33, 8.21, 1.03529, 789.77273, 1.55396, 1.04819, 9991.88, 8064.782, 2.0506
34, 8.178, 1.06667, 864.58333, 1.61446, 1.10345, 9935.41, 8248.37, 2.06921
35, 8.222, 1.05952, 820.22472, 1.75342, 1.09091, 9913.624, 8377.472, 2.06311
36, 8.186, 1.06098, 994.25287, 1.6763, 1.11538, 9892.46, 8532.22, 2.10169
37, 8.18, 1.09302, 914.89362, 1.51744, 1.12088, 9797.02, 8759.956, 2.10488
38, 8.186, 1.08219, 841.77215, 1.65414, 1.06061, 9761.714, 8888.516, 2.12469
39, 8.19, 1.1358, 994.56522, 1.63388, 1.09677, 9738.604, 9054.188, 2.09535
40, 8.236, 1.09195, 1036.84211, 1.71574, 1.06173, 9653.204, 9295.918, 2.07635
41, 8.274, 1.03529, 846.59091, 1.62416, 1.11538, 9541.752, 9515.53, 2.05224
42, 8.27, 1.13636, 973.33333, 1.69863, 1.13253, 9474.45, 9687.65, 2.03015
43, 8.254, 1.13043, 831.73077, 1.76879, 1.07368, 9395.324, 9898.334, 2.045
44, 8.226, 1.08491, 873.91304, 1.98507, 1.10309, 9392.552, 10060.314, 2.06388
45, 8.196, 1.06742, 889.47368, 1.70414, 1.0989, 9336.466, 10243.034, 2.05314
46, 8.212, 1.11111, 930.0, 1.68817, 1.07317, 9348.218, 10374.436, 2.03333
47, 8.164, 1.10989, 896.0396, 1.78453, 1.08491, 9300.578, 10560.592, 2.05226
48, 8.19, 1.04167, 890.0, 1.87079, 1.04054, 9316.668, 10679.404, 2.07601
49, 8.148, 1.03846, 1074.07407, 1.72989, 1.06593, 9303.656, 10823.176, 2.07311
50, 8.162, 1.06329, 880.95238, 1.60811, 1.02469, 9205.998, 11025.292, 2.06383
51, 8.144, 1.08235, 1043.47826, 1.88021, 1.09412, 9164.532, 11215.01, 2.07294
52, 8.136, 1.03529, 1215.90909, 1.84579, 1.03659, 9173.274, 11375.924, 2.10926
53, 8.168, 1.1039, 882.35294, 1.72667, 1.11688, 9176.074, 11478.43, 2.08873
54, 8.17, 1.10127, 954.02299, 1.86747, 1.08791, 9114.878, 11660.906, 2.0978
55, 8.226, 1.14458, 842.10526, 1.90625, 1.0641, 9123.974, 11766.428, 2.07901
56, 8.268, 1.1194, 960.0, 1.92361, 1.06667, 9140.114, 11848.776, 2.05432
57, 8.306, 1.07143, 760.0, 2.08772, 1.05128, 9067.654, 11989.48, 1.99012
58, 8.366, 1.05263, 937.5, 1.92, 1.06757, 9070.006, 12091.538, 1.92804
59, 8.366, 1.06579, 888.88889, 1.84722, 1.08434, 9015.448, 12243.916, 1.88698
60, 8.318, 1.1236, 910.0, 1.67033, 1.13483, 9002.82, 12392.262, 1.91525
61, 8.288, 1.05882, 921.2963, 1.8995, 1.07865, 9022.144, 12526.132, 1.96163
62, 8.27, 1.11111, 927.77778, 1.98204, 1.1, 8994.212, 12674.828, 1.98063
63, 8.28, 1.06667, 912.5, 2.0274, 1.05882, 8999.534, 12768.802, 2.02217
64, 8.26, 1.08434, 888.88889, 1.9875, 1.06742, 8946.704, 12934.646, 1.98558
65, 8.262, 1.12346, 972.52747, 2.0226, 1.125, 8933.148, 13077.99, 1.99756
66, 8.284, 1.10588, 877.65957, 1.98788, 1.09333, 8919.16, 13209.408, 2.01478
67, 8.216, 1.09091, 947.91667, 1.96703, 1.10309, 8873.626, 13389.16, 2.06127
68, 8.172, 1.13333, 892.15686, 2.25824, 1.07059, 8883.476, 13512.896, 2.10602
69, 8.182, 1.07143, 940.0, 2.04965, 1.0641, 8854.266, 13634.936, 2.03546
70, 8.198, 1.0875, 879.31034, 2.13725, 1.06024, 8846.004, 13747.884, 2.05797
71, 8.246, 1.05618, 973.40426, 2.05464, 1.03659, 8861.016, 13867.476, 2.05651
72, 8.294, 1.08696, 993.33333, 2.1745, 1.05333, 8841.908, 13986.304, 1.98771
73, 8.282, 1.05495, 885.41667, 2.10588, 1.03409, 8824.044, 14124.444, 1.99029
74, 8.3, 1.0375, 927.71084, 2.13636, 1.10938, 8831.624, 14221.166, 1.98792
75, 8.322, 1.05085, 846.77419, 2.33333, 1.04167, 8814.198, 14293.332, 1.94878
76, 8.332, 1.05405, 1000.0, 1.96795, 1.11538, 8756.122, 14457.452, 1.94307
77, 8.336, 1.10465, 889.47368, 2.23077, 1.09639, 8720.426, 14612.172, 1.95771
78, 8.368, 1.0641, 1078.31325, 2.08939, 1.05882, 8764.962, 14696.106, 1.9599
79, 8.374, 1.08571, 973.68421, 2.21622, 1.1, 8736.978, 14821.412, 1.96465
80, 8.356, 1.03896, 787.5, 2.18254, 1.0625, 8703.464, 14930.372, 1.96977
81, 8.364, 1.0875, 954.02299, 2.12048, 1.08642, 8696.288, 15052.368, 1.95718
82, 8.338, 1.10976, 1016.48352, 2.05405, 1.075, 8687.994, 15193.776, 2.03325
83, 8.354, 1.04167, 846.66667, 2.23622, 1.03704, 8657.872, 15298.692, 2.02604
84, 8.382, 1.07595, 941.17647, 2.24375, 1.07229, 8624.046, 15439.932, 2.0
85, 8.334, 1.11905, 1021.2766, 2.16667, 1.15663, 8636.03, 15567.774, 2.03117
86, 8.316, 1.08602, 945.54455, 2.1623, 1.1125, 8645.344, 15697.25, 2.03807
87, 8.292, 1.11538, 936.78161, 2.09202, 1.11828, 8592.594, 15860.25, 2.04092
88, 8.294, 1.06383, 860.0, 2.36047, 1.05682, 8588.484, 15983.652, 2.0303
89, 8.286, 1.05263, 985.0, 2.27411, 1.06522, 8597.89, 16118.546, 2.04545
90, 8.252, 1.10976, 972.52747, 2.14124, 1.09524, 8593.782, 16245.62, 2.04455
91, 8.24, 1.06818, 893.61702, 2.46429, 1.08989, 8578.134, 16375.282, 2.03186
92, 8.234, 1.11628, 942.70833, 2.22099, 1.10127, 8578.31, 16502.43, 2.06634
93, 8.214, 1.08434, 905.55556, 2.49693, 1.07059, 8535.694, 16653.524, 2.05314
94, 8.202, 1.0875, 896.55172, 2.46795, 1.12, 8551.468, 16739.822, 2.04038
95, 8.182, 1.12821, 994.31818, 2.21143, 1.04444, 8527.1, 16885.024, 2.05476
96, 8.196, 1.06593, 1015.46392, 2.33503, 1.07778, 8537.028, 17016.98, 2.04296
97, 8.18, 1.04494, 860.21505, 2.35625, 1.05814, 8522.094, 17136.69, 2.04245
98, 8.22, 1.13699, 951.80723, 2.39241, 1.03947, 8535.188, 17225.914, 2.02864
99, 8.258, 1.025, 804.87805, 2.37879, 1.07595, 8498.304, 17339.048, 1.97613
100, 8.25, 1.08046, 978.7234, 2.57065, 1.05882, 8493.258, 17472.034, 1.95694
101, 8.258, 1.07447, 891.08911, 2.42222, 1.09722, 8492.082, 17596.648, 2.01932
102, 8.236, 1.075, 1011.62791, 2.33333, 1.0989, 8464.438, 17741.642, 1.97862
103, 8.248, 1.10345, 1036.45833, 2.28643, 1.12658, 8464.954, 17883.738, 2.0
104, 8.26, 1.07143, 1026.66667, 2.40909, 1.03947, 8462.72, 17983.204, 2.00487
105, 8.242, 1.11688, 1040.69767, 2.31285, 1.05128, 8465.804, 18102.406, 2.0365
106, 8.248, 1.14103, 955.05618, 2.34118, 1.1, 8420.276, 18260.376, 2.04786
107, 8.246, 1.09804, 973.21429, 2.55963, 1.01075, 8459.572, 18380.698, 2.10101
108, 8.234, 1.04348, 1062.5, 2.35294, 1.08511, 8477.98, 18508.546, 2.06965
109, 8.224, 1.15294, 908.16327, 2.52809, 1.09333, 8504.22, 18602.42, 2.11663
110, 8.198, 1.09459, 1000.0, 2.50617, 1.13415, 8499.358, 18710.512, 2.10864
111, 8.218, 1.1, 801.13636, 2.53191, 1.11494, 8456.492, 18835.43, 2.10327
112, 8.22, 1.04396, 1052.63158, 2.105, 1.09195, 8488.518, 18943.604, 2.07463
113, 8.22, 1.0989, 945.0, 2.59788, 1.09877, 8507.172, 19054.824, 2.07108
114, 8.184, 1.09783, 960.39604, 2.69072, 1.11458, 8501.89, 19194.38, 2.07506
115, 8.142, 1.06667, 932.29167, 2.7486, 1.07778, 8510.636, 19304.118, 2.10312
116, 8.142, 1.04444, 968.08511, 2.36813, 1.03947, 8526.37, 19409.626, 2.11876
117, 8.174, 1.08333, 967.94872, 2.68212, 1.06593, 8488.514, 19538.668, 2.0801
118, 8.208, 1.10976, 1010.98901, 2.3913, 1.05556, 8499.634, 19651.036, 2.07022
119, 8.258, 1.05333, 987.34177, 2.70513, 1.10448, 8506.658, 19738.832, 2.02179
120, 8.238, 1.08642, 1039.77273, 2.68852, 1.03261, 8527.334, 19840.162, 2.02415
121, 8.226, 1.04598, 945.05495, 2.73256, 1.09524, 8532.424, 19945.296, 2.02158
122, 8.224, 1.12941, 869.79167, 2.72455, 1.12676, 8540.872, 20042.572, 2.05251
123, 8.25, 1.05405, 935.89744, 2.73973, 1.06897, 8518.632, 20148.682, 2.00966
124, 8.25, 1.10976, 923.07692, 2.80357, 1.09474, 8496.266, 20277.026, 2.01724
125, 8.278, 1.08421, 922.3301, 2.68421, 1.10667, 8516.458, 20384.552, 1.99758
126, 8.286, 1.08451, 889.61039, 2.54015, 1.05063, 8490.084, 20485.468, 1.9878
127, 8.288, 1.02469, 1018.07229, 2.57988, 1.07143, 8491.218, 20590.246, 1.96829
128, 8.258, 1.09302, 877.65957, 2.40606, 1.11364, 8487.766, 20695.512, 2.0399
129, 8.188, 1.16129, 1041.66667, 2.66667, 1.1134, 8539.308, 20806.032, 2.05048
130, 8.206, 1.05618, 941.48936, 2.92655, 1.10976, 8555.714, 20903.546, 2.08621
131, 8.212, 1.08642, 909.09091, 2.65, 1.08696, 8574.082, 20981.67, 2.09535
132, 8.212, 1.08108, 837.5, 2.87313, 1.17045, 8496.006, 21129.642, 2.0292
133, 8.218, 1.13953, 877.55102, 2.79651, 1.11111, 8521.832, 21212.194, 2.02625
134, 8.206, 1.09195, 852.63158, 2.74691, 1.0814, 8515.146, 21315.97, 2.05516
135, 8.228, 1.13514, 934.52381, 2.71338, 1.09375, 8475.954, 21447.234, 2.02206
136, 8.232, 1.07778, 984.53608, 2.6911, 1.02632, 8500.676, 21548.666, 2.05366
137, 8.214, 1.03704, 970.2381, 2.74233, 1.07229, 8453.318, 21693.932, 2.08374
138, 8.182, 1.05814, 879.12088, 2.89375, 1.08, 8422.098, 21820.136, 2.08642
139, 8.156, 1.10309, 836.4486, 2.7095, 1.05814, 8440.028, 21916.004, 2.11622
140, 8.178, 1.09574, 961.16505, 2.84848, 1.07955, 8440.202, 22047.994, 2.09375
141, 8.184, 1.1125, 1078.65169, 2.68229, 1.10588, 8447.044, 22167.256, 2.06954
142, 8.148, 1.14667, 982.55814, 2.59172, 1.16667, 8448.354, 22269.024, 2.12621
143, 8.168, 1.07955, 863.15789, 2.98171, 1.04706, 8428.75, 22385.566, 2.13725
144, 8.144, 1.13793, 1020.20202, 2.80198, 1.14, 8404.648, 22545.234, 2.12469
145, 8.108, 1.08621, 1075.39683, 2.83764, 1.125, 8449.94, 22703.234, 2.14868
146, 8.112, 1.10753, 951.45631, 2.83163, 1.0989, 8457.316, 22824.396, 2.14593
147, 8.14, 1.07595, 1123.52941, 2.8377, 1.11594, 8489.138, 22915.652, 2.12143
148, 8.17, 1.11765, 1078.94737, 2.85976, 1.14085, 8510.026, 22991.086, 2.08373
149, 8.166, 1.125, 949.49495, 2.81383, 1.06452, 8528.764, 23091.62, 2.0493
150, 8.164, 1.04598, 923.07692, 3.0, 1.10989, 8491.666, 23228.864, 2.02342
151, 8.146, 1.06383, 935.0, 2.77005, 1.07447, 8449.222, 23390.12, 2.04695
152, 8.104, 1.1068, 894.73684, 2.79412, 1.13043, 8458.628, 23515.932, 2.04762
153, 8.088, 1.10345, 895.83333, 2.94767, 1.07229, 8466.262, 23611.188, 2.07692
154, 8.104, 1.14118, 896.90722, 2.99425, 1.17647, 8449.306, 23732.174, 2.07078
155, 8.11, 1.08537, 921.34831, 2.90854, 1.09091, 8427.51, 23848.708, 2.08605
156, 8.174, 1.04819, 902.29885, 3.09554, 1.05556, 8442.234, 23921.08, 2.05634
157, 8.178, 1.15714, 895.06173, 3.0, 1.14103, 8421.478, 24016.146, 2.03765
158, 8.166, 1.08602, 871.28713, 2.85227, 1.14943, 8414.256, 24128.648, 2.0445
159, 8.12, 1.12941, 921.875, 3.0, 1.11957, 8371.422, 24278.348, 2.13189
160, 8.138, 1.11364, 954.08163, 3.06952, 1.11236, 8367.336, 24399.006, 2.09286
161, 8.142, 1.06667, 973.95833, 3.17647, 1.03409, 8379.84, 24502.644, 2.12019
162, 8.136, 1.09783, 1034.65347, 2.91866, 1.08602, 8376.69, 24643.666, 2.11722
163, 8.132, 1.09195, 1052.63158, 3.11, 1.11236, 8341.666, 24807.548, 2.11244
164, 8.136, 1.10204, 939.81481, 2.88177, 1.06383, 8353.378, 24927.406, 2.13189
165, 8.162, 1.05618, 994.68085, 3.10695, 1.07609, 8355.294, 25040.47, 2.06398
166, 8.19, 1.08, 1000.0, 3.01852, 1.07042, 8362.39, 25122.478, 2.05728
167, 8.208, 1.06667, 937.5, 3.15333, 1.02899, 8360.436, 25201.746, 2.0622
168, 8.226, 1.0274, 940.0, 2.88652, 1.12, 8342.69, 25288.546, 2.02885
169, 8.204, 1.11905, 1079.78723, 3.06897, 1.13402, 8347.368, 25413.138, 2.03641
170, 8.212, 1.09375, 909.52381, 3.15707, 1.09302, 8348.328, 25530.448, 2.07862
171, 8.224, 1.03333, 951.6129, 2.9661, 1.06329, 8350.398, 25632.124, 2.1067
172, 8.258, 1.10448, 1094.59459, 3.19753, 1.0597, 8381.886, 25689.074, 2.07196
173, 8.274, 1.04819, 1028.73563, 3.44134, 1.1, 8400.454, 25776.378, 2.03448
174, 8.286, 1.1039, 1017.64706, 3.30636, 1.06452, 8397.71, 25878.354, 2.02513
175, 8.3, 1.08046, 984.04255, 2.98378, 1.06024, 8416.606, 25969.828, 1.97789
176, 8.29, 1.03571, 1080.45977, 3.12234, 1.04651, 8409.52, 26090.272, 2.00248
177, 8.252, 1.05208, 955.44554, 3.12435, 1.06593, 8397.704, 26220.484, 2.00969
178, 8.212, 1.1039, 964.70588, 3.25, 1.06818, 8386.274, 26321.424, 2.00716
179, 8.238, 1.07692, 989.79592, 3.21134, 1.02439, 8433.078, 26393.702, 1.97653
180, 8.278, 1.0, 942.02899, 3.1, 1.09091, 8398.398, 26483.852, 1.92601
181, 8.286, 1.10101, 935.77982, 3.18137, 1.11579, 8402.93, 26608.438, 1.94217
182, 8.306, 1.06818, 952.12766, 3.25698, 1.08235, 8410.0, 26704.994, 1.93689
183, 8.26, 1.06024, 931.81818, 3.19512, 1.08046, 8394.308, 26808.494, 1.98297
184, 8.244, 1.08791, 1030.30303, 3.32843, 1.03488, 8433.46, 26897.024, 2.02676
185, 8.236, 1.02564, 918.75, 3.42857, 1.10256, 8398.858, 27001.498, 2.01211
186, 8.248, 1.08889, 908.16327, 3.39326, 1.03529, 8378.578, 27123.154, 2.03163
187, 8.232, 1.07317, 920.45455, 3.51852, 1.0875, 8376.716, 27209.226, 2.02398
188, 8.246, 1.0641, 969.87952, 3.34783, 1.07229, 8364.966, 27305.264, 2.00241
189, 8.238, 1.08219, 1107.59494, 3.12, 1.03614, 8364.12, 27404.054, 1.98086
190, 8.256, 1.07955, 984.21053, 3.31551, 1.07246, 8408.604, 27469.456, 1.99052
191, 8.252, 1.10769, 930.55556, 3.49254, 1.05814, 8356.618, 27578.09, 1.9689
192, 8.264, 1.09278, 1028.30189, 3.1422, 1.06931, 8364.488, 27710.406, 1.96386
193, 8.272, 1.10526, 1014.28571, 3.0939, 1.11111, 8424.064, 27784.748, 1.98558
194, 8.256, 1.11538, 919.54023, 3.375, 1.08791, 8387.126, 27903.91, 1.98072
195, 8.256, 1.12658, 876.40449, 3.53205, 1.06494, 8394.954, 27974.55, 1.99759
196, 8.272, 1.08434, 866.66667, 3.36538, 1.05747, 8358.69, 28088.408, 2.01724
197, 8.312, 1.03448, 1094.44444, 3.27411, 1.05882, 8423.666, 28141.896, 2.00737
198, 8.318, 1.03175, 884.61538, 3.37391, 1.03704, 8371.532, 28229.756, 1.98254
199, 8.272, 1.07527, 1030.0, 3.43204, 1.11957, 8404.774, 28323.03, 1.99755
200, 8.258, 1.09783, 900.9901, 3.42308, 1.06383, 8391.736, 28438.328, 1.97362
201, 8.242, 1.05882, 855.55556, 3.81818, 1.06667, 8362.83, 28541.468, 1.96897
202, 8.254, 1.04301, 969.07216, 3.42553, 1.09589, 8393.12, 28619.836, 2.01446
203, 8.288, 1.16901, 915.66265, 3.74342, 1.12162, 8393.044, 28692.368, 1.98305
204, 8.264, 1.125, 1016.66667, 3.59563, 1.08333, 8389.256, 28799.022, 1.93602
205, 8.268, 1.05682, 1021.50538, 3.46842, 1.02564, 8425.904, 28871.734, 1.95283
206, 8.264, 1.08, 820.98765, 3.43609, 1.09091, 8377.828, 28971.91, 1.96386
207, 8.27, 1.06024, 1005.68182, 3.54237, 1.03947, 8413.476, 29032.122, 2.00733
208, 8.246, 1.07955, 963.15789, 3.43716, 1.07692, 8432.004, 29115.814, 2.02398
209, 8.244, 1.08955, 1020.54795, 3.48322, 1.09091, 8410.99, 29204.74, 2.00481
210, 8.272, 1.08108, 1100.0, 3.44886, 1.05405, 8426.468, 29283.85, 2.01471
211, 8.314, 1.075, 953.48837, 3.89634, 1.13514, 8431.522, 29361.106, 1.99751
212, 8.316, 1.1125, 803.37079, 4.03497, 1.06897, 8387.776, 29465.702, 1.99002
213, 8.332, 1.08333, 903.84615, 3.66667, 1.05714, 8381.116, 29532.396, 1.99497
214, 8.318, 1.09211, 1078.31325, 3.30726, 1.09091, 8378.71, 29632.426, 1.98489
215, 8.294, 1.13253, 1000.0, 3.6383, 1.10127, 8395.392, 29721.472, 2.04304
216, 8.318, 1.10227, 963.91753, 3.58289, 1.14943, 8385.928, 29835.512, 1.96526
217, 8.298, 1.11538, 982.75862, 3.46784, 1.05556, 8380.608, 29928.676, 2.01523
218, 8.318, 1.03191, 1061.85567, 3.6165, 1.13158, 8422.524, 30008.788, 2.00252
219, 8.32, 1.12987, 965.51724, 3.6369, 1.08333, 8404.414, 30111.528, 1.98492
220, 8.306, 1.05814, 1038.46154, 3.30159, 1.07317, 8440.382, 30181.52, 1.95599
221, 8.31, 1.0875, 1074.71264, 3.71658, 1.10127, 8460.776, 30264.298, 1.9511
222, 8.258, 1.10976, 972.52747, 3.44068, 1.10989, 8444.416, 30374.528, 2.01485
223, 8.262, 1.12371, 862.38532, 3.71809, 1.08333, 8460.156, 30463.11, 2.05446
224, 8.264, 1.09722, 943.03797, 3.63758, 1.11392, 8423.818, 30564.54, 2.05
225, 8.272, 1.03409, 1137.36264, 3.43961, 1.11111, 8479.272, 30631.592, 2.03695
226, 8.254, 1.1358, 1086.95652, 3.42, 1.10989, 8505.068, 30721.158, 2.022
227, 8.224, 1.06742, 863.15789, 3.70732, 1.12766, 8466.196, 30839.482, 2.04177
228, 8.244, 1.08235, 923.91304, 3.75294, 1.07229, 8486.532, 30903.868, 2.01467
229, 8.21, 1.06452, 939.39394, 3.46774, 1.09756, 8494.336, 30996.422, 2.019
230, 8.21, 1.14286, 973.95833, 3.64171, 1.09302, 8492.288, 31100.302, 2.03828
231, 8.172, 1.10588, 930.85106, 3.82857, 1.05682, 8480.876, 31200.73, 2.07619
232, 8.184, 1.09877, 1056.17978, 3.48936, 1.09091, 8515.65, 31268.28, 2.02088
233, 8.21, 1.10256, 854.65116, 3.96599, 1.08791, 8475.636, 31369.618, 2.00713
234, 8.226, 1.12941, 1062.5, 3.7451, 1.09195, 8500.294, 31462.942, 2.01442
235, 8.204, 1.04651, 883.33333, 3.79874, 1.07595, 8477.104, 31557.93, 2.05288
236, 8.214, 1.08333, 972.52747, 3.73446, 1.10667, 8516.976, 31608.096, 2.07506
237, 8.224, 1.02532, 901.23457, 3.81507, 1.04938, 8479.34, 31704.244, 2.05825
238, 8.28, 1.13158, 965.11628, 3.76506, 1.09211, 8472.948, 31789.296, 2.02211
239, 8.296, 1.02439, 1095.2381, 3.94565, 1.125, 8498.894, 31860.428, 2.02978
240, 8.298, 1.06494, 939.02439, 3.96753, 1.03704, 8481.894, 31944.182, 1.9686
241, 8.332, 1.07895, 951.21951, 3.55128, 1.07317, 8471.15, 32023.386, 1.91768
242, 8.34, 1.02899, 978.87324, 3.84173, 1.04348, 8467.356, 32078.914, 1.93842
243, 8.304, 1.11364, 908.16327, 3.66854, 1.06931, 8465.816, 32170.74, 1.97761
244, 8.324, 1.08046, 994.68085, 3.57219, 1.03659, 8490.33, 32245.348, 1.96049
245, 8.296, 1.04651, 922.22222, 3.75301, 1.07865, 8467.104, 32346.332, 1.98025
246, 8.33, 1.07407, 954.02299, 3.72289, 1.03896, 8483.696, 32407.548, 1.94595
247, 8.308, 1.03448, 955.55556, 4.01163, 1.07955, 8472.108, 32503.76, 1.9511
248, 8.362, 1.075, 982.55814, 3.88757, 1.01538, 8497.936, 32558.842, 1.96278
249, 8.352, 1.08475, 953.125, 3.61475, 1.0375, 8474.884, 32615.616, 1.94737
250, 8.312, 1.09091, 968.75, 4.08602, 1.07071, 8479.182, 32708.522, 1.94321
251, 8.282, 1.06, 1066.03774, 3.68142, 1.0989, 8494.362, 32831.056, 1.95642
252, 8.274, 1.04706, 983.14607, 3.73714, 1.0814, 8472.638, 32938.466, 1.95642
253, 8.276, 1.12791, 917.52577, 3.81461, 1.07955, 8481.252, 33017.982, 1.96359
254, 8.228, 1.12632, 929.90654, 3.69849, 1.08163, 8475.97, 33132.88, 2.0
255, 8.224, 1.09195, 1057.89474, 4.07463, 1.16867, 8488.982, 33231.214, 1.98571
256, 8.248, 1.14458, 878.94737, 4.20958, 1.05797, 8524.048, 33272.43, 2.00952
257, 8.216, 1.08, 932.09877, 3.96689, 1.12222, 8488.59, 33368.346, 2.01923
258, 8.23, 1.07317, 954.54545, 3.55952, 1.09722, 8505.288, 33429.486, 2.02892
259, 8.226, 1.10959, 1024.69136, 3.66867, 1.06944, 8522.934, 33486.582, 2.05327
260, 8.18, 1.11111, 956.25, 3.97386, 1.10345, 8462.204, 33609.098, 2.09559
261, 8.204, 1.08696, 960.0, 3.61979, 1.08451, 8485.498, 33687.244, 2.12255
262, 8.23, 1.05128, 981.70732, 4.06211, 1.0814, 8470.996, 33771.854, 2.04866
263, 8.248, 1.0375, 933.73494, 3.86452, 1.09589, 8465.476, 33840.69, 2.03406
264, 8.264, 1.07317, 1090.90909, 3.89583, 1.08434, 8474.598, 33931.978, 2.04455
265, 8.27, 1.04938, 1094.11765, 3.80108, 1.05319, 8487.73, 34012.97, 1.98771
266, 8.282, 1.09474, 817.30769, 3.88824, 1.05882, 8468.962, 34109.378, 2.00245
267, 8.286, 1.04545, 1027.17391, 3.96825, 1.04706, 8482.634, 34192.74, 2.00983
268, 8.288, 1.13924, 977.77778, 3.93182, 1.12644, 8471.806, 34287.136, 1.98284
269, 8.28, 1.14667, 1029.06977, 4.0452, 1.09639, 8483.284, 34360.07, 1.99015
270, 8.318, 1.1039, 800.0, 4.16176, 1.03279, 8494.448, 34392.25, 2.00743
271, 8.35, 1.07937, 963.23529, 4.29771, 1.0375, 8481.76, 34442.752, 1.9598
272, 8.342, 1.08974, 1005.88235, 3.98246, 1.08511, 8450.58, 34551.454, 1.96164
273, 8.318, 1.14141, 920.35398, 4.03846, 1.10976, 8476.058, 34640.888, 1.97778
274, 8.362, 1.07353, 890.41096, 3.82308, 1.0678, 8478.156, 34675.644, 1.99242
275, 8.372, 1.07547, 964.91228, 4.18182, 1.07463, 8440.068, 34730.832, 1.95674
276, 8.346, 1.07527, 940.0, 4.01596, 1.04255, 8446.82, 34818.374, 1.98481
277, 8.37, 1.10127, 890.8046, 4.32258, 1.09211, 8456.974, 34869.174, 1.96954
278, 8.35, 1.14706, 1070.51282, 3.91617, 1.08642, 8464.46, 34934.756, 1.94975
279, 8.378, 1.03529, 965.90909, 3.85294, 1.16, 8468.88, 35006.938, 1.96144
280, 8.364, 1.11392, 909.09091, 4.2375, 1.04396, 8451.196, 35090.946, 1.95141
281, 8.336, 1.10112, 908.16327, 3.96629, 1.0641, 8473.744, 35151.82, 1.97015
282, 8.31, 1.12987, 896.55172, 4.04487, 1.07527, 8443.228, 35244.948, 1.96526
283, 8.308, 1.08333, 846.15385, 4.41477, 1.06742, 8445.072, 35324.482, 1.98515
284, 8.322, 1.06098, 867.81609, 4.53642, 1.03896, 8433.508, 35392.546, 1.98025
285, 8.296, 1.01299, 1025.64103, 4.0875, 1.02778, 8442.816, 35448.586, 1.95
286, 8.25, 1.05263, 1037.5, 4.26506, 1.11494, 8442.162, 35520.592, 2.0122
287, 8.238, 1.11494, 896.90722, 4.18966, 1.08537, 8443.066, 35598.826, 1.99762
288, 8.214, 1.03409, 1087.91209, 3.98485, 1.04396, 8466.422, 35678.44, 2.00711
289, 8.208, 1.08889, 857.14286, 4.3631, 1.11494, 8446.426, 35770.958, 2.01182
290, 8.184, 1.02353, 913.7931, 4.2327, 1.1087, 8405.08, 35875.214, 2.03846
291, 8.222, 1.09474, 918.26923, 4.36126, 1.05333, 8441.468, 35934.208, 2.04796
292, 8.194, 1.0625, 964.70588, 4.14024, 1.05556, 8414.186, 36029.72, 2.05263
293, 8.212, 1.09756, 1077.77778, 3.94845, 1.12658, 8453.008, 36088.45, 2.019
294, 8.258, 1.12676, 1156.25, 3.91351, 1.14667, 8482.784, 36147.174, 2.00733
295, 8.198, 1.08046, 957.44681, 4.31111, 1.12048, 8496.564, 36217.38, 2.06295
296, 8.208, 1.06522, 872.44898, 4.32749, 1.06024, 8496.12, 36292.378, 2.06506
297, 8.236, 1.11688, 1017.44186, 4.11429, 1.13636, 8524.07, 36342.038, 2.08293
298, 8.25, 1.10938, 971.83099, 4.48551, 1.08537, 8487.296, 36420.184, 2.05198
299, 8.284, 1.1, 1045.45455, 4.04891, 1.12121, 8541.234, 36453.19, 2.0
300, 8.25, 1.06522, 1010.20408, 4.06061, 1.09804, 8519.894, 36575.232, 2.01703
301, 8.266, 1.1519, 890.10989, 4.09877, 1.09091, 8513.714, 36646.116, 2.01481
302, 8.274, 1.08889, 1096.93878, 4.0093, 1.07317, 8567.388, 36709.528, 2.02963
303, 8.278, 1.08861, 912.7907, 4.17834, 1.075, 8557.164, 36778.75, 2.04489
304, 8.236, 1.0625, 936.27451, 4.37173, 1.05495, 8554.92, 36873.664, 2.08621
305, 8.232, 1.02667, 857.14286, 4.20455, 1.15556, 8490.672, 36971.118, 2.07053
306, 8.262, 1.14286, 971.15385, 4.26733, 1.11765, 8498.078, 37067.2, 2.05025
307, 8.238, 1.12632, 957.94393, 4.42927, 1.06593, 8516.86, 37154.882, 2.01928
308, 8.25, 1.07353, 883.56164, 4.24806, 1.10769, 8497.956, 37204.972, 2.04167
309, 8.236, 1.06024, 988.63636, 4.22414, 1.05952, 8474.252, 37303.346, 2.06143
310, 8.254, 1.04938, 923.52941, 4.40764, 1.08333, 8434.458, 37400.762, 2.04467
311, 8.224, 1.11494, 1067.01031, 4.24155, 1.06316, 8459.902, 37483.642, 2.01205
312, 8.24, 1.10227, 891.75258, 4.31214, 1.09091, 8477.53, 37539.452, 2.04878
313, 8.272, 1.06579, 919.75309, 4.42953, 1.08451, 8489.198, 37577.236, 2.00971
314, 8.272, 1.0641, 891.56627, 4.27703, 1.0641, 8487.81, 37627.502, 2.02941
315, 8.288, 1.12162, 993.9759, 4.15758, 1.08235, 8473.668, 37707.506, 2.04798
316, 8.274, 1.11594, 909.09091, 4.27143, 1.07229, 8433.734, 37787.108, 2.02005
317, 8.316, 1.06122, 923.07692, 4.21354, 1.11392, 8452.516, 37860.442, 1.92086
318, 8.318, 1.07229, 943.82022, 4.25595, 1.1125, 8451.554, 37929.318, 1.92308
319, 8.298, 1.10294, 973.33333, 4.45205, 1.0411, 8461.738, 37964.352, 1.91253
320, 8.294, 1.07317, 1022.72727, 4.36667, 1.08046, 8464.204, 38040.934, 1.93976
321, 8.274, 1.05376, 1076.53061, 4.33175, 1.03883, 8467.134, 38147.244, 1.98522
322, 8.258, 1.07292, 946.60194, 4.17436, 1.06977, 8499.122, 38209.07, 2.0073
323, 8.286, 1.09211, 969.87952, 4.45342, 1.07792, 8496.064, 38271.692, 1.96368
324, 8.284, 1.06742, 936.84211, 4.41011, 1.10976, 8506.002, 38339.136, 1.99511
325, 8.294, 1.08, 938.2716, 4.44737, 1.07407, 8501.104, 38394.276, 1.97304
326, 8.298, 1.06667, 912.5, 4.65068, 1.04225, 8498.464, 38441.504, 1.9494
327, 8.32, 1.0274, 973.33333, 4.39041, 1.04167, 8496.992, 38487.218, 1.98507
328, 8.352, 1.08451, 935.06494, 4.33333, 1.06849, 8461.936, 38564.77, 1.94279
329, 8.332, 1.06579, 870.37037, 4.34752, 1.05479, 8455.696, 38609.528, 1.95332
330, 8.342, 1.05333, 930.37975, 4.54422, 1.05405, 8446.172, 38664.026, 1.92927
331, 8.352, 1.08434, 916.66667, 4.56364, 1.13253, 8409.63, 38764.016, 1.91198
332, 8.374, 1.07059, 862.63736, 4.46497, 1.07447, 8394.604, 38834.33, 1.9025
333, 8.382, 1.06593, 969.07216, 4.68085, 1.05, 8430.006, 38884.458, 1.90123
334, 8.388, 1.08974, 905.88235, 4.43506, 1.04762, 8418.488, 38946.326, 1.87715
335, 8.384, 1.07229, 1022.47191, 4.39011, 1.0875, 8430.38, 39013.756, 1.90099
336, 8.38, 1.09091, 791.66667, 4.66165, 1.09859, 8400.612, 39075.258, 1.94975
337, 8.358, 1.10526, 928.57143, 4.22436, 1.08791, 8359.572, 39169.846, 1.90617
338, 8.344, 1.06667, 911.45833, 4.23429, 1.09091, 8362.376, 39239.966, 1.914
339, 8.322, 1.06024, 1017.04545, 4.18436, 1.07895, 8375.676, 39301.784, 1.97519
340, 8.314, 1.08451, 1084.41558, 4.50299, 1.15068, 8381.704, 39360.586, 1.9825
341, 8.292, 1.12048, 1037.63441, 4.43005, 1.09091, 8401.778, 39430.196, 2.01763
342, 8.278, 1.06897, 887.09677, 4.33939, 1.0625, 8401.296, 39492.396, 2.0198
343, 8.268, 1.14815, 876.34409, 4.52761, 1.04651, 8395.406, 39557.342, 2.0396
344, 8.278, 1.10227, 958.76289, 4.45699, 1.12941, 8390.438, 39645.236, 2.0398
345, 8.27, 1.05618, 989.3617, 4.41935, 1.08511, 8365.726, 39752.46, 2.02985
346, 8.258, 1.06452, 984.84848, 4.71282, 1.0641, 8396.468, 39812.464, 2.03893
347, 8.242, 1.09091, 916.66667, 4.50649, 1.13095, 8379.752, 39878.834, 2.06683
348, 8.256, 1.08642, 920.45455, 4.60494, 1.10714, 8368.86, 39947.234, 2.0321
349, 8.236, 1.11579, 910.37736, 4.79793, 1.17526, 8330.316, 40074.534, 2.04208
350, 8.212, 1.11628, 979.16667, 4.46809, 1.13158, 8344.962, 40143.16, 2.06585
351, 8.206, 1.09756, 1027.77778, 4.48649, 1.12658, 8334.994, 40232.918, 2.08578
352, 8.192, 1.1375, 906.59341, 4.41212, 1.1, 8335.28, 40292.666, 2.11548
353, 8.18, 1.0814, 1086.02151, 4.95545, 1.10227, 8354.876, 40370.264, 2.14144
354, 8.224, 1.12698, 1049.29577, 4.75839, 1.07407, 8399.174, 40369.636, 2.14035
355, 8.246, 1.07246, 966.21622, 4.65734, 1.0625, 8384.392, 40422.068, 2.08
356, 8.258, 1.08537, 915.73034, 4.7546, 1.1519, 8383.222, 40480.796, 2.07557
357, 8.27, 1.08434, 988.88889, 4.73596, 1.05556, 8362.446, 40573.732, 2.04271
358, 8.296, 1.05556, 926.31579, 4.53409, 1.08333, 8365.014, 40641.202, 2.0273
359, 8.336, 1.1, 902.5974, 4.68345, 1.03947, 8338.384, 40700.562, 2.01266
360, 8.362, 1.06849, 961.53846, 4.69333, 1.07407, 8335.976, 40746.442, 1.98205
361, 8.356, 1.07692, 970.2381, 5.04294, 1.03846, 8332.296, 40806.516, 2.00773
362, 8.352, 1.07692, 988.09524, 4.00602, 1.06494, 8352.068, 40847.132, 1.97727
363, 8.39, 1.11688, 970.93023, 4.81437, 1.03846, 8370.268, 40889.452, 1.98196
364, 8.334, 1.07229, 1056.17978, 4.83511, 1.04717, 8346.416, 40994.508, 1.96203
365, 8.314, 1.08235, 972.82609, 4.73184, 1.1039, 8358.35, 41054.62, 1.93643
366, 8.31, 1.08861, 889.53488, 4.71242, 1.12162, 8380.434, 41078.022, 1.93917
367, 8.308, 1.09195, 984.21053, 4.67914, 1.09524, 8388.63, 41149.928, 1.94417
368, 8.342, 1.12, 904.7619, 4.72368, 1.04, 8397.114, 41186.16, 1.93154
369, 8.32, 1.02381, 1063.95349, 4.54645, 1.05682, 8393.888, 41265.596, 1.93187
370, 8.292, 1.06667, 1067.70833, 4.65854, 1.07865, 8432.044, 41325.054, 1.93765
371, 8.292, 1.09639, 967.03297, 4.64205, 1.14634, 8441.62, 41383.764, 1.96822
372, 8.282, 1.11111, 938.88889, 4.81657, 1.12195, 8435.106, 41451.776, 2.02
373, 8.292, 1.07778, 958.76289, 4.6828, 1.1125, 8455.95, 41509.142, 2.01741
374, 8.262, 1.08974, 1029.41176, 4.75429, 1.02299, 8461.036, 41570.518, 2.06533
375, 8.26, 1.06977, 967.3913, 4.61236, 1.05435, 8463.674, 41637.902, 2.02978
376, 8.242, 1.08791, 1010.10101, 4.55, 1.10345, 8483.918, 41708.65, 2.00483
377, 8.23, 1.1, 853.53535, 4.88166, 1.04545, 8474.604, 41779.682, 2.04612
378, 8.244, 1.05747, 918.47826, 4.71006, 1.04545, 8454.326, 41860.132, 2.0
379, 8.212, 1.04598, 994.50549, 4.93923, 1.06667, 8458.16, 41928.596, 2.04096
380, 8.198, 1.06122, 975.96154, 4.86207, 1.09574, 8466.236, 42014.828, 2.05036
381, 8.194, 1.10112, 841.83673, 4.67879, 1.10714, 8457.634, 42079.934, 2.0622
382, 8.214, 1.11429, 871.79487, 4.85294, 1.02469, 8423.072, 42141.016, 2.03606
383, 8.202, 1.09195, 915.78947, 4.83333, 1.13333, 8409.376, 42219.35, 2.01909
384, 8.198, 1.20513, 994.68085, 4.96791, 1.10959, 8442.434, 42263.95, 2.04513
385, 8.172, 1.08537, 938.20225, 4.83832, 1.10112, 8423.084, 42340.272, 2.04009
386, 8.184, 1.05319, 1010.10101, 4.395, 1.04938, 8474.656, 42379.424, 2.06872
387, 8.206, 1.0241, 1000.0, 4.82941, 1.06024, 8494.574, 42419.908, 2.06988
388, 8.248, 1.08451, 896.1039, 4.87681, 1.11268, 8473.846, 42468.52, 2.02421
389, 8.25, 1.05814, 901.0989, 4.78659, 1.0989, 8450.328, 42545.664, 2.03448
390, 8.302, 1.07595, 905.88235, 4.98701, 1.0678, 8471.246, 42568.638, 2.01966
391, 8.3, 1.07246, 925.67568, 5.18978, 1.08, 8407.82, 42659.404, 2.00254
392, 8.29, 1.0989, 940.0, 4.9734, 1.05479, 8463.374, 42681.036, 2.03234
393, 8.31, 1.08571, 1052.63158, 5.1125, 1.12162, 8448.02, 42744.112, 1.99501
394, 8.34, 1.16438, 900.0, 5.24183, 1.03846, 8458.408, 42777.032, 1.97744
395, 8.324, 1.07143, 1022.22222, 4.58696, 1.05747, 8488.348, 42820.336, 1.97761
396, 8.318, 1.12658, 977.52809, 4.75287, 1.06742, 8467.454, 42904.808, 1.98496
397, 8.306, 1.09474, 985.57692, 4.96585, 1.09302, 8473.592, 42992.104, 1.97555
398, 8.248, 1.13415, 908.60215, 5.01183, 1.08602, 8449.28, 43074.546, 2.00726
399, 8.278, 1.08537, 977.52809, 5.01724, 1.07792, 8470.212, 43116.23, 2.02469
400, 8.248, 1.07229, 943.82022, 4.97619, 1.12222, 8428.548, 43214.946, 1.99757
401, 8.272, 1.10843, 1010.86957, 4.86559, 1.06944, 8488.708, 43229.12, 1.97608
402, 8.242, 1.075, 947.67442, 4.71779, 1.09375, 8474.56, 43294.838, 1.96181
403, 8.198, 1.11215, 924.36975, 4.8, 1.1383, 8473.062, 43404.618, 2.01412
404, 8.194, 1.07407, 1068.96552, 4.94086, 1.12658, 8489.748, 43461.384, 2.02364
405, 8.194, 1.07595, 982.35294, 5.1976, 1.10465, 8460.232, 43546.148, 1.99528
406, 8.184, 1.07292, 966.01942, 5.0603, 1.06897, 8476.62, 43616.004, 2.0747
407, 8.152, 1.12088, 887.2549, 4.82873, 1.09375, 8455.092, 43705.628, 2.06619
408, 8.172, 1.09302, 946.80851, 5.1236, 1.03846, 8462.614, 43763.034, 2.06353
409, 8.176, 1.13333, 1052.94118, 4.73184, 1.12195, 8471.6, 43820.004, 2.05687
410, 8.138, 1.1, 948.86364, 4.73653, 1.08696, 8465.258, 43879.758, 2.06368
411, 8.184, 1.07595, 1005.88235, 4.97661, 1.10448, 8495.04, 43907.788, 2.04502
412, 8.18, 1.07692, 933.67347, 5.13661, 1.08602, 8473.626, 43998.916, 2.0622
413, 8.148, 1.03529, 909.09091, 4.925, 1.07692, 8458.486, 44061.322, 2.1068
414, 8.194, 1.12245, 950.0, 5.14833, 1.10112, 8466.382, 44149.104, 2.07005
415, 8.244, 1.14474, 890.8046, 5.32258, 1.11268, 8464.214, 44192.54, 2.06388
416, 8.226, 1.09524, 896.73913, 5.08485, 1.08235, 8448.872, 44257.74, 2.08088
417, 8.25, 1.05714, 993.24324, 5.19048, 1.0641, 8435.116, 44304.914, 2.07519
418, 8.276, 1.04494, 1005.37634, 4.6631, 1.05063, 8455.244, 44357.856, 2.06767
419, 8.248, 1.05435, 1092.78351, 4.96698, 1.06977, 8473.808, 44437.944, 2.08911
420, 8.242, 1.02985, 927.53623, 4.92188, 1.02247, 8434.65, 44491.31, 2.05224
421, 8.254, 1.03297, 925.53191, 5.04023, 1.03947, 8460.282, 44525.02, 2.03415
422, 8.216, 1.17978, 1057.14286, 4.88739, 1.13978, 8484.706, 44607.822, 2.04808
423, 8.198, 1.10976, 950.54945, 5.16185, 1.11957, 8472.312, 44679.28, 2.04578
424, 8.208, 1.07955, 1063.15789, 5.15347, 1.11364, 8489.68, 44749.05, 2.03632
425, 8.234, 1.0989, 780.0, 4.87821, 1.075, 8484.834, 44794.318, 2.03382
426, 8.202, 1.06818, 946.80851, 5.10674, 1.12941, 8488.938, 44852.72, 2.05769
427, 8.198, 1.07216, 1076.92308, 4.86607, 1.10101, 8521.844, 44927.922, 2.01179
428, 8.182, 1.12658, 1073.03371, 4.89529, 1.09639, 8546.382, 44979.206, 2.04524
429, 8.232, 1.08235, 847.82609, 5.16667, 1.05063, 8544.16, 45022.194, 2.03623
430, 8.216, 1.08235, 956.52174, 4.93182, 1.11842, 8528.668, 45098.254, 2.04286
431, 8.21, 1.1125, 966.29213, 4.97674, 1.11628, 8525.616, 45157.658, 2.05288
432, 8.228, 1.05063, 993.9759, 4.86061, 1.1, 8526.868, 45205.268, 2.03589
433, 8.24, 1.06944, 980.51948, 5.07285, 1.07595, 8521.358, 45246.04, 2.01687
434, 8.264, 1.075, 970.93023, 4.90419, 1.05, 8539.28, 45278.528, 1.97847
435, 8.288, 1.07407, 885.05747, 5.23377, 1.04054, 8530.66, 45324.218, 1.98317
436, 8.3, 1.06579, 956.79012, 5.22581, 1.03488, 8517.778, 45375.776, 1.95422
437, 8.286, 1.08333, 1016.48352, 5.02703, 1.04211, 8508.242, 45453.61, 1.92857
438, 8.3, 1.04444, 1015.95745, 5.1623, 1.08642, 8541.938, 45494.126, 1.94471
439, 8.298, 1.14286, 787.5, 5.53968, 1.04706, 8501.564, 45544.852, 1.95844
440, 8.294, 1.05051, 908.65385, 5.00529, 1.1039, 8541.832, 45576.37, 2.0
441, 8.304, 1.13433, 1032.89474, 5.21656, 1.10667, 8532.896, 45625.49, 1.9708
442, 8.326, 1.03571, 988.50575, 5.0, 1.03333, 8514.362, 45698.364, 1.97264
443, 8.312, 1.06494, 957.31707, 4.79618, 1.07407, 8492.77, 45759.922, 1.98254
444, 8.28, 1.125, 1018.51852, 5.25455, 1.12941, 8521.878, 45833.214, 1.99274
445, 8.27, 1.03947, 867.08861, 5.24818, 1.07955, 8477.494, 45897.302, 1.97087
446, 8.266, 1.1087, 965.68627, 5.0, 1.05435, 8495.802, 45958.262, 2.01724
447, 8.29, 1.04878, 1000.0, 5.19186, 1.08333, 8516.066, 45992.09, 2.00246
448, 8.332, 1.12308, 1116.43836, 5.17791, 1.07042, 8526.022, 46027.648, 1.97257
449, 8.296, 1.08824, 878.37838, 5.36923, 1.12088, 8543.504, 46086.946, 2.0049
450, 8.334, 1.07143, 986.66667, 4.9527, 1.07353, 8546.676, 46114.082, 1.97291
451, 8.326, 1.07042, 980.26316, 5.25503, 1.11392, 8505.752, 46185.966, 1.97264
452, 8.366, 1.18056, 988.23529, 5.10714, 1.04286, 8525.278, 46216.692, 1.9625
453, 8.348, 1.08955, 883.56164, 5.25581, 1.1039, 8489.488, 46263.546, 1.94527
454, 8.328, 1.125, 911.11111, 5.25, 1.10465, 8478.212, 46320.876, 1.93366
455, 8.312, 1.12791, 938.14433, 4.94505, 1.06818, 8493.128, 46369.966, 1.95588
456, 8.34, 1.0, 1035.29412, 5.14773, 1.0274, 8528.088, 46391.8, 1.93187
457, 8.364, 1.01449, 878.57143, 5.13821, 1.0597, 8525.028, 46398.33, 1.92365
458, 8.352, 1.06024, 1000.0, 5.11364, 1.11364, 8508.292, 46472.326, 1.88592
459, 8.356, 1.01087, 940.86022, 5.27429, 1.04545, 8495.08, 46541.676, 1.92079
460, 8.364, 1.08333, 1071.42857, 5.0359, 1.04494, 8517.796, 46594.79, 1.87805
461, 8.342, 1.02273, 977.77778, 4.77841, 1.06897, 8506.204, 46664.178, 1.89294
462, 8.356, 1.13158, 843.02326, 5.54483, 1.08974, 8490.584, 46704.932, 1.91563
463, 8.332, 1.08989, 1128.86598, 5.15525, 1.075, 8539.914, 46754.75, 1.96296
464, 8.314, 1.04545, 1027.17391, 5.38095, 1.10127, 8560.668, 46803.912, 1.99753
465, 8.332, 1.05797, 917.80822, 5.41791, 1.10667, 8526.268, 46853.416, 1.95545
466, 8.356, 1.15068, 1011.90476, 5.18235, 1.13158, 8534.638, 46895.342, 1.94
467, 8.332, 1.12987, 931.03448, 5.51852, 1.06494, 8525.24, 46947.23, 2.00759
468, 8.308, 1.09859, 1057.69231, 5.19394, 1.12857, 8538.77, 46978.69, 2.01
469, 8.282, 1.03797, 1018.29268, 5.12575, 1.06742, 8530.546, 47033.366, 1.9562
470, 8.268, 1.08081, 953.27103, 5.18627, 1.08791, 8545.65, 47101.978, 1.96403
471, 8.24, 1.08434, 933.33333, 5.28571, 1.10309, 8517.722, 47177.756, 1.94749
472, 8.234, 1.08929, 864.7541, 5.52607, 1.03125, 8534.56, 47251.222, 2.00955
473, 8.262, 1.03896, 906.25, 5.24138, 1.05, 8534.954, 47275.986, 2.01467
474, 8.272, 1.10667, 963.85542, 5.5125, 1.08, 8541.214, 47308.644, 1.99272
475, 8.278, 1.06024, 869.31818, 5.12418, 1.09524, 8518.608, 47363.726, 1.96618
476, 8.258, 1.12048, 1026.88172, 5.19895, 1.07955, 8518.374, 47434.678, 2.02463
477, 8.196, 1.1383, 906.54206, 5.12887, 1.15556, 8517.64, 47508.106, 2.0381
478, 8.196, 1.12658, 949.4382, 5.05325, 1.05882, 8494.42, 47578.542, 2.02607
479, 8.182, 1.07229, 915.73034, 5.38037, 1.06024, 8490.606, 47624.062, 2.04019
480, 8.186, 1.07143, 927.77778, 5.52096, 1.05814, 8487.134, 47672.73, 2.10269
