time, seeders, joined, request_count, response_size, left, awareness, bad_data, leechers
0, 0.0, 0.0, 0.0, 0.0, 0.0, 5000.994, 0.0, 0.0
1, 0.0, 115.968, 553.4544, 3.3136, 0.0, 63145.874, 0.0, 115.968
2, 0.0, 55.526, 493.49854, 7.41249, 6.606, 82293.906, 7102.698, 165.888
3, 0.0, 53.218, 490.60468, 9.92125, 5.38153, 105266.544, 9759.01, 213.746
4, 0.0, 51.664, 487.86389, 12.48344, 6.50501, 126742.898, 12996.104, 258.918
5, 0.0, 49.906, 485.49273, 14.88468, 7.92, 146499.766, 16933.298, 300.904
6, 0.0, 48.718, 483.35318, 17.16464, 8.432, 165302.564, 21086.65, 341.19
7, 0.0, 46.504, 480.84036, 19.43285, 9.486, 182397.392, 25737.064, 378.208
8, 0.0, 45.144, 479.06699, 21.59925, 10.494, 198260.162, 30861.064, 412.858
9, 0.0, 43.668, 478.01594, 23.66552, 11.64, 212795.132, 36552.822, 444.886
10, 0.0, 42.31, 478.18483, 25.62757, 11.916, 226560.954, 42349.858, 475.28
11, 90.108, 41.526, 475.50932, 27.65958, 10.676, 240292.486, 47406.99, 416.022
12, 132.098, 39.818, 474.91084, 29.43506, 11.99, 252505.87, 53134.278, 401.86
13, 171.966, 38.744, 474.47347, 31.30376, 11.266, 264523.76, 58478.826, 389.47
14, 210.428, 37.322, 470.95547, 32.94675, 11.308, 275718.904, 63838.198, 377.022
15, 247.408, 35.474, 471.50025, 34.69216, 11.01, 286245.32, 69006.424, 364.506
16, 282.88, 34.53, 470.46047, 36.19218, 11.35, 296137.182, 74324.49, 352.214
17, 316.296, 33.538, 470.39179, 37.70056, 11.254, 305609.014, 79583.982, 341.082
18, 348.308, 31.996, 468.30854, 39.08462, 11.288, 314291.172, 84859.15, 329.778
19, 379.294, 31.004, 468.5847, 40.54323, 11.386, 322509.312, 90144.336, 318.41
20, 408.89, 30.412, 467.0196, 41.86094, 11.19, 330450.372, 95368.934, 308.036
21, 437.554, 29.14, 466.40357, 43.17379, 11.164, 337835.782, 100546.608, 297.348
22, 464.492, 28.006, 464.07913, 44.3874, 11.398, 344576.586, 105793.024, 287.018
23, 490.672, 27.4, 464.12409, 45.65841, 11.076, 351133.186, 110930.126, 277.162
24, 515.794, 26.41, 461.8705, 46.89933, 10.798, 357376.456, 115860.358, 267.652
25, 539.014, 25.87, 462.15694, 47.89227, 11.056, 363270.79, 120902.496, 259.246
26, 561.152, 24.854, 464.7944, 49.00554, 11.036, 368805.87, 125909.776, 250.926
27, 582.39, 24.012, 462.89355, 49.91336, 11.128, 373897.816, 130940.1, 242.572
28, 602.068, 23.404, 461.41685, 51.00315, 11.256, 378586.536, 136068.516, 235.042
29, 620.978, 22.444, 460.88041, 52.08855, 10.886, 383044.82, 140969.658, 227.69
30, 639.344, 21.586, 459.14018, 52.97811, 11.072, 386979.2, 145994.128, 219.838
31, 656.492, 20.762, 460.93825, 53.8255, 10.92, 390679.1, 150917.102, 212.532
32, 672.476, 20.086, 459.37469, 54.64777, 10.872, 394117.12, 155767.966, 205.762
33, 687.992, 19.25, 461.92208, 55.65486, 10.648, 397299.366, 160543.622, 198.848
34, 702.76, 18.876, 458.83662, 56.13774, 10.624, 400276.036, 165306.006, 192.332
35, 717.028, 18.166, 458.21865, 57.08037, 10.826, 402871.462, 170130.374, 185.404
36, 730.246, 17.668, 460.49355, 57.91937, 10.6, 405402.442, 174830.036, 179.254
37, 742.594, 17.316, 458.36221, 58.7043, 10.71, 407705.798, 179561.58, 173.512
38, 754.332, 16.694, 459.56631, 59.34059, 10.638, 409774.832, 184274.222, 167.83
39, 765.494, 16.072, 455.45047, 59.84317, 10.494, 411595.834, 188901.46, 162.246
40, 775.73, 15.406, 457.87356, 60.66586, 10.304, 413252.946, 193427.706, 157.112
41, 785.202, 14.844, 458.16492, 61.18438, 10.604, 414553.626, 198085.938, 151.88
42, 794.352, 14.53, 455.60908, 61.76314, 10.292, 415802.574, 202608.882, 146.968
43, 802.894, 13.802, 455.22388, 62.55499, 10.188, 416797.274, 207064.588, 142.04
44, 810.784, 13.486, 456.69583, 62.83585, 10.26, 417677.876, 211516.718, 137.376
45, 818.272, 13.252, 456.91216, 63.43353, 10.184, 418512.914, 215906.534, 132.956
46, 825.238, 12.676, 455.11202, 63.77518, 10.194, 419067.324, 220311.264, 128.472
47, 831.796, 11.888, 456.84724, 64.46842, 10.092, 419362.168, 224654.562, 123.71
48, 837.504, 12.018, 453.48644, 64.8022, 10.144, 419627.458, 229043.168, 119.876
49, 843.06, 11.524, 455.48421, 65.20023, 9.88, 419826.264, 233298.902, 115.964
50, 847.924, 11.414, 457.3331, 65.62011, 10.018, 419945.904, 237608.576, 112.496
51, 852.244, 10.936, 457.75421, 66.3372, 9.936, 419918.134, 241856.07, 109.176
52, 856.352, 10.396, 454.7903, 66.32043, 9.846, 419684.138, 246047.584, 105.618
53, 859.876, 10.272, 457.84657, 67.04486, 9.802, 419436.534, 250223.488, 102.564
54, 863.044, 9.606, 456.58963, 67.29093, 9.644, 418963.388, 254325.91, 99.358
55, 866.352, 9.598, 456.24088, 67.7657, 9.578, 418508.64, 258395.328, 96.07
56, 868.99, 9.072, 458.11287, 67.98725, 9.51, 417909.97, 262397.386, 92.994
57, 871.098, 9.012, 457.94496, 68.30482, 9.388, 417338.092, 266334.596, 90.51
58, 872.988, 8.692, 455.13116, 68.6724, 9.62, 416513.77, 270374.878, 87.692
59, 874.572, 8.176, 455.35714, 68.97341, 9.534, 415488.71, 274396.672, 84.75
60, 876.022, 7.86974, 460.40234, 69.08158, 9.47, 414431.884, 278344.704, 81.684
61, 877.162, 7.64, 452.87958, 69.36358, 9.41, 413230.708, 282291.162, 78.774
62, 877.928, 7.476, 455.85875, 69.75381, 9.214, 412078.002, 286129.938, 76.27
63, 878.73, 7.11, 455.55556, 69.81414, 9.154, 410800.736, 289931.144, 73.424
64, 878.724, 6.956, 452.27142, 70.01113, 9.374, 409372.906, 293795.614, 71.012
65, 878.912, 6.726, 455.843, 70.60404, 9.126, 407941.862, 297582.028, 68.424
66, 878.882, 6.546, 463.64192, 70.69522, 8.78958, 406638.82, 301195.89, 66.228
67, 878.53, 6.23447, 457.08775, 70.95534, 9.008, 405091.538, 304879.962, 63.794
68, 877.964, 6.11623, 458.55177, 71.06752, 8.986, 403514.546, 308551.612, 61.478
69, 876.7, 6.03, 456.05307, 71.07636, 9.046, 401867.184, 312251.758, 59.726
70, 875.454, 5.75, 458.26087, 71.51499, 8.776, 400229.07, 315820.146, 57.946
71, 874.008, 5.5992, 460.27201, 71.62247, 8.91, 398502.55, 319419.864, 56.07
72, 872.51, 5.55311, 455.25081, 71.77368, 8.61, 396828.508, 322911.51, 54.5
73, 870.674, 5.29518, 456.01062, 71.9763, 8.746, 395018.858, 326429.192, 52.864
74, 868.624, 5.03434, 457.46388, 72.23991, 8.766, 393077.252, 329962.914, 51.132
75, 866.72, 5.01613, 457.3955, 72.26889, 8.306, 391298.908, 333313.044, 49.706
76, 864.846, 4.75254, 455.82586, 72.52294, 8.316, 389431.384, 336617.71, 47.95
77, 862.31, 4.70565, 456.51243, 72.72313, 8.574, 387450.068, 340039.124, 46.58
78, 860.0, 4.37854, 459.77809, 72.49522, 8.15, 385541.88, 343236.818, 45.066
79, 857.594, 4.43265, 459.71455, 72.70956, 8.18437, 383621.224, 346453.108, 43.648
80, 854.998, 4.20204, 455.80379, 73.02078, 8.194, 381554.932, 349708.812, 42.168
81, 852.244, 3.86885, 461.33475, 72.68772, 8.106, 379423.062, 352896.2, 40.592
82, 849.576, 3.84156, 457.68613, 73.05266, 7.92385, 377326.792, 356010.694, 39.086
83, 846.648, 3.92245, 462.01873, 72.93806, 8.07, 375235.044, 359184.21, 37.788
84, 843.404, 3.78689, 462.9329, 73.13209, 8.082, 373104.746, 362334.012, 36.646
85, 840.476, 3.61392, 462.93053, 73.59899, 7.676, 371027.548, 365299.548, 35.324
86, 837.128, 3.35597, 461.98651, 73.11214, 7.894, 368794.43, 368354.968, 34.04
87, 833.752, 3.43711, 463.10738, 73.64443, 7.842, 366605.916, 371394.068, 32.908
88, 830.168, 3.30252, 462.15013, 73.45767, 7.812, 364346.274, 374421.636, 31.824
89, 826.804, 3.11603, 462.42383, 73.60395, 7.48996, 362163.484, 377273.682, 30.682
90, 823.234, 3.06383, 456.94444, 73.15578, 7.566, 359870.446, 380194.916, 29.566
91, 819.246, 3.0042, 465.03497, 73.7797, 7.616, 357599.01, 383106.394, 28.798
92, 815.182, 3.06765, 460.37216, 73.94461, 7.656, 355328.038, 386017.57, 28.108
93, 811.396, 2.79783, 466.20047, 73.7, 7.506, 352982.304, 388874.85, 26.962
94, 807.6, 2.73077, 465.57121, 73.44538, 7.316, 350708.152, 391643.104, 25.998
95, 803.674, 2.84956, 458.85093, 74.1802, 7.242, 348457.064, 394378.772, 25.258
96, 799.488, 2.77009, 464.14182, 73.5625, 7.39759, 346126.962, 397168.27, 24.558
97, 795.438, 2.62309, 456.81063, 73.66091, 7.204, 343839.57, 399855.546, 23.812
98, 791.216, 2.5388, 465.93886, 73.56701, 7.25, 341514.676, 402552.77, 23.074
99, 786.856, 2.52667, 464.8197, 73.72091, 7.268, 339179.732, 405246.518, 22.44
100, 782.69, 2.42494, 456.19048, 73.72338, 6.992, 336855.256, 407827.616, 21.714
101, 778.458, 2.35616, 468.02326, 73.77743, 6.938, 334600.578, 410343.504, 21.072
102, 774.092, 2.32767, 460.89677, 73.52376, 7.08016, 332190.186, 412939.202, 20.29
103, 769.854, 2.23409, 464.39471, 73.65279, 6.794, 329912.668, 415424.49, 19.7
104, 765.53, 2.08633, 460.91954, 74.38279, 6.824, 327531.334, 417911.338, 18.94
105, 761.312, 2.17557, 471.34503, 73.39454, 6.72691, 325214.282, 420330.386, 18.168
106, 756.988, 2.05701, 465.93533, 73.63693, 6.702, 322902.166, 422744.554, 17.522
107, 752.512, 2.12349, 469.21323, 73.97813, 6.766, 320577.578, 425185.116, 16.986
108, 748.068, 2.07579, 465.25324, 73.6481, 6.664, 318267.874, 427576.992, 16.464
109, 743.386, 1.9899, 472.08122, 73.72849, 6.864, 315836.01, 430050.844, 15.858
110, 738.79, 2.11538, 464.24242, 73.81593, 6.608, 313510.11, 432432.78, 15.496
111, 734.224, 1.8545, 471.46933, 73.74584, 6.56112, 311151.784, 434740.668, 14.916
112, 729.754, 1.84182, 473.79913, 74.13364, 6.37275, 308847.7, 436984.25, 14.4
113, 725.314, 1.73822, 472.89157, 74.02866, 6.33735, 306541.942, 439203.42, 13.856
114, 720.756, 1.77904, 457.80255, 73.99826, 6.28, 304208.664, 441399.41, 13.39
115, 716.098, 1.81694, 461.65414, 73.91531, 6.33667, 301893.926, 443613.906, 13.054
116, 711.522, 1.71468, 462.8433, 73.27051, 6.26815, 299583.644, 445780.93, 12.65
117, 707.124, 1.65559, 465.32847, 74.08039, 6.09879, 297291.938, 447867.602, 12.094
118, 702.652, 1.7037, 457.35786, 73.86472, 6.06613, 295038.46, 449947.942, 11.708
119, 697.998, 1.6289, 475.65217, 73.81901, 6.2249, 292729.516, 452086.026, 11.312
120, 693.508, 1.62188, 469.17148, 73.29158, 6.036, 290433.862, 454146.862, 10.804
121, 688.744, 1.66875, 468.16479, 73.434, 6.152, 288114.8, 456246.474, 10.484
122, 684.188, 1.57233, 462.0, 73.57359, 5.8998, 285869.704, 458231.516, 10.152
123, 679.256, 1.54799, 456.0, 73.86404, 6.23246, 283497.324, 460342.59, 9.864
124, 674.562, 1.60066, 471.13402, 73.96499, 5.8998, 281251.714, 462321.314, 9.64
125, 670.248, 1.51148, 462.03905, 73.57277, 5.63984, 279075.914, 464190.936, 9.27
126, 665.716, 1.48837, 468.75, 73.51667, 5.70624, 276881.118, 466075.9, 9.026
127, 660.888, 1.48684, 473.45133, 73.40888, 5.908, 274633.448, 468025.392, 8.85
128, 656.346, 1.45, 475.36946, 73.15803, 5.73293, 272389.728, 469925.324, 8.494
129, 651.67, 1.50667, 467.92035, 72.99291, 5.80444, 270191.988, 471815.298, 8.316
130, 647.138, 1.43657, 474.02597, 73.87945, 5.56112, 268002.598, 473635.826, 8.068
131, 642.572, 1.41367, 464.37659, 73.4137, 5.59356, 265832.866, 475437.856, 7.86
132, 637.906, 1.32411, 470.14925, 72.78095, 5.67339, 263602.928, 477251.354, 7.568
133, 633.308, 1.4257, 469.01408, 73.11411, 5.526, 261432.882, 479021.142, 7.36473
134, 628.77, 1.45417, 477.07736, 73.23123, 5.48692, 259290.504, 480762.796, 7.14629
135, 624.364, 1.37179, 473.52025, 73.05921, 5.26854, 257201.71, 482419.222, 6.922
136, 619.796, 1.36398, 470.50562, 73.75522, 5.51606, 255051.478, 484166.464, 6.708
137, 615.236, 1.28163, 477.70701, 73.26333, 5.53955, 252886.558, 485896.768, 6.434
138, 610.772, 1.29646, 474.40273, 73.60432, 5.31984, 250777.482, 487542.796, 6.228
139, 606.366, 1.30288, 494.46494, 73.58955, 5.34146, 248679.352, 489169.72, 5.94378
140, 601.886, 1.2654, 468.16479, 72.828, 5.224, 246567.622, 490792.544, 5.74447
141, 597.746, 1.28019, 486.79245, 71.73643, 5.00203, 244585.56, 492284.61, 5.49194
142, 593.456, 1.31937, 482.14286, 72.72016, 4.98185, 242578.71, 493789.742, 5.37525
143, 589.25, 1.29756, 466.16541, 72.0, 4.91365, 240595.15, 495276.116, 5.18548
144, 585.046, 1.22346, 481.73516, 71.75355, 4.91952, 238584.072, 496753.058, 4.93548
145, 580.57, 1.23684, 474.46809, 72.39462, 5.11222, 236513.754, 498304.944, 4.77823
146, 576.192, 1.22642, 474.35897, 72.12432, 5.13563, 234427.874, 499832.724, 4.47879
147, 571.916, 1.27108, 464.45498, 71.71939, 4.89738, 232417.268, 501295.254, 4.33333
148, 567.684, 1.22286, 471.96262, 71.0495, 4.82696, 230449.522, 502717.648, 4.18458
149, 563.238, 1.17791, 458.33333, 71.9375, 4.942, 228404.162, 504195.2, 4.09592
150, 559.082, 1.23037, 465.95745, 72.20548, 4.71255, 226526.66, 505540.456, 4.07362
151, 554.934, 1.21429, 459.89305, 72.04651, 4.70648, 224599.774, 506890.066, 3.97526
152, 550.576, 1.23529, 466.66667, 72.71429, 4.88911, 222636.104, 508300.996, 3.86122
153, 546.41, 1.21583, 467.45562, 72.28481, 4.73131, 220713.032, 509631.29, 3.68507
154, 542.052, 1.14894, 472.22222, 72.39216, 4.83133, 218729.994, 511021.602, 3.55215
155, 537.894, 1.12102, 482.95455, 72.57059, 4.64185, 216822.08, 512349.864, 3.43878
156, 533.748, 1.16923, 467.10526, 72.30282, 4.56795, 214955.162, 513605.484, 3.42562
157, 529.598, 1.15, 475.15528, 72.21569, 4.55311, 213077.996, 514884.508, 3.34433
158, 525.604, 1.16667, 475.15528, 71.9085, 4.42052, 211276.968, 516086.052, 3.29792
159, 521.586, 1.14504, 480.0, 71.73611, 4.4664, 209458.444, 517294.968, 3.22708
160, 517.708, 1.2, 486.66667, 71.71233, 4.37045, 207674.966, 518468.636, 3.08768
161, 513.67, 1.12403, 472.41379, 70.9635, 4.46843, 205866.536, 519658.114, 3.04412
162, 509.626, 1.12931, 480.91603, 70.28571, 4.5061, 203999.776, 520899.774, 2.93432
163, 505.714, 1.08824, 477.47748, 71.0, 4.26962, 202214.736, 522035.134, 2.86638
164, 501.786, 1.15842, 474.35897, 70.90991, 4.29293, 200435.138, 523172.066, 2.75375
165, 497.896, 1.10853, 482.51748, 71.04348, 4.32653, 198689.384, 524300.156, 2.72017
166, 494.226, 1.18095, 475.80645, 71.40678, 4.05081, 197020.684, 525326.918, 2.67544
167, 490.284, 1.1134, 462.96296, 70.12, 4.30303, 195215.328, 526480.658, 2.59202
168, 486.552, 1.09709, 477.87611, 71.64815, 4.13646, 193512.478, 527532.45, 2.52715
169, 482.774, 1.0814, 473.11828, 70.81818, 4.17008, 191803.782, 528571.76, 2.43478
170, 479.156, 1.12048, 494.62366, 71.32609, 3.95732, 190156.464, 529553.526, 2.36427
171, 475.352, 1.1068, 473.68421, 70.12963, 4.12097, 188440.926, 530619.88, 2.27294
172, 471.492, 1.12222, 475.24752, 71.79167, 4.18367, 186733.122, 531668.462, 2.2448
173, 467.656, 1.09783, 480.19802, 70.48454, 4.13265, 185043.112, 532694.938, 2.2413
174, 463.84, 1.1375, 472.52747, 70.97674, 4.10345, 183352.956, 533712.618, 2.21127
175, 460.19, 1.11236, 484.84848, 69.89583, 3.98374, 181715.44, 534689.568, 2.17788
176, 456.54, 1.06579, 469.1358, 69.5, 3.97546, 180081.392, 535643.164, 2.13268
177, 453.022, 1.12308, 479.45205, 68.67143, 3.81186, 178501.926, 536533.366, 2.1005
178, 449.468, 1.11594, 467.53247, 71.45833, 3.8786, 176929.154, 537416.972, 2.05357
179, 445.99, 1.1, 488.63636, 70.26744, 3.73984, 175394.616, 538275.464, 2.03077
180, 442.378, 1.03226, 484.375, 71.0, 3.82996, 173793.928, 539181.49, 1.96429
181, 438.932, 1.09091, 472.22222, 70.23529, 3.74897, 172260.892, 540021.348, 1.9349
182, 435.486, 1.09231, 471.83099, 70.55224, 3.73511, 170739.438, 540850.31, 1.9458
183, 432.084, 1.05263, 475.0, 69.78947, 3.63286, 169220.79, 541665.93, 1.89532
184, 428.63, 1.0, 484.375, 70.87097, 3.71516, 167710.624, 542479.386, 1.86034
185, 425.14, 1.08451, 493.50649, 70.47368, 3.73727, 166195.412, 543312.724, 1.80886
186, 421.768, 1.01852, 472.72727, 71.07692, 3.67152, 164707.136, 544096.414, 1.77904
187, 418.374, 1.03448, 466.66667, 69.51786, 3.65839, 163222.342, 544877.746, 1.77586
188, 415.088, 1.04348, 500.0, 69.625, 3.50511, 161768.896, 545622.796, 1.76558
189, 411.648, 1.03636, 482.45614, 69.43636, 3.75726, 160252.024, 546437.668, 1.71037
190, 408.284, 1.17391, 481.48148, 70.17308, 3.60825, 158777.974, 547206.41, 1.69876
191, 405.164, 1.18, 474.57627, 69.58929, 3.4109, 157429.684, 547851.2, 1.7057
192, 401.83, 1.0, 455.55556, 69.60976, 3.5942, 155982.024, 548580.896, 1.66667
193, 398.646, 1.06667, 500.0, 68.5, 3.42116, 154591.51, 549258.246, 1.65359
194, 395.476, 1.04545, 478.26087, 67.11364, 3.45798, 153209.456, 549926.84, 1.60984
195, 392.266, 1.02632, 474.35897, 68.45946, 3.46502, 151795.96, 550618.672, 1.54452
196, 389.1, 1.2, 488.09524, 68.36585, 3.42259, 150417.804, 551282.36, 1.54386
197, 386.054, 1.0, 476.19048, 69.0, 3.33543, 149077.584, 551901.998, 1.50545
198, 382.872, 1.0, 500.0, 69.0, 3.3642, 147702.108, 552558.984, 1.49451
199, 379.744, 1.0, 472.97297, 69.48571, 3.40252, 146340.842, 553198.048, 1.42435
200, 376.68, 1.02564, 462.5, 66.94595, 3.26501, 145018.666, 553798.18, 1.38545
201, 373.578, 1.0, 488.09524, 68.65854, 3.3278, 143685.19, 554415.144, 1.34058
202, 370.62, 1.0, 484.84848, 67.0, 3.17954, 142385.484, 554987.794, 1.32963
203, 367.69, 1.05556, 500.0, 69.47368, 3.16701, 141117.086, 555535.376, 1.34241
204, 364.846, 1.03571, 500.0, 69.58621, 3.07579, 139884.134, 556038.526, 1.32937
205, 361.918, 1.06667, 500.0, 70.15625, 3.16176, 138625.402, 556570.716, 1.33061
206, 358.916, 1.05556, 460.52632, 67.4, 3.22642, 137355.05, 557117.624, 1.33061
207, 355.844, 1.0, 500.0, 64.96667, 3.32, 136051.668, 557695.912, 1.34615
208, 353.014, 1.0, 500.0, 68.94118, 3.14224, 134839.014, 558184.49, 1.34211
209, 350.14, 1.03226, 484.375, 68.48387, 3.14286, 133599.902, 558696.996, 1.34978
210, 347.42, 1.0, 500.0, 66.75758, 2.9936, 132420.304, 559153.482, 1.31818
211, 344.516, 1.0, 477.27273, 70.33333, 3.16596, 131187.952, 559650.228, 1.30806
212, 341.792, 1.04545, 500.0, 67.04348, 2.9743, 130011.82, 560092.088, 1.28302
213, 338.892, 1.0, 479.16667, 67.69565, 3.14799, 128785.654, 560585.944, 1.22967
214, 336.264, 1.04348, 458.33333, 65.31818, 2.91106, 127659.466, 560977.736, 1.23415
215, 333.548, 1.0, 461.53846, 66.91667, 2.92994, 126492.624, 561400.678, 1.20792
216, 330.742, 1.03846, 481.48148, 68.5, 3.05308, 125300.896, 561865.134, 1.24211
217, 328.104, 1.0, 500.0, 68.88235, 2.89293, 124176.082, 562253.4, 1.20765
218, 325.312, 1.07407, 465.51724, 70.33333, 3.04255, 123004.944, 562695.606, 1.22727
219, 322.668, 1.14286, 479.16667, 66.0, 2.84664, 121880.032, 563090.254, 1.21765
220, 320.054, 1.0, 500.0, 66.3125, 2.84681, 120754.822, 563475.908, 1.16364
221, 317.434, 1.0, 500.0, 73.11765, 2.88937, 119640.4, 563853.246, 1.1761
222, 314.812, 1.06667, 437.5, 70.21429, 2.83404, 118537.61, 564218.992, 1.13043
223, 312.318, 1.0, 500.0, 69.66667, 2.80396, 117473.346, 564549.236, 1.13462
224, 309.752, 1.04167, 500.0, 67.96, 2.79785, 116406.892, 564889.012, 1.17949
225, 307.188, 1.0, 444.44444, 65.5625, 2.7828, 115321.44, 565238.778, 1.1875
226, 304.742, 1.04545, 500.0, 67.47826, 2.75165, 114275.088, 565554.52, 1.16456
227, 302.362, 1.0, 461.53846, 65.33333, 2.6557, 113275.446, 565812.31, 1.18919
228, 299.856, 1.0, 500.0, 66.18182, 2.77223, 112219.104, 566128.434, 1.16547
229, 297.38, 1.0, 458.33333, 68.0, 2.78681, 111165.456, 566442.824, 1.152
230, 294.88, 1.0, 500.0, 66.0625, 2.76316, 110123.402, 566753.106, 1.13636
231, 292.436, 1.0, 500.0, 64.3, 2.68478, 109113.582, 567024.292, 1.14844
232, 290.022, 1.07143, 466.66667, 65.07143, 2.69978, 108111.152, 567291.566, 1.14063
233, 287.704, 1.0, 500.0, 62.21429, 2.59341, 107142.812, 567522.968, 1.112
234, 285.418, 1.0, 461.53846, 65.41667, 2.65227, 106194.258, 567734.544, 1.11304
235, 283.118, 1.1, 500.0, 61.81818, 2.55142, 105224.228, 567968.924, 1.10811
236, 280.878, 1.0, 500.0, 65.23077, 2.51876, 104296.142, 568160.752, 1.13861
237, 278.516, 1.0, 500.0, 64.15385, 2.60044, 103329.084, 568393.182, 1.14563
238, 276.14, 1.0, 500.0, 61.85714, 2.65198, 102345.124, 568641.124, 1.15957
239, 273.85, 1.0, 500.0, 63.85714, 2.614, 101398.622, 568848.384, 1.13187
240, 271.452, 1.0, 500.0, 66.42857, 2.59315, 100407.95, 569102.886, 1.12644
241, 269.048, 1.0, 500.0, 69.25, 2.68805, 99433.498, 569341.718, 1.13415
242, 266.83, 1.0, 500.0, 66.33333, 2.50446, 98504.85, 569529.004, 1.11688
243, 264.588, 1.0, 500.0, 65.0, 2.56208, 97576.068, 569724.496, 1.09333
244, 262.296, 1.0, 500.0, 66.66667, 2.59284, 96630.076, 569938.858, 1.10959
245, 260.188, 1.0, 500.0, 64.66667, 2.40315, 95750.908, 570080.942, 1.07246
246, 257.994, 1.0, 500.0, 67.91667, 2.43297, 94860.494, 570243.314, 1.02703
247, 255.908, 1.0, 500.0, 61.0, 2.39002, 93973.69, 570392.756, 1.0
248, 253.8, 1.0, 500.0, 63.875, 2.447, 93098.774, 570533.724, 1.04478
249, 251.666, 1.0, 500.0, 63.8, 2.42438, 92224.448, 570671.804, 1.04615
250, 249.604, 1.0, 500.0, 64.0, 2.38391, 91384.048, 570782.348, 1.09231
251, 247.504, 1.0, 500.0, 66.11111, 2.43218, 90522.986, 570911.59, 1.09091
252, 245.456, 1.09091, 500.0, 63.75, 2.31236, 89677.342, 571030.21, 1.08219
253, 243.418, 1.0, 500.0, 61.5, 2.37097, 88831.48, 571143.934, 1.07143
254, 241.392, 1.0, 500.0, 60.6, 2.37819, 88010.56, 571233.51, 1.0625
255, 239.4, 1.0, 500.0, 63.25, 2.30575, 87191.94, 571320.938, 1.06154
256, 237.438, 1.0, 500.0, 74.33333, 2.26484, 86383.55, 571396.416, 1.05172
257, 235.522, 1.0, 500.0, 67.16667, 2.21053, 85589.436, 571463.04, 1.05357
258, 233.53, 1.0, 500.0, 62.33333, 2.30345, 84777.424, 571546.146, 1.03509
259, 231.602, 1.0, 500.0, 62.5, 2.28941, 83977.222, 571616.092, 1.01887
260, 229.758, 1.0, 500.0, 65.1, 2.13563, 83219.8, 571649.64, 1.05556
261, 227.84, 1.0, 500.0, 66.125, 2.2338, 82441.892, 571699.61, 1.07273
262, 225.928, 1.0, 500.0, 64.42857, 2.30549, 81661.524, 571752.354, 1.09804
263, 223.994, 1.0, 500.0, 64.2, 2.23394, 80868.944, 571818.214, 1.10204
264, 222.076, 1.0, 500.0, 66.71429, 2.3149, 80093.18, 571870.328, 1.07547
265, 220.332, 1.0, 500.0, 68.0, 2.15971, 79384.956, 571848.928, 1.06122
266, 218.474, 1.0, 500.0, 62.0, 2.2109, 78640.986, 571866.94, 1.04
267, 216.654, 1.0, 500.0, 60.5, 2.15529, 77901.966, 571877.796, 1.02128
268, 214.954, 1.0, 500.0, 59.16667, 2.13466, 77212.248, 571844.714, 1.02128
269, 213.218, 1.0, 500.0, 65.83333, 2.10096, 76503.81, 571829.692, 1.04348
270, 211.5, 1.0, 500.0, 62.0, 2.12776, 75792.5, 571815.754, 1.0
271, 209.74, 1.0, 500.0, 67.66667, 2.17402, 75091.466, 571789.11, 1.0
272, 208.052, 1.0, 500.0, 68.0, 2.0963, 74406.846, 571750.782, 1.0
273, 206.38, 1.0, 500.0, 59.0, 2.11307, 73719.416, 571716.068, 1.0
274, 204.666, 1.0, 500.0, 67.33333, 2.18734, 73025.542, 571686.578, 1.0
275, 203.03, 1.0, 500.0, 66.5, 2.03474, 72370.11, 571617.938, 1.0
276, 201.354, 0.0, 0.0, 0.0, 2.01918, 71693.308, 571569.918, 1.0
277, 199.682, 1.0, 500.0, 68.0, 2.04623, 71021.94, 571518.22, 1.0
278, 197.966, 1.0, 500.0, 65.33333, 2.13366, 70342.69, 571477.532, 1.0
279, 196.27, 1.0, 500.0, 50.0, 2.05048, 69661.352, 571435.238, 1.0
280, 194.674, 1.0, 500.0, 60.16667, 2.03562, 69027.99, 571353.174, 1.0
281, 193.0, 0.0, 0.0, 0.0, 2.03148, 68358.674, 571300.2, 1.0
282, 191.424, 1.0, 500.0, 57.5, 1.98744, 67725.356, 571214.692, 1.0
283, 189.812, 1.0, 500.0, 54.0, 2.01244, 67087.958, 571137.036, 1.1
284, 188.228, 1.0, 500.0, 77.0, 1.98254, 66455.378, 571054.02, 1.10526
285, 186.58, 1.0, 500.0, 57.0, 2.01951, 65799.886, 570991.22, 1.05556
286, 184.972, 1.0, 500.0, 62.5, 2.03283, 65166.068, 570911.886, 1.05263
287, 183.408, 1.0, 500.0, 67.0, 1.96241, 64539.874, 570824.842, 1.0
288, 181.894, 0.0, 0.0, 0.0, 1.91414, 63939.856, 570710.526, 1.0
289, 180.362, 1.0, 375.0, 65.0, 1.94684, 63337.586, 570599.144, 1.0
290, 178.886, 1.0, 500.0, 58.0, 1.9199, 62747.048, 570477.164, 1.05882
291, 177.344, 1.0, 500.0, 65.66667, 1.92269, 62139.254, 570373.232, 1.05
292, 175.818, 1.0, 500.0, 62.5, 1.92695, 61541.88, 570262.108, 1.0
293, 174.366, 1.0, 500.0, 62.5, 1.91601, 60975.626, 570116.346, 1.0
294, 172.948, 1.0, 500.0, 69.0, 1.82821, 60419.69, 569962.15, 1.0
295, 171.56, 1.0, 500.0, 59.0, 1.86327, 59862.558, 569808.8, 1.0
296, 170.066, 1.0, 500.0, 65.33333, 1.92288, 59275.618, 569688.654, 1.0
297, 168.692, 0.0, 0.0, 0.0, 1.85484, 58743.574, 569509.036, 1.0
298, 167.198, 0.0, 0.0, 0.0, 1.9555, 58153.686, 569387.748, 1.0
299, 165.936, 1.0, 0.0, 0.0, 1.77095, 57650.848, 569181.798, 1.0
300, 164.51, 0.0, 0.0, 0.0, 1.8992, 57096.536, 569027.62, 1.0
301, 163.162, 0.0, 0.0, 0.0, 1.81989, 56558.126, 568861.792, 1.0
302, 161.788, 1.0, 500.0, 68.0, 1.84718, 56024.358, 568691.478, 1.0
303, 160.438, 1.0, 500.0, 68.0, 1.81233, 55490.33, 568519.254, 1.0
304, 159.028, 1.0, 500.0, 61.5, 1.87105, 54939.386, 568366.446, 1.0
305, 157.68, 0.0, 0.0, 0.0, 1.82927, 54413.13, 568190.436, 1.0
306, 156.3, 1.0, 500.0, 60.0, 1.85027, 53880.134, 568021.292, 1.0
307, 155.05, 1.0, 500.0, 52.0, 1.67112, 53392.462, 567805.366, 1.0
308, 153.794, 0.0, 0.0, 0.0, 1.8046, 52899.842, 567593.046, 1.0
309, 152.498, 0.0, 0.0, 0.0, 1.75135, 52399.866, 567391.534, 1.0
310, 151.252, 0.0, 0.0, 0.0, 1.71625, 51915.104, 567174.006, 1.0
311, 149.95, 0.0, 0.0, 0.0, 1.75, 51404.93, 566982.37, 1.0
312, 148.714, 1.0, 500.0, 64.0, 1.78674, 50924.368, 566765.132, 1.0
313, 147.466, 0.0, 0.0, 0.0, 1.7479, 50449.952, 566540.426, 1.0
314, 146.296, 0.0, 0.0, 0.0, 1.67236, 49998.99, 566292.132, 1.0
315, 144.992, 0.0, 0.0, 0.0, 1.7863, 49501.736, 566092.312, 1.0
316, 143.824, 1.0, 500.0, 68.0, 1.71554, 49055.652, 565842.278, 1.0
317, 142.71, 0.0, 0.0, 0.0, 1.64307, 48622.584, 565578.77, 1.0
318, 141.49, 1.0, 500.0, 62.0, 1.78363, 48156.858, 565349.934, 1.0
319, 140.322, 0.0, 0.0, 0.0, 1.72271, 47718.896, 565092.834, 1.0
320, 139.262, 0.0, 0.0, 0.0, 1.60606, 47305.266, 564810.94, 1.0
321, 138.102, 0.0, 0.0, 0.0, 1.66189, 46860.674, 564561.198, 1.0
322, 136.986, 0.0, 0.0, 0.0, 1.64412, 46438.886, 564289.13, 1.0
323, 135.764, 0.0, 0.0, 0.0, 1.74571, 45974.576, 564060.172, 1.0
324, 134.64, 0.0, 0.0, 0.0, 1.66766, 45545.252, 563799.606, 1.0
325, 133.51, 1.0, 500.0, 61.0, 1.71733, 45106.338, 563547.164, 1.0
326, 132.354, 0.0, 0.0, 0.0, 1.79257, 44672.38, 563291.322, 1.0
327, 131.29, 1.0, 500.0, 68.0, 1.63692, 44265.548, 563009.152, 1.0
328, 130.234, 0.0, 0.0, 0.0, 1.64798, 43859.96, 562724.672, 1.0
329, 129.214, 0.0, 0.0, 0.0, 1.60377, 43473.812, 562420.454, 1.0
330, 128.088, 1.0, 500.0, 59.0, 1.68563, 43052.212, 562155.854, 1.0
331, 126.968, 0.0, 0.0, 0.0, 1.64706, 42626.45, 561894.052, 1.0
332, 125.946, 0.0, 0.0, 0.0, 1.59688, 42232.226, 561601.526, 1.0
333, 124.926, 1.0, 500.0, 49.0, 1.57895, 41842.518, 561307.628, 1.0
334, 123.922, 0.0, 0.0, 0.0, 1.58861, 41458.292, 561008.628, 1.0
335, 122.918, 1.0, 500.0, 64.5, 1.56698, 41077.786, 560708.796, 1.0
336, 121.912, 0.0, 0.0, 0.0, 1.55247, 40694.42, 560408.312, 1.0
337, 120.914, 1.0, 500.0, 75.0, 1.61812, 40316.582, 560105.676, 1.0
338, 119.95, 0.0, 0.0, 0.0, 1.53994, 39953.748, 559785.938, 1.0
339, 118.95, 1.0, 500.0, 60.0, 1.5873, 39579.678, 559479.978, 1.0
340, 117.92, 0.0, 0.0, 0.0, 1.60248, 39188.646, 559190.946, 1.0
341, 116.964, 1.0, 500.0, 68.0, 1.55519, 38831.036, 558871.18, 1.0
342, 115.99, 0.0, 0.0, 0.0, 1.59672, 38465.29, 558558.162, 1.0
343, 114.938, 1.0, 500.0, 52.0, 1.59394, 38083.51, 558262.498, 1.0
344, 113.954, 0.0, 0.0, 0.0, 1.58199, 37711.21, 557959.506, 1.0
345, 113.046, 0.0, 0.0, 0.0, 1.52508, 37367.134, 557629.624, 1.0
346, 112.078, 0.0, 0.0, 0.0, 1.51724, 37001.468, 557321.162, 1.0
347, 111.12, 0.0, 0.0, 0.0, 1.54341, 36648.112, 556997.17, 1.0
348, 110.196, 0.0, 0.0, 0.0, 1.57679, 36299.958, 556672.532, 1.0
349, 109.302, 0.0, 0.0, 0.0, 1.58657, 35964.008, 556335.134, 1.0
350, 108.418, 0.0, 0.0, 0.0, 1.48322, 35643.838, 555982.058, 1.0
351, 107.532, 0.0, 0.0, 0.0, 1.5689, 35318.004, 555636.566, 1.0
352, 106.598, 1.0, 500.0, 63.0, 1.44582, 34970.436, 555314.314, 1.0
353, 105.708, 0.0, 0.0, 0.0, 1.51186, 34648.824, 554964.454, 1.0
354, 104.876, 0.0, 0.0, 0.0, 1.43945, 34335.332, 554609.518, 1.0
355, 103.96, 0.0, 0.0, 0.0, 1.50658, 33996.858, 554279.522, 1.0
356, 103.146, 1.0, 500.0, 68.0, 1.47464, 33691.21, 553917.786, 1.0
357, 102.29, 0.0, 0.0, 0.0, 1.45085, 33372.69, 553567.984, 1.0
358, 101.41, 0.0, 0.0, 0.0, 1.57143, 33045.486, 553225.078, 1.0
359, 100.522, 0.0, 0.0, 0.0, 1.51877, 32718.184, 552886.732, 1.0
360, 99.694, 0.0, 0.0, 0.0, 1.49458, 32418.156, 552520.298, 1.0
361, 98.842, 0.0, 0.0, 0.0, 1.4589, 32107.686, 552167.496, 1.0
362, 97.99, 0.0, 0.0, 0.0, 1.49301, 31790.126, 551820.89, 0.0
363, 97.184, 0.0, 0.0, 0.0, 1.41901, 31487.858, 551461.442, 0.0
364, 96.384, 0.0, 0.0, 0.0, 1.50943, 31193.158, 551094.69, 0.0
365, 95.536, 0.0, 0.0, 0.0, 1.51429, 30887.292, 550735.316, 0.0
366, 94.712, 0.0, 0.0, 0.0, 1.43554, 30588.182, 550373.95, 0.0
367, 93.904, 0.0, 0.0, 0.0, 1.47985, 30291.032, 550011.45, 0.0
368, 93.078, 0.0, 0.0, 0.0, 1.41924, 29986.74, 549655.65, 0.0
369, 92.276, 0.0, 0.0, 0.0, 1.46886, 29695.93, 549286.178, 0.0
370, 91.526, 0.0, 0.0, 0.0, 1.40449, 29414.668, 548910.02, 0.0
371, 90.772, 0.0, 0.0, 0.0, 1.39114, 29144.512, 548521.362, 0.0
372, 89.912, 1.0, 500.0, 57.0, 1.4527, 28835.088, 548172.732, 1.0
373, 89.178, 0.0, 0.0, 0.0, 1.38491, 28567.182, 547785.2, 1.0
374, 88.396, 0.0, 0.0, 0.0, 1.40647, 28286.996, 547409.574, 1.0
375, 87.648, 0.0, 0.0, 0.0, 1.39552, 28018.158, 547023.016, 1.0
376, 86.908, 0.0, 0.0, 0.0, 1.45098, 27750.398, 546634.812, 1.0
377, 86.218, 0.0, 0.0, 0.0, 1.33205, 27495.706, 546234.098, 1.0
378, 85.532, 0.0, 0.0, 0.0, 1.32946, 27242.852, 545831.104, 1.0
379, 84.914, 0.0, 0.0, 0.0, 1.33766, 27016.524, 545405.726, 1.0
380, 84.264, 0.0, 0.0, 0.0, 1.34855, 26776.35, 544994.956, 1.0
381, 83.544, 0.0, 0.0, 0.0, 1.37405, 26519.578, 544601.978, 1.0
382, 82.788, 0.0, 0.0, 0.0, 1.44656, 26248.334, 544225.364, 0.0
383, 82.122, 0.0, 0.0, 0.0, 1.3875, 26011.65, 543813.02, 0.0
384, 81.492, 0.0, 0.0, 0.0, 1.37555, 25780.678, 543395.576, 0.0
385, 80.754, 0.0, 0.0, 0.0, 1.41923, 25519.192, 543009.726, 0.0
386, 80.108, 0.0, 0.0, 0.0, 1.36287, 25292.558, 542586.256, 0.0
387, 79.43, 0.0, 0.0, 0.0, 1.37805, 25051.09, 542180.786, 0.0
388, 78.764, 0.0, 0.0, 0.0, 1.38174, 24811.646, 541776.226, 0.0
389, 78.144, 0.0, 0.0, 0.0, 1.33621, 24592.91, 541349.692, 0.0
390, 77.514, 0.0, 0.0, 0.0, 1.33475, 24369.234, 540929.702, 0.0
391, 76.878, 0.0, 0.0, 0.0, 1.39474, 24138.932, 540518.252, 0.0
392, 76.17, 0.0, 0.0, 0.0, 1.41036, 23891.192, 540123.766, 0.0
393, 75.598, 0.0, 0.0, 0.0, 1.33023, 23685.378, 539686.056, 0.0
394, 74.984, 0.0, 0.0, 0.0, 1.37668, 23462.908, 539266.338, 0.0
395, 74.37, 0.0, 0.0, 0.0, 1.33478, 23246.238, 538840.256, 0.0
396, 73.734, 0.0, 0.0, 0.0, 1.38261, 23018.292, 538428.912, 0.0
397, 73.086, 0.0, 0.0, 0.0, 1.35, 22791.178, 538017.202, 0.0
398, 72.498, 0.0, 0.0, 0.0, 1.31839, 22578.648, 537591.918, 0.0
399, 71.916, 0.0, 0.0, 0.0, 1.34722, 22372.1, 537161.132, 0.0
400, 71.296, 0.0, 0.0, 0.0, 1.36564, 22153.622, 536741.842, 0.0
401, 70.662, 0.0, 0.0, 0.0, 1.34322, 21932.714, 536325.416, 0.0
402, 70.048, 0.0, 0.0, 0.0, 1.34061, 21727.87, 535894.662, 0.0
403, 69.462, 1.0, 500.0, 48.0, 1.36916, 21525.412, 535462.154, 1.0
404, 68.882, 1.0, 500.0, 46.0, 1.38756, 21323.908, 535031.35, 1.0
405, 68.288, 0.0, 0.0, 0.0, 1.31416, 21118.682, 534605.788, 1.0
406, 67.786, 0.0, 0.0, 0.0, 1.30052, 20943.1, 534146.52, 1.0
407, 67.172, 1.0, 500.0, 57.0, 1.36444, 20733.37, 533725.176, 1.0
408, 66.588, 0.0, 0.0, 0.0, 1.32579, 20524.95, 533302.632, 1.0
409, 66.046, 0.0, 0.0, 0.0, 1.30288, 20338.344, 532859.666, 1.0
410, 65.484, 0.0, 0.0, 0.0, 1.33175, 20139.456, 532430.296, 1.0
411, 64.948, 0.0, 0.0, 0.0, 1.26415, 19957.016, 531981.428, 1.0
412, 64.412, 0.0, 0.0, 0.0, 1.29469, 19769.336, 531540.874, 1.0
413, 63.826, 0.0, 0.0, 0.0, 1.36279, 19571.424, 531110.972, 1.0
414, 63.36, 0.0, 0.0, 0.0, 1.25806, 19403.158, 530651.236, 1.0
415, 62.816, 0.0, 0.0, 0.0, 1.3399, 19215.202, 530212.818, 1.0
416, 62.31, 0.0, 0.0, 0.0, 1.29082, 19038.994, 529765.61, 1.0
417, 61.796, 0.0, 0.0, 0.0, 1.33679, 18859.862, 529317.182, 0.0
418, 61.328, 0.0, 0.0, 0.0, 1.26486, 18694.612, 528857.288, 0.0
419, 60.818, 0.0, 0.0, 0.0, 1.275, 18518.85, 528412.194, 0.0
420, 60.328, 0.0, 0.0, 0.0, 1.25, 18349.724, 527961.684, 0.0
421, 59.856, 0.0, 0.0, 0.0, 1.24868, 18183.682, 527507.116, 0.0
422, 59.416, 0.0, 0.0, 0.0, 1.21547, 18025.852, 527041.444, 0.0
423, 58.95, 0.0, 0.0, 0.0, 1.28729, 17865.7, 526582.092, 0.0
424, 58.418, 0.0, 0.0, 0.0, 1.29756, 17684.028, 526144.598, 0.0
425, 57.896, 0.0, 0.0, 0.0, 1.27317, 17505.328, 525703.942, 0.0
426, 57.44, 0.0, 0.0, 0.0, 1.31792, 17346.034, 525245.412, 0.0
427, 56.944, 0.0, 0.0, 0.0, 1.21569, 17175.432, 524797.594, 0.0
428, 56.422, 0.0, 0.0, 0.0, 1.28571, 16998.158, 524357.212, 0.0
429, 55.906, 0.0, 0.0, 0.0, 1.22275, 16822.878, 523915.056, 0.0
430, 55.456, 0.0, 0.0, 0.0, 1.24309, 16665.704, 523456.908, 0.0
431, 54.992, 0.0, 0.0, 0.0, 1.24731, 16507.266, 522999.008, 0.0
432, 54.498, 0.0, 0.0, 0.0, 1.2602, 16337.296, 522554.432, 0.0
433, 54.074, 0.0, 0.0, 0.0, 1.21143, 16192.028, 522085.04, 0.0
434, 53.642, 0.0, 0.0, 0.0, 1.25581, 16046.572, 521616.192, 0.0
435, 53.208, 0.0, 0.0, 0.0, 1.2191, 15898.83, 521150.502, 0.0
436, 52.722, 0.0, 0.0, 0.0, 1.29947, 15735.032, 520702.656, 0.0
437, 52.304, 0.0, 0.0, 0.0, 1.20115, 15590.338, 520235.43, 0.0
438, 51.87, 0.0, 0.0, 0.0, 1.25434, 15444.894, 519770.53, 0.0
439, 51.448, 0.0, 0.0, 0.0, 1.20571, 15301.738, 519304.116, 0.0
440, 51.004, 0.0, 0.0, 0.0, 1.24719, 15153.69, 518842.25, 0.0
441, 50.586, 0.0, 0.0, 0.0, 1.23669, 15017.24, 518368.566, 0.0
442, 50.114, 0.0, 0.0, 0.0, 1.26203, 14857.298, 517920.404, 0.0
443, 49.716, 0.0, 0.0, 0.0, 1.24375, 14724.64, 517448.004, 0.0
444, 49.314, 0.0, 0.0, 0.0, 1.21084, 14588.814, 516977.268, 0.0
445, 48.934, 0.0, 0.0, 0.0, 1.22581, 14461.084, 516497.858, 0.0
446, 48.564, 1.0, 500.0, 52.0, 1.15625, 14334.766, 516020.518, 1.0
447, 48.116, 0.0, 0.0, 0.0, 1.2043, 14183.956, 515565.996, 1.0
448, 47.668, 0.0, 0.0, 0.0, 1.22404, 14040.076, 515104.632, 1.0
449, 47.264, 0.0, 0.0, 0.0, 1.21687, 13907.288, 514634.934, 1.0
450, 46.826, 0.0, 0.0, 0.0, 1.2807, 13758.096, 514181.032, 1.0
451, 46.39, 0.0, 0.0, 0.0, 1.19126, 13616.698, 513720.456, 1.0
452, 46.064, 0.0, 0.0, 0.0, 1.18116, 13506.81, 513230.384, 1.0
453, 45.706, 0.0, 0.0, 0.0, 1.16234, 13390.97, 512748.06, 1.0
454, 45.314, 0.0, 0.0, 0.0, 1.18072, 13262.38, 512277.278, 1.0
455, 44.97, 0.0, 0.0, 0.0, 1.14667, 13146.468, 511796.678, 1.0
456, 44.616, 0.0, 0.0, 0.0, 1.24476, 13023.974, 511322.386, 0.0
457, 44.27, 0.0, 0.0, 0.0, 1.21831, 12909.752, 510837.694, 0.0
458, 43.928, 0.0, 0.0, 0.0, 1.16327, 12800.484, 510349.196, 0.0
459, 43.632, 0.0, 0.0, 0.0, 1.14729, 12699.776, 509854.31, 0.0
460, 43.256, 0.0, 0.0, 0.0, 1.13939, 12576.108, 509382.972, 0.0
461, 42.924, 0.0, 0.0, 0.0, 1.13699, 12463.37, 508901.654, 0.0
462, 42.578, 0.0, 0.0, 0.0, 1.18493, 12348.904, 508422.64, 0.0
463, 42.268, 0.0, 0.0, 0.0, 1.16541, 12248.21, 507929.942, 0.0
464, 41.878, 0.0, 0.0, 0.0, 1.18182, 12119.88, 507463.568, 0.0
465, 41.552, 0.0, 0.0, 0.0, 1.17266, 12014.358, 506977.116, 0.0
466, 41.238, 0.0, 0.0, 0.0, 1.10563, 11907.21, 506493.158, 0.0
467, 40.938, 0.0, 0.0, 0.0, 1.19048, 11808.694, 505998.536, 0.0
468, 40.622, 0.0, 0.0, 0.0, 1.17037, 11702.142, 505515.016, 0.0
469, 40.296, 0.0, 0.0, 0.0, 1.18116, 11594.804, 505034.12, 0.0
470, 39.968, 0.0, 0.0, 0.0, 1.13889, 11486.476, 504552.162, 0.0
471, 39.66, 0.0, 0.0, 0.0, 1.14074, 11386.99, 504061.592, 0.0
472, 39.338, 0.0, 0.0, 0.0, 1.11034, 11279.43, 503582.272, 0.0
473, 39.0, 0.0, 0.0, 0.0, 1.16552, 11166.44, 503110.604, 0.0
474, 38.646, 0.0, 0.0, 0.0, 1.19595, 11054.742, 502635.946, 0.0
475, 38.308, 0.0, 0.0, 0.0, 1.15753, 10944.028, 502161.41, 0.0
476, 38.006, 0.0, 0.0, 0.0, 1.16154, 10846.44, 501673.686, 0.0
477, 37.664, 0.0, 0.0, 0.0, 1.17123, 10737.026, 501200.844, 0.0
478, 37.368, 0.0, 0.0, 0.0, 1.15625, 10643.102, 500712.098, 0.0
479, 37.04, 0.0, 0.0, 0.0, 1.10067, 10536.322, 500236.754, 0.0
480, 36.724, 0.0, 0.0, 0.0, 1.21538, 10434.188, 499756.332, 0.0
481, 36.434, 1.0, 500.0, 53.0, 1.14173, 10344.052, 499267.326, 1.0
482, 36.124, 0.0, 0.0, 0.0, 1.20155, 10243.852, 498784.958, 1.0
483, 35.802, 0.0, 0.0, 0.0, 1.20149, 10140.136, 498306.928, 1.0
484, 35.484, 0.0, 0.0, 0.0, 1.16912, 10036.298, 497831.522, 1.0
485, 35.178, 0.0, 0.0, 0.0, 1.16794, 9939.422, 497349.31, 1.0
486, 34.872, 0.0, 0.0, 0.0, 1.13333, 9839.12, 496871.11, 1.0
487, 34.582, 0.0, 0.0, 0.0, 1.18852, 9745.084, 496384.488, 1.0
488, 34.35, 0.0, 0.0, 0.0, 1.11538, 9668.606, 495883.49, 1.0
489, 34.108, 0.0, 0.0, 0.0, 1.23469, 9590.164, 495388.398, 1.0
490, 33.824, 0.0, 0.0, 0.0, 1.18333, 9500.866, 494901.636, 1.0
491, 33.492, 0.0, 0.0, 0.0, 1.15172, 9391.952, 494436.384, 0.0
492, 33.244, 0.0, 0.0, 0.0, 1.11712, 9310.068, 493943.726, 0.0
493, 32.964, 0.0, 0.0, 0.0, 1.12, 9222.622, 493458.838, 0.0
494, 32.728, 0.0, 0.0, 0.0, 1.11321, 9147.628, 492962.054, 0.0
495, 32.458, 0.0, 0.0, 0.0, 1.15385, 9061.748, 492476.396, 0.0
496, 32.2, 0.0, 0.0, 0.0, 1.15179, 8981.672, 491983.262, 0.0
497, 31.95, 0.0, 0.0, 0.0, 1.16822, 8904.216, 491491.08, 0.0
498, 31.686, 0.0, 0.0, 0.0, 1.1, 8823.834, 491000.234, 0.0
499, 31.386, 0.0, 0.0, 0.0, 1.1811, 8733.652, 490521.58, 0.0
500, 31.128, 0.0, 0.0, 0.0, 1.10256, 8653.292, 490033.464, 0.0
501, 30.856, 0.0, 0.0, 0.0, 1.17241, 8570.148, 489549.296, 0.0
502, 30.58, 0.0, 0.0, 0.0, 1.12195, 8483.876, 489069.332, 0.0
503, 30.332, 0.0, 0.0, 0.0, 1.18095, 8404.798, 488581.258, 0.0
504, 30.088, 0.0, 0.0, 0.0, 1.12963, 8328.594, 488090.292, 0.0
505, 29.808, 0.0, 0.0, 0.0, 1.14754, 8242.84, 487611.156, 0.0
506, 29.51, 0.0, 0.0, 0.0, 1.12879, 8148.436, 487140.114, 0.0
507, 29.268, 0.0, 0.0, 0.0, 1.12037, 8072.708, 486649.632, 0.0
508, 29.06, 0.0, 0.0, 0.0, 1.07216, 8005.314, 486153.274, 0.0
509, 28.852, 0.0, 0.0, 0.0, 1.06122, 7943.01, 485653.264, 0.0
510, 28.612, 0.0, 0.0, 0.0, 1.17647, 7869.402, 485165.846, 0.0
511, 28.352, 0.0, 0.0, 0.0, 1.14035, 7789.266, 484683.488, 0.0
512, 28.088, 0.0, 0.0, 0.0, 1.13793, 7710.014, 484200.004, 0.0
513, 27.908, 0.0, 0.0, 0.0, 1.125, 7652.34, 483696.434, 0.0
514, 27.694, 0.0, 0.0, 0.0, 1.08081, 7585.24, 483203.758, 0.0
515, 27.488, 0.0, 0.0, 0.0, 1.07292, 7517.154, 482712.986, 0.0
516, 27.264, 0.0, 0.0, 0.0, 1.09804, 7445.67, 482224.574, 0.0
517, 26.982, 0.0, 0.0, 0.0, 1.11024, 7360.64, 481752.444, 0.0
518, 26.79, 0.0, 0.0, 0.0, 1.10345, 7301.696, 481253.988, 0.0
519, 26.566, 0.0, 0.0, 0.0, 1.07692, 7232.244, 480767.012, 0.0
520, 26.346, 0.0, 0.0, 0.0, 1.17021, 7165.746, 480280.13, 0.0
521, 26.15, 0.0, 0.0, 0.0, 1.08889, 7102.986, 479789.31, 0.0
522, 25.934, 0.0, 0.0, 0.0, 1.05882, 7034.798, 479301.906, 0.0
523, 25.722, 0.0, 0.0, 0.0, 1.08163, 6971.056, 478811.118, 0.0
524, 25.518, 0.0, 0.0, 0.0, 1.12088, 6907.958, 478321.818, 0.0
525, 25.342, 0.0, 0.0, 0.0, 1.06024, 6851.722, 477822.306, 0.0
526, 25.096, 0.0, 0.0, 0.0, 1.14953, 6777.26, 477344.32, 0.0
527, 24.914, 0.0, 0.0, 0.0, 1.09639, 6721.682, 476849.458, 0.0
528, 24.692, 0.0, 0.0, 0.0, 1.18085, 6653.32, 476366.212, 0.0
529, 24.466, 0.0, 0.0, 0.0, 1.13, 6583.902, 475882.9, 0.0
530, 24.268, 0.0, 0.0, 0.0, 1.05319, 6524.478, 475394.046, 0.0
531, 24.082, 0.0, 0.0, 0.0, 1.09412, 6466.788, 474902.172, 0.0
532, 23.884, 0.0, 0.0, 0.0, 1.1, 6405.77, 474416.29, 0.0
533, 23.69, 0.0, 0.0, 0.0, 1.10227, 6347.054, 473924.96, 0.0
534, 23.498, 0.0, 0.0, 0.0, 1.11628, 6287.636, 473435.856, 0.0
535, 23.274, 0.0, 0.0, 0.0, 1.17895, 6219.892, 472956.066, 0.0
536, 23.068, 0.0, 0.0, 0.0, 1.11957, 6158.864, 472470.546, 0.0
537, 22.896, 0.0, 0.0, 0.0, 1.075, 6103.222, 471979.51, 0.0
538, 22.716, 0.0, 0.0, 0.0, 1.09756, 6048.606, 471488.714, 0.0
539, 22.51, 0.0, 0.0, 0.0, 1.09574, 5987.576, 471004.62, 0.0
540, 22.318, 0.0, 0.0, 0.0, 1.14286, 5930.61, 470518.792, 0.0
541, 22.146, 0.0, 0.0, 0.0, 1.02381, 5877.214, 470028.306, 0.0
542, 21.946, 0.0, 0.0, 0.0, 1.06383, 5816.492, 469546.016, 0.0
543, 21.784, 0.0, 0.0, 0.0, 1.10959, 5766.162, 469056.47, 0.0
544, 21.594, 0.0, 0.0, 0.0, 1.06742, 5710.474, 468571.546, 0.0
545, 21.442, 0.0, 0.0, 0.0, 1.0411, 5663.1, 468077.02, 0.0
546, 21.246, 0.0, 0.0, 0.0, 1.12644, 5603.508, 467596.422, 0.0
547, 21.072, 0.0, 0.0, 0.0, 1.06098, 5551.57, 467108.312, 0.0
548, 20.908, 0.0, 0.0, 0.0, 1.06494, 5502.304, 466620.354, 0.0
549, 20.724, 0.0, 0.0, 0.0, 1.09524, 5447.026, 466138.762, 0.0
550, 20.54, 0.0, 0.0, 0.0, 1.09524, 5393.664, 465655.744, 0.0
551, 20.382, 0.0, 0.0, 0.0, 1.03947, 5345.13, 465167.42, 0.0
552, 20.202, 0.0, 0.0, 0.0, 1.09756, 5290.218, 464684.652, 0.0
553, 20.046, 0.0, 0.0, 0.0, 1.09859, 5241.938, 464195.864, 0.0
554, 19.862, 0.0, 0.0, 0.0, 1.09524, 5184.566, 463718.99, 0.0
555, 19.702, 0.0, 0.0, 0.0, 1.12676, 5138.022, 463229.444, 0.0
556, 19.512, 0.0, 0.0, 0.0, 1.20253, 5083.784, 462748.422, 0.0
557, 19.358, 0.0, 0.0, 0.0, 1.08451, 5038.22, 462262.528, 0.0
558, 19.194, 0.0, 0.0, 0.0, 1.07895, 4992.494, 461775.96, 0.0
559, 19.06, 0.0, 0.0, 0.0, 1.01515, 4952.052, 461284.046, 0.0
560, 18.916, 0.0, 0.0, 0.0, 1.04348, 4908.998, 460795.454, 0.0
561, 18.764, 0.0, 0.0, 0.0, 1.07042, 4865.18, 460308.524, 0.0
562, 18.59, 0.0, 0.0, 0.0, 1.11538, 4813.488, 459831.694, 0.0
563, 18.446, 0.0, 0.0, 0.0, 1.10769, 4771.034, 459343.992, 0.0
564, 18.29, 0.0, 0.0, 0.0, 1.08333, 4726.0, 458859.25, 0.0
565, 18.096, 0.0, 0.0, 0.0, 1.11494, 4671.612, 458384.74, 0.0
566, 17.944, 0.0, 0.0, 0.0, 1.11765, 4628.418, 457899.788, 0.0
567, 17.78, 0.0, 0.0, 0.0, 1.06494, 4584.17, 457419.934, 0.0
568, 17.654, 0.0, 0.0, 0.0, 1.01613, 4546.496, 456930.626, 0.0
569, 17.498, 0.0, 0.0, 0.0, 1.06849, 4500.908, 456450.492, 0.0
570, 17.368, 0.0, 0.0, 0.0, 1.06557, 4462.608, 455963.954, 0.0
571, 17.206, 0.0, 0.0, 0.0, 1.02532, 4416.384, 455485.116, 0.0
572, 17.036, 0.0, 0.0, 0.0, 1.1039, 4369.578, 455006.92, 0.0
573, 16.878, 0.0, 0.0, 0.0, 1.12857, 4322.812, 454528.374, 0.0
574, 16.73, 0.0, 0.0, 0.0, 1.02778, 4279.216, 454046.468, 0.0
575, 16.602, 0.0, 0.0, 0.0, 1.03226, 4241.212, 453562.146, 0.0
576, 16.49, 0.0, 0.0, 0.0, 1.0566, 4208.8, 453071.698, 0.0
577, 16.382, 0.0, 0.0, 0.0, 1.01887, 4176.652, 452583.736, 0.0
578, 16.25, 0.0, 0.0, 0.0, 1.08197, 4140.394, 452099.284, 0.0
579, 16.118, 0.0, 0.0, 0.0, 1.1, 4101.488, 451617.97, 0.0
580, 15.994, 0.0, 0.0, 0.0, 1.06897, 4064.026, 451137.342, 0.0
581, 15.858, 0.0, 0.0, 0.0, 1.0625, 4024.928, 450657.772, 0.0
582, 15.746, 0.0, 0.0, 0.0, 1.03704, 3992.67, 450171.998, 0.0
583, 15.626, 0.0, 0.0, 0.0, 1.05263, 3956.36, 449690.932, 0.0
584, 15.5, 0.0, 0.0, 0.0, 1.08621, 3921.49, 449209.826, 0.0
585, 15.374, 0.0, 0.0, 0.0, 1.125, 3885.52, 448728.822, 0.0
586, 15.236, 0.0, 0.0, 0.0, 1.13115, 3846.428, 448252.96, 0.0
587, 15.104, 0.0, 0.0, 0.0, 1.04762, 3810.084, 447776.852, 0.0
588, 14.972, 0.0, 0.0, 0.0, 1.06452, 3772.824, 447300.792, 0.0
589, 14.838, 0.0, 0.0, 0.0, 1.06349, 3733.216, 446825.952, 0.0
590, 14.736, 0.0, 0.0, 0.0, 1.08511, 3702.392, 446341.934, 0.0
591, 14.654, 0.0, 0.0, 0.0, 1.05128, 3677.126, 445854.722, 0.0
592, 14.522, 0.0, 0.0, 0.0, 1.06452, 3641.606, 445376.828, 0.0
593, 14.392, 0.0, 0.0, 0.0, 1.16071, 3607.366, 444899.916, 0.0
594, 14.28, 0.0, 0.0, 0.0, 1.07692, 3573.7, 444421.238, 0.0
595, 14.148, 0.0, 0.0, 0.0, 1.04762, 3537.618, 443946.258, 0.0
596, 14.036, 0.0, 0.0, 0.0, 1.07692, 3505.012, 443467.396, 0.0
597, 13.894, 0.0, 0.0, 0.0, 1.07576, 3465.602, 442997.684, 0.0
598, 13.792, 0.0, 0.0, 0.0, 1.08511, 3435.708, 442517.142, 0.0
599, 13.678, 0.0, 0.0, 0.0, 1.01786, 3402.692, 442042.31, 0.0
600, 13.58, 0.0, 0.0, 0.0, 1.06522, 3375.43, 441561.51, 0.0
601, 13.474, 0.0, 0.0, 0.0, 1.10417, 3345.488, 441085.386, 0.0
602, 13.37, 0.0, 0.0, 0.0, 1.04, 3316.61, 440607.482, 0.0
603, 13.254, 0.0, 0.0, 0.0, 1.11538, 3282.484, 440134.502, 0.0
604, 13.168, 0.0, 0.0, 0.0, 1.04878, 3257.824, 439653.79, 0.0
605, 13.052, 0.0, 0.0, 0.0, 1.11538, 3224.326, 439182.052, 0.0
606, 12.91, 0.0, 0.0, 0.0, 1.04412, 3187.184, 438715.66, 0.0
607, 12.778, 0.0, 0.0, 0.0, 1.06452, 3151.57, 438249.008, 0.0
608, 12.658, 0.0, 0.0, 0.0, 1.05263, 3119.568, 437780.37, 0.0
609, 12.556, 0.0, 0.0, 0.0, 1.04082, 3090.35, 437307.158, 0.0
610, 12.456, 0.0, 0.0, 0.0, 1.04167, 3062.22, 436833.784, 0.0
611, 12.356, 0.0, 0.0, 0.0, 1.0, 3034.418, 436360.13, 0.0
612, 12.266, 0.0, 0.0, 0.0, 1.07143, 3008.924, 435884.528, 0.0
613, 12.19, 0.0, 0.0, 0.0, 1.02703, 2986.492, 435406.098, 0.0
614, 12.068, 0.0, 0.0, 0.0, 1.07018, 2954.732, 434937.036, 0.0
615, 11.972, 0.0, 0.0, 0.0, 1.06667, 2927.214, 434463.562, 0.0
616, 11.852, 0.0, 0.0, 0.0, 1.05263, 2893.04, 433998.838, 0.0
617, 11.754, 0.0, 0.0, 0.0, 1.04255, 2865.04, 433528.066, 0.0
618, 11.672, 0.0, 0.0, 0.0, 1.05128, 2841.902, 433053.576, 0.0
619, 11.574, 0.0, 0.0, 0.0, 1.04255, 2815.874, 432582.56, 0.0
620, 11.47, 0.0, 0.0, 0.0, 1.06122, 2788.652, 432113.328, 0.0
621, 11.386, 0.0, 0.0, 0.0, 1.05, 2765.058, 431642.816, 0.0
622, 11.29, 0.0, 0.0, 0.0, 1.0, 2738.936, 431174.674, 0.0
623, 11.178, 0.0, 0.0, 0.0, 1.07692, 2708.916, 430710.872, 0.0
624, 11.08, 0.0, 0.0, 0.0, 1.11364, 2681.358, 430247.078, 0.0
625, 10.97, 0.0, 0.0, 0.0, 1.0, 2652.586, 429781.374, 0.0
626, 10.878, 0.0, 0.0, 0.0, 1.04545, 2626.688, 429313.876, 0.0
627, 10.788, 0.0, 0.0, 0.0, 1.07143, 2602.306, 428845.382, 0.0
628, 10.718, 0.0, 0.0, 0.0, 1.02941, 2581.548, 428375.486, 0.0
629, 10.624, 0.0, 0.0, 0.0, 1.02174, 2554.278, 427911.294, 0.0
630, 10.524, 0.0, 0.0, 0.0, 1.0, 2527.058, 427446.518, 0.0
631, 10.42, 0.0, 0.0, 0.0, 1.01961, 2500.542, 426983.826, 0.0
632, 10.314, 0.0, 0.0, 0.0, 1.06, 2473.614, 426521.64, 0.0
633, 10.194, 0.0, 0.0, 0.0, 1.09091, 2444.02, 426063.024, 0.0
634, 10.108, 0.0, 0.0, 0.0, 1.02381, 2421.828, 425598.718, 0.0
635, 10.024, 0.0, 0.0, 0.0, 1.02439, 2399.09, 425132.412, 0.0
636, 9.944, 0.0, 0.0, 0.0, 1.02564, 2377.026, 424669.812, 0.0
637, 9.848, 0.0, 0.0, 0.0, 1.11628, 2351.178, 424209.816, 0.0
638, 9.772, 0.0, 0.0, 0.0, 1.02703, 2330.19, 423745.388, 0.0
639, 9.696, 0.0, 0.0, 0.0, 1.02703, 2309.79, 423278.08, 0.0
640, 9.626, 0.0, 0.0, 0.0, 1.0, 2290.618, 422812.5, 0.0
641, 9.544, 0.0, 0.0, 0.0, 1.05128, 2268.616, 422352.202, 0.0
642, 9.458, 0.0, 0.0, 0.0, 1.075, 2247.082, 421889.062, 0.0
643, 9.378, 0.0, 0.0, 0.0, 1.05263, 2225.202, 421426.862, 0.0
644, 9.312, 0.0, 0.0, 0.0, 1.1, 2207.876, 420961.612, 0.0
645, 9.216, 0.0, 0.0, 0.0, 1.11628, 2182.588, 420505.628, 0.0
646, 9.162, 0.0, 0.0, 0.0, 1.03846, 2167.054, 420038.392, 0.0
647, 9.076, 0.0, 0.0, 0.0, 1.04878, 2143.788, 419580.578, 0.0
648, 8.996, 0.0, 0.0, 0.0, 1.02564, 2122.902, 419121.062, 0.0
649, 8.916, 0.0, 0.0, 0.0, 1.0, 2100.074, 418665.1, 0.0
650, 8.842, 0.0, 0.0, 0.0, 1.0, 2080.086, 418205.852, 0.0
651, 8.774, 0.0, 0.0, 0.0, 1.09677, 2060.814, 417747.192, 0.0
652, 8.694, 0.0, 0.0, 0.0, 1.08108, 2038.83, 417290.494, 0.0
653, 8.62, 0.0, 0.0, 0.0, 1.0, 2020.46, 416829.934, 0.0
654, 8.522, 0.0, 0.0, 0.0, 1.04255, 1995.264, 416377.684, 0.0
655, 8.468, 0.0, 0.0, 0.0, 1.0, 1979.314, 415917.214, 0.0
656, 8.388, 0.0, 0.0, 0.0, 1.05263, 1957.124, 415464.178, 0.0
657, 8.306, 0.0, 0.0, 0.0, 1.025, 1935.786, 415011.32, 0.0
658, 8.24, 0.0, 0.0, 0.0, 1.0, 1917.644, 414555.444, 0.0
659, 8.16, 0.0, 0.0, 0.0, 1.02564, 1896.04, 414104.202, 0.0
660, 8.1, 0.0, 0.0, 0.0, 1.03448, 1879.856, 413645.048, 0.0
661, 8.028, 0.0, 0.0, 0.0, 1.0, 1861.104, 413189.172, 0.0
662, 7.964, 0.0, 0.0, 0.0, 1.03226, 1843.628, 412733.78, 0.0
663, 7.896, 0.0, 0.0, 0.0, 1.0303, 1826.044, 412278.202, 0.0
664, 7.834, 0.0, 0.0, 0.0, 1.03333, 1809.27, 411820.142, 0.0
665, 7.77, 0.0, 0.0, 0.0, 1.10345, 1791.806, 411367.098, 0.0
666, 7.72, 0.0, 0.0, 0.0, 1.04167, 1777.74, 410910.194, 0.0
667, 7.642, 0.0, 0.0, 0.0, 1.02632, 1756.372, 410462.472, 0.0
668, 7.566, 0.0, 0.0, 0.0, 1.0, 1736.808, 410011.15, 0.0
669, 7.488, 0.0, 0.0, 0.0, 1.05405, 1717.402, 409562.56, 0.0
670, 7.428, 0.0, 0.0, 0.0, 1.0, 1701.732, 409110.546, 0.0
671, 7.368, 0.0, 0.0, 0.0, 1.03448, 1686.256, 408655.226, 0.0
672, 7.306, 0.0, 0.0, 0.0, 1.0, 1669.4, 408204.314, 0.0
673, 7.236, 0.0, 0.0, 0.0, 1.09375, 1651.088, 407756.186, 0.0
674, 7.176, 0.0, 0.0, 0.0, 1.03448, 1635.512, 407304.314, 0.0
675, 7.126, 0.0, 0.0, 0.0, 1.04167, 1622.326, 406850.666, 0.0
676, 7.05, 0.0, 0.0, 0.0, 1.08571, 1602.928, 406404.278, 0.0
677, 7.0, 0.0, 0.0, 0.0, 1.0, 1589.99, 405952.732, 0.0
678, 6.942, 0.0, 0.0, 0.0, 1.0, 1573.934, 405506.07, 0.0
679, 6.882, 0.0, 0.0, 0.0, 1.07143, 1559.626, 405057.06, 0.0
680, 6.812, 0.0, 0.0, 0.0, 1.0, 1543.954, 404608.87, 0.0
681, 6.762, 0.0, 0.0, 0.0, 1.04167, 1531.658, 404156.928, 0.0
682, 6.71, 0.0, 0.0, 0.0, 1.0, 1518.96, 403704.75, 0.0
683, 6.654, 0.0, 0.0, 0.0, 1.07692, 1504.512, 403257.028, 0.0
684, 6.586, 0.0, 0.0, 0.0, 1.0303, 1487.45, 402811.932, 0.0
685, 6.534, 0.0, 0.0, 0.0, 1.0, 1474.096, 402365.514, 0.0
686, 6.486, 0.0, 0.0, 0.0, 1.09091, 1461.59, 401917.996, 0.0
687, 6.416, 0.0, 0.0, 0.0, 1.09375, 1443.99, 401475.168, 0.0
688, 6.348, 0.0, 0.0, 0.0, 1.0303, 1426.434, 401035.238, 0.0
689, 6.298, 0.0, 0.0, 0.0, 1.08696, 1413.812, 400588.128, 0.0
690, 6.236, 0.0, 0.0, 0.0, 1.03333, 1397.734, 400145.576, 0.0
691, 6.2, 0.0, 0.0, 0.0, 1.0, 1388.024, 399697.908, 0.0
692, 6.152, 0.0, 0.0, 0.0, 1.04348, 1375.796, 399253.452, 0.0
693, 6.114, 0.0, 0.0, 0.0, 1.05556, 1365.668, 398806.32, 0.0
694, 6.05, 0.0, 0.0, 0.0, 1.0, 1349.006, 398367.466, 0.0
695, 5.996, 0.0, 0.0, 0.0, 1.08, 1335.084, 397925.506, 0.0
696, 5.94, 0.0, 0.0, 0.0, 1.03704, 1320.856, 397485.66, 0.0
697, 5.892, 0.0, 0.0, 0.0, 1.0, 1308.59, 397045.004, 0.0
698, 5.838, 0.0, 0.0, 0.0, 1.03846, 1294.706, 396606.632, 0.0
699, 5.8016, 0.0, 0.0, 0.0, 1.04348, 1284.26253, 396166.57, 0.0
700, 5.7495, 0.0, 0.0, 0.0, 1.13043, 1270.88176, 395724.30862, 0.0
701, 5.68938, 0.0, 0.0, 0.0, 1.03448, 1255.87976, 395285.61723, 0.0
702, 5.65331, 0.0, 0.0, 0.0, 1.0, 1245.50902, 394842.32265, 0.0
703, 5.59319, 0.0, 0.0, 0.0, 1.07143, 1230.93587, 394403.97796, 0.0
704, 5.55912, 0.0, 0.0, 0.0, 1.0, 1221.89379, 393962.58116, 0.0
705, 5.50301, 0.0, 0.0, 0.0, 1.12, 1208.90381, 393525.77355, 0.0
706, 5.45291, 0.0, 0.0, 0.0, 1.0, 1195.73146, 393090.23647, 0.0
707, 5.41683, 0.0, 0.0, 0.0, 1.0, 1186.24248, 392652.22044, 0.0
708, 5.37876, 0.0, 0.0, 0.0, 1.0, 1176.02806, 392214.52906, 0.0
709, 5.33066, 0.0, 0.0, 0.0, 1.09091, 1163.46092, 391781.31463, 0.0
710, 5.28313, 0.0, 0.0, 0.0, 1.03571, 1151.42169, 391346.21242, 0.0
711, 5.22892, 0.0, 0.0, 0.0, 1.03846, 1139.56024, 390909.36145, 0.0
712, 5.18273, 0.0, 0.0, 0.0, 1.0, 1127.40763, 390476.01807, 0.0
713, 5.13052, 0.0, 0.0, 0.0, 1.0, 1115.61647, 390041.45783, 0.0
714, 5.0743, 0.0, 0.0, 0.0, 1.0, 1102.749, 389609.87149, 0.0
715, 5.03815, 0.0, 0.0, 0.0, 1.0, 1093.12048, 389173.79116, 0.0
716, 4.97791, 0.0, 0.0, 0.0, 1.0, 1078.67269, 388743.31526, 0.0
717, 4.93775, 0.0, 0.0, 0.0, 1.0, 1069.10241, 388307.89558, 0.0
718, 4.90161, 0.0, 0.0, 0.0, 1.0, 1060.64458, 387872.77309, 0.0
719, 4.86948, 0.0, 0.0, 0.0, 1.0, 1052.93775, 387436.89357, 0.0
720, 4.83936, 0.0, 0.0, 0.0, 1.0, 1044.76305, 387003.53815, 0.0
721, 4.79719, 0.0, 0.0, 0.0, 1.0, 1034.31928, 386574.13454, 0.0
722, 4.74096, 0.0, 0.0, 0.0, 1.07692, 1021.5, 386145.73092, 0.0
723, 4.68675, 0.0, 0.0, 0.0, 1.0, 1009.29116, 385716.68474, 0.0
724, 4.64859, 0.0, 0.0, 0.0, 1.0, 1000.34137, 385284.9759, 0.0
725, 4.59438, 0.0, 0.0, 0.0, 1.0, 986.9739, 384858.67671, 0.0
726, 4.56539, 0.0, 0.0, 0.0, 1.0, 979.16097, 384428.26104, 0.0
727, 4.54839, 0.0, 0.0, 0.0, 1.0, 974.83065, 383988.24547, 0.0
728, 4.52218, 0.0, 0.0, 0.0, 1.0, 967.60282, 383550.99395, 0.0
729, 4.48589, 0.0, 0.0, 0.0, 1.0, 958.72177, 383122.51815, 0.0
730, 4.45766, 0.0, 0.0, 0.0, 1.07692, 951.19556, 382692.88306, 0.0
731, 4.4254, 0.0, 0.0, 0.0, 1.06667, 943.01411, 382264.19556, 0.0
732, 4.37702, 0.0, 0.0, 0.0, 1.0, 932.00806, 381838.66935, 0.0
733, 4.33871, 0.0, 0.0, 0.0, 1.1875, 923.5121, 381409.39113, 0.0
734, 4.28831, 0.0, 0.0, 0.0, 1.0, 911.56048, 380984.90524, 0.0
735, 4.2621, 0.0, 0.0, 0.0, 1.0, 904.6996, 380555.48387, 0.0
736, 4.23589, 0.0, 0.0, 0.0, 1.0, 897.83266, 380127.10484, 0.0
737, 4.20565, 0.0, 0.0, 0.0, 1.0, 888.9496, 379700.9879, 0.0
738, 4.17339, 0.0, 0.0, 0.0, 1.0, 881.26008, 379274.27419, 0.0
739, 4.14315, 0.0, 0.0, 0.0, 1.07143, 873.29839, 378850.68952, 0.0
740, 4.11111, 0.0, 0.0, 0.0, 1.0, 866.29899, 378425.87903, 0.0
741, 4.08283, 0.0, 0.0, 0.0, 1.0, 860.36768, 377992.44444, 0.0
742, 4.03838, 0.0, 0.0, 0.0, 1.04762, 848.98182, 377573.5798, 0.0
743, 4.00607, 0.0, 0.0, 0.0, 1.0, 840.42915, 377153.56768, 0.0
744, 3.96964, 0.0, 0.0, 0.0, 1.0, 831.5668, 376723.89069, 0.0
745, 3.92713, 0.0, 0.0, 0.0, 1.0, 820.99798, 376305.08502, 0.0
746, 3.88641, 0.0, 0.0, 0.0, 1.04348, 812.02231, 375885.4251, 0.0
747, 3.86207, 0.0, 0.0, 0.0, 1.0, 805.71197, 375447.28195, 0.0
748, 3.82353, 0.0, 0.0, 0.0, 1.0, 796.72617, 375027.61055, 0.0
749, 3.80041, 0.0, 0.0, 0.0, 1.0, 791.778, 374609.08114, 0.0
750, 3.76986, 0.0, 0.0, 0.0, 1.0, 784.41548, 374185.73116, 0.0
751, 3.72912, 0.0, 0.0, 0.0, 1.0, 774.88595, 373769.23422, 0.0
752, 3.7169, 0.0, 0.0, 0.0, 1.0, 771.29735, 373345.78819, 0.0
753, 3.69184, 0.0, 0.0, 0.0, 1.0, 764.74694, 372928.23014, 0.0
754, 3.66327, 0.0, 0.0, 0.0, 1.07692, 757.85918, 372510.11633, 0.0
755, 3.62781, 0.0, 0.0, 0.0, 1.0, 748.89571, 372093.22857, 0.0
756, 3.59631, 0.0, 0.0, 0.0, 1.0, 741.50205, 371685.41513, 0.0
757, 3.56148, 0.0, 0.0, 0.0, 1.0, 732.76434, 371264.06762, 0.0
758, 3.53074, 0.0, 0.0, 0.0, 1.0, 725.93852, 370848.56352, 0.0
759, 3.5, 0.0, 0.0, 0.0, 1.0, 718.98361, 370432.61066, 0.0
760, 3.47023, 0.0, 0.0, 0.0, 1.0, 712.64476, 370017.72746, 0.0
761, 3.45155, 0.0, 0.0, 0.0, 1.0, 708.34227, 369599.22793, 0.0
762, 3.43711, 0.0, 0.0, 0.0, 1.0, 704.36907, 369172.43093, 0.0
763, 3.41649, 0.0, 0.0, 0.0, 1.0, 698.90103, 368756.68866, 0.0
764, 3.39876, 0.0, 0.0, 0.0, 1.0, 694.62397, 368339.4268, 0.0
765, 3.36983, 0.0, 0.0, 0.0, 1.07692, 687.16529, 367931.3595, 0.0
766, 3.35197, 0.0, 0.0, 0.0, 1.0, 683.74741, 367516.8595, 0.0
767, 3.32505, 0.0, 0.0, 0.0, 1.08333, 677.49689, 367096.46584, 0.0
768, 3.29607, 0.0, 0.0, 0.0, 1.07692, 672.21325, 366682.80952, 0.0
769, 3.2795, 0.0, 0.0, 0.0, 1.0, 667.7412, 366268.67495, 0.0
770, 3.26087, 0.0, 0.0, 0.0, 1.125, 662.93996, 365855.45342, 0.0
771, 3.23444, 0.0, 0.0, 0.0, 1.0, 656.07469, 365445.47619, 0.0
772, 3.21577, 0.0, 0.0, 0.0, 1.0, 652.08714, 365030.82988, 0.0
773, 3.18087, 0.0, 0.0, 0.0, 1.0, 645.04574, 364622.38174, 0.0
774, 3.17328, 0.0, 0.0, 0.0, 1.0, 642.42797, 364208.45114, 0.0
775, 3.15031, 0.0, 0.0, 0.0, 1.0, 637.30689, 363789.90397, 0.0
776, 3.119, 0.0, 0.0, 0.0, 1.0, 629.74739, 363381.18163, 0.0
777, 3.08559, 0.0, 0.0, 0.0, 1.06667, 623.21503, 362971.95616, 0.0
778, 3.05439, 0.0, 0.0, 0.0, 1.05882, 615.80753, 362567.63466, 0.0
779, 3.03571, 0.0, 0.0, 0.0, 1.0, 610.59874, 362156.42259, 0.0
780, 3.0084, 0.0, 0.0, 0.0, 1.0, 603.93487, 361739.85714, 0.0
781, 2.98739, 0.0, 0.0, 0.0, 1.0, 598.57983, 361331.25, 0.0
782, 2.96842, 0.0, 0.0, 0.0, 1.0, 594.28, 360924.39076, 0.0
783, 2.95368, 0.0, 0.0, 0.0, 1.0, 590.78737, 360513.24842, 0.0
784, 2.92827, 0.0, 0.0, 0.0, 1.0, 585.02954, 360109.74105, 0.0
785, 2.91755, 0.0, 0.0, 0.0, 1.0, 582.4926, 359703.78903, 0.0
786, 2.89006, 0.0, 0.0, 0.0, 1.0, 576.55814, 359292.20296, 0.0
787, 2.85835, 0.0, 0.0, 0.0, 1.0, 569.59619, 358889.05285, 0.0
788, 2.83721, 0.0, 0.0, 0.0, 1.0, 564.8203, 358484.57294, 0.0
789, 2.83051, 0.0, 0.0, 0.0, 1.0, 563.22034, 358079.50317, 0.0
790, 2.79873, 0.0, 0.0, 0.0, 1.0, 556.23305, 357689.43644, 0.0
791, 2.78344, 0.0, 0.0, 0.0, 1.11111, 552.22081, 357286.41949, 0.0
792, 2.76119, 0.0, 0.0, 0.0, 1.0, 547.0661, 356886.81529, 0.0
793, 2.73134, 0.0, 0.0, 0.0, 1.0, 540.03625, 356486.95736, 0.0
794, 2.71429, 0.0, 0.0, 0.0, 1.0, 536.27932, 356083.77612, 0.0
795, 2.68803, 0.0, 0.0, 0.0, 1.0, 530.03205, 355685.96375, 0.0
796, 2.67094, 0.0, 0.0, 0.0, 1.0, 526.33974, 355281.98291, 0.0
797, 2.66309, 0.0, 0.0, 0.0, 1.0, 523.86695, 354883.27564, 0.0
798, 2.64731, 0.0, 0.0, 0.0, 1.0, 520.8086, 354477.59657, 0.0
799, 2.63362, 0.0, 0.0, 0.0, 1.0, 516.96983, 354077.85806, 0.0
800, 2.61987, 0.0, 0.0, 0.0, 1.0, 513.32613, 353679.55172, 0.0
801, 2.60691, 0.0, 0.0, 0.0, 1.0, 510.0432, 353286.98272, 0.0
802, 2.58963, 0.0, 0.0, 0.0, 1.0, 505.89849, 352888.40389, 0.0
803, 2.58134, 0.0, 0.0, 0.0, 1.0, 503.71584, 352489.12527, 0.0
804, 2.56304, 0.0, 0.0, 0.0, 1.0, 499.68913, 352095.26681, 0.0
805, 2.54783, 0.0, 0.0, 0.0, 1.0, 496.48913, 351691.62826, 0.0
806, 2.53696, 0.0, 0.0, 0.0, 1.0, 493.66957, 351294.22826, 0.0
807, 2.51634, 0.0, 0.0, 0.0, 1.0, 489.24619, 350899.23043, 0.0
808, 2.49237, 0.0, 0.0, 0.0, 1.1, 484.58388, 350495.3159, 0.0
809, 2.4738, 0.0, 0.0, 0.0, 1.0, 480.11354, 350097.63617, 0.0
810, 2.4607, 0.0, 0.0, 0.0, 1.0, 477.86681, 349704.62009, 0.0
811, 2.44105, 0.0, 0.0, 0.0, 1.0, 473.32969, 349311.0393, 0.0
812, 2.43668, 0.0, 0.0, 0.0, 1.0, 471.73799, 348914.79039, 0.0
813, 2.41921, 0.0, 0.0, 0.0, 1.0, 467.60044, 348520.13319, 0.0
814, 2.4083, 0.0, 0.0, 0.0, 1.0, 464.78603, 348125.24891, 0.0
815, 2.39254, 0.0, 0.0, 0.0, 1.0, 460.83991, 347733.31223, 0.0
816, 2.375, 0.0, 0.0, 0.0, 1.14286, 456.86842, 347349.49123, 0.0
817, 2.36484, 0.0, 0.0, 0.0, 1.0, 454.23736, 346959.76535, 0.0
818, 2.34513, 0.0, 0.0, 0.0, 1.06667, 449.27876, 346567.64176, 0.0
819, 2.33259, 0.0, 0.0, 0.0, 1.0, 446.64967, 346172.36947, 0.0
820, 2.31929, 0.0, 0.0, 0.0, 1.0, 443.34146, 345774.3459, 0.0
821, 2.30444, 0.0, 0.0, 0.0, 1.0, 439.61333, 345385.05543, 0.0
822, 2.29333, 0.0, 0.0, 0.0, 1.0, 436.78889, 345000.74, 0.0
823, 2.28444, 0.0, 0.0, 0.0, 1.0, 434.48889, 344609.63556, 0.0
824, 2.26889, 0.0, 0.0, 0.0, 1.0, 431.28, 344219.05111, 0.0
825, 2.24444, 0.0, 0.0, 0.0, 1.0, 425.86667, 343829.25111, 0.0
826, 2.22667, 0.0, 0.0, 0.0, 1.0, 422.20667, 343441.31556, 0.0
827, 2.22545, 0.0, 0.0, 0.0, 1.0, 421.20089, 343053.19778, 0.0
828, 2.21205, 0.0, 0.0, 0.0, 1.0, 418.09821, 342663.89063, 0.0
829, 2.19911, 0.0, 0.0, 0.0, 1.0, 414.8255, 342275.08705, 0.0
830, 2.1861, 0.0, 0.0, 0.0, 1.0, 411.82287, 341887.24832, 0.0
831, 2.16854, 0.0, 0.0, 0.0, 1.0, 408.00899, 341495.47085, 0.0
832, 2.15541, 0.0, 0.0, 0.0, 1.0, 403.10586, 341104.22022, 0.0
833, 2.13514, 0.0, 0.0, 0.0, 1.0, 398.90315, 340714.59234, 0.0
834, 2.11937, 0.0, 0.0, 0.0, 1.16667, 395.07883, 340331.00901, 0.0
835, 2.11512, 0.0, 0.0, 0.0, 1.0, 394.70655, 339946.22072, 0.0
836, 2.10609, 0.0, 0.0, 0.0, 1.0, 392.48758, 339552.39729, 0.0
837, 2.10407, 0.0, 0.0, 0.0, 1.0, 391.57466, 339167.46953, 0.0
838, 2.09339, 0.0, 0.0, 0.0, 1.0, 389.17312, 338786.61991, 0.0
839, 2.08945, 0.0, 0.0, 0.0, 1.0, 388.04128, 338395.92255, 0.0
840, 2.08028, 0.0, 0.0, 0.0, 1.0, 385.65138, 338007.6422, 0.0
841, 2.0739, 0.0, 0.0, 0.0, 1.0, 384.25404, 337627.71789, 0.0
842, 2.06032, 0.0, 0.0, 0.0, 1.0, 381.66589, 337249.15473, 0.0
843, 2.04651, 0.0, 0.0, 0.0, 1.0, 378.49535, 336865.21114, 0.0
844, 2.03271, 0.0, 0.0, 0.0, 1.0, 375.6729, 336488.79302, 0.0
845, 2.03052, 0.0, 0.0, 0.0, 1.0, 375.14554, 336097.28271, 0.0
846, 2.02588, 0.0, 0.0, 0.0, 1.0, 373.64235, 335718.76761, 0.0
847, 2.00948, 0.0, 0.0, 0.0, 1.0, 370.22749, 335342.49882, 0.0
848, 1.99762, 0.0, 0.0, 0.0, 1.0, 368.38955, 334944.51896, 0.0
849, 1.98575, 0.0, 0.0, 0.0, 1.0, 366.00475, 334557.85511, 0.0
850, 1.98801, 0.0, 0.0, 0.0, 1.0, 366.1247, 334181.12352, 0.0
851, 1.97115, 0.0, 0.0, 0.0, 1.0, 362.38942, 333803.97602, 0.0
852, 1.94952, 0.0, 0.0, 0.0, 1.0, 357.6851, 333432.80288, 0.0
853, 1.93494, 0.0, 0.0, 0.0, 1.0, 352.96627, 333057.32212, 0.0
854, 1.92512, 0.0, 0.0, 0.0, 1.0, 351.16184, 332681.72771, 0.0
855, 1.91525, 0.0, 0.0, 0.0, 1.0, 348.8063, 332307.08937, 0.0
856, 1.89806, 0.0, 0.0, 0.0, 1.0, 344.8568, 331932.28814, 0.0
857, 1.89756, 0.0, 0.0, 0.0, 1.0, 344.31707, 331564.12621, 0.0
858, 1.8878, 0.0, 0.0, 0.0, 1.0, 342.39756, 331187.46098, 0.0
859, 1.87042, 0.0, 0.0, 0.0, 1.0, 339.00978, 330813.52927, 0.0
860, 1.86946, 0.0, 0.0, 0.0, 1.0, 338.34236, 330438.76284, 0.0
861, 1.85679, 0.0, 0.0, 0.0, 1.0, 335.40988, 330054.1798, 0.0
862, 1.85856, 0.0, 0.0, 0.0, 1.0, 335.18859, 329679.42716, 0.0
863, 1.85037, 0.0, 0.0, 0.0, 1.0, 333.34165, 329316.27543, 0.0
864, 1.845, 0.0, 0.0, 0.0, 1.0, 331.695, 328937.22943, 0.0
865, 1.83709, 0.0, 0.0, 0.0, 1.0, 329.30827, 328571.575, 0.0
866, 1.82456, 0.0, 0.0, 0.0, 1.0, 326.50627, 328203.5188, 0.0
867, 1.80856, 0.0, 0.0, 0.0, 1.0, 322.98992, 327833.88722, 0.0
868, 1.79747, 0.0, 0.0, 0.0, 1.0, 321.23291, 327448.80353, 0.0
869, 1.79389, 0.0, 0.0, 0.0, 1.0, 320.02545, 327082.10633, 0.0
870, 1.78866, 0.0, 0.0, 0.0, 1.0, 317.86082, 326717.04071, 0.0
871, 1.78553, 0.0, 0.0, 0.0, 1.0, 316.8553, 326340.01804, 0.0
872, 1.77778, 0.0, 0.0, 0.0, 1.0, 314.99483, 325970.52196, 0.0
873, 1.76823, 0.0, 0.0, 0.0, 1.0, 312.85417, 325604.02584, 0.0
874, 1.75916, 0.0, 0.0, 0.0, 1.0, 311.1911, 325234.17708, 0.0
875, 1.74541, 0.0, 0.0, 0.0, 1.0, 308.65879, 324869.40052, 0.0
876, 1.72751, 0.0, 0.0, 0.0, 1.0, 306.30159, 324508.73491, 0.0
877, 1.71277, 0.0, 0.0, 0.0, 1.0, 303.48936, 324125.82011, 0.0
878, 1.7185, 0.0, 0.0, 0.0, 1.0, 304.13137, 323743.91223, 0.0
879, 1.7043, 0.0, 0.0, 0.0, 1.0, 302.1129, 323385.80161, 0.0
880, 1.69086, 0.0, 0.0, 0.0, 1.0, 299.16398, 323019.04839, 0.0
881, 1.67568, 0.0, 0.0, 0.0, 1.0, 296.48108, 322655.33065, 0.0
882, 1.66848, 0.0, 0.0, 0.0, 1.0, 294.65217, 322294.6, 0.0
883, 1.66849, 0.0, 0.0, 0.0, 1.0, 294.18082, 321930.61413, 0.0
884, 1.65934, 0.0, 0.0, 0.0, 1.0, 291.9478, 321560.70959, 0.0
885, 1.65289, 0.0, 0.0, 0.0, 1.0, 290.3719, 321188.16484, 0.0
886, 1.64986, 0.0, 0.0, 0.0, 1.0, 290.06443, 320820.68044, 0.0
887, 1.64789, 0.0, 0.0, 0.0, 1.0, 289.20563, 320466.59944, 0.0
888, 1.63842, 0.0, 0.0, 0.0, 1.0, 287.41808, 320103.00845, 0.0
889, 1.63842, 0.0, 0.0, 0.0, 0.0, 287.10452, 319739.90113, 0.0
890, 1.63533, 0.0, 0.0, 0.0, 1.0, 286.56695, 319378.94068, 0.0
891, 1.63324, 0.0, 0.0, 0.0, 1.0, 286.18338, 319017.03704, 0.0
892, 1.63873, 0.0, 0.0, 0.0, 1.0, 286.74566, 318662.08596, 0.0
893, 1.63478, 0.0, 0.0, 0.0, 1.0, 285.6087, 318290.65318, 0.0
894, 1.62865, 0.0, 0.0, 0.0, 1.0, 283.95322, 317928.7971, 0.0
895, 1.62463, 0.0, 0.0, 0.0, 1.0, 282.77419, 317538.23099, 0.0
896, 1.61765, 0.0, 0.0, 0.0, 1.0, 281.08529, 317178.17595, 0.0
897, 1.60882, 0.0, 0.0, 0.0, 1.0, 279.60294, 316813.63824, 0.0
898, 1.60831, 0.0, 0.0, 0.0, 1.0, 279.08309, 316458.90294, 0.0
899, 1.60661, 0.0, 0.0, 0.0, 1.0, 278.5976, 316096.59347, 0.0
900, 1.61027, 0.0, 0.0, 0.0, 1.0, 279.47734, 315744.24925, 0.0
901, 1.61094, 0.0, 0.0, 0.0, 1.0, 279.15805, 315405.97885, 0.0
902, 1.61162, 0.0, 0.0, 0.0, 1.0, 278.88073, 315040.69605, 0.0
903, 1.60991, 0.0, 0.0, 0.0, 1.0, 277.86068, 314668.15902, 0.0
904, 1.6087, 0.0, 0.0, 0.0, 1.0, 277.40994, 314317.62229, 0.0
905, 1.59006, 0.0, 0.0, 0.0, 1.0, 273.74534, 313970.20807, 0.0
906, 1.58438, 0.0, 0.0, 0.0, 1.0, 273.42188, 313614.77329, 0.0
907, 1.575, 0.0, 0.0, 0.0, 1.0, 271.39688, 313243.44375, 0.0
908, 1.56289, 0.0, 0.0, 0.0, 1.0, 269.30189, 312891.95313, 0.0
909, 1.55836, 0.0, 0.0, 0.0, 1.0, 268.78233, 312525.46541, 0.0
910, 1.55063, 0.0, 0.0, 0.0, 1.0, 266.97152, 312172.73502, 0.0
911, 1.54808, 0.0, 0.0, 0.0, 1.0, 267.1859, 311821.39873, 0.0
912, 1.53722, 0.0, 0.0, 0.0, 1.0, 265.6246, 311468.83333, 0.0
913, 1.51623, 0.0, 0.0, 0.0, 1.0, 261.48377, 311105.5178, 0.0
914, 1.50649, 0.0, 0.0, 0.0, 1.0, 259.86364, 310759.04545, 0.0
915, 1.5, 0.0, 0.0, 0.0, 1.0, 258.27124, 310408.16883, 0.0
916, 1.4918, 0.0, 0.0, 0.0, 1.0, 257.1541, 310045.0915, 0.0
917, 1.48675, 0.0, 0.0, 0.0, 1.0, 255.7053, 309697.58033, 0.0
918, 1.48658, 0.0, 0.0, 0.0, 1.0, 255.2047, 309342.36093, 0.0
919, 1.47635, 0.0, 0.0, 0.0, 1.0, 252.96959, 308988.36577, 0.0
920, 1.47458, 0.0, 0.0, 0.0, 1.0, 252.28475, 308628.35473, 0.0
921, 1.4678, 0.0, 0.0, 0.0, 1.0, 250.72881, 308276.04407, 0.0
922, 1.46735, 0.0, 0.0, 0.0, 1.0, 250.19931, 307929.98983, 0.0
923, 1.46341, 0.0, 0.0, 0.0, 1.0, 249.05575, 307596.00687, 0.0
924, 1.45645, 0.0, 0.0, 0.0, 1.0, 247.58188, 307252.64808, 0.0
925, 1.45645, 0.0, 0.0, 0.0, 0.0, 247.3101, 306901.25784, 0.0
926, 1.45775, 0.0, 0.0, 0.0, 1.0, 247.09859, 306557.84321, 0.0
927, 1.44643, 0.0, 0.0, 0.0, 1.125, 245.13929, 306223.16549, 0.0
928, 1.43682, 0.0, 0.0, 0.0, 1.0, 244.39711, 305890.175, 0.0
929, 1.43066, 0.0, 0.0, 0.0, 1.0, 243.08394, 305546.01805, 0.0
930, 1.42701, 0.0, 0.0, 0.0, 1.0, 242.15693, 305211.9562, 0.0
931, 1.41606, 0.0, 0.0, 0.0, 1.0, 239.77007, 304866.68248, 0.0
932, 1.40876, 0.0, 0.0, 0.0, 1.0, 238.12774, 304519.82847, 0.0
933, 1.41328, 0.0, 0.0, 0.0, 1.0, 238.35055, 304175.90146, 0.0
934, 1.40892, 0.0, 0.0, 0.0, 1.0, 237.18216, 303825.45018, 0.0
935, 1.40299, 0.0, 0.0, 0.0, 1.0, 235.6903, 303496.20074, 0.0
936, 1.40075, 0.0, 0.0, 0.0, 1.0, 235.73034, 303144.07463, 0.0
937, 1.39245, 0.0, 0.0, 0.0, 1.0, 234.07547, 302787.97753, 0.0
938, 1.38491, 0.0, 0.0, 0.0, 1.0, 232.44906, 302427.56981, 0.0
939, 1.38113, 0.0, 0.0, 0.0, 1.0, 231.46038, 302083.0566, 0.0
940, 1.37879, 0.0, 0.0, 0.0, 1.0, 230.80303, 301738.6566, 0.0
941, 1.38023, 0.0, 0.0, 0.0, 1.0, 230.69202, 301389.29167, 0.0
942, 1.38462, 0.0, 0.0, 0.0, 1.0, 231.08077, 301040.01521, 0.0
943, 1.38224, 0.0, 0.0, 0.0, 1.0, 230.12355, 300701.91154, 0.0
944, 1.37354, 0.0, 0.0, 0.0, 1.0, 227.9572, 300360.65637, 0.0
945, 1.37109, 0.0, 0.0, 0.0, 1.0, 227.25781, 300019.11673, 0.0
946, 1.36614, 0.0, 0.0, 0.0, 1.0, 226.05906, 299677.44922, 0.0
947, 1.36759, 0.0, 0.0, 0.0, 1.0, 225.98024, 299333.58268, 0.0
948, 1.36653, 0.0, 0.0, 0.0, 1.0, 225.35458, 298998.66008, 0.0
949, 1.35857, 0.0, 0.0, 0.0, 1.0, 224.41833, 298656.9004, 0.0
950, 1.34263, 0.0, 0.0, 0.0, 1.0, 221.47809, 298317.01992, 0.0
951, 1.33865, 0.0, 0.0, 0.0, 1.0, 220.46614, 297978.26693, 0.0
952, 1.33068, 0.0, 0.0, 0.0, 1.0, 218.7012, 297639.63347, 0.0
953, 1.33068, 0.0, 0.0, 0.0, 0.0, 218.40239, 297300.82869, 0.0
954, 1.31873, 0.0, 0.0, 0.0, 1.0, 216.1992, 296963.13546, 0.0
955, 1.312, 0.0, 0.0, 0.0, 1.0, 214.824, 296626.33466, 0.0
956, 1.31325, 0.0, 0.0, 0.0, 1.0, 214.83133, 296288.728, 0.0
957, 1.30645, 0.0, 0.0, 0.0, 1.0, 214.15323, 295959.06827, 0.0
958, 1.30894, 0.0, 0.0, 0.0, 1.0, 214.06504, 295630.45565, 0.0
959, 1.30041, 0.0, 0.0, 0.0, 1.0, 212.93004, 295292.32927, 0.0
960, 1.29752, 0.0, 0.0, 0.0, 1.0, 212.09504, 294954.35391, 0.0
961, 1.28926, 0.0, 0.0, 0.0, 1.0, 211.05785, 294617.61983, 0.0
962, 1.2887, 0.0, 0.0, 0.0, 1.0, 210.70293, 294287.69835, 0.0
963, 1.2827, 0.0, 0.0, 0.0, 1.0, 209.29114, 293933.98326, 0.0
964, 1.2827, 0.0, 0.0, 0.0, 0.0, 208.98734, 293594.42616, 0.0
965, 1.27778, 0.0, 0.0, 0.0, 1.0, 207.44444, 293264.67511, 0.0
966, 1.27586, 0.0, 0.0, 0.0, 1.0, 206.76293, 292930.63248, 0.0
967, 1.27273, 0.0, 0.0, 0.0, 1.0, 205.84848, 292590.2069, 0.0
968, 1.27391, 0.0, 0.0, 0.0, 1.0, 205.80435, 292251.34199, 0.0
969, 1.27511, 0.0, 0.0, 0.0, 1.0, 205.84279, 291931.62609, 0.0
970, 1.27511, 0.0, 0.0, 0.0, 0.0, 205.59825, 291602.08734, 0.0
971, 1.27632, 0.0, 0.0, 0.0, 1.0, 205.5, 291270.02183, 0.0
972, 1.27434, 0.0, 0.0, 0.0, 1.0, 204.66814, 290938.78509, 0.0
973, 1.26991, 0.0, 0.0, 0.0, 1.0, 204.47788, 290604.80973, 0.0
974, 1.26786, 0.0, 0.0, 0.0, 1.0, 203.98661, 290278.13717, 0.0
975, 1.26906, 0.0, 0.0, 0.0, 1.0, 203.91928, 289947.125, 0.0
976, 1.26906, 0.0, 0.0, 0.0, 0.0, 203.65919, 289604.73991, 0.0
977, 1.27027, 0.0, 0.0, 0.0, 1.0, 203.57658, 289275.18386, 0.0
978, 1.27149, 0.0, 0.0, 0.0, 1.0, 203.53394, 288939.07658, 0.0
979, 1.26941, 0.0, 0.0, 0.0, 1.0, 202.68493, 288614.95928, 0.0
980, 1.26606, 0.0, 0.0, 0.0, 1.0, 201.77982, 288276.57534, 0.0
981, 1.26147, 0.0, 0.0, 0.0, 1.0, 200.7844, 287954.07339, 0.0
982, 1.26389, 0.0, 0.0, 0.0, 1.0, 200.72222, 287630.8211, 0.0
983, 1.26512, 0.0, 0.0, 0.0, 1.0, 200.76279, 287321.87963, 0.0
984, 1.26636, 0.0, 0.0, 0.0, 1.0, 200.62617, 286991.26512, 0.0
985, 1.26636, 0.0, 0.0, 0.0, 0.0, 200.34112, 286638.63551, 0.0
986, 1.26291, 0.0, 0.0, 0.0, 1.0, 199.47418, 286314.81776, 0.0
987, 1.25943, 0.0, 0.0, 0.0, 1.0, 198.59434, 285983.49296, 0.0
988, 1.26066, 0.0, 0.0, 0.0, 1.0, 198.45972, 285650.92925, 0.0
989, 1.26066, 0.0, 0.0, 0.0, 0.0, 198.29384, 285334.43602, 0.0
990, 1.26316, 0.0, 0.0, 0.0, 1.0, 198.37799, 285014.26066, 0.0
991, 1.25962, 0.0, 0.0, 0.0, 1.0, 197.50962, 284690.59809, 0.0
992, 1.25481, 0.0, 0.0, 0.0, 1.0, 196.54327, 284364.9375, 0.0
993, 1.24757, 0.0, 0.0, 0.0, 1.0, 195.75728, 284043.57692, 0.0
994, 1.24757, 0.0, 0.0, 0.0, 0.0, 195.54369, 283733.80097, 0.0
995, 1.2439, 0.0, 0.0, 0.0, 1.0, 194.85854, 283410.3932, 0.0
996, 1.23529, 0.0, 0.0, 0.0, 1.0, 193.02941, 283084.90244, 0.0
997, 1.23267, 0.0, 0.0, 0.0, 1.0, 192.11386, 282754.62745, 0.0
998, 1.22277, 0.0, 0.0, 0.0, 1.0, 191.07426, 282440.59901, 0.0
999, 1.22388, 0.0, 0.0, 0.0, 1.0, 191.00498, 282120.63861, 0.0
1000, 1.21608, 0.0, 0.0, 0.0, 1.0, 188.91457, 281804.01493, 0.0
1001, 1.21212, 0.0, 0.0, 0.0, 1.0, 188.13131, 281479.76382, 0.0
1002, 1.20918, 0.0, 0.0, 0.0, 1.0, 187.36224, 281158.58586, 0.0
1003, 1.19898, 0.0, 0.0, 0.0, 1.0, 185.4949, 280827.06633, 0.0
1004, 1.2, 0.0, 0.0, 0.0, 1.0, 185.33846, 280512.41327, 0.0
1005, 1.20103, 0.0, 0.0, 0.0, 1.0, 185.19588, 280193.31282, 0.0
1006, 1.20103, 0.0, 0.0, 0.0, 0.0, 185.01031, 279886.70619, 0.0
1007, 1.20207, 0.0, 0.0, 0.0, 1.0, 184.88601, 279572.02062, 0.0
1008, 1.19792, 0.0, 0.0, 0.0, 1.0, 183.90104, 279259.80829, 0.0
1009, 1.2, 0.0, 0.0, 0.0, 1.0, 184.02105, 278939.79167, 0.0
1010, 1.19474, 0.0, 0.0, 0.0, 1.0, 183.88421, 278613.01579, 0.0
1011, 1.2, 0.0, 0.0, 0.0, 1.0, 185.05405, 278302.47368, 0.0
1012, 1.20109, 0.0, 0.0, 0.0, 1.0, 185.07065, 277974.66486, 0.0
1013, 1.19565, 0.0, 0.0, 0.0, 1.0, 183.98913, 277669.54891, 0.0
1014, 1.19126, 0.0, 0.0, 0.0, 1.0, 183.01093, 277357.41304, 0.0
1015, 1.19444, 0.0, 0.0, 0.0, 1.0, 183.22222, 277050.53005, 0.0
1016, 1.19553, 0.0, 0.0, 0.0, 1.0, 182.99441, 276737.7, 0.0
1017, 1.19101, 0.0, 0.0, 0.0, 1.0, 182.88202, 276411.58659, 0.0
1018, 1.19318, 0.0, 0.0, 0.0, 1.0, 182.9375, 276109.99438, 0.0
1019, 1.18966, 0.0, 0.0, 0.0, 1.0, 182.04598, 275795.24432, 0.0
1020, 1.19075, 0.0, 0.0, 0.0, 1.0, 181.93064, 275502.93103, 0.0
1021, 1.19412, 0.0, 0.0, 0.0, 1.0, 182.21765, 275186.45087, 0.0
1022, 1.1976, 0.0, 0.0, 0.0, 1.0, 182.27545, 274862.91765, 0.0
1023, 1.1988, 0.0, 0.0, 0.0, 1.0, 182.15663, 274539.08982, 0.0
1024, 1.19512, 0.0, 0.0, 0.0, 1.0, 180.96951, 274225.51807, 0.0
1025, 1.19632, 0.0, 0.0, 0.0, 1.0, 180.90798, 273893.90244, 0.0
1026, 1.19136, 0.0, 0.0, 0.0, 1.0, 180.83333, 273569.09816, 0.0
1027, 1.18634, 0.0, 0.0, 0.0, 1.0, 180.84472, 273250.46296, 0.0
1028, 1.18868, 0.0, 0.0, 0.0, 1.0, 180.76101, 272944.96894, 0.0
1029, 1.18239, 0.0, 0.0, 0.0, 1.0, 179.50943, 272634.06918, 0.0
1030, 1.18471, 0.0, 0.0, 0.0, 1.0, 179.63694, 272327.04403, 0.0
1031, 1.17834, 0.0, 0.0, 0.0, 1.0, 178.41401, 272012.75159, 0.0
1032, 1.18065, 0.0, 0.0, 0.0, 1.0, 178.50323, 271704.05732, 0.0
1033, 1.18182, 0.0, 0.0, 0.0, 1.0, 178.61688, 271398.58065, 0.0
1034, 1.17647, 0.0, 0.0, 0.0, 1.0, 177.4183, 271092.1039, 0.0
1035, 1.17763, 0.0, 0.0, 0.0, 1.0, 177.32237, 270794.56863, 0.0
1036, 1.17763, 0.0, 0.0, 0.0, 0.0, 177.09868, 270493.67105, 0.0
1037, 1.17105, 0.0, 0.0, 0.0, 1.0, 175.86842, 270185.55263, 0.0
1038, 1.17219, 0.0, 0.0, 0.0, 1.0, 175.89404, 269875.83553, 0.0
1039, 1.17219, 0.0, 0.0, 0.0, 0.0, 175.5894, 269578.31788, 0.0
1040, 1.17333, 0.0, 0.0, 0.0, 1.0, 175.39333, 269269.97351, 0.0
1041, 1.16779, 0.0, 0.0, 0.0, 1.0, 174.25503, 268948.21333, 0.0
1042, 1.16892, 0.0, 0.0, 0.0, 1.0, 174.19595, 268630.57047, 0.0
1043, 1.16892, 0.0, 0.0, 0.0, 0.0, 173.93243, 268340.66892, 0.0
1044, 1.16892, 0.0, 0.0, 0.0, 0.0, 173.77027, 268035.11486, 0.0
1045, 1.16892, 0.0, 0.0, 0.0, 0.0, 173.52703, 267729.08108, 0.0
1046, 1.16892, 0.0, 0.0, 0.0, 0.0, 173.32432, 267422.16892, 0.0
1047, 1.17007, 0.0, 0.0, 0.0, 1.0, 173.2585, 267117.35135, 0.0
1048, 1.17123, 0.0, 0.0, 0.0, 1.0, 173.27397, 266815.81633, 0.0
1049, 1.17241, 0.0, 0.0, 0.0, 1.0, 173.24828, 266522.5137, 0.0
1050, 1.17483, 0.0, 0.0, 0.0, 1.0, 174.34965, 266205.09655, 0.0
1051, 1.17143, 0.0, 0.0, 0.0, 1.0, 173.41429, 265899.76224, 0.0
1052, 1.17391, 0.0, 0.0, 0.0, 1.0, 173.38406, 265582.88571, 0.0
1053, 1.17391, 0.0, 0.0, 0.0, 0.0, 173.14493, 265295.86232, 0.0
1054, 1.17518, 0.0, 0.0, 0.0, 1.0, 172.88321, 264995.76087, 0.0
1055, 1.16296, 0.0, 0.0, 0.0, 1.0, 170.42222, 264686.39416, 0.0
1056, 1.15556, 0.0, 0.0, 0.0, 1.0, 168.91111, 264383.08889, 0.0
1057, 1.15556, 0.0, 0.0, 0.0, 0.0, 168.75556, 264083.04444, 0.0
1058, 1.15556, 0.0, 0.0, 0.0, 0.0, 168.54074, 263783.43704, 0.0
1059, 1.15556, 0.0, 0.0, 0.0, 0.0, 168.34074, 263481.77037, 0.0
1060, 1.14925, 0.0, 0.0, 0.0, 1.0, 167.02239, 263181.77778, 0.0
1061, 1.14179, 0.0, 0.0, 0.0, 1.0, 166.81343, 262869.82836, 0.0
1062, 1.14286, 0.0, 0.0, 0.0, 1.0, 166.77444, 262570.53731, 0.0
1063, 1.14394, 0.0, 0.0, 0.0, 1.0, 166.66667, 262284.8797, 0.0
1064, 1.14504, 0.0, 0.0, 0.0, 1.0, 166.49618, 261965.79545, 0.0
1065, 1.14504, 0.0, 0.0, 0.0, 0.0, 166.31298, 261658.84733, 0.0
1066, 1.14504, 0.0, 0.0, 0.0, 0.0, 166.10687, 261358.29008, 0.0
1067, 1.14504, 0.0, 0.0, 0.0, 0.0, 165.8855, 261061.94656, 0.0
1068, 1.13846, 0.0, 0.0, 0.0, 1.0, 164.56154, 260767.8855, 0.0
1069, 1.12308, 0.0, 0.0, 0.0, 1.0, 161.98462, 260460.57692, 0.0
1070, 1.12308, 0.0, 0.0, 0.0, 0.0, 161.81538, 260162.86923, 0.0
1071, 1.11538, 0.0, 0.0, 0.0, 1.0, 160.42308, 259866.94615, 0.0
1072, 1.1, 0.0, 0.0, 0.0, 1.0, 158.06154, 259574.73077, 0.0
1073, 1.1, 0.0, 0.0, 0.0, 0.0, 157.87692, 259280.51538, 0.0
1074, 1.1, 0.0, 0.0, 0.0, 0.0, 157.66154, 258982.93077, 0.0
1075, 1.10078, 0.0, 0.0, 0.0, 1.0, 157.24031, 258690.46154, 0.0
1076, 1.10156, 0.0, 0.0, 0.0, 1.0, 157.19531, 258382.87597, 0.0
1077, 1.10236, 0.0, 0.0, 0.0, 1.0, 156.90551, 258094.44531, 0.0
1078, 1.09449, 0.0, 0.0, 0.0, 1.0, 155.66142, 257798.4252, 0.0
1079, 1.09524, 0.0, 0.0, 0.0, 1.0, 155.11905, 257505.19685, 0.0
1080, 1.09756, 0.0, 0.0, 0.0, 1.0, 155.05691, 257225.51587, 0.0
1081, 1.09917, 0.0, 0.0, 0.0, 1.0, 154.69421, 256952.71545, 0.0
1082, 1.09244, 0.0, 0.0, 0.0, 1.0, 154.7479, 256656.12397, 0.0
1083, 1.09244, 0.0, 0.0, 0.0, 0.0, 154.47899, 256357.68067, 0.0
1084, 1.08403, 0.0, 0.0, 0.0, 1.0, 153.15126, 256068.97479, 0.0
1085, 1.08475, 0.0, 0.0, 0.0, 1.0, 152.95763, 255780.4958, 0.0
1086, 1.08475, 0.0, 0.0, 0.0, 0.0, 152.72034, 255485.48305, 0.0
1087, 1.08475, 0.0, 0.0, 0.0, 0.0, 152.5, 255196.63559, 0.0
1088, 1.08547, 0.0, 0.0, 0.0, 1.0, 152.2735, 254908.99153, 0.0
1089, 1.08621, 0.0, 0.0, 0.0, 1.0, 152.14655, 254618.41026, 0.0
1090, 1.08696, 0.0, 0.0, 0.0, 1.0, 152.02609, 254318.85345, 0.0
1091, 1.08772, 0.0, 0.0, 0.0, 1.0, 151.82456, 254037.61739, 0.0
1092, 1.08772, 0.0, 0.0, 0.0, 0.0, 151.64035, 253773.11404, 0.0
1093, 1.08772, 0.0, 0.0, 0.0, 0.0, 151.5, 253481.84211, 0.0
1094, 1.08772, 0.0, 0.0, 0.0, 0.0, 151.40351, 253191.46491, 0.0
1095, 1.08772, 0.0, 0.0, 0.0, 0.0, 151.17544, 252901.78947, 0.0
1096, 1.08929, 0.0, 0.0, 0.0, 1.0, 151.0625, 252622.35965, 0.0
1097, 1.08036, 0.0, 0.0, 0.0, 1.0, 149.36607, 252334.25893, 0.0
1098, 1.08108, 0.0, 0.0, 0.0, 1.0, 149.41441, 252050.96429, 0.0
1099, 1.07339, 0.0, 0.0, 0.0, 1.0, 149.22936, 251784.20721, 0.0
1100, 1.07339, 0.0, 0.0, 0.0, 0.0, 149.08257, 251469.97248, 0.0
1101, 1.07407, 0.0, 0.0, 0.0, 1.0, 148.82407, 251184.23853, 0.0
1102, 1.06481, 0.0, 0.0, 0.0, 1.0, 147.28704, 250890.37963, 0.0
1103, 1.06481, 0.0, 0.0, 0.0, 0.0, 147.2037, 250605.94444, 0.0
1104, 1.06667, 0.0, 0.0, 0.0, 1.0, 146.82857, 250325.69444, 0.0
1105, 1.06667, 0.0, 0.0, 0.0, 0.0, 146.65714, 250000.08571, 0.0
1106, 1.06796, 0.0, 0.0, 0.0, 1.0, 146.28155, 249715.8381, 0.0
1107, 1.06863, 0.0, 0.0, 0.0, 1.0, 145.94118, 249431.03883, 0.0
1108, 1.06863, 0.0, 0.0, 0.0, 0.0, 145.76471, 249158.33333, 0.0
1109, 1.04902, 0.0, 0.0, 0.0, 1.0, 142.64706, 248879.85294, 0.0
1110, 1.04902, 0.0, 0.0, 0.0, 0.0, 142.47059, 248596.54902, 0.0
1111, 1.0495, 0.0, 0.0, 0.0, 1.0, 142.25743, 248320.67647, 0.0
1112, 1.05, 0.0, 0.0, 0.0, 1.0, 142.12, 248027.14851, 0.0
1113, 1.05, 0.0, 0.0, 0.0, 0.0, 141.98, 247741.58, 0.0
1114, 1.05051, 0.0, 0.0, 0.0, 1.0, 141.51515, 247461.43, 0.0
1115, 1.04167, 0.0, 0.0, 0.0, 1.0, 139.57292, 247194.62626, 0.0
1116, 1.04167, 0.0, 0.0, 0.0, 0.0, 139.39583, 246907.375, 0.0
1117, 1.03125, 0.0, 0.0, 0.0, 1.0, 139.28125, 246623.51042, 0.0
1118, 1.03226, 0.0, 0.0, 0.0, 1.0, 138.94624, 246349.85417, 0.0
1119, 1.03409, 0.0, 0.0, 0.0, 1.0, 138.68182, 246119.84946, 0.0
1120, 1.03488, 0.0, 0.0, 0.0, 1.0, 138.25581, 245864.85227, 0.0
1121, 1.03488, 0.0, 0.0, 0.0, 0.0, 138.10465, 245530.13953, 0.0
1122, 1.02381, 0.0, 0.0, 0.0, 1.0, 136.14286, 245256.94186, 0.0
1123, 1.0241, 0.0, 0.0, 0.0, 1.0, 135.87952, 244991.55952, 0.0
1124, 1.0241, 0.0, 0.0, 0.0, 0.0, 135.6747, 244713.03614, 0.0
1125, 1.0241, 0.0, 0.0, 0.0, 0.0, 135.54217, 244433.73494, 0.0
1126, 1.0241, 0.0, 0.0, 0.0, 0.0, 135.40964, 244157.3012, 0.0
1127, 1.02469, 0.0, 0.0, 0.0, 1.0, 136.5679, 243881.61446, 0.0
1128, 1.025, 0.0, 0.0, 0.0, 1.0, 136.2375, 243589.28395, 0.0
1129, 1.02532, 0.0, 0.0, 0.0, 1.0, 136.01266, 243309.675, 0.0
1130, 1.02532, 0.0, 0.0, 0.0, 0.0, 135.86076, 243044.29114, 0.0
1131, 1.02532, 0.0, 0.0, 0.0, 0.0, 135.70886, 242766.58228, 0.0
1132, 1.02532, 0.0, 0.0, 0.0, 0.0, 135.50633, 242489.77215, 0.0
1133, 1.02564, 0.0, 0.0, 0.0, 1.0, 135.33333, 242216.01266, 0.0
1134, 1.02597, 0.0, 0.0, 0.0, 1.0, 135.07792, 241933.0, 0.0
1135, 1.01316, 0.0, 0.0, 0.0, 1.0, 134.71053, 241663.44156, 0.0
1136, 1.01316, 0.0, 0.0, 0.0, 0.0, 134.56579, 241413.14474, 0.0
1137, 1.01333, 0.0, 0.0, 0.0, 1.0, 134.50667, 241144.28947, 0.0
1138, 1.01333, 0.0, 0.0, 0.0, 0.0, 134.37333, 240869.30667, 0.0
1139, 1.01351, 0.0, 0.0, 0.0, 1.0, 134.32432, 240598.98667, 0.0
1140, 1.01351, 0.0, 0.0, 0.0, 0.0, 134.12162, 240326.81081, 0.0
1141, 1.01429, 0.0, 0.0, 0.0, 1.0, 133.2, 240071.74324, 0.0
1142, 1.01449, 0.0, 0.0, 0.0, 1.0, 132.91304, 239805.32857, 0.0
1143, 1.01471, 0.0, 0.0, 0.0, 1.0, 132.16176, 239502.68116, 0.0
1144, 1.0, 0.0, 0.0, 0.0, 1.0, 129.67164, 239183.35294, 0.0
1145, 1.0, 0.0, 0.0, 0.0, 0.0, 129.49254, 238927.80597, 0.0
1146, 1.0, 0.0, 0.0, 0.0, 0.0, 129.37313, 238655.08955, 0.0
1147, 1.0, 0.0, 0.0, 0.0, 0.0, 129.23881, 238385.64179, 0.0
1148, 1.0, 0.0, 0.0, 0.0, 1.0, 128.81818, 238121.41791, 0.0
1149, 1.0, 0.0, 0.0, 0.0, 1.0, 128.41538, 237838.0303, 0.0
1150, 1.0, 0.0, 0.0, 0.0, 0.0, 128.24615, 237570.70769, 0.0
1151, 1.0, 0.0, 0.0, 0.0, 1.0, 127.89063, 237308.92308, 0.0
1152, 1.0, 0.0, 0.0, 0.0, 0.0, 127.64063, 237036.57813, 0.0
1153, 1.0, 0.0, 0.0, 0.0, 0.0, 127.46875, 236766.20313, 0.0
1154, 1.0, 0.0, 0.0, 0.0, 0.0, 127.25, 236499.78125, 0.0
1155, 1.0, 0.0, 0.0, 0.0, 0.0, 127.17188, 236229.20313, 0.0
1156, 1.0, 0.0, 0.0, 0.0, 0.0, 127.03125, 235960.90625, 0.0
1157, 1.0, 0.0, 0.0, 0.0, 1.0, 126.36508, 235694.51563, 0.0
1158, 1.0, 0.0, 0.0, 0.0, 0.0, 126.19048, 235439.14286, 0.0
1159, 1.0, 0.0, 0.0, 0.0, 0.0, 125.93651, 235171.61905, 0.0
1160, 1.0, 0.0, 0.0, 0.0, 0.0, 125.74603, 234905.07937, 0.0
1161, 1.0, 0.0, 0.0, 0.0, 0.0, 125.61905, 234633.98413, 0.0
1162, 1.0, 0.0, 0.0, 0.0, 0.0, 125.39683, 234365.87302, 0.0
1163, 1.0, 0.0, 0.0, 0.0, 1.0, 125.01613, 234103.25397, 0.0
1164, 1.0, 0.0, 0.0, 0.0, 1.0, 124.83607, 233841.82258, 0.0
1165, 1.0, 0.0, 0.0, 0.0, 1.0, 126.8, 233541.42623, 0.0
1166, 1.0, 0.0, 0.0, 0.0, 0.0, 126.63333, 233255.68333, 0.0
1167, 1.0, 0.0, 0.0, 0.0, 0.0, 126.53333, 232988.05, 0.0
1168, 1.0, 0.0, 0.0, 0.0, 0.0, 126.36667, 232719.95, 0.0
1169, 1.0, 0.0, 0.0, 0.0, 1.0, 126.16949, 232458.26667, 0.0
1170, 1.0, 0.0, 0.0, 0.0, 0.0, 125.9661, 232209.71186, 0.0
1171, 1.0, 0.0, 0.0, 0.0, 0.0, 125.72881, 231943.79661, 0.0
1172, 1.0, 0.0, 0.0, 0.0, 0.0, 125.61017, 231675.16949, 0.0
1173, 1.0, 0.0, 0.0, 0.0, 0.0, 125.52542, 231413.44068, 0.0
1174, 1.0, 0.0, 0.0, 0.0, 0.0, 125.40678, 231151.88136, 0.0
1175, 1.0, 0.0, 0.0, 0.0, 0.0, 125.25424, 230889.49153, 0.0
1176, 1.0, 0.0, 0.0, 0.0, 0.0, 125.11864, 230621.84746, 0.0
1177, 1.0, 0.0, 0.0, 0.0, 0.0, 124.91525, 230359.27119, 0.0
1178, 1.0, 0.0, 0.0, 0.0, 0.0, 124.79661, 230096.9322, 0.0
1179, 1.0, 0.0, 0.0, 0.0, 0.0, 124.69492, 229838.18644, 0.0
1180, 1.0, 0.0, 0.0, 0.0, 1.0, 124.10345, 229581.28814, 0.0
1181, 1.0, 0.0, 0.0, 0.0, 1.0, 123.61404, 229327.96552, 0.0
1182, 1.0, 0.0, 0.0, 0.0, 1.0, 123.28571, 229076.66667, 0.0
1183, 1.0, 0.0, 0.0, 0.0, 0.0, 123.125, 228809.23214, 0.0
1184, 1.0, 0.0, 0.0, 0.0, 0.0, 123.0, 228549.0, 0.0
1185, 1.0, 0.0, 0.0, 0.0, 0.0, 122.83929, 228288.07143, 0.0
1186, 1.0, 0.0, 0.0, 0.0, 0.0, 122.73214, 228026.42857, 0.0
1187, 1.0, 0.0, 0.0, 0.0, 0.0, 122.58929, 227770.14286, 0.0
1188, 1.0, 0.0, 0.0, 0.0, 0.0, 122.48214, 227511.35714, 0.0
1189, 1.0, 0.0, 0.0, 0.0, 0.0, 122.28571, 227251.28571, 0.0
1190, 1.0, 0.0, 0.0, 0.0, 0.0, 122.125, 226992.21429, 0.0
1191, 1.0, 0.0, 0.0, 0.0, 0.0, 121.98214, 226730.71429, 0.0
1192, 1.0, 0.0, 0.0, 0.0, 1.0, 121.25926, 226483.92857, 0.0
1193, 1.0, 0.0, 0.0, 0.0, 0.0, 121.14815, 226169.22222, 0.0
1194, 1.0, 0.0, 0.0, 0.0, 0.0, 121.11111, 225911.33333, 0.0
1195, 1.0, 0.0, 0.0, 0.0, 1.0, 121.07547, 225658.27778, 0.0
1196, 1.0, 0.0, 0.0, 0.0, 1.0, 120.65385, 225372.54717, 0.0
1197, 1.0, 0.0, 0.0, 0.0, 0.0, 120.51923, 225132.19231, 0.0
1198, 1.0, 0.0, 0.0, 0.0, 1.0, 120.31373, 224881.30769, 0.0
1199, 1.0, 0.0, 0.0, 0.0, 0.0, 120.15686, 224587.64706, 0.0
1200, 1.0, 0.0, 0.0, 0.0, 1.0, 119.94, 224336.27451, 0.0
1201, 1.0, 0.0, 0.0, 0.0, 0.0, 119.84, 224053.02, 0.0
1202, 1.0, 0.0, 0.0, 0.0, 1.0, 118.70833, 223807.94, 0.0
1203, 1.0, 0.0, 0.0, 0.0, 1.0, 121.14894, 223571.33333, 0.0
1204, 1.0, 0.0, 0.0, 0.0, 0.0, 120.95745, 223330.21277, 0.0
1205, 1.0, 0.0, 0.0, 0.0, 0.0, 120.78723, 223076.80851, 0.0
1206, 1.0, 0.0, 0.0, 0.0, 0.0, 120.68085, 222824.70213, 0.0
1207, 1.0, 0.0, 0.0, 0.0, 0.0, 120.44681, 222570.06383, 0.0
1208, 1.0, 0.0, 0.0, 0.0, 0.0, 120.3617, 222314.14894, 0.0
1209, 1.0, 0.0, 0.0, 0.0, 1.0, 119.76087, 222064.57447, 0.0
1210, 1.0, 0.0, 0.0, 0.0, 0.0, 119.65217, 221789.97826, 0.0
1211, 1.0, 0.0, 0.0, 0.0, 0.0, 119.36957, 221534.5, 0.0
1212, 1.0, 0.0, 0.0, 0.0, 1.0, 119.11111, 221287.36957, 0.0
1213, 1.0, 0.0, 0.0, 0.0, 0.0, 119.0, 221042.91111, 0.0
1214, 1.0, 0.0, 0.0, 0.0, 1.0, 119.09091, 220796.88889, 0.0
1215, 1.0, 0.0, 0.0, 0.0, 0.0, 118.97727, 220471.0, 0.0
1216, 1.0, 0.0, 0.0, 0.0, 0.0, 118.95455, 220221.09091, 0.0
1217, 1.0, 0.0, 0.0, 0.0, 1.0, 121.29268, 219979.29545, 0.0
1218, 1.0, 0.0, 0.0, 0.0, 0.0, 121.17073, 219693.07317, 0.0
1219, 1.0, 0.0, 0.0, 0.0, 0.0, 120.97561, 219443.95122, 0.0
1220, 1.0, 0.0, 0.0, 0.0, 0.0, 120.78049, 219189.53659, 0.0
1221, 1.0, 0.0, 0.0, 0.0, 1.0, 120.425, 218944.82927, 0.0
1222, 1.0, 0.0, 0.0, 0.0, 1.0, 119.76923, 218684.6, 0.0
1223, 1.0, 0.0, 0.0, 0.0, 0.0, 119.74359, 218467.02564, 0.0
1224, 1.0, 0.0, 0.0, 0.0, 0.0, 119.5641, 218215.02564, 0.0
1225, 1.0, 0.0, 0.0, 0.0, 0.0, 119.46154, 217963.4359, 0.0
1226, 1.0, 0.0, 0.0, 0.0, 0.0, 119.38462, 217713.51282, 0.0
1227, 1.0, 0.0, 0.0, 0.0, 1.0, 118.7027, 217473.51282, 0.0
1228, 1.0, 0.0, 0.0, 0.0, 0.0, 118.59459, 217271.56757, 0.0
1229, 1.0, 0.0, 0.0, 0.0, 0.0, 118.35135, 217022.32432, 0.0
1230, 1.0, 0.0, 0.0, 0.0, 0.0, 118.21622, 216774.27027, 0.0
1231, 1.0, 0.0, 0.0, 0.0, 0.0, 118.0, 216526.45946, 0.0
1232, 1.0, 0.0, 0.0, 0.0, 0.0, 117.86486, 216278.62162, 0.0
1233, 1.0, 0.0, 0.0, 0.0, 1.0, 116.97222, 216040.05405, 0.0
1234, 1.0, 0.0, 0.0, 0.0, 1.0, 120.2, 215807.55556, 0.0
1235, 1.0, 0.0, 0.0, 0.0, 0.0, 119.97143, 215571.88571, 0.0
1236, 1.0, 0.0, 0.0, 0.0, 0.0, 119.8, 215320.65714, 0.0
1237, 1.0, 0.0, 0.0, 0.0, 0.0, 119.68571, 215072.71429, 0.0
1238, 1.0, 0.0, 0.0, 0.0, 0.0, 119.6, 214827.28571, 0.0
1239, 1.0, 0.0, 0.0, 0.0, 0.0, 119.51429, 214580.77143, 0.0
1240, 1.0, 0.0, 0.0, 0.0, 0.0, 119.4, 214338.68571, 0.0
1241, 1.0, 0.0, 0.0, 0.0, 0.0, 119.37143, 214091.62857, 0.0
1242, 1.0, 0.0, 0.0, 0.0, 0.0, 119.31429, 213845.82857, 0.0
1243, 1.0, 0.0, 0.0, 0.0, 0.0, 119.17143, 213605.85714, 0.0
1244, 1.0, 0.0, 0.0, 0.0, 0.0, 119.05714, 213363.8, 0.0
1245, 1.0, 0.0, 0.0, 0.0, 0.0, 118.85714, 213121.11429, 0.0
1246, 1.0, 0.0, 0.0, 0.0, 0.0, 118.8, 212875.68571, 0.0
1247, 1.0, 0.0, 0.0, 0.0, 1.0, 118.26471, 212637.8, 0.0
1248, 1.0, 0.0, 0.0, 0.0, 0.0, 118.05882, 212368.47059, 0.0
1249, 1.0, 0.0, 0.0, 0.0, 0.0, 117.82353, 212127.05882, 0.0
1250, 1.0, 0.0, 0.0, 0.0, 0.0, 117.61765, 211887.94118, 0.0
1251, 1.0, 0.0, 0.0, 0.0, 1.0, 116.81818, 211647.67647, 0.0
1252, 1.0, 0.0, 0.0, 0.0, 1.0, 115.90323, 211407.27273, 0.0
1253, 1.0, 0.0, 0.0, 0.0, 0.0, 115.67742, 211129.45161, 0.0
1254, 1.0, 0.0, 0.0, 0.0, 0.0, 115.58065, 210886.48387, 0.0
1255, 1.0, 0.0, 0.0, 0.0, 0.0, 115.48387, 210645.22581, 0.0
1256, 1.0, 0.0, 0.0, 0.0, 0.0, 115.41935, 210403.06452, 0.0
1257, 1.0, 0.0, 0.0, 0.0, 0.0, 115.35484, 210163.03226, 0.0
1258, 1.0, 0.0, 0.0, 0.0, 0.0, 115.35484, 209920.45161, 0.0
1259, 1.0, 0.0, 0.0, 0.0, 1.0, 114.9, 209692.77419, 0.0
1260, 1.0, 0.0, 0.0, 0.0, 0.0, 114.66667, 209562.4, 0.0
1261, 1.0, 0.0, 0.0, 0.0, 0.0, 114.53333, 209324.16667, 0.0
1262, 1.0, 0.0, 0.0, 0.0, 0.0, 114.43333, 209091.63333, 0.0
1263, 1.0, 0.0, 0.0, 0.0, 0.0, 114.26667, 208852.6, 0.0
1264, 1.0, 0.0, 0.0, 0.0, 0.0, 114.23333, 208619.56667, 0.0
1265, 1.0, 0.0, 0.0, 0.0, 0.0, 114.0, 208383.76667, 0.0
1266, 1.0, 0.0, 0.0, 0.0, 1.0, 113.44828, 208156.66667, 0.0
1267, 1.0, 0.0, 0.0, 0.0, 0.0, 113.34483, 207872.75862, 0.0
1268, 1.0, 0.0, 0.0, 0.0, 0.0, 113.2069, 207631.58621, 0.0
1269, 1.0, 0.0, 0.0, 0.0, 0.0, 113.13793, 207391.10345, 0.0
1270, 1.0, 0.0, 0.0, 0.0, 0.0, 113.03448, 207155.75862, 0.0
1271, 1.0, 0.0, 0.0, 0.0, 1.0, 112.92857, 206933.0, 0.0
1272, 1.0, 0.0, 0.0, 0.0, 1.0, 112.7037, 206672.96429, 0.0
1273, 1.0, 0.0, 0.0, 0.0, 1.0, 111.32, 206405.0, 0.0
1274, 1.0, 0.0, 0.0, 0.0, 0.0, 111.2, 206239.32, 0.0
1275, 1.0, 0.0, 0.0, 0.0, 0.0, 111.04, 206008.56, 0.0
1276, 1.0, 0.0, 0.0, 0.0, 0.0, 110.92, 205776.44, 0.0
1277, 1.0, 0.0, 0.0, 0.0, 0.0, 110.8, 205541.64, 0.0
1278, 1.0, 0.0, 0.0, 0.0, 0.0, 110.68, 205307.6, 0.0
1279, 1.0, 0.0, 0.0, 0.0, 0.0, 110.6, 205070.92, 0.0
1280, 1.0, 0.0, 0.0, 0.0, 0.0, 110.56, 204834.92, 0.0
1281, 1.0, 0.0, 0.0, 0.0, 1.0, 109.375, 204611.32, 0.0
1282, 1.0, 0.0, 0.0, 0.0, 0.0, 109.33333, 204376.08333, 0.0
1283, 1.0, 0.0, 0.0, 0.0, 1.0, 108.17391, 204160.79167, 0.0
1284, 1.0, 0.0, 0.0, 0.0, 1.0, 106.45455, 203874.65217, 0.0
1285, 1.0, 0.0, 0.0, 0.0, 0.0, 106.36364, 203666.81818, 0.0
1286, 1.0, 0.0, 0.0, 0.0, 0.0, 106.31818, 203436.31818, 0.0
1287, 1.0, 0.0, 0.0, 0.0, 0.0, 106.18182, 203209.63636, 0.0
1288, 1.0, 0.0, 0.0, 0.0, 0.0, 106.09091, 202977.40909, 0.0
1289, 1.0, 0.0, 0.0, 0.0, 0.0, 106.04545, 202747.22727, 0.0
1290, 1.0, 0.0, 0.0, 0.0, 0.0, 105.86364, 202516.09091, 0.0
1291, 1.0, 0.0, 0.0, 0.0, 0.0, 105.77273, 202288.04545, 0.0
1292, 1.0, 0.0, 0.0, 0.0, 0.0, 105.63636, 202057.45455, 0.0
1293, 1.0, 0.0, 0.0, 0.0, 0.0, 105.45455, 201832.63636, 0.0
1294, 1.0, 0.0, 0.0, 0.0, 0.0, 105.40909, 201599.45455, 0.0
1295, 1.0, 0.0, 0.0, 0.0, 0.0, 105.18182, 201372.31818, 0.0
1296, 1.0, 0.0, 0.0, 0.0, 0.0, 105.04545, 201141.59091, 0.0
1297, 1.0, 0.0, 0.0, 0.0, 0.0, 105.04545, 200912.36364, 0.0
1298, 1.0, 0.0, 0.0, 0.0, 0.0, 104.90909, 200684.36364, 0.0
1299, 1.0, 0.0, 0.0, 0.0, 0.0, 104.68182, 200448.31818, 0.0
1300, 1.0, 0.0, 0.0, 0.0, 0.0, 104.54545, 200222.09091, 0.0
1301, 1.0, 0.0, 0.0, 0.0, 0.0, 104.31818, 199993.18182, 0.0
1302, 1.0, 0.0, 0.0, 0.0, 0.0, 103.95455, 199765.95455, 0.0
1303, 1.0, 0.0, 0.0, 0.0, 1.0, 103.28571, 199540.09091, 0.0
1304, 1.0, 0.0, 0.0, 0.0, 0.0, 103.19048, 199344.04762, 0.0
1305, 1.0, 0.0, 0.0, 0.0, 0.0, 103.14286, 199119.33333, 0.0
1306, 1.0, 0.0, 0.0, 0.0, 0.0, 103.09524, 198897.57143, 0.0
1307, 1.0, 0.0, 0.0, 0.0, 0.0, 103.04762, 198666.57143, 0.0
1308, 1.0, 0.0, 0.0, 0.0, 1.0, 102.35, 198460.95238, 0.0
1309, 1.0, 0.0, 0.0, 0.0, 0.0, 102.3, 198218.35, 0.0
1310, 1.0, 0.0, 0.0, 0.0, 0.0, 102.2, 198001.3, 0.0
1311, 1.0, 0.0, 0.0, 0.0, 0.0, 102.05, 197774.05, 0.0
1312, 1.0, 0.0, 0.0, 0.0, 0.0, 102.05, 197546.0, 0.0
1313, 1.0, 0.0, 0.0, 0.0, 0.0, 101.9, 197320.65, 0.0
1314, 1.0, 0.0, 0.0, 0.0, 1.0, 101.68421, 197109.25, 0.0
1315, 1.0, 0.0, 0.0, 0.0, 0.0, 101.57895, 196859.26316, 0.0
1316, 1.0, 0.0, 0.0, 0.0, 0.0, 101.47368, 196638.63158, 0.0
1317, 1.0, 0.0, 0.0, 0.0, 1.0, 100.27778, 196431.10526, 0.0
1318, 1.0, 0.0, 0.0, 0.0, 0.0, 100.27778, 196174.55556, 0.0
1319, 1.0, 0.0, 0.0, 0.0, 0.0, 100.22222, 195947.94444, 0.0
1320, 1.0, 0.0, 0.0, 0.0, 0.0, 100.05556, 195724.33333, 0.0
1321, 1.0, 0.0, 0.0, 0.0, 0.0, 100.0, 195498.66667, 0.0
1322, 1.0, 0.0, 0.0, 0.0, 1.0, 98.23529, 195290.55556, 0.0
1323, 1.0, 0.0, 0.0, 0.0, 0.0, 98.23529, 195043.47059, 0.0
1324, 1.0, 0.0, 0.0, 0.0, 0.0, 98.23529, 194826.64706, 0.0
1325, 1.0, 0.0, 0.0, 0.0, 1.0, 97.1875, 194621.35294, 0.0
1326, 1.0, 0.0, 0.0, 0.0, 0.0, 97.0, 194486.6875, 0.0
1327, 1.0, 0.0, 0.0, 0.0, 1.0, 95.2, 194274.9375, 0.0
1328, 1.0, 0.0, 0.0, 0.0, 0.0, 95.0, 194132.33333, 0.0
1329, 1.0, 0.0, 0.0, 0.0, 0.0, 94.93333, 193917.73333, 0.0
1330, 1.0, 0.0, 0.0, 0.0, 0.0, 94.86667, 193699.53333, 0.0
1331, 1.0, 0.0, 0.0, 0.0, 0.0, 94.6, 193480.4, 0.0
1332, 1.0, 0.0, 0.0, 0.0, 0.0, 94.53333, 193260.53333, 0.0
1333, 1.0, 0.0, 0.0, 0.0, 0.0, 94.33333, 193042.6, 0.0
1334, 1.0, 0.0, 0.0, 0.0, 0.0, 93.93333, 192823.0, 0.0
1335, 1.0, 0.0, 0.0, 0.0, 0.0, 93.93333, 192604.66667, 0.0
1336, 1.0, 0.0, 0.0, 0.0, 0.0, 93.66667, 192378.66667, 0.0
1337, 1.0, 0.0, 0.0, 0.0, 0.0, 93.66667, 192163.06667, 0.0
1338, 1.0, 0.0, 0.0, 0.0, 0.0, 93.6, 191940.4, 0.0
1339, 1.0, 0.0, 0.0, 0.0, 0.0, 93.46667, 191717.93333, 0.0
1340, 1.0, 0.0, 0.0, 0.0, 1.0, 92.42857, 191501.53333, 0.0
1341, 1.0, 0.0, 0.0, 0.0, 0.0, 92.42857, 191252.5, 0.0
1342, 1.0, 0.0, 0.0, 0.0, 0.0, 92.14286, 191030.07143, 0.0
1343, 1.0, 0.0, 0.0, 0.0, 0.0, 92.07143, 190810.57143, 0.0
1344, 1.0, 0.0, 0.0, 0.0, 0.0, 91.78571, 190593.21429, 0.0
1345, 1.0, 0.0, 0.0, 0.0, 0.0, 91.71429, 190375.85714, 0.0
1346, 1.0, 0.0, 0.0, 0.0, 0.0, 91.42857, 190160.71429, 0.0
1347, 1.0, 0.0, 0.0, 0.0, 0.0, 91.28571, 189940.64286, 0.0
1348, 1.0, 0.0, 0.0, 0.0, 0.0, 91.14286, 189724.92857, 0.0
1349, 1.0, 0.0, 0.0, 0.0, 0.0, 91.14286, 189517.64286, 0.0
1350, 1.0, 0.0, 0.0, 0.0, 1.0, 87.58333, 189329.0, 0.0
1351, 1.0, 0.0, 0.0, 0.0, 0.0, 87.33333, 189095.41667, 0.0
1352, 1.0, 0.0, 0.0, 0.0, 0.0, 87.25, 188883.25, 0.0
1353, 1.0, 0.0, 0.0, 0.0, 0.0, 87.08333, 188667.0, 0.0
1354, 1.0, 0.0, 0.0, 0.0, 0.0, 87.08333, 188456.08333, 0.0
1355, 1.0, 0.0, 0.0, 0.0, 0.0, 86.91667, 188241.83333, 0.0
1356, 1.0, 0.0, 0.0, 0.0, 0.0, 86.75, 188025.41667, 0.0
1357, 1.0, 0.0, 0.0, 0.0, 0.0, 86.66667, 187815.58333, 0.0
1358, 1.0, 0.0, 0.0, 0.0, 0.0, 86.5, 187601.5, 0.0
1359, 1.0, 0.0, 0.0, 0.0, 0.0, 86.41667, 187390.75, 0.0
1360, 1.0, 0.0, 0.0, 0.0, 0.0, 86.33333, 187180.58333, 0.0
1361, 1.0, 0.0, 0.0, 0.0, 0.0, 86.16667, 186969.33333, 0.0
1362, 1.0, 0.0, 0.0, 0.0, 0.0, 86.16667, 186755.33333, 0.0
1363, 1.0, 0.0, 0.0, 0.0, 0.0, 86.08333, 186543.91667, 0.0
1364, 1.0, 0.0, 0.0, 0.0, 0.0, 86.0, 186331.0, 0.0
1365, 1.0, 0.0, 0.0, 0.0, 0.0, 85.91667, 186123.91667, 0.0
1366, 1.0, 0.0, 0.0, 0.0, 0.0, 85.83333, 185910.91667, 0.0
1367, 1.0, 0.0, 0.0, 0.0, 0.0, 85.83333, 185703.5, 0.0
1368, 1.0, 0.0, 0.0, 0.0, 0.0, 85.83333, 185488.25, 0.0
1369, 1.0, 0.0, 0.0, 0.0, 0.0, 85.83333, 185273.25, 0.0
1370, 1.0, 0.0, 0.0, 0.0, 0.0, 85.58333, 185064.16667, 0.0
1371, 1.0, 0.0, 0.0, 0.0, 0.0, 85.5, 184854.75, 0.0
1372, 1.0, 0.0, 0.0, 0.0, 0.0, 85.25, 184647.16667, 0.0
1373, 1.0, 0.0, 0.0, 0.0, 0.0, 85.16667, 184435.0, 0.0
1374, 1.0, 0.0, 0.0, 0.0, 0.0, 85.08333, 184231.58333, 0.0
1375, 1.0, 0.0, 0.0, 0.0, 0.0, 84.83333, 184016.0, 0.0
1376, 1.0, 0.0, 0.0, 0.0, 0.0, 84.75, 183809.66667, 0.0
1377, 1.0, 0.0, 0.0, 0.0, 0.0, 84.66667, 183609.66667, 0.0
1378, 1.0, 0.0, 0.0, 0.0, 0.0, 84.66667, 183400.75, 0.0
1379, 1.0, 0.0, 0.0, 0.0, 0.0, 84.66667, 183184.25, 0.0
1380, 1.0, 0.0, 0.0, 0.0, 0.0, 84.58333, 182975.83333, 0.0
1381, 1.0, 0.0, 0.0, 0.0, 0.0, 84.5, 182765.41667, 0.0
1382, 1.0, 0.0, 0.0, 0.0, 0.0, 84.41667, 182559.25, 0.0
1383, 1.0, 0.0, 0.0, 0.0, 0.0, 84.41667, 182364.0, 0.0
1384, 1.0, 0.0, 0.0, 0.0, 0.0, 84.16667, 182156.0, 0.0
1385, 1.0, 0.0, 0.0, 0.0, 0.0, 84.16667, 181946.58333, 0.0
1386, 1.0, 0.0, 0.0, 0.0, 0.0, 84.0, 181743.16667, 0.0
1387, 1.0, 0.0, 0.0, 0.0, 0.0, 83.83333, 181532.83333, 0.0
1388, 1.0, 0.0, 0.0, 0.0, 0.0, 83.75, 181329.91667, 0.0
1389, 1.0, 0.0, 0.0, 0.0, 1.0, 81.36364, 181142.25, 0.0
1390, 1.0, 0.0, 0.0, 0.0, 0.0, 81.36364, 180952.18182, 0.0
1391, 1.0, 0.0, 0.0, 0.0, 1.0, 79.0, 180766.72727, 0.0
1392, 1.0, 0.0, 0.0, 0.0, 0.0, 79.0, 180518.2, 0.0
1393, 1.0, 0.0, 0.0, 0.0, 0.0, 78.9, 180308.6, 0.0
1394, 1.0, 0.0, 0.0, 0.0, 0.0, 78.9, 180103.5, 0.0
1395, 1.0, 0.0, 0.0, 0.0, 0.0, 78.9, 179898.4, 0.0
1396, 1.0, 0.0, 0.0, 0.0, 0.0, 78.9, 179687.8, 0.0
1397, 1.0, 0.0, 0.0, 0.0, 0.0, 78.9, 179490.8, 0.0
1398, 1.0, 0.0, 0.0, 0.0, 0.0, 78.9, 179288.2, 0.0
1399, 1.0, 0.0, 0.0, 0.0, 0.0, 78.8, 179086.7, 0.0
1400, 1.0, 0.0, 0.0, 0.0, 0.0, 78.8, 178883.1, 0.0
1401, 1.0, 0.0, 0.0, 0.0, 0.0, 78.7, 178669.4, 0.0
1402, 1.0, 0.0, 0.0, 0.0, 0.0, 78.3, 178466.6, 0.0
1403, 1.0, 0.0, 0.0, 0.0, 0.0, 78.2, 178267.7, 0.0
1404, 1.0, 0.0, 0.0, 0.0, 0.0, 78.0, 178067.0, 0.0
1405, 1.0, 0.0, 0.0, 0.0, 0.0, 78.0, 177865.5, 0.0
1406, 1.0, 0.0, 0.0, 0.0, 0.0, 77.8, 177668.1, 0.0
1407, 1.0, 0.0, 0.0, 0.0, 0.0, 77.8, 177463.9, 0.0
1408, 1.0, 0.0, 0.0, 0.0, 1.0, 75.0, 177278.0, 0.0
1409, 1.0, 0.0, 0.0, 0.0, 0.0, 75.0, 177185.77778, 0.0
1410, 1.0, 0.0, 0.0, 0.0, 0.0, 75.0, 176987.22222, 0.0
1411, 1.0, 0.0, 0.0, 0.0, 0.0, 74.88889, 176794.22222, 0.0
1412, 1.0, 0.0, 0.0, 0.0, 0.0, 74.88889, 176581.77778, 0.0
1413, 1.0, 0.0, 0.0, 0.0, 0.0, 74.88889, 176381.44444, 0.0
1414, 1.0, 0.0, 0.0, 0.0, 0.0, 74.66667, 176172.88889, 0.0
1415, 1.0, 0.0, 0.0, 0.0, 0.0, 74.66667, 175979.22222, 0.0
1416, 1.0, 0.0, 0.0, 0.0, 0.0, 74.44444, 175782.33333, 0.0
1417, 1.0, 0.0, 0.0, 0.0, 1.0, 83.5, 175585.55556, 0.0
1418, 1.0, 0.0, 0.0, 0.0, 0.0, 83.375, 175599.375, 0.0
1419, 1.0, 0.0, 0.0, 0.0, 0.0, 83.375, 175390.125, 0.0
1420, 1.0, 0.0, 0.0, 0.0, 0.0, 83.375, 175188.75, 0.0
1421, 1.0, 0.0, 0.0, 0.0, 0.0, 83.25, 174987.875, 0.0
1422, 1.0, 0.0, 0.0, 0.0, 0.0, 83.25, 174779.25, 0.0
1423, 1.0, 0.0, 0.0, 0.0, 0.0, 83.125, 174584.875, 0.0
1424, 1.0, 0.0, 0.0, 0.0, 0.0, 82.875, 174377.25, 0.0
1425, 1.0, 0.0, 0.0, 0.0, 0.0, 82.875, 174177.625, 0.0
1426, 1.0, 0.0, 0.0, 0.0, 0.0, 82.875, 173966.875, 0.0
1427, 1.0, 0.0, 0.0, 0.0, 1.0, 94.42857, 173806.5, 0.0
1428, 1.0, 0.0, 0.0, 0.0, 0.0, 94.42857, 173892.85714, 0.0
1429, 1.0, 0.0, 0.0, 0.0, 0.0, 94.28571, 173704.0, 0.0
1430, 1.0, 0.0, 0.0, 0.0, 0.0, 94.14286, 173518.14286, 0.0
1431, 1.0, 0.0, 0.0, 0.0, 0.0, 93.85714, 173317.28571, 0.0
1432, 1.0, 0.0, 0.0, 0.0, 0.0, 93.57143, 173122.0, 0.0
1433, 1.0, 0.0, 0.0, 0.0, 0.0, 93.57143, 172936.85714, 0.0
1434, 1.0, 0.0, 0.0, 0.0, 0.0, 93.57143, 172733.28571, 0.0
1435, 1.0, 0.0, 0.0, 0.0, 0.0, 93.28571, 172531.28571, 0.0
1436, 1.0, 0.0, 0.0, 0.0, 0.0, 93.14286, 172338.28571, 0.0
1437, 1.0, 0.0, 0.0, 0.0, 0.0, 93.0, 172142.28571, 0.0
1438, 1.0, 0.0, 0.0, 0.0, 0.0, 93.0, 171940.71429, 0.0
1439, 1.0, 0.0, 0.0, 0.0, 0.0, 93.0, 171759.14286, 0.0
1440, 1.0, 0.0, 0.0, 0.0, 0.0, 93.0, 171571.0, 0.0
1441, 1.0, 0.0, 0.0, 0.0, 1.0, 89.83333, 171400.0, 0.0
1442, 1.0, 0.0, 0.0, 0.0, 0.0, 89.66667, 171079.0, 0.0
1443, 1.0, 0.0, 0.0, 0.0, 0.0, 89.66667, 170885.0, 0.0
1444, 1.0, 0.0, 0.0, 0.0, 0.0, 89.66667, 170685.16667, 0.0
1445, 1.0, 0.0, 0.0, 0.0, 0.0, 89.66667, 170484.83333, 0.0
1446, 1.0, 0.0, 0.0, 0.0, 0.0, 89.5, 170288.16667, 0.0
1447, 1.0, 0.0, 0.0, 0.0, 0.0, 89.5, 170098.16667, 0.0
1448, 1.0, 0.0, 0.0, 0.0, 0.0, 89.0, 169901.66667, 0.0
1449, 1.0, 0.0, 0.0, 0.0, 0.0, 89.0, 169717.66667, 0.0
1450, 1.0, 0.0, 0.0, 0.0, 0.0, 89.0, 169514.0, 0.0
1451, 1.0, 0.0, 0.0, 0.0, 0.0, 88.66667, 169323.33333, 0.0
1452, 1.0, 0.0, 0.0, 0.0, 0.0, 88.5, 169125.16667, 0.0
1453, 1.0, 0.0, 0.0, 0.0, 0.0, 88.5, 168931.5, 0.0
1454, 1.0, 0.0, 0.0, 0.0, 0.0, 88.5, 168734.5, 0.0
1455, 1.0, 0.0, 0.0, 0.0, 0.0, 88.5, 168552.5, 0.0
1456, 1.0, 0.0, 0.0, 0.0, 0.0, 88.5, 168362.16667, 0.0
1457, 1.0, 0.0, 0.0, 0.0, 0.0, 88.5, 168171.83333, 0.0
1458, 1.0, 0.0, 0.0, 0.0, 0.0, 88.33333, 167984.5, 0.0
1459, 1.0, 0.0, 0.0, 0.0, 0.0, 88.16667, 167793.33333, 0.0
1460, 1.0, 0.0, 0.0, 0.0, 0.0, 88.16667, 167600.16667, 0.0
1461, 1.0, 0.0, 0.0, 0.0, 0.0, 88.16667, 167420.83333, 0.0
1462, 1.0, 0.0, 0.0, 0.0, 0.0, 88.0, 167233.0, 0.0
1463, 1.0, 0.0, 0.0, 0.0, 0.0, 87.83333, 167040.16667, 0.0
1464, 1.0, 0.0, 0.0, 0.0, 0.0, 87.5, 166853.0, 0.0
1465, 1.0, 0.0, 0.0, 0.0, 0.0, 87.33333, 166661.33333, 0.0
1466, 1.0, 0.0, 0.0, 0.0, 1.0, 85.0, 166501.16667, 0.0
1467, 1.0, 0.0, 0.0, 0.0, 0.0, 85.0, 166626.6, 0.0
1468, 1.0, 0.0, 0.0, 0.0, 0.0, 84.8, 166432.8, 0.0
1469, 1.0, 0.0, 0.0, 0.0, 0.0, 84.6, 166238.8, 0.0
1470, 1.0, 0.0, 0.0, 0.0, 0.0, 84.6, 166051.0, 0.0
1471, 1.0, 0.0, 0.0, 0.0, 0.0, 84.6, 165861.4, 0.0
1472, 1.0, 0.0, 0.0, 0.0, 0.0, 84.6, 165663.6, 0.0
1473, 1.0, 0.0, 0.0, 0.0, 0.0, 84.2, 165467.6, 0.0
1474, 1.0, 0.0, 0.0, 0.0, 0.0, 84.0, 165283.2, 0.0
1475, 1.0, 0.0, 0.0, 0.0, 0.0, 83.8, 165090.6, 0.0
1476, 1.0, 0.0, 0.0, 0.0, 0.0, 83.8, 164896.8, 0.0
1477, 1.0, 0.0, 0.0, 0.0, 0.0, 83.8, 164703.0, 0.0
1478, 1.0, 0.0, 0.0, 0.0, 0.0, 83.8, 164511.2, 0.0
1479, 1.0, 0.0, 0.0, 0.0, 0.0, 83.8, 164327.2, 0.0
1480, 1.0, 0.0, 0.0, 0.0, 0.0, 83.8, 164139.4, 0.0
1481, 1.0, 0.0, 0.0, 0.0, 0.0, 83.8, 163954.6, 0.0
1482, 1.0, 0.0, 0.0, 0.0, 0.0, 83.6, 163758.2, 0.0
1483, 1.0, 0.0, 0.0, 0.0, 0.0, 83.6, 163561.6, 0.0
1484, 1.0, 0.0, 0.0, 0.0, 1.0, 75.75, 163427.4, 0.0
1485, 1.0, 0.0, 0.0, 0.0, 0.0, 75.75, 162766.5, 0.0
1486, 1.0, 0.0, 0.0, 0.0, 0.0, 75.75, 162578.25, 0.0
1487, 1.0, 0.0, 0.0, 0.0, 0.0, 75.25, 162405.0, 0.0
1488, 1.0, 0.0, 0.0, 0.0, 0.0, 75.25, 162224.0, 0.0
1489, 1.0, 0.0, 0.0, 0.0, 0.0, 75.25, 162031.75, 0.0
1490, 1.0, 0.0, 0.0, 0.0, 0.0, 75.0, 161838.5, 0.0
1491, 1.0, 0.0, 0.0, 0.0, 0.0, 74.5, 161656.5, 0.0
1492, 1.0, 0.0, 0.0, 0.0, 0.0, 74.0, 161470.5, 0.0
1493, 1.0, 0.0, 0.0, 0.0, 0.0, 74.0, 161291.5, 0.0
1494, 1.0, 0.0, 0.0, 0.0, 0.0, 73.5, 161101.25, 0.0
1495, 1.0, 0.0, 0.0, 0.0, 0.0, 73.25, 160918.75, 0.0
1496, 1.0, 0.0, 0.0, 0.0, 0.0, 73.25, 160730.25, 0.0
1497, 1.0, 0.0, 0.0, 0.0, 0.0, 73.25, 160549.25, 0.0
1498, 1.0, 0.0, 0.0, 0.0, 0.0, 73.25, 160366.5, 0.0
1499, 1.0, 0.0, 0.0, 0.0, 0.0, 73.25, 160191.75, 0.0
1500, 1.0, 0.0, 0.0, 0.0, 0.0, 72.5, 160015.0, 0.0
1501, 1.0, 0.0, 0.0, 0.0, 0.0, 72.5, 159835.75, 0.0
1502, 1.0, 0.0, 0.0, 0.0, 1.0, 69.0, 159713.0, 0.0
1503, 1.0, 0.0, 0.0, 0.0, 0.0, 69.0, 159405.66667, 0.0
1504, 1.0, 0.0, 0.0, 0.0, 0.0, 69.0, 159208.66667, 0.0
1505, 1.0, 0.0, 0.0, 0.0, 0.0, 68.66667, 159024.0, 0.0
1506, 1.0, 0.0, 0.0, 0.0, 0.0, 68.0, 158838.33333, 0.0
1507, 1.0, 0.0, 0.0, 0.0, 1.0, 47.5, 158757.66667, 0.0
1508, 1.0, 0.0, 0.0, 0.0, 0.0, 47.5, 157895.0, 0.0
1509, 1.0, 0.0, 0.0, 0.0, 0.0, 47.5, 157739.5, 0.0
1510, 1.0, 0.0, 0.0, 0.0, 0.0, 47.5, 157544.0, 0.0
1511, 1.0, 0.0, 0.0, 0.0, 0.0, 47.5, 157356.0, 0.0
1512, 1.0, 0.0, 0.0, 0.0, 1.0, 1.0, 157296.5, 0.0
1513, 1.0, 0.0, 0.0, 0.0, 0.0, 1.0, 158027.0, 0.0
1514, 1.0, 0.0, 0.0, 0.0, 0.0, 1.0, 157861.0, 0.0
1515, 1.0, 0.0, 0.0, 0.0, 0.0, 1.0, 157664.0, 0.0
1516, 1.0, 0.0, 0.0, 0.0, 0.0, 1.0, 157492.0, 0.0
1517, 1.0, 0.0, 0.0, 0.0, 0.0, 1.0, 157331.0, 0.0
1518, 0.0, 0.0, 0.0, 0.0, 1.0, 0.0, 157256.0, 0.0
