time, seeders, joined, request_count, response_size, left, awareness, bad_data, leechers
0, 0.0, 0.0, 0.0, 0.0, 0.0, 1001.0, 0.0, 0.0
1, 0.0, 2063.26, 459.04249, 43.97283, 0.0, 802492.816, 0.0, 2063.26
2, 0.0, 984.248, 399.53345, 104.15435, 102.194, 1074079.31, 43495.338, 2946.314
3, 0.0, 949.08, 374.50794, 139.99366, 97.112, 1313092.24, 83064.744, 3798.282
4, 0.0, 918.702, 352.70196, 173.05506, 116.538, 1511383.716, 129123.944, 4600.446
5, 0.0, 891.458, 334.6327, 203.15601, 136.666, 1677132.714, 181646.458, 5355.238
6, 0.0, 859.572, 320.44087, 230.95419, 153.182, 1816858.256, 238773.91, 6061.628
7, 0.0, 829.738, 306.46662, 256.42694, 170.066, 1934244.578, 300545.086, 6721.3
8, 0.0, 803.506, 296.5653, 280.01284, 185.762, 2034813.336, 366282.394, 7339.044
9, 0.0, 775.78, 287.5622, 302.08125, 200.058, 2120710.158, 435460.078, 7914.766
10, 0.0, 748.946, 278.54478, 322.49029, 214.35, 2193544.734, 507956.798, 8449.362
11, 1607.188, 727.628, 271.24575, 340.10734, 186.276, 2245588.828, 561088.044, 7383.526
12, 2083.108, 702.534, 268.04112, 355.06203, 470.558, 2230023.208, 725966.502, 7139.582
13, 2557.444, 679.134, 267.78368, 369.10286, 439.234, 2223022.184, 870802.872, 6905.146
14, 2965.826, 657.516, 266.50302, 382.46039, 476.29, 2209874.822, 1023380.74, 6677.99
15, 3316.006, 634.998, 267.49376, 395.44463, 507.988, 2192892.46, 1180505.618, 6454.82
16, 3609.48, 615.006, 268.1047, 408.06276, 534.626, 2172684.134, 1340944.11, 6241.726
17, 3853.638, 597.426, 269.88782, 420.38551, 554.97, 2150570.11, 1503167.266, 6040.024
18, 4056.252, 576.596, 270.73029, 432.40583, 571.534, 2126428.714, 1665396.528, 5842.472
19, 4220.662, 558.142, 274.56454, 444.01945, 583.5, 2102133.892, 1826245.566, 5652.704
20, 4349.318, 538.298, 275.67816, 455.3654, 592.756, 2076540.632, 1985428.286, 5469.59
21, 4451.84, 521.72, 278.63413, 466.36911, 597.89, 2050070.396, 2140316.936, 5290.898
22, 4526.198, 503.834, 280.66982, 476.59848, 602.836, 2021397.42, 2292025.256, 5117.538
23, 4576.702, 487.934, 283.44202, 486.37024, 605.196, 1991929.386, 2439286.872, 4949.772
24, 4607.162, 470.63, 285.84451, 495.65173, 602.938, 1961537.628, 2582118.628, 4787.004
25, 4617.556, 456.12, 288.95685, 504.53306, 600.21, 1931030.674, 2720723.958, 4632.52
26, 4614.048, 440.742, 293.06261, 512.95474, 596.018, 1900848.45, 2854638.846, 4480.752
27, 4598.152, 427.506, 294.87072, 520.98173, 591.716, 1869948.212, 2985472.658, 4332.438
28, 4570.394, 412.07, 298.66042, 528.61606, 582.898, 1839518.124, 3111604.74, 4189.368
29, 4532.37, 401.112, 301.71872, 536.24204, 575.712, 1809715.572, 3233903.75, 4052.792
30, 4481.386, 384.808, 304.03474, 543.15352, 569.154, 1779113.388, 3352915.408, 3919.43
31, 4424.902, 373.056, 307.68303, 550.11517, 558.468, 1749479.452, 3467432.296, 3790.502
32, 4360.052, 359.994, 311.35519, 556.63836, 549.66, 1719796.274, 3578509.372, 3665.686
33, 4291.346, 349.018, 313.3506, 562.69834, 538.558, 1690394.452, 3685475.226, 3544.852
34, 4216.73, 337.336, 314.72775, 568.43959, 527.518, 1660821.772, 3788558.472, 3429.286
35, 4140.008, 325.43, 320.38226, 574.0832, 516.272, 1631672.166, 3888084.55, 3315.166
36, 4057.478, 316.094, 321.62585, 579.44122, 506.864, 1602468.086, 3984160.932, 3206.926
37, 3973.204, 304.966, 324.54765, 584.25616, 495.894, 1572709.334, 4077450.604, 3100.272
38, 3889.384, 297.184, 329.439, 588.98694, 481.81, 1545153.164, 4165562.028, 2999.466
39, 3804.436, 285.222, 330.80197, 593.6113, 470.698, 1516593.47, 4250781.886, 2898.938
40, 3716.222, 276.98, 333.2876, 597.79733, 459.378, 1488311.21, 4332863.1, 2804.754
41, 3625.736, 267.068, 336.77565, 601.62297, 449.392, 1460215.916, 4411628.15, 2712.916
42, 3537.07, 257.718, 341.1248, 605.29784, 435.854, 1432370.408, 4487396.448, 2623.446
43, 3446.948, 250.69, 341.87642, 608.70249, 426.086, 1404683.37, 4560167.054, 2538.172
44, 3357.868, 242.948, 346.74498, 611.86788, 413.014, 1378084.15, 4629401.456, 2457.186
45, 3269.248, 233.92, 349.23478, 615.03909, 402.522, 1351473.364, 4695581.52, 2377.204
46, 3180.578, 225.364, 352.81589, 617.80483, 393.196, 1324510.378, 4759501.732, 2298.042
47, 3092.25, 219.408, 354.18946, 620.31319, 381.73, 1298184.522, 4820274.61, 2224.048
48, 3009.116, 210.588, 356.9814, 622.53878, 369.508, 1271858.922, 4878044.606, 2148.262
49, 2925.448, 204.99, 360.28099, 624.67747, 358.804, 1246320.498, 4932984.524, 2078.116
50, 2842.872, 198.578, 362.3211, 626.6079, 347.624, 1221210.342, 4985024.352, 2011.646
51, 2762.328, 191.36, 365.08675, 628.30062, 337.822, 1196120.802, 5034575.51, 1945.728
52, 2683.184, 185.274, 367.96312, 629.95281, 327.566, 1171405.698, 5081576.276, 1882.58
53, 2606.87, 178.788, 371.77551, 631.37311, 317.738, 1147161.286, 5125917.668, 1819.944
54, 2531.738, 172.806, 373.01946, 632.23064, 308.476, 1122614.064, 5168370.576, 1759.406
55, 2456.548, 167.612, 376.763, 633.6045, 300.264, 1098788.088, 5208274.952, 1701.944
56, 2383.202, 163.236, 379.7998, 634.36963, 290.322, 1076016.046, 5245389.504, 1648.204
57, 2312.374, 156.24, 380.95238, 634.98611, 282.348, 1052482.88, 5280763.866, 1592.924
58, 2243.24, 151.43, 383.72846, 635.59002, 273.062, 1029445.208, 5313884.23, 1540.426
59, 2175.062, 146.588, 387.3373, 635.76435, 265.618, 1006897.486, 5344866.51, 1489.574
60, 2109.02, 141.258, 389.3868, 635.83914, 256.828, 984696.656, 5373483.372, 1440.046
61, 2044.242, 137.428, 390.40807, 636.03232, 249.408, 962488.772, 5400581.318, 1392.844
62, 1982.478, 133.174, 392.44147, 635.92038, 240.396, 941016.426, 5425204.58, 1347.386
63, 1920.788, 128.648, 396.17406, 635.5231, 234.862, 919308.22, 5448730.32, 1302.862
64, 1860.378, 124.632, 397.79511, 635.43632, 226.7, 898135.256, 5470118.588, 1261.204
65, 1802.596, 119.84, 402.20294, 634.82529, 219.16, 877652.578, 5489191.592, 1219.666
66, 1747.004, 115.626, 401.42356, 634.31621, 212.434, 857037.53, 5506552.716, 1178.45
67, 1691.272, 112.912, 406.10387, 633.4985, 206.318, 837085.586, 5522483.672, 1140.776
68, 1636.84, 107.838, 407.53723, 632.37922, 200.216, 816963.732, 5536661.726, 1102.83
69, 1585.232, 105.422, 410.02827, 631.46993, 192.514, 797824.196, 5548958.714, 1067.346
70, 1534.3, 101.918, 411.0167, 630.53232, 186.734, 778781.342, 5559743.826, 1033.462
71, 1486.494, 97.954, 412.93873, 629.56511, 180.282, 760083.534, 5568658.718, 998.94
72, 1439.608, 95.448, 415.07418, 628.26001, 175.176, 741840.436, 5576268.208, 966.098
73, 1393.484, 92.442, 417.32113, 626.76269, 169.748, 723984.744, 5582427.73, 934.916
74, 1349.592, 89.098, 419.6166, 625.04076, 164.506, 705935.602, 5587640.27, 903.4
75, 1305.502, 86.044, 422.02826, 623.72368, 159.398, 688407.81, 5591220.73, 874.136
76, 1263.038, 84.04, 426.01142, 622.22638, 154.286, 671511.982, 5593601.844, 846.354
77, 1222.498, 80.644, 425.87173, 620.37713, 149.7, 654536.628, 5594722.778, 817.838
78, 1183.128, 77.958, 427.06329, 618.42682, 143.81, 637981.252, 5594386.526, 791.356
79, 1145.694, 75.558, 428.13468, 616.54945, 138.994, 621825.552, 5592741.97, 765.354
80, 1109.59, 72.856, 430.63028, 614.68544, 134.08, 606281.764, 5589505.352, 740.234
81, 1073.194, 69.824, 434.10575, 612.58408, 130.544, 590670.254, 5585407.364, 715.91
82, 1038.732, 67.314, 435.09523, 610.3257, 126.43, 575078.988, 5580406.026, 691.256
83, 1005.668, 66.026, 436.31297, 608.16423, 121.836, 560345.996, 5574069.948, 668.51
84, 972.966, 64.05, 436.89305, 606.42058, 118.386, 545847.376, 5566756.862, 646.876
85, 941.644, 61.402, 439.54594, 603.42836, 114.35, 531419.75, 5558534.51, 625.25
86, 911.904, 59.266, 440.42115, 601.25393, 110.284, 517418.112, 5549094.492, 603.972
87, 881.296, 57.806, 442.01294, 598.82431, 107.722, 503504.31, 5539179.464, 584.664
88, 852.49, 55.684, 442.42511, 596.42515, 103.7, 489941.088, 5528147.448, 565.454
89, 825.304, 54.478, 445.15217, 593.98961, 99.868, 477049.77, 5516153.526, 547.25
90, 798.304, 52.862, 447.3724, 591.28589, 97.472, 464243.184, 5503674.584, 529.64
91, 772.116, 50.438, 450.17645, 589.02832, 93.528, 451883.438, 5489938.498, 512.738
92, 746.432, 49.088, 450.37484, 585.86136, 90.824, 439757.942, 5475519.034, 496.686
93, 722.514, 47.612, 451.75586, 583.66223, 87.322, 428007.21, 5460295.838, 480.894
94, 698.986, 46.154, 453.48182, 580.93115, 85.38, 416407.066, 5444511.336, 465.196
95, 676.062, 44.06, 454.51657, 577.5775, 81.968, 405018.83, 5427829.478, 450.212
96, 654.362, 42.992, 455.29401, 575.13901, 79.122, 394080.736, 5410433.736, 435.782
97, 632.916, 41.312, 456.09024, 572.33043, 77.058, 383158.688, 5392501.664, 421.482
98, 611.966, 40.792, 456.46205, 568.91165, 74.71, 372735.178, 5374027.884, 408.514
99, 592.452, 38.95, 459.74326, 566.32462, 71.844, 362508.742, 5354894.174, 395.134
100, 573.536, 37.476, 459.86765, 563.67251, 69.818, 352289.144, 5335273.202, 381.708
101, 554.732, 36.18, 459.4251, 560.60336, 67.452, 342240.228, 5315071.67, 369.24
102, 536.392, 35.18, 463.58727, 556.99755, 65.556, 332601.028, 5294356.278, 357.204
103, 519.004, 34.172, 463.88856, 554.55469, 63.052, 323327.698, 5273042.712, 345.712
104, 502.388, 32.758, 464.5888, 551.20724, 60.752, 314208.05, 5251173.016, 334.334
105, 485.96, 31.332, 463.96655, 548.06748, 58.798, 305054.624, 5228905.828, 323.296
106, 470.774, 30.65, 465.90538, 544.92542, 56.798, 296443.234, 5206047.518, 312.334
107, 455.646, 29.392, 466.31737, 542.27207, 55.356, 287695.564, 5183039.91, 301.498
108, 441.396, 28.848, 467.90072, 538.93392, 53.17, 279489.902, 5159516.158, 291.426
109, 426.788, 27.264, 468.49325, 535.75581, 52.332, 270913.682, 5135873.566, 280.966
110, 412.828, 26.708, 469.89666, 532.48191, 50.084, 262877.912, 5111727.03, 271.55
111, 399.21, 26.04, 472.04301, 529.11707, 48.634, 255164.502, 5087247.63, 262.574
112, 386.004, 25.054, 470.30414, 526.41831, 46.888, 247617.99, 5062318.936, 253.946
113, 373.594, 24.498, 473.05903, 523.24437, 45.168, 240432.696, 5037113.75, 245.686
114, 361.504, 23.906, 474.48339, 519.17676, 43.378, 233723.138, 5011412.578, 238.304
115, 349.162, 22.418, 472.92354, 516.47001, 42.582, 226580.226, 4985683.878, 230.482
116, 338.084, 21.48, 474.86034, 513.25294, 40.442, 219868.844, 4959376.474, 222.598
117, 326.906, 21.042, 476.76076, 509.95275, 39.588, 213275.936, 4933032.554, 215.23
118, 316.468, 20.658, 477.05489, 507.15332, 38.128, 207046.412, 4906427.684, 208.198
119, 305.936, 19.8, 476.41414, 503.20216, 36.922, 200901.694, 4879555.592, 201.608
120, 295.654, 19.626, 476.51075, 500.62479, 36.248, 194898.176, 4852759.004, 195.268
121, 285.95, 18.87, 478.37838, 496.89609, 34.812, 189159.2, 4825583.516, 189.03
122, 276.874, 18.088, 478.88103, 493.62387, 33.182, 183649.606, 4798075.37, 183.012
123, 268.16, 17.458, 478.92084, 490.46514, 32.12, 178284.138, 4770386.77, 177.064
124, 259.592, 16.826, 480.09034, 487.5151, 31.616, 172817.546, 4742801.628, 170.842
125, 251.086, 15.98, 481.28911, 484.80094, 30.316, 167429.51, 4715010.654, 165.012
126, 242.766, 15.844, 481.69654, 480.93056, 29.132, 162488.492, 4686995.306, 160.044
127, 234.808, 15.222, 481.93404, 478.04662, 28.226, 157576.056, 4658898.072, 154.998
128, 227.388, 14.344, 482.64083, 474.80283, 27.334, 152710.776, 4630650.212, 149.428
129, 219.702, 13.708, 482.34608, 471.19631, 26.758, 147691.478, 4602519.57, 144.064
130, 212.732, 13.698, 482.26018, 467.45171, 25.816, 143058.236, 4574255.542, 138.916
131, 205.554, 13.342, 482.91111, 464.61183, 25.278, 138473.426, 4546053.466, 134.158
132, 199.106, 12.61, 483.82236, 461.44288, 23.882, 134119.174, 4517531.992, 129.334
133, 192.494, 12.3, 484.30894, 458.46769, 23.268, 129893.322, 4489019.886, 124.978
134, 186.194, 12.054, 486.89232, 455.31044, 22.27, 125958.312, 4460410.164, 121.062
135, 179.784, 11.648, 487.2081, 451.65057, 21.916, 121974.434, 4431917.54, 117.204
136, 173.884, 11.178, 486.04402, 448.47322, 21.034, 118185.372, 4403235.454, 113.248
137, 168.146, 11.154, 487.71741, 445.54577, 20.282, 114669.372, 4374549.702, 109.858
138, 162.438, 10.538, 486.33517, 442.31805, 19.66, 111090.366, 4345914.26, 106.444
139, 156.836, 10.064, 487.18203, 439.15174, 18.842, 107654.076, 4317180.218, 103.268
140, 151.708, 9.92, 488.30645, 436.77539, 18.468, 104330.9, 4288529.938, 99.848
141, 146.714, 9.538, 486.68484, 433.07432, 17.828, 101067.922, 4259894.788, 96.552
142, 141.62, 9.178, 486.48943, 429.63315, 17.332, 97810.036, 4231326.69, 93.492
143, 136.57, 8.78357, 491.67237, 427.23944, 16.93, 94593.554, 4202805.358, 90.378
144, 132.008, 8.478, 490.32791, 423.92062, 16.094, 91587.734, 4174227.604, 87.324
145, 127.702, 8.496, 489.99529, 420.95796, 15.52, 88819.268, 4145626.954, 84.606
146, 123.214, 8.134, 489.55004, 417.22777, 15.248, 85990.264, 4117191.206, 81.98
147, 119.476, 7.75, 490.19355, 414.40879, 14.42, 83314.068, 4088655.024, 79.048
148, 115.434, 7.45, 489.93289, 411.59205, 14.044, 80610.542, 4060286.81, 76.496
149, 111.428, 7.14, 492.57703, 408.17401, 13.638, 77971.864, 4031952.636, 74.004
150, 108.04, 7.172, 491.63413, 406.66279, 13.036, 75605.422, 4003644.94, 71.528
151, 104.844, 6.91, 492.90883, 402.07076, 12.43, 73367.424, 3975306.264, 69.204
152, 101.704, 6.69, 492.52616, 399.5563, 12.034, 71201.624, 3947033.798, 67.0
153, 98.288, 6.37675, 491.82904, 396.35399, 11.98, 68921.53, 3918973.6, 64.8
154, 95.13, 6.20281, 494.01101, 393.07339, 11.266, 66840.766, 3890900.158, 62.87
155, 92.108, 6.006, 493.00699, 389.83891, 11.216, 64726.152, 3863022.47, 60.682
156, 89.154, 5.8477, 494.85949, 387.77147, 10.738, 62731.148, 3835199.114, 58.734
157, 85.996, 5.6994, 493.49508, 384.68294, 10.696, 60692.536, 3807582.37, 56.884
158, 83.224, 5.54108, 494.93671, 382.15199, 10.036, 58841.776, 3779955.038, 55.15
159, 80.534, 5.15524, 493.74267, 378.5101, 9.676, 56930.246, 3752440.75, 53.278
160, 77.828, 5.05433, 494.82484, 375.58648, 9.614, 55042.93, 3725078.454, 51.394
161, 75.508, 4.92944, 496.11452, 372.50041, 8.998, 53337.584, 3697706.896, 49.606
162, 73.068, 4.73939, 497.44246, 370.18123, 8.836, 51639.124, 3670483.864, 47.902
163, 70.424, 4.76876, 498.51127, 366.81058, 8.75, 49953.82, 3643520.19, 46.498
164, 67.878, 4.63008, 497.5856, 364.67314, 8.516, 48333.378, 3616654.942, 45.084
165, 65.504, 4.45491, 497.97571, 362.15447, 8.182, 46815.73, 3589860.326, 43.722
166, 63.306, 4.26411, 499.29078, 359.24479, 7.866, 45309.834, 3563185.562, 42.284
167, 61.196, 4.12373, 503.19725, 355.94917, 7.528, 43888.962, 3536589.862, 40.932
168, 59.204, 3.97959, 500.0, 353.60769, 7.174, 42544.174, 3510052.06, 39.65
169, 57.19, 3.83469, 503.45929, 351.35095, 6.962, 41232.04, 3483657.824, 38.46
170, 55.27, 3.74642, 503.00218, 348.57949, 6.776, 39953.608, 3457403.428, 37.268
171, 53.464, 3.58884, 500.28785, 344.50575, 6.52906, 38683.376, 3431304.464, 36.032
172, 51.706, 3.50826, 510.60071, 344.33506, 6.36145, 37476.224, 3405356.938, 34.85
173, 49.884, 3.39627, 507.02505, 339.65663, 6.33667, 36208.226, 3379613.906, 33.622
174, 48.3, 3.28601, 508.25921, 337.97875, 5.95783, 35054.562, 3353927.656, 32.42
175, 46.822, 3.29895, 512.76324, 334.34848, 5.72, 34004.654, 3328365.664, 31.312
176, 45.328, 3.07415, 516.54032, 331.67578, 5.55422, 32939.062, 3302932.086, 30.176
177, 43.88, 3.09514, 518.78415, 330.12903, 5.326, 31979.406, 3277618.932, 29.226
178, 42.36, 2.88841, 517.08767, 327.13578, 5.19517, 30973.818, 3252436.356, 28.274
179, 41.022, 3.01931, 522.74343, 324.11625, 4.98189, 30121.158, 3227396.738, 27.474
180, 39.762, 2.71983, 526.94136, 322.21805, 4.8783, 29194.256, 3202510.522, 26.448
181, 38.56, 2.73753, 532.09192, 320.02978, 4.6303, 28363.41, 3177793.386, 25.59
182, 37.318, 2.61905, 533.47107, 317.17506, 4.56048, 27513.226, 3153204.03, 24.728
183, 36.016, 2.52308, 532.66551, 315.04824, 4.51837, 26652.898, 3128793.128, 23.898
184, 34.74, 2.60175, 535.3238, 312.31343, 4.3664, 25870.998, 3104554.686, 23.238
185, 33.704, 2.46396, 538.84826, 309.3698, 4.09331, 25124.568, 3080415.934, 22.426
186, 32.474, 2.39636, 537.07224, 305.64336, 4.13387, 24318.092, 3056479.898, 21.684
187, 31.41, 2.39954, 546.62226, 305.53003, 3.98776, 23616.598, 3032683.846, 20.942
188, 30.306, 2.30861, 542.48705, 302.80611, 3.80903, 22893.464, 3009001.846, 20.266
189, 29.336, 2.31884, 551.5625, 300.36166, 3.74642, 22198.802, 2985500.136, 19.492
190, 28.33, 2.20465, 563.29114, 298.41854, 3.63071, 21578.464, 2962139.65, 18.894
191, 27.414, 2.27442, 580.7771, 296.14261, 3.56276, 21054.202, 2938936.468, 18.36
192, 26.462, 2.11058, 572.89294, 293.98111, 3.48333, 20429.526, 2915880.326, 17.724
193, 25.584, 2.11436, 579.40161, 289.98213, 3.22269, 19924.492, 2892952.702, 17.272
194, 24.888, 2.05122, 579.66706, 288.61846, 3.09937, 19440.0, 2870140.142, 16.718
195, 24.068, 1.90513, 594.8856, 286.15611, 3.06918, 18876.762, 2847520.882, 16.096
196, 23.322, 2.00998, 599.87593, 283.46329, 2.926, 18473.988, 2825021.674, 15.686
197, 22.606, 1.97403, 601.97368, 281.8765, 2.98246, 18008.102, 2802739.112, 15.202
198, 21.766, 1.77638, 603.25318, 279.39742, 2.90196, 17523.332, 2780594.064, 14.792
199, 21.004, 1.9016, 609.79021, 276.125, 2.79744, 17070.082, 2758615.882, 14.36
200, 20.306, 1.83046, 628.72841, 273.52684, 2.73978, 16596.284, 2736795.272, 13.784
201, 19.792, 1.781, 635.55556, 271.9324, 2.61135, 16217.642, 2715112.584, 13.256
202, 19.222, 1.8688, 634.9454, 270.38575, 2.61197, 15827.922, 2693552.656, 12.752
203, 18.716, 1.72861, 635.66553, 267.74631, 2.43488, 15418.124, 2672137.238, 12.224
204, 18.086, 1.77748, 649.32127, 265.18118, 2.45747, 15172.594, 2650860.61, 12.042
205, 17.426, 1.81791, 657.63547, 263.88764, 2.41379, 14855.17, 2629791.094, 11.82
206, 16.97, 1.63112, 666.07774, 263.18302, 2.34884, 14528.456, 2608826.638, 11.388
207, 16.344, 1.64286, 669.56522, 260.21818, 2.36406, 14223.926, 2588044.234, 11.112
208, 15.81, 1.5875, 657.48031, 257.13323, 2.24709, 13855.712, 2567424.21, 10.734
209, 15.284, 1.58095, 703.81526, 254.54636, 2.2343, 13558.292, 2546916.526, 10.406
210, 14.688, 1.52614, 680.94218, 253.74843, 2.20952, 13162.676, 2526626.03, 10.08
211, 14.206, 1.5689, 709.45946, 251.72381, 2.07399, 12831.732, 2506418.148, 9.712
212, 13.82, 1.47213, 708.24053, 248.32233, 2.05955, 12550.932, 2486334.684, 9.336
213, 13.274, 1.47368, 686.90476, 248.5026, 2.08516, 12167.232, 2466513.44, 9.008
214, 12.93, 1.42857, 732.43243, 245.2583, 2.0, 11811.264, 2446776.152, 8.528
215, 12.518, 1.42143, 737.43719, 243.18739, 1.97686, 11519.576, 2427186.0, 8.198
216, 12.15, 1.35636, 760.05362, 242.48854, 1.8822, 11238.428, 2407732.064, 7.88978
217, 11.824, 1.41935, 771.30682, 238.13444, 1.91293, 10918.2, 2388469.15, 7.46894
218, 11.318, 1.38023, 787.87879, 239.25175, 1.8481, 10627.784, 2369328.068, 7.24048
219, 10.902, 1.40458, 801.63043, 235.73729, 1.79784, 10465.04, 2350253.272, 7.044
220, 10.57, 1.41245, 768.59504, 233.86201, 1.68984, 10257.224, 2331352.13, 6.8517
221, 10.22, 1.31557, 808.41121, 230.8921, 1.76504, 10042.454, 2312574.114, 6.598
222, 9.898, 1.35294, 855.59006, 228.51724, 1.66667, 9850.648, 2293958.178, 6.404
223, 9.566, 1.3112, 867.08861, 227.84124, 1.70725, 9659.416, 2275522.77, 6.2024
224, 9.068, 1.30137, 857.89474, 227.60532, 1.80994, 9370.762, 2257255.71, 6.03206
225, 8.694, 1.31905, 850.18051, 224.24204, 1.65179, 9143.47, 2239067.54, 5.838
226, 8.34, 1.25806, 866.30037, 222.58351, 1.68224, 8881.34, 2221076.382, 5.658
227, 8.06413, 1.32381, 1048.56115, 219.58491, 1.63608, 8821.836, 2203142.758, 5.48297
228, 7.74549, 1.23645, 894.42231, 220.48552, 1.59683, 8601.086, 2185395.04, 5.32863
229, 7.48893, 1.28054, 826.85512, 214.59402, 1.55229, 8435.398, 2167765.612, 5.22984
230, 7.18109, 1.32663, 945.07576, 214.4008, 1.59197, 8309.594, 2150266.336, 5.1006
231, 6.96988, 1.22165, 913.50211, 213.35335, 1.48188, 8178.61, 2132860.238, 4.97172
232, 6.71343, 1.22564, 1008.3682, 212.05809, 1.48718, 8055.808, 2115626.184, 4.86895
233, 6.5, 1.21469, 1062.7907, 209.72429, 1.46595, 7918.606, 2098540.552, 4.67944
234, 6.20482, 1.23429, 995.37037, 207.65116, 1.44649, 7785.78, 2081568.356, 4.64718
235, 6.01807, 1.22346, 1011.41553, 207.04966, 1.3786, 7734.708, 2064655.306, 4.60081
236, 5.81325, 1.22148, 868.13187, 206.42405, 1.37687, 7510.318, 2047941.138, 4.42052
237, 5.57344, 1.22378, 940.0, 202.1307, 1.44961, 7278.278, 2031376.022, 4.26305
238, 5.42052, 1.22436, 955.49738, 203.0, 1.33745, 7153.214, 2014882.592, 4.13828
239, 5.26978, 1.12821, 1034.09091, 200.93681, 1.36585, 7009.344, 1998560.012, 4.02616
240, 5.16633, 1.16561, 1073.77049, 199.14249, 1.29187, 6973.166, 1982302.508, 3.97773
241, 5.0449, 1.2, 1106.32184, 197.34026, 1.33488, 6915.588, 1966192.57, 3.9407
242, 4.93018, 1.18321, 1267.74194, 196.46819, 1.32367, 6875.166, 1950186.268, 3.84254
243, 4.78557, 1.19149, 1163.69048, 192.32225, 1.2891, 6798.884, 1934354.896, 3.79346
244, 4.66736, 1.14286, 1459.55882, 191.98741, 1.36453, 6754.894, 1918620.712, 3.6319
245, 4.4824, 1.10256, 1205.42636, 191.65595, 1.25234, 6601.304, 1903035.314, 3.51116
246, 4.28395, 1.10435, 1389.76378, 188.01983, 1.28155, 6529.964, 1887566.108, 3.42245
247, 4.1411, 1.152, 1020.83333, 184.7415, 1.25946, 6357.772, 1872263.932, 3.39175
248, 3.99587, 1.07519, 1307.69231, 185.80749, 1.30319, 6296.97, 1857069.02, 3.36214
249, 3.88542, 1.14414, 1236.22047, 182.32484, 1.28743, 6203.014, 1841967.268, 3.32305
250, 3.74051, 1.07216, 1394.23077, 183.40345, 1.26178, 6099.53, 1826961.092, 3.2438
251, 3.55508, 1.11818, 1174.79675, 181.27336, 1.20526, 5968.494, 1812133.606, 3.22107
252, 3.36653, 1.09615, 1372.80702, 180.0639, 1.32468, 5948.66, 1797320.882, 3.23237
253, 3.28879, 1.2, 1539.47368, 178.69801, 1.16168, 5910.982, 1782690.836, 3.18388
254, 3.18777, 1.13, 1088.49558, 176.76829, 1.25926, 5751.476, 1768219.34, 3.12577
255, 3.03478, 1.07059, 1131.86813, 177.59223, 1.28758, 5587.18, 1753822.428, 3.04545
256, 2.94505, 1.19149, 1455.35714, 174.20552, 1.18421, 5576.782, 1739521.012, 3.05219
257, 2.89367, 1.18681, 1365.74074, 171.92203, 1.16197, 5561.272, 1725310.588, 3.09937
258, 2.78054, 1.1413, 1585.71429, 172.15916, 1.17054, 5621.748, 1711179.264, 3.09474
259, 2.6614, 1.11224, 1220.18349, 169.11654, 1.13605, 5561.09018, 1697231.076, 3.05858
260, 2.59685, 1.13043, 1475.96154, 170.05212, 1.12712, 5610.46787, 1683329.11022, 3.03958
261, 2.53211, 1.1039, 1452.94118, 167.1336, 1.1223, 5526.06426, 1669565.08032, 3.0
262, 2.48019, 1.07595, 1623.52941, 165.93841, 1.16541, 5495.92757, 1655948.17671, 2.91909
263, 2.43029, 1.13953, 2035.71429, 165.28822, 1.16154, 5566.77666, 1642399.71831, 2.91909
264, 2.3912, 1.05172, 1401.63934, 161.55556, 1.15079, 5398.35758, 1629055.11469, 2.83682
265, 2.32832, 1.11538, 1459.77011, 161.37402, 1.13934, 5311.8, 1615751.79798, 2.81875
266, 2.25831, 1.08621, 1801.5873, 160.03965, 1.175, 5260.74089, 1602561.88081, 2.78105
267, 2.21134, 1.02597, 1379.74684, 158.88532, 1.11966, 5157.0081, 1589461.46964, 2.75319
268, 2.12788, 1.11864, 1787.87879, 158.70763, 1.15957, 5141.97566, 1576458.05061, 2.71125
269, 2.10054, 1.03175, 1661.53846, 157.5, 1.09677, 5045.53252, 1563637.73834, 2.69723
270, 2.08782, 1.08333, 1569.23077, 155.68627, 1.12121, 4980.83096, 1550826.19106, 2.67591
271, 2.04323, 1.01724, 1711.86441, 153.25248, 1.10891, 4953.70612, 1538121.86151, 2.6226
272, 2.04762, 1.04082, 1843.13725, 152.60638, 1.10101, 4843.31211, 1525572.36327, 2.57112
273, 1.98466, 1.09231, 2274.64789, 150.35604, 1.10638, 4872.65092, 1513166.19097, 2.58836
274, 1.95912, 1.04878, 2418.60465, 149.47596, 1.13043, 4868.94021, 1500782.3922, 2.51948
275, 1.91346, 1.01923, 2896.22642, 149.5798, 1.17284, 4974.01656, 1488474.05361, 2.49024
276, 1.90554, 1.04545, 1652.17391, 150.17105, 1.06667, 4934.82328, 1476253.96273, 2.46389
277, 1.88411, 1.02174, 1585.10638, 142.9396, 1.13514, 4915.01048, 1464114.92516, 2.43929
278, 1.79734, 1.08511, 2862.7451, 144.40068, 1.2, 4829.56871, 1452350.66876, 2.37251
279, 1.77027, 1.03846, 2074.07407, 145.12946, 1.08108, 4842.61702, 1440514.5074, 2.38427
280, 1.75254, 1.05128, 1621.95122, 146.54887, 1.02778, 4800.63462, 1428635.84681, 2.34163
281, 1.79655, 1.02381, 2186.04651, 143.78723, 1.1129, 4787.70323, 1416958.03846, 2.31567
282, 1.74638, 1.08333, 98500.0, 140.38709, 1.10256, 10285.74784, 1405453.72043, 2.29195
283, 1.66912, 1.04545, 1630.43478, 141.59333, 1.18462, 10264.65435, 1393994.46121, 2.29561
284, 1.62595, 1.16667, 2666.66667, 138.47321, 1.11688, 10306.75439, 1382543.03043, 2.24828
285, 1.62948, 1.11628, 1645.83333, 137.48734, 1.08696, 10287.12583, 1371164.74123, 2.24074
286, 1.56299, 1.0, 1982.14286, 137.58559, 1.06, 10209.56763, 1359898.49227, 2.21578
287, 1.57371, 1.02941, 2342.85714, 131.43902, 1.12245, 10214.98667, 1348677.77162, 2.19953
288, 1.52653, 1.02632, 1820.51282, 133.47183, 1.07813, 10077.20045, 1337655.75556, 2.19385
289, 1.55102, 1.02564, 1762.5, 134.99291, 1.01695, 10020.32886, 1326690.10913, 2.15274
290, 1.53527, 1.03704, 2625.0, 132.20408, 1.1, 9968.4843, 1315793.84564, 2.13253
291, 1.52542, 1.0, 2420.0, 134.32231, 1.03226, 9883.28798, 1305119.93049, 2.10319
292, 1.51304, 1.10714, 2112.90323, 127.10687, 1.08696, 9818.88101, 1294398.52154, 2.0396
293, 1.47768, 1.0, 2630.43478, 127.54545, 1.16364, 9886.45116, 1283725.54005, 2.0202
294, 1.42222, 1.02778, 1621.62162, 125.925, 1.07407, 9836.28271, 1273168.33488, 2.00508
295, 1.41284, 1.0, 2666.66667, 125.39286, 1.0, 9860.35849, 1262720.5771, 1.97964
296, 1.41121, 1.03571, 3810.34483, 126.30317, 1.11905, 9959.96643, 1252501.10377, 1.97933
297, 1.39234, 1.0, 2925.0, 126.4188, 1.09302, 9921.89588, 1242168.39329, 1.95313
298, 1.39901, 1.0, 1840.0, 122.8587, 1.05882, 9816.76642, 1231833.60048, 1.91076
299, 1.43299, 1.0, 2941.17647, 121.8, 1.06977, 9898.34406, 1221773.69343, 1.88
300, 1.41451, 1.0, 4785.71429, 120.0, 1.05, 9864.36181, 1211644.13119, 1.83924
301, 1.39286, 1.09091, 1833.33333, 121.09091, 1.0, 9771.15152, 1201595.0201, 1.78333
302, 1.33508, 1.0, 3868.42105, 118.06803, 1.02083, 9788.73282, 1191820.19949, 1.77465
303, 1.30319, 1.0, 3687.5, 120.15254, 1.05405, 9758.48849, 1181990.42494, 1.75783
304, 1.30168, 1.0, 3166.66667, 115.14474, 1.025, 9714.38501, 1172351.03836, 1.7192
305, 1.27933, 1.0, 5285.71429, 117.44595, 1.06897, 9752.89091, 1162691.58915, 1.69653
306, 1.27684, 1.06667, 2500.0, 115.425, 1.13793, 9768.99737, 1153081.61299, 1.67544
307, 1.27811, 1.0, 3476.19048, 116.61644, 1.03125, 9853.6059, 1143728.08947, 1.6994
308, 1.26415, 1.0, 2562.5, 113.64634, 1.0, 9827.90191, 1134341.12332, 1.71515
309, 1.225, 1.05882, 3222.22222, 112.0, 1.02778, 9952.89751, 1124996.83379, 1.70898
310, 1.23871, 1.0, 3090.90909, 112.47059, 1.0, 9947.78652, 1115749.76454, 1.69108
311, 1.2449, 1.0, 2909.09091, 111.53125, 1.0, 9944.86895, 1106609.15449, 1.69579
312, 1.19863, 1.0, 2461.53846, 110.64063, 1.06061, 9845.8526, 1097526.7037, 1.67763
313, 1.22901, 1.0, 5500.0, 107.11364, 1.025, 10026.55917, 1088565.69075, 1.65
314, 1.28346, 1.0, 4464.28571, 110.2, 1.0, 10048.57567, 1079446.88166, 1.64094
315, 1.25954, 1.0, 5285.71429, 104.74324, 1.04545, 10190.88323, 1070556.77151, 1.60943
316, 1.25581, 1.0, 3181.81818, 108.04286, 1.0, 10371.68712, 1061732.75749, 1.62199
317, 1.2619, 1.0, 2714.28571, 104.10526, 1.0, 10399.13707, 1052952.87423, 1.58596
318, 1.24, 1.0, 7958.33333, 104.26178, 1.04, 10631.46519, 1044326.47352, 1.56738
319, 1.22308, 1.0, 10100.0, 104.66337, 1.0, 10690.86581, 1035747.74684, 1.51079
320, 1.22047, 1.0, 3050.0, 101.45902, 1.0, 10819.65909, 1027203.48243, 1.52206
321, 1.20472, 1.0, 3450.0, 100.02899, 1.0, 10767.15182, 1018896.47403, 1.52273
322, 1.21849, 1.0, 2300.0, 102.43478, 1.08696, 10814.82215, 1010475.66667, 1.47727
323, 1.1913, 1.14286, 5187.5, 99.6506, 1.05263, 10996.60959, 1002150.96644, 1.47893
324, 1.21296, 1.0, 3312.5, 102.62264, 1.0, 11003.37979, 993912.44178, 1.47451
325, 1.2233, 1.0, 1250.0, 98.0, 1.0, 11049.71786, 985808.77003, 1.46185
326, 1.24038, 1.0, 2500.0, 98.28571, 1.05882, 11088.61091, 977546.12857, 1.44628
327, 1.2551, 1.16667, 1285.71429, 107.33333, 1.0, 11052.84444, 969545.92364, 1.43038
328, 1.23958, 1.0, 4350.0, 97.5977, 1.03846, 11215.03448, 961804.61481, 1.42358
329, 1.25556, 1.2, 2833.33333, 90.94118, 1.0, 11366.94882, 953828.93487, 1.44843
330, 1.21839, 1.0, 2750.0, 90.0, 1.0, 11287.79032, 946106.47244, 1.42661
331, 1.21687, 1.0, 833.33333, 92.4, 1.09524, 11414.72803, 938425.41935, 1.41627
332, 1.2125, 1.0, 666.66667, 92.0, 1.05263, 11269.94492, 930643.0251, 1.38725
333, 1.21053, 1.0, 6583.33333, 93.37975, 1.0, 11479.79221, 922948.66949, 1.38
334, 1.23944, 1.0, 2833.33333, 93.47059, 1.0, 11595.0, 915277.69264, 1.3866
335, 1.22059, 1.0, 1500.0, 99.77778, 1.0, 11571.57589, 907663.5354, 1.38342
336, 1.18462, 1.0, 1500.0, 84.83333, 1.0, 3978.92727, 907730.02232, 1.38947
337, 1.16667, 1.0, 1666.66667, 95.1, 1.0, 3991.91163, 892877.94545, 1.3871
338, 1.16981, 1.0, 1000.0, 99.25, 1.0, 3973.06311, 885551.18605, 1.36264
339, 1.12069, 1.0, 1333.33333, 83.375, 1.0, 3904.48276, 878244.78641, 1.33333
340, 1.14545, 0.0, 0.0, 0.0, 1.0, 3922.99492, 871073.03448, 1.31792
341, 1.1, 1.0, 1500.0, 81.33333, 1.0, 3911.88601, 863808.00508, 1.31361
342, 1.11111, 1.0, 5250.0, 89.28571, 1.0, 4066.82796, 856690.55959, 1.31737
343, 1.13333, 1.0, 1166.66667, 87.42857, 1.0, 3926.22527, 849584.18817, 1.30864
344, 1.11905, 1.0, 17000.0, 85.20588, 1.0, 4026.40449, 842471.56044, 1.3038
345, 1.09756, 1.0, 34500.0, 82.34783, 1.0, 4173.43931, 835629.88202, 1.28947
346, 1.04651, 1.0, 3000.0, 78.5, 1.0, 4079.47953, 828648.24277, 1.26846
347, 1.04545, 1.0, 14500.0, 81.78161, 1.0, 4246.95858, 821728.45614, 1.27586
348, 1.05, 0.0, 0.0, 0.0, 1.0, 3820.12727, 815382.92308, 1.26056
349, 1.05, 1.0, 3000.0, 77.0, 1.0, 3757.50303, 808564.50303, 1.24286
350, 1.08333, 1.0, 500.0, 64.0, 1.0, 3612.01235, 802095.87879, 1.25926
351, 1.05714, 1.0, 14500.0, 77.56897, 1.0, 3690.39623, 795437.79012, 1.24265
352, 1.06061, 1.0, 500.0, 86.0, 1.0, 3653.58974, 788899.69811, 1.23134
353, 1.0625, 1.0, 12125.0, 79.92784, 1.0, 3872.89262, 782520.83333, 1.24031
354, 1.09091, 1.0, 4875.0, 75.0, 1.0, 3928.82069, 776087.66443, 1.26829
355, 1.08333, 1.0, 11500.0, 76.08696, 1.0, 3879.21127, 769723.44828, 1.26271
356, 1.05128, 0.0, 0.0, 0.0, 1.11111, 3742.22464, 763586.33099, 1.21239
357, 1.05128, 1.0, 500.0, 83.0, 1.14286, 3761.29851, 757176.11594, 1.19266
358, 1.05714, 1.0, 500.0, 67.0, 1.0, 3836.624, 751072.89552, 1.19231
359, 1.05882, 1.0, 500.0, 58.0, 1.14286, 3834.23967, 744815.512, 1.19192
360, 1.06061, 1.0, 3750.0, 75.86667, 1.0, 3930.61538, 738781.90909, 1.20619
361, 1.06452, 1.0, 6500.0, 75.88462, 1.0, 3999.07965, 732457.45299, 1.18085
362, 1.03571, 1.0, 1000.0, 79.5, 1.125, 3897.61111, 726647.69027, 1.18889
363, 1.03704, 0.0, 0.0, 0.0, 1.0, 3933.84762, 720567.01852, 1.18605
364, 1.04, 0.0, 0.0, 0.0, 1.0, 3775.01, 715017.28571, 1.18072
365, 1.05, 1.0, 1750.0, 79.0, 1.0, 3656.0102, 708815.56, 1.19277
366, 1.05263, 1.0, 2250.0, 74.33333, 1.0, 3740.27368, 702999.72449, 1.18072
367, 1.05556, 1.0, 3500.0, 71.28571, 1.0, 3782.30108, 697203.32632, 1.19512
368, 1.05556, 0.0, 0.0, 0.0, 1.0, 3744.14607, 691631.34409, 1.1519
369, 1.0, 1.0, 2500.0, 73.4, 1.0, 3733.11236, 685703.46067, 1.1519
370, 1.0, 0.0, 0.0, 0.0, 1.0, 3815.95238, 680300.98876, 1.13514
371, 1.0625, 0.0, 0.0, 0.0, 1.0, 3730.60241, 674664.25, 1.14085
372, 1.05882, 0.0, 0.0, 0.0, 0.0, 3700.3494, 669023.71084, 1.14286
373, 1.06667, 0.0, 0.0, 0.0, 1.0, 3704.225, 663685.39759, 1.13043
374, 1.0625, 0.0, 0.0, 0.0, 1.33333, 3645.97468, 658129.55, 1.10606
375, 1.05882, 0.0, 0.0, 0.0, 1.0, 3692.02597, 652690.18987, 1.1129
376, 1.0, 0.0, 0.0, 0.0, 1.33333, 3659.40541, 647253.2987, 1.11667
377, 1.0, 0.0, 0.0, 0.0, 0.0, 3628.48649, 641550.18919, 1.1
378, 1.0, 0.0, 0.0, 0.0, 1.0, 3623.64384, 636284.95946, 1.10169
379, 1.0, 0.0, 0.0, 0.0, 1.0, 3620.16667, 630955.10959, 1.06897
380, 1.0, 0.0, 0.0, 0.0, 1.0, 3534.6, 625895.75, 1.07018
381, 1.0, 0.0, 0.0, 0.0, 1.0, 3588.88235, 620655.41429, 1.07273
382, 1.0, 0.0, 0.0, 0.0, 1.0, 3593.27692, 615550.14706, 1.05769
383, 1.0, 0.0, 0.0, 0.0, 1.0, 3608.9375, 610274.6, 1.03922
384, 1.0, 0.0, 0.0, 0.0, 1.0, 3419.43548, 605266.70313, 1.04167
385, 1.0, 0.0, 0.0, 0.0, 1.25, 3392.31034, 600289.25806, 1.04348
386, 1.05882, 0.0, 0.0, 0.0, 0.0, 3363.41379, 595030.08621, 1.02273
387, 1.05882, 0.0, 0.0, 0.0, 1.0, 3113.76786, 590459.46552, 1.02381
388, 1.05556, 0.0, 0.0, 0.0, 1.0, 3006.98148, 585400.21429, 1.02703
389, 1.0625, 0.0, 0.0, 0.0, 1.0, 3135.31373, 580389.53704, 1.02778
390, 1.07143, 0.0, 0.0, 0.0, 1.0, 3325.8, 576228.03922, 1.03125
391, 1.07692, 0.0, 0.0, 0.0, 1.0, 3340.11905, 571669.08889, 1.03333
392, 1.0, 0.0, 0.0, 0.0, 1.0, 3308.73171, 566701.45238, 1.03448
393, 1.0, 0.0, 0.0, 0.0, 1.0, 3129.13514, 562765.19512, 1.03704
394, 1.0, 0.0, 0.0, 0.0, 1.0, 3133.52778, 556853.75676, 1.03846
395, 1.0, 0.0, 0.0, 0.0, 1.0, 3198.44118, 552331.0, 1.04167
396, 1.0, 0.0, 0.0, 0.0, 1.0, 3241.78788, 547233.35294, 1.04348
397, 1.0, 0.0, 0.0, 0.0, 0.0, 3214.90909, 542786.36364, 1.04348
398, 1.0, 0.0, 0.0, 0.0, 1.0, 3278.4375, 538314.57576, 1.04545
399, 1.0, 0.0, 0.0, 0.0, 1.0, 2919.83871, 534247.375, 1.0
400, 1.0, 0.0, 0.0, 0.0, 0.0, 2895.48387, 529300.80645, 1.0
401, 1.08333, 0.0, 0.0, 0.0, 0.0, 2871.19355, 524924.58065, 1.0
402, 1.1, 0.0, 0.0, 0.0, 1.0, 2818.8, 520722.22581, 1.0
403, 1.0, 0.0, 0.0, 0.0, 1.0, 2853.10345, 516417.86667, 1.0
404, 1.0, 0.0, 0.0, 0.0, 1.0, 2921.32143, 512311.7931, 1.0
405, 1.0, 0.0, 0.0, 0.0, 1.0, 3141.16, 508010.46429, 1.0
406, 1.0, 0.0, 0.0, 0.0, 0.0, 3113.52, 503300.92, 1.0
407, 1.0, 0.0, 0.0, 0.0, 1.0, 3295.73913, 499479.2, 1.0
408, 1.0, 0.0, 0.0, 0.0, 1.0, 3372.04545, 494939.6087, 1.0
409, 1.0, 0.0, 0.0, 0.0, 1.0, 3034.42857, 491332.13636, 1.0
410, 1.0, 0.0, 0.0, 0.0, 1.0, 3066.2, 487233.09524, 1.0
411, 1.0, 0.0, 0.0, 0.0, 0.0, 3040.1, 483248.25, 1.0
412, 1.0, 0.0, 0.0, 0.0, 1.0, 2451.0, 480024.3, 1.0
413, 1.0, 0.0, 0.0, 0.0, 0.0, 2428.89474, 475227.36842, 1.0
414, 1.0, 0.0, 0.0, 0.0, 0.0, 2408.15789, 471256.78947, 1.0
415, 1.0, 0.0, 0.0, 0.0, 1.0, 2499.61111, 467469.05263, 1.0
416, 1.0, 0.0, 0.0, 0.0, 1.0, 1882.23529, 464344.0, 1.0
417, 1.0, 0.0, 0.0, 0.0, 1.0, 1970.125, 459158.0, 1.0
418, 1.0, 0.0, 0.0, 0.0, 0.0, 1952.8125, 455207.5625, 1.0
419, 1.0, 0.0, 0.0, 0.0, 0.0, 1936.0625, 451401.6875, 1.0
420, 1.0, 0.0, 0.0, 0.0, 1.0, 1948.93333, 447799.75, 1.0
421, 1.0, 0.0, 0.0, 0.0, 1.0, 1680.30769, 445070.46667, 1.0
422, 1.0, 0.0, 0.0, 0.0, 1.0, 1784.41667, 441411.61538, 1.0
423, 1.0, 0.0, 0.0, 0.0, 1.0, 2012.0, 437916.16667, 1.0
424, 1.0, 0.0, 0.0, 0.0, 0.0, 1996.9, 431918.0, 1.0
425, 1.0, 0.0, 0.0, 0.0, 1.0, 1493.0, 429262.9, 1.0
426, 1.0, 0.0, 0.0, 0.0, 0.0, 1482.25, 424031.375, 1.0
427, 1.0, 0.0, 0.0, 0.0, 1.0, 1508.28571, 420761.5, 1.0
428, 1.0, 0.0, 0.0, 0.0, 1.0, 1700.83333, 416613.42857, 1.0
429, 1.0, 0.0, 0.0, 0.0, 0.0, 1686.83333, 412831.83333, 1.0
430, 1.0, 0.0, 0.0, 0.0, 0.0, 1671.5, 409384.83333, 1.0
431, 1.0, 0.0, 0.0, 0.0, 0.0, 1656.66667, 405958.33333, 1.0
432, 1.0, 0.0, 0.0, 0.0, 1.0, 1444.6, 403232.5, 1.0
433, 1.0, 0.0, 0.0, 0.0, 1.0, 1681.25, 399436.4, 1.0
434, 1.0, 0.0, 0.0, 0.0, 0.0, 1664.75, 395641.75, 1.0
435, 1.0, 0.0, 0.0, 0.0, 1.0, 1944.0, 392645.25, 1.0
436, 1.0, 0.0, 0.0, 0.0, 0.0, 1927.0, 387740.33333, 1.0
437, 1.0, 0.0, 0.0, 0.0, 1.0, 2684.5, 385037.66667, 1.0
438, 1.0, 0.0, 0.0, 0.0, 0.0, 2661.5, 380769.5, 1.0
439, 1.0, 0.0, 0.0, 0.0, 0.0, 2647.0, 377617.5, 1.0
440, 1.0, 0.0, 0.0, 0.0, 0.0, 2624.5, 374433.0, 1.0
441, 0.0, 0.0, 0.0, 0.0, 1.0, 541.0, 374182.0, 1.0
442, 0.0, 0.0, 0.0, 0.0, 0.0, 538.0, 371634.0, 1.0
443, 0.0, 0.0, 0.0, 0.0, 0.0, 535.0, 368571.0, 1.0
444, 0.0, 0.0, 0.0, 0.0, 0.0, 530.0, 365445.0, 1.0
445, 0.0, 0.0, 0.0, 0.0, 0.0, 523.0, 362298.0, 1.0
446, 0.0, 0.0, 0.0, 0.0, 0.0, 517.0, 359385.0, 1.0
447, 0.0, 0.0, 0.0, 0.0, 0.0, 516.0, 356492.0, 1.0
448, 0.0, 0.0, 0.0, 0.0, 0.0, 513.0, 353581.0, 1.0
449, 1.0, 0.0, 0.0, 0.0, 0.0, 512.0, 350444.0, 0.0
450, 1.0, 0.0, 0.0, 0.0, 0.0, 509.0, 347477.0, 0.0
451, 1.0, 0.0, 0.0, 0.0, 0.0, 501.0, 344656.0, 0.0
452, 1.0, 0.0, 0.0, 0.0, 0.0, 496.0, 341826.0, 0.0
453, 1.0, 0.0, 0.0, 0.0, 0.0, 490.0, 338881.0, 0.0
454, 1.0, 0.0, 0.0, 0.0, 0.0, 482.0, 336091.0, 0.0
455, 1.0, 0.0, 0.0, 0.0, 0.0, 473.0, 333345.0, 0.0
456, 1.0, 0.0, 0.0, 0.0, 0.0, 472.0, 330584.0, 0.0
457, 1.0, 0.0, 0.0, 0.0, 0.0, 468.0, 327859.0, 0.0
458, 1.0, 0.0, 0.0, 0.0, 0.0, 461.0, 325085.0, 0.0
459, 1.0, 0.0, 0.0, 0.0, 0.0, 458.0, 322226.0, 0.0
460, 1.0, 0.0, 0.0, 0.0, 0.0, 455.0, 319487.0, 0.0
461, 0.0, 0.0, 0.0, 0.0, 1.0, 0.0, 318920.0, 0.0
