time, seeders, joined, request_count, response_size, left, awareness, bad_data, leechers
0, 0.0, 0.0, 0.0, 0.0, 0.0, 1001.0, 0.0, 0.0
1, 0.0, 12.832, 1005.20574, 0.10497, 0.0, 12466.428, 0.0, 12.832
2, 0.0, 6.11446, 468.24302, 0.26006, 1.598, 13753.132, 1447.278, 18.324
3, 0.0, 6.05221, 417.08693, 0.30928, 1.40756, 15842.154, 1860.934, 23.682
4, 0.0, 5.87149, 366.00547, 0.35788, 1.32824, 17452.498, 2385.534, 28.834
5, 0.0, 5.49899, 330.44274, 0.40339, 1.44404, 18826.77, 2811.242, 33.5
6, 0.0, 5.37827, 310.66218, 0.44171, 1.58983, 20031.796, 3259.688, 37.908
7, 0.0, 5.18109, 305.16505, 0.46946, 1.63665, 20981.088, 3873.378, 42.004
8, 0.0, 5.01212, 285.65095, 0.50769, 1.66387, 21840.044, 4421.166, 45.778
9, 0.0, 5.04024, 288.18363, 0.51642, 1.75362, 22717.72, 4974.92, 49.578
10, 0.0, 4.65524, 273.19186, 0.55707, 1.79028, 23362.462, 5577.902, 52.796
11, 9.81579, 4.48374, 275.15866, 0.5598, 1.76765, 24096.988, 5993.1, 46.308
12, 14.37, 4.37374, 265.17321, 0.59659, 1.85316, 24530.706, 6636.796, 44.502
13, 18.816, 4.36032, 262.81337, 0.6089, 1.85039, 25082.588, 7144.568, 42.954
14, 23.0, 4.26423, 247.95043, 0.6559, 1.81167, 25490.016, 7703.042, 41.6
15, 26.752, 3.99195, 253.37702, 0.66421, 1.89313, 25908.308, 8214.152, 40.328
16, 30.544, 3.97963, 244.06346, 0.67184, 1.90476, 26285.772, 8713.068, 38.924
17, 33.964, 3.7898, 240.06462, 0.70144, 1.99737, 26594.49, 9217.784, 37.7
18, 37.174, 3.82062, 238.47814, 0.72188, 2.05357, 26897.562, 9718.684, 36.586
19, 40.314, 3.54132, 241.89032, 0.71153, 2.0481, 27169.328, 10196.07, 35.256
20, 43.186, 3.4321, 241.18705, 0.74795, 2.0, 27337.576, 10751.128, 34.108
21, 45.97, 3.35052, 245.53846, 0.73835, 1.9641, 27549.51, 11255.164, 33.042
22, 48.502, 3.34388, 239.62145, 0.76988, 2.03722, 27696.922, 11783.756, 32.038
23, 51.032, 3.18571, 228.18706, 0.79057, 1.93976, 27821.432, 12287.288, 31.02
24, 53.338, 3.39746, 237.83447, 0.78048, 2.00737, 28013.434, 12772.896, 30.294
25, 55.6, 3.14346, 233.8255, 0.79564, 1.96535, 28147.788, 13247.176, 29.424
26, 57.552, 2.98301, 236.37011, 0.81481, 2.0365, 28202.112, 13767.434, 28.608
27, 59.448, 2.82328, 236.71756, 0.83038, 2.16176, 28151.482, 14348.336, 27.568
28, 61.412, 2.83589, 232.79321, 0.84819, 1.95012, 28201.276, 14810.214, 26.632
29, 63.038, 2.62857, 236.53846, 0.85825, 2.08537, 28200.58, 15284.008, 25.688
30, 64.614, 2.70614, 236.79092, 0.84463, 2.01636, 28228.96, 15746.62, 24.854
31, 66.032, 2.60222, 231.93851, 0.88144, 2.14563, 28157.46, 16267.07, 24.01
32, 67.446, 2.45415, 227.31317, 0.8955, 2.00976, 28085.992, 16753.326, 23.196
33, 68.738, 2.46137, 239.55157, 0.87982, 2.12687, 28089.944, 17186.398, 22.424
34, 70.018, 2.32805, 234.01361, 0.91113, 2.21951, 27955.204, 17704.99, 21.382
35, 71.204, 2.35648, 230.64833, 0.90886, 2.04963, 27861.626, 18169.868, 20.58
36, 72.112, 2.32251, 228.07193, 0.9286, 2.19082, 27752.532, 18636.574, 19.86
37, 72.964, 2.09133, 236.28219, 0.92844, 2.02821, 27662.92, 19048.422, 19.212
38, 73.738, 2.16351, 233.954, 0.92135, 2.04578, 27525.71, 19512.34, 18.566
39, 74.348, 2.097, 233.59031, 0.93494, 2.14461, 27400.792, 19960.662, 18.022
40, 75.03, 2.04286, 241.84149, 0.93976, 2.07614, 27283.75, 20390.672, 17.42
41, 75.604, 1.95433, 232.84133, 0.94982, 2.03828, 27119.832, 20830.872, 16.768
42, 76.088, 1.99752, 247.08798, 0.92327, 2.06015, 26942.71, 21302.794, 16.254
43, 76.504, 1.98519, 244.15423, 0.97045, 2.10732, 26800.69, 21733.22, 15.718
44, 76.888, 1.94656, 242.7451, 0.96554, 2.06061, 26628.334, 22172.488, 15.232
45, 77.224, 1.91948, 244.3843, 0.98007, 2.0533, 26440.968, 22615.51, 14.756
46, 77.432, 1.87339, 256.41379, 0.95266, 2.12591, 26209.07, 23112.912, 14.242
47, 77.528, 1.75853, 254.92537, 0.98536, 2.01, 26016.594, 23540.83, 13.878
48, 77.666, 1.69318, 251.67785, 0.954, 2.01003, 25822.038, 23928.35, 13.328
49, 77.766, 1.7341, 251.0, 0.99004, 2.02906, 25608.694, 24335.94, 12.752
50, 77.758, 1.6875, 257.07071, 0.95743, 1.9878, 25422.578, 24719.658, 12.318
51, 77.656, 1.65143, 271.97232, 0.93321, 2.04612, 25243.626, 25104.514, 11.89
52, 77.652, 1.66571, 256.22837, 0.99527, 1.97052, 25043.53, 25491.974, 11.446
53, 77.596, 1.64815, 267.97753, 0.99651, 2.0, 24801.1, 25911.22, 10.998
54, 77.508, 1.61364, 261.77062, 0.96003, 1.94574, 24592.802, 26270.054, 10.574
55, 77.296, 1.60778, 244.69274, 1.03805, 2.00743, 24333.274, 26682.434, 10.238
56, 77.044, 1.54688, 272.32323, 1.02967, 2.04124, 24088.794, 27087.416, 9.896
57, 76.826, 1.50323, 250.85837, 1.00941, 1.96042, 23844.674, 27455.6, 9.56
58, 76.442, 1.52117, 268.30835, 1.00479, 1.8607, 23671.75, 27768.58, 9.382
59, 76.098, 1.48845, 268.51441, 1.01569, 1.98433, 23443.424, 28127.65, 9.108
60, 75.784, 1.47653, 287.28606, 0.99574, 1.9492, 23207.44, 28487.372, 8.782
61, 75.224, 1.48, 274.69287, 1.05993, 2.07712, 22931.726, 28874.484, 8.54
62, 74.864, 1.49097, 262.46973, 1.06181, 1.86329, 22717.0, 29194.068, 8.254
63, 74.472, 1.4947, 276.59574, 1.00085, 1.83, 22500.336, 29532.528, 8.028
64, 74.12, 1.48097, 260.51402, 1.06996, 1.7931, 22295.312, 29848.096, 7.884
65, 73.76, 1.35688, 301.09589, 0.98999, 1.83938, 22055.628, 30195.326, 7.58434
66, 73.41, 1.40964, 259.54416, 1.03622, 1.81793, 21838.75, 30482.534, 7.268
67, 72.962, 1.396, 305.44413, 1.02533, 1.83862, 21610.458, 30811.608, 7.024
68, 72.488, 1.43191, 282.6087, 1.05673, 1.89779, 21390.51, 31125.754, 6.87375
69, 72.066, 1.34363, 297.98851, 1.05207, 1.73046, 21212.862, 31397.318, 6.694
70, 71.538, 1.34524, 279.35103, 1.04224, 1.81471, 21000.134, 31686.348, 6.58116
71, 71.002, 1.30043, 308.91089, 1.01709, 1.89014, 20769.738, 31989.942, 6.39357
72, 70.486, 1.35931, 312.73885, 1.06212, 1.8507, 20597.068, 32244.748, 6.22289
73, 69.942, 1.34545, 312.5, 1.05405, 1.80054, 20378.608, 32534.406, 6.03421
74, 69.468, 1.37826, 323.02839, 1.01074, 1.82698, 20223.0, 32781.146, 5.87174
75, 68.836, 1.28372, 289.13043, 1.07644, 1.8274, 19959.078, 33089.878, 5.72144
76, 68.308, 1.34759, 300.39683, 1.09775, 1.73596, 19738.336, 33347.124, 5.52811
77, 67.738, 1.34409, 312.8, 1.05115, 1.74238, 19515.994, 33611.108, 5.33936
78, 67.112, 1.30332, 292.36364, 1.03607, 1.808, 19252.864, 33920.054, 5.1483
79, 66.476, 1.24324, 358.69565, 1.01697, 1.82173, 19047.836, 34175.09, 4.95573
80, 65.828, 1.25, 320.0, 1.08665, 1.80447, 18820.262, 34428.706, 4.81837
81, 65.236, 1.23034, 318.26484, 1.11191, 1.75429, 18560.234, 34712.62, 4.59756
82, 64.708, 1.2378, 352.21675, 1.04615, 1.71765, 18340.602, 34960.55, 4.39549
83, 63.998, 1.26543, 347.31707, 0.96208, 1.73669, 18126.26, 35201.468, 4.24644
84, 63.464, 1.26115, 321.21212, 1.04088, 1.67953, 17930.94, 35408.586, 4.04073
85, 62.87, 1.16766, 363.07692, 1.01977, 1.63158, 17712.828, 35653.118, 3.91429
86, 62.176, 1.17284, 334.21053, 1.06299, 1.69322, 17483.526, 35894.394, 3.82317
87, 61.496, 1.15278, 372.28916, 1.07929, 1.63324, 17258.136, 36127.954, 3.70061
88, 60.874, 1.19231, 289.24731, 1.23606, 1.69096, 17012.212, 36367.086, 3.5679
89, 60.328, 1.18321, 371.6129, 1.01042, 1.60912, 16823.818, 36555.276, 3.48954
90, 59.65, 1.15603, 371.77914, 1.0495, 1.62763, 16611.67, 36772.782, 3.3567
91, 59.024, 1.14379, 318.85714, 1.08602, 1.64198, 16393.374, 36987.98, 3.2795
92, 58.336, 1.11719, 366.43357, 1.01145, 1.60237, 16168.412, 37203.202, 3.18295
93, 57.662, 1.12308, 403.42466, 1.05942, 1.53602, 15969.602, 37404.188, 3.05992
94, 57.006, 1.10738, 387.87879, 1.09219, 1.64856, 15764.364, 37622.346, 3.04384
95, 56.316, 1.10714, 330.64516, 1.01707, 1.53134, 15552.302, 37801.022, 2.97684
96, 55.7, 1.07692, 372.32143, 1.02638, 1.51385, 15329.836, 37991.482, 2.83721
97, 54.942, 1.18692, 344.88189, 1.08219, 1.62538, 15095.386, 38198.168, 2.79915
98, 54.26, 1.11966, 380.15267, 1.03815, 1.58642, 14908.672, 38369.674, 2.7152
99, 53.612, 1.08621, 403.1746, 1.07283, 1.57655, 14729.212, 38535.81, 2.63675
100, 52.928, 1.09524, 382.6087, 1.11364, 1.56151, 14518.942, 38719.782, 2.57759
101, 52.304, 1.1375, 387.91209, 1.01983, 1.53947, 14310.102, 38884.88, 2.45336
102, 51.644, 1.11765, 381.57895, 1.01609, 1.59044, 14128.022, 39038.476, 2.41087
103, 51.026, 1.08081, 448.59813, 0.97917, 1.52862, 13936.582, 39211.042, 2.33843
104, 50.392, 1.17647, 437.0, 1.04348, 1.55031, 13739.334, 39381.034, 2.26651
105, 49.748, 1.08642, 429.54545, 1.09259, 1.46441, 13543.054, 39538.23, 2.25754
106, 49.074, 1.07576, 369.01408, 1.08779, 1.51351, 13343.276, 39675.522, 2.16977
107, 48.428, 1.08333, 365.93407, 1.06607, 1.52982, 13164.52, 39806.11, 2.14353
108, 47.866, 1.13415, 411.82796, 1.09922, 1.48201, 13001.51, 39931.174, 2.10361
109, 47.262, 1.06593, 385.56701, 0.9893, 1.49123, 12837.104, 40055.572, 2.08108
110, 46.61, 1.10959, 404.93827, 1.07622, 1.4527, 12661.048, 40183.002, 2.00976
111, 45.96, 1.09091, 477.08333, 1.01747, 1.51228, 12507.066, 40314.318, 2.01485
112, 45.414, 1.10448, 510.81081, 1.0, 1.47348, 12343.446, 40439.608, 2.01567
113, 44.79, 1.07353, 601.36986, 1.12528, 1.50554, 12208.702, 40548.064, 1.98148
114, 44.172, 1.1194, 436.0, 0.96942, 1.43571, 12036.714, 40670.998, 1.86005
115, 43.554, 1.07692, 494.28571, 1.02023, 1.39858, 11877.366, 40785.59, 1.84319
116, 42.908, 1.01493, 441.17647, 1.08667, 1.45985, 11699.736, 40909.946, 1.84856
117, 42.362, 1.09836, 532.83582, 1.08683, 1.36641, 11540.088, 41026.566, 1.81579
118, 41.78, 1.05, 485.71429, 1.07516, 1.43985, 11371.01, 41143.434, 1.81096
119, 41.192, 1.04651, 468.88889, 1.04265, 1.43985, 11181.258, 41262.108, 1.76286
120, 40.716, 1.10294, 508.0, 1.09711, 1.38326, 11044.498, 41361.156, 1.72549
121, 40.122, 1.08621, 515.87302, 1.04308, 1.41219, 10886.932, 41470.136, 1.68696
122, 39.626, 1.01695, 611.66667, 1.03815, 1.39744, 10758.712, 41559.084, 1.6806
123, 39.084, 1.1, 534.84848, 0.96601, 1.34263, 10615.038, 41660.176, 1.66568
124, 38.578, 1.07692, 596.42857, 1.02395, 1.30522, 10457.354, 41771.934, 1.65758
125, 38.05, 1.025, 517.07317, 1.04245, 1.35366, 10289.222, 41870.344, 1.57273
126, 37.514, 1.05263, 613.33333, 0.98913, 1.3625, 10181.692, 41938.516, 1.58055
127, 36.992, 1.06977, 580.43478, 1.06367, 1.30864, 10042.976, 42017.626, 1.58567
128, 36.484, 1.07317, 520.45455, 1.0, 1.31429, 9901.72, 42092.102, 1.56958
129, 35.936, 1.04545, 643.47826, 0.95946, 1.37021, 9779.66, 42160.54, 1.57843
130, 35.416, 1.02857, 452.77778, 1.21472, 1.34979, 9608.36, 42252.626, 1.53401
131, 34.968, 1.08571, 631.57895, 1.02917, 1.25221, 9462.166, 42334.7, 1.48276
132, 34.48, 1.03333, 674.19355, 0.99522, 1.37104, 9310.324, 42416.296, 1.46182
133, 33.984, 1.10345, 696.875, 1.04484, 1.34513, 9190.72, 42469.8, 1.41573
134, 33.458, 1.08108, 632.5, 1.07115, 1.38261, 9060.062, 42539.926, 1.36466
135, 33.01, 1.0, 581.48148, 1.01274, 1.30918, 8928.062, 42592.22, 1.3451
136, 32.552, 1.05714, 683.78378, 0.96047, 1.32258, 8776.898, 42682.13, 1.37021
137, 32.072, 1.0, 758.06452, 1.01702, 1.28507, 8641.17, 42752.918, 1.31489
138, 31.588, 1.08333, 848.71795, 0.90332, 1.287, 8542.738, 42806.564, 1.29487
139, 31.136, 1.09524, 691.30435, 0.96855, 1.3202, 8452.668, 42849.604, 1.3176
140, 30.692, 1.02941, 742.85714, 1.12692, 1.29592, 8352.378, 42891.388, 1.31356
141, 30.208, 1.04, 869.23077, 0.9646, 1.30189, 8234.06, 42943.778, 1.3304
142, 29.766, 1.0, 568.57143, 1.19598, 1.23786, 8106.928, 43000.012, 1.35874
143, 29.348, 1.0, 652.0, 1.0184, 1.26289, 7985.598, 43044.28, 1.33333
144, 28.908, 1.0, 1013.63636, 1.02242, 1.25126, 7896.62, 43067.512, 1.31944
145, 28.53, 1.0, 947.05882, 0.9441, 1.22034, 7777.844, 43108.18, 1.32212
146, 28.128, 1.11765, 878.94737, 0.97006, 1.23958, 7684.942, 43124.572, 1.26601
147, 27.722, 1.04167, 652.0, 0.92638, 1.30556, 7578.952, 43152.99, 1.26263
148, 27.368, 1.03226, 828.125, 0.97736, 1.23529, 7508.852, 43166.902, 1.27041
149, 27.032, 1.03846, 1070.37037, 0.89965, 1.1954, 7421.954, 43201.604, 1.28261
150, 26.642, 1.0, 740.90909, 0.98773, 1.23784, 7307.588, 43239.344, 1.25843
151, 26.294, 1.0, 826.31579, 1.07006, 1.22024, 7222.99, 43245.928, 1.23977
152, 25.964, 1.0, 666.66667, 0.95, 1.19394, 7118.956, 43260.216, 1.22642
153, 25.626, 1.07692, 978.57143, 1.05839, 1.20859, 7011.208, 43285.452, 1.19079
154, 25.254, 1.07143, 1113.33333, 0.92814, 1.23077, 6916.382, 43304.824, 1.20833
155, 24.83, 1.08333, 576.92308, 1.08, 1.20745, 6790.792, 43337.03, 1.22857
156, 24.45, 1.04167, 972.0, 0.88889, 1.14444, 6717.808, 43350.364, 1.20667
157, 24.068, 1.0, 958.33333, 1.04348, 1.24855, 6626.45, 43356.126, 1.22628
158, 23.724, 1.0, 641.17647, 1.02752, 1.25926, 6539.514, 43357.178, 1.20472
159, 23.342, 1.0, 970.58824, 0.93333, 1.19444, 6452.692, 43369.158, 1.20661
160, 22.962, 1.0, 671.42857, 0.95035, 1.20231, 6354.546, 43387.64, 1.24167
161, 22.612, 1.0, 615.38462, 1.1875, 1.20859, 6238.312, 43412.434, 1.22807
162, 22.272, 1.04348, 583.33333, 1.05, 1.175, 6153.242, 43418.896, 1.24786
163, 21.958, 1.07692, 892.85714, 0.968, 1.23022, 6092.358, 43397.504, 1.17742
164, 21.608, 1.0, 685.71429, 0.89583, 1.1962, 6010.988, 43391.832, 1.168
165, 21.28, 1.0, 988.88889, 0.98876, 1.13816, 5920.04, 43393.556, 1.168
166, 20.972, 1.16667, 1742.85714, 0.95082, 1.1195, 5819.966, 43411.078, 1.14159
167, 20.646, 1.0, 1041.66667, 0.992, 1.23022, 5737.64, 43412.286, 1.12712
168, 20.376, 1.0, 1600.0, 0.94886, 1.19531, 5681.272, 43397.552, 1.14545
169, 20.02, 1.0, 425.0, 0.94118, 1.21118, 5556.432, 43423.058, 1.14706
170, 19.71, 1.0, 837.5, 0.80597, 1.19728, 5474.252, 43426.746, 1.16667
171, 19.426, 1.0, 858.33333, 0.93204, 1.15672, 5390.164, 43426.092, 1.19355
172, 19.162, 1.0, 1580.0, 0.87342, 1.14925, 5329.55, 43412.624, 1.17857
173, 18.822, 1.11111, 1010.0, 0.94059, 1.17949, 5206.826, 43450.54, 1.20253
174, 18.554, 1.0, 1027.27273, 1.15929, 1.15748, 5141.338, 43434.136, 1.1625
175, 18.278, 1.0, 1400.0, 0.79365, 1.08889, 5090.954, 43429.564, 1.14607
176, 18.002, 1.1, 1272.72727, 0.92857, 1.1145, 5021.526, 43422.128, 1.12903
177, 17.748, 1.09091, 1108.33333, 0.84962, 1.10744, 4961.446, 43403.612, 1.15789
178, 17.436, 1.0, 945.45455, 0.99038, 1.16438, 4878.952, 43401.308, 1.16304
179, 17.146, 1.0, 993.33333, 0.89933, 1.13043, 4805.914, 43399.452, 1.18085
180, 16.898, 1.0, 2860.0, 0.96503, 1.13115, 4752.554, 43376.71, 1.15909
181, 16.586, 1.0, 550.0, 0.93939, 1.13245, 4638.624, 43393.768, 1.14815
182, 16.348, 1.0, 1566.66667, 0.92766, 1.11765, 4599.516, 43376.548, 1.13253
183, 16.078, 1.0, 1425.0, 0.69298, 1.21368, 4526.316, 43369.172, 1.10465
184, 15.824, 1.0, 316.66667, 0.94737, 1.15, 4444.438, 43351.398, 1.08434
185, 15.532, 1.0, 845.45455, 0.92473, 1.15827, 4377.096, 43333.608, 1.075
186, 15.308, 1.0, 1350.0, 1.17037, 1.09821, 4318.154, 43316.5, 1.04938
187, 15.064, 1.0, 862.5, 0.94203, 1.15929, 4263.6, 43282.014, 1.06329
188, 14.802, 1.0, 1166.66667, 0.82857, 1.16529, 4176.31, 43280.342, 1.08108
189, 14.596, 1.0, 858.33333, 0.90291, 1.13462, 4115.472, 43258.7, 1.11594
190, 14.358, 1.0, 1066.66667, 1.21875, 1.15094, 4026.856, 43251.322, 1.1
191, 14.154, 1.0, 1080.0, 0.96296, 1.08824, 3957.766, 43228.688, 1.08955
192, 13.956, 1.0, 2200.0, 0.92727, 1.1, 3917.348, 43188.658, 1.06349
193, 13.72, 1.0, 200.0, 1.0, 1.16667, 3856.038, 43147.968, 1.03448
194, 13.504, 0.0, 0.0, 0.0, 1.09434, 3767.896, 43134.3, 1.01961
195, 13.328, 1.0, 3950.0, 0.94937, 1.1, 3736.438, 43096.322, 1.0
196, 13.112, 1.0, 1450.0, 1.10345, 1.12621, 3677.87, 43060.264, 1.0
197, 12.92, 1.0, 600.0, 1.20833, 1.12088, 3597.236, 43044.958, 1.0
198, 12.762, 1.0, 1175.0, 0.80851, 1.12987, 3546.502, 43003.95, 1.0
199, 12.574, 1.0, 1300.0, 0.78846, 1.08421, 3502.844, 42957.658, 1.0
200, 12.352, 1.0, 2200.0, 0.93182, 1.25556, 3445.814, 42923.006, 1.0
201, 12.136, 1.0, 962.5, 0.98701, 1.08738, 3391.386, 42892.234, 1.0
202, 11.956, 0.0, 0.0, 0.0, 1.12048, 3343.5, 42839.736, 1.0
203, 11.766, 1.0, 900.0, 0.88889, 1.09091, 3286.168, 42801.078, 1.03448
204, 11.558, 1.0, 2175.0, 0.88506, 1.09375, 3229.348, 42776.234, 1.03125
205, 11.36, 1.0, 2500.0, 0.928, 1.1087, 3198.768, 42731.338, 1.02941
206, 11.158, 1.0, 1877.77778, 0.7929, 1.13333, 3175.668, 42689.514, 1.04878
207, 10.982, 1.0, 1766.66667, 1.0566, 1.03297, 3127.342, 42648.894, 1.02564
208, 10.812, 1.0, 2300.0, 0.76087, 1.125, 3070.872, 42624.81, 1.02632
209, 10.652, 1.0, 2050.0, 0.97561, 1.0241, 3018.136, 42586.08, 1.02857
210, 10.458, 1.0, 2500.0, 0.88, 1.1, 2959.494, 42550.826, 1.02941
211, 10.302, 1.0, 1100.0, 1.04545, 1.13699, 2914.852, 42506.49, 1.0303
212, 10.124, 1.0, 1150.0, 1.02174, 1.11111, 2872.258, 42460.352, 1.02778
213, 9.954, 1.0, 4200.0, 0.80952, 1.08537, 2831.814, 42419.732, 1.02941
214, 9.756, 1.5, 4566.66667, 1.0438, 1.09474, 2788.482, 42393.138, 1.03125
215, 9.59, 1.0, 300.0, 1.0, 1.1039, 2748.866, 42335.264, 1.03226
216, 9.46894, 1.0, 1960.0, 0.87755, 1.08696, 2724.33467, 42287.634, 1.03226
217, 9.32064, 1.0, 1975.0, 0.67089, 1.16418, 2672.52305, 42259.49699, 1.03226
218, 9.18236, 1.0, 2775.0, 0.90991, 1.08955, 2646.21643, 42211.002, 1.03226
219, 9.07014, 1.0, 1250.0, 0.82, 1.09434, 2624.72946, 42145.51102, 1.0303
220, 8.90982, 1.0, 1500.0, 0.83333, 1.07792, 2558.95591, 42120.62926, 1.03125
221, 8.77355, 1.0, 3475.0, 0.90647, 1.07576, 2545.69138, 42065.998, 1.0303
222, 8.61122, 0.0, 0.0, 0.0, 1.13333, 2474.74749, 42040.07816, 1.03448
223, 8.44289, 1.0, 3483.33333, 0.88995, 1.07229, 2466.85571, 41993.7976, 1.03333
224, 8.30261, 1.0, 17766.66667, 0.82739, 1.10938, 2510.61122, 41961.20842, 1.03125
225, 8.1523, 1.0, 550.0, 1.36364, 1.10294, 2455.56313, 41922.17836, 1.06061
226, 8.03206, 0.0, 0.0, 0.0, 1.03175, 2411.85571, 41870.05611, 1.07143
227, 7.91583, 1.0, 5020.0, 0.94422, 1.0339, 2426.499, 41809.43888, 1.06667
228, 7.79359, 1.0, 14600.0, 0.80822, 1.08333, 2449.97395, 41748.94389, 1.07143
229, 7.67871, 1.0, 2200.0, 0.86364, 1.01515, 2411.58635, 41701.92585, 1.07407
230, 7.55622, 0.0, 0.0, 0.0, 1.10345, 2379.63253, 41625.57831, 1.08333
231, 7.44578, 1.0, 850.0, 0.88235, 1.01818, 2349.28916, 41564.38153, 1.08
232, 7.34337, 1.0, 2600.0, 0.88462, 1.08163, 2334.94578, 41494.39759, 1.03846
233, 7.23695, 1.0, 4100.0, 1.03659, 1.03636, 2273.04016, 41478.251, 1.04167
234, 7.11044, 1.0, 1500.0, 0.75556, 1.04918, 2244.19277, 41421.01807, 1.08
235, 6.99799, 1.0, 600.0, 1.16667, 1.07273, 2215.39157, 41356.42972, 1.04167
236, 6.88934, 1.0, 6300.0, 0.98413, 1.03279, 2189.28112, 41300.74699, 1.04348
237, 6.79477, 1.0, 750.0, 0.53333, 1.02083, 2151.01606, 41248.04819, 1.04348
238, 6.69014, 1.0, 2400.0, 0.89583, 1.08163, 2120.89357, 41194.82731, 1.08696
239, 6.60966, 1.0, 2200.0, 1.04545, 1.04762, 2107.99598, 41126.95783, 1.0
240, 6.48893, 1.0, 1800.0, 1.05556, 1.07018, 2060.52515, 41086.42052, 1.0
241, 6.37425, 1.0, 3300.0, 0.60606, 1.05455, 2032.79879, 41027.29577, 1.0
242, 6.28571, 1.0, 5600.0, 0.875, 1.04545, 2006.50101, 40972.69416, 1.0
243, 6.19115, 0.0, 0.0, 0.0, 1.08511, 1978.56539, 40907.78873, 1.0
244, 6.09054, 1.0, 2650.0, 0.62264, 1.02, 1963.50302, 40840.94165, 1.0
245, 5.99396, 0.0, 0.0, 0.0, 1.04348, 1930.87726, 40781.23139, 1.0
246, 5.90121, 1.0, 100.0, 1.0, 1.03846, 1891.5746, 40733.01408, 1.05882
247, 5.81452, 1.0, 11466.66667, 0.72965, 1.075, 1940.1875, 40650.63105, 1.05
248, 5.72984, 1.0, 300.0, 1.0, 1.07317, 1910.96774, 40589.24395, 1.05263
249, 5.65927, 1.0, 2833.33333, 0.91765, 1.02778, 1893.1875, 40532.84879, 1.0
250, 5.58468, 0.0, 0.0, 0.0, 1.02564, 1856.72782, 40476.94153, 1.0
251, 5.49194, 0.0, 0.0, 0.0, 1.02128, 1831.25, 40410.51815, 1.0
252, 5.40927, 1.0, 8100.0, 0.8642, 1.02326, 1747.81048, 40418.78024, 1.0
253, 5.30242, 0.0, 0.0, 0.0, 1.03922, 1714.56048, 40360.57661, 1.0
254, 5.18548, 1.0, 1600.0, 1.0, 1.0, 1688.08468, 40298.86895, 1.0
255, 5.09073, 0.0, 0.0, 0.0, 1.02083, 1653.11694, 40244.02823, 1.0
256, 5.02227, 1.0, 8400.0, 0.7619, 1.04762, 1649.57895, 40180.09274, 1.0
257, 4.94737, 1.0, 5900.0, 0.88136, 1.05556, 1640.8502, 40104.11538, 1.0
258, 4.87449, 1.0, 1800.0, 0.55556, 1.05714, 1621.60526, 40036.30162, 1.0
259, 4.79757, 0.0, 0.0, 0.0, 1.05128, 1594.20243, 39973.34008, 1.0
260, 4.71255, 1.0, 7500.0, 0.81333, 1.04878, 1546.79757, 39960.94737, 1.0
261, 4.62753, 1.0, 200.0, 1.5, 1.02439, 1527.15587, 39891.10931, 1.0
262, 4.53644, 1.0, 700.0, 0.71429, 1.0, 1481.84413, 39848.30567, 1.0
263, 4.46559, 1.0, 7200.0, 0.86111, 1.02941, 1491.59514, 39778.4919, 1.0
264, 4.39069, 0.0, 0.0, 0.0, 1.05556, 1451.01417, 39729.39676, 1.0
265, 4.32186, 1.0, 1850.0, 1.0, 1.0, 1427.35628, 39672.27733, 1.0
266, 4.25709, 0.0, 0.0, 0.0, 1.06452, 1388.15385, 39623.48381, 1.0
267, 4.20892, 1.0, 100.0, 3.0, 1.03704, 1377.2211, 39548.96154, 1.06667
268, 4.14402, 1.0, 3300.0, 0.81818, 1.1, 1362.44625, 39485.27181, 1.06667
269, 4.10548, 1.0, 9800.0, 0.82653, 1.0, 1362.29006, 39417.32454, 1.07143
270, 4.06721, 0.0, 0.0, 0.0, 1.0, 1351.78004, 39345.0142, 1.07143
271, 4.02037, 0.0, 0.0, 0.0, 1.0, 1336.50713, 39279.49491, 1.0
272, 3.95519, 1.0, 34400.0, 0.75581, 1.0, 1388.07332, 39210.37882, 1.0
273, 3.88776, 1.0, 24100.0, 0.65145, 1.02778, 1421.42041, 39141.53768, 1.0
274, 3.82653, 1.0, 8200.0, 0.80488, 1.0, 1424.08571, 39069.01837, 1.0
275, 3.75869, 0.0, 0.0, 0.0, 1.05556, 1337.06339, 39072.15306, 1.0
276, 3.70492, 0.0, 0.0, 0.0, 1.06897, 1320.77459, 39006.20245, 1.0
277, 3.65298, 0.0, 0.0, 0.0, 1.0, 1304.49897, 38934.03279, 1.0
278, 3.59138, 0.0, 0.0, 0.0, 1.0, 1284.01643, 38871.25462, 1.0
279, 3.52772, 0.0, 0.0, 0.0, 1.03333, 1262.88296, 38805.83573, 1.0
280, 3.48255, 0.0, 0.0, 0.0, 1.0, 1247.35318, 38735.22998, 1.0
281, 3.44948, 0.0, 0.0, 0.0, 1.0, 1235.5134, 38665.7885, 1.0
282, 3.39669, 0.0, 0.0, 0.0, 1.0, 1199.66529, 38616.32577, 1.0
283, 3.33471, 0.0, 0.0, 0.0, 1.0, 1182.21901, 38551.6157, 1.0
284, 3.294, 0.0, 0.0, 0.0, 1.0, 1171.68116, 38478.74174, 1.0
285, 3.25572, 0.0, 0.0, 0.0, 1.08333, 1138.89813, 38427.41201, 1.0
286, 3.19127, 0.0, 0.0, 0.0, 1.06667, 1087.10811, 38390.8711, 1.0
287, 3.15031, 1.0, 2900.0, 0.7931, 1.0, 1081.97704, 38321.95634, 1.0
288, 3.09224, 1.0, 7000.0, 0.74286, 1.0, 1061.21174, 38284.66388, 1.0
289, 3.04612, 0.0, 0.0, 0.0, 1.15, 1031.27463, 38225.5891, 1.0
290, 3.00846, 1.0, 5600.0, 0.57143, 1.0, 1036.4778, 38155.9392, 1.0
291, 2.96398, 0.0, 0.0, 0.0, 1.04167, 1024.90678, 38081.08457, 1.0
292, 2.92751, 0.0, 0.0, 0.0, 1.03846, 1018.86141, 38010.50636, 1.0
293, 2.89744, 0.0, 0.0, 0.0, 1.0, 1011.82051, 37913.16418, 1.0
294, 2.86052, 0.0, 0.0, 0.0, 1.09091, 1005.15021, 37840.10684, 1.0
295, 2.82581, 0.0, 0.0, 0.0, 1.0, 982.29462, 37744.79399, 1.0
296, 2.79004, 0.0, 0.0, 0.0, 1.04167, 974.9026, 37671.55699, 1.0
297, 2.74565, 0.0, 0.0, 0.0, 1.13043, 962.43043, 37616.26623, 1.0
298, 2.71304, 0.0, 0.0, 0.0, 1.0, 949.32826, 37525.45652, 1.0
299, 2.67102, 0.0, 0.0, 0.0, 1.04545, 936.22658, 37457.52391, 1.0
300, 2.63239, 0.0, 0.0, 0.0, 1.09524, 923.65208, 37385.80828, 1.0
301, 2.5956, 0.0, 0.0, 0.0, 1.0, 915.02418, 37316.73085, 1.0
302, 2.55385, 0.0, 0.0, 0.0, 1.0, 905.22418, 37236.62198, 1.0
303, 2.51885, 1.0, 38600.0, 0.75389, 1.0, 979.57871, 37174.51209, 1.0
304, 2.50111, 0.0, 0.0, 0.0, 1.0, 891.59243, 37177.63193, 1.0
305, 2.4519, 0.0, 0.0, 0.0, 1.0, 882.10067, 37107.0735, 1.0
306, 2.42308, 0.0, 0.0, 0.0, 1.0, 878.76018, 37043.53915, 1.0
307, 2.37727, 0.0, 0.0, 0.0, 1.04, 870.425, 36996.44118, 1.0
308, 2.35535, 0.0, 0.0, 0.0, 1.0, 809.0615, 36902.12727, 1.0
309, 2.33181, 0.0, 0.0, 0.0, 1.0, 800.48741, 36839.98633, 1.0
310, 2.30575, 0.0, 0.0, 0.0, 1.0, 765.2156, 36780.70938, 1.0
311, 2.28472, 0.0, 0.0, 0.0, 1.0, 762.59815, 36713.10321, 1.0
312, 2.27273, 0.0, 0.0, 0.0, 1.0, 744.63488, 36655.18476, 1.0
313, 2.24178, 0.0, 0.0, 0.0, 1.05263, 723.6089, 36575.34419, 1.0
314, 2.22066, 0.0, 0.0, 0.0, 1.0, 718.73536, 36490.21546, 1.0
315, 2.16981, 0.0, 0.0, 0.0, 1.04, 708.28706, 36424.1452, 1.0
316, 2.14014, 0.0, 0.0, 0.0, 1.05556, 697.07583, 36361.0, 1.0
317, 2.12381, 1.0, 600.0, 1.83333, 1.0, 653.0119, 36346.81043, 1.0
318, 2.10952, 0.0, 0.0, 0.0, 1.0, 648.44762, 36234.27143, 1.0
319, 2.09113, 0.0, 0.0, 0.0, 1.07692, 646.04556, 36161.38571, 1.0
320, 2.0747, 0.0, 0.0, 0.0, 1.0, 642.56386, 36076.45084, 1.0
321, 2.05583, 0.0, 0.0, 0.0, 1.0, 639.44417, 35998.71566, 1.0
322, 2.0439, 0.0, 0.0, 0.0, 1.0, 636.09512, 35928.42718, 1.0
323, 2.00491, 0.0, 0.0, 0.0, 1.04762, 629.38329, 35851.32683, 1.0
324, 1.98756, 0.0, 0.0, 0.0, 1.0, 631.20896, 35768.09582, 1.0
325, 1.97506, 0.0, 0.0, 0.0, 1.0, 620.5212, 35629.70149, 1.0
326, 1.94264, 0.0, 0.0, 0.0, 1.0, 613.57357, 35565.58105, 1.0
327, 1.91709, 0.0, 0.0, 0.0, 1.06667, 552.26884, 35553.24688, 1.0
328, 1.90585, 0.0, 0.0, 0.0, 1.0, 550.55216, 35495.46734, 1.0
329, 1.8852, 0.0, 0.0, 0.0, 1.0, 547.15306, 35412.74046, 1.0
330, 1.87855, 0.0, 0.0, 0.0, 1.0, 548.24031, 35334.92857, 1.0
331, 1.86162, 0.0, 0.0, 0.0, 1.0, 542.97128, 35288.02067, 1.0
332, 1.84474, 0.0, 0.0, 0.0, 1.0, 538.17632, 35226.45953, 1.0
333, 1.8254, 0.0, 0.0, 0.0, 1.0, 512.45767, 35186.34737, 1.0
334, 1.81117, 0.0, 0.0, 0.0, 1.0, 506.71011, 35123.07672, 1.0
335, 1.78457, 0.0, 0.0, 0.0, 1.0, 500.66489, 35057.35638, 1.0
336, 1.76596, 0.0, 0.0, 0.0, 1.0, 496.27128, 34984.94415, 1.0
337, 1.74731, 0.0, 0.0, 0.0, 1.0, 488.72581, 34921.08777, 1.0
338, 1.73025, 0.0, 0.0, 0.0, 1.0, 486.48229, 34837.90323, 1.0
339, 1.70411, 0.0, 0.0, 0.0, 1.0, 480.81096, 34776.03542, 1.0
340, 1.70055, 0.0, 0.0, 0.0, 1.0, 479.61264, 34711.43288, 1.0
341, 1.68044, 0.0, 0.0, 0.0, 1.0, 470.59504, 34625.1456, 1.0
342, 1.67222, 0.0, 0.0, 0.0, 1.0, 471.16944, 34539.52617, 1.0
343, 1.65363, 0.0, 0.0, 0.0, 1.0, 467.08939, 34453.575, 1.0
344, 1.63764, 0.0, 0.0, 0.0, 1.125, 465.13483, 34391.94972, 1.0
345, 1.62254, 0.0, 0.0, 0.0, 1.0, 461.03099, 34316.43539, 1.0
346, 1.61714, 0.0, 0.0, 0.0, 1.0, 450.34857, 34262.72394, 1.0
347, 1.61671, 0.0, 0.0, 0.0, 1.0, 452.19885, 34209.42571, 1.0
348, 1.60756, 0.0, 0.0, 0.0, 1.0, 441.78488, 34154.28242, 1.0
349, 1.59649, 0.0, 0.0, 0.0, 1.0, 435.09064, 34086.5843, 1.0
350, 1.57478, 0.0, 0.0, 0.0, 1.0, 428.93842, 34004.11988, 1.0
351, 1.55457, 0.0, 0.0, 0.0, 1.0, 426.88201, 33942.96774, 1.0
352, 1.5506, 0.0, 0.0, 0.0, 1.0, 420.89286, 33877.9056, 1.0
353, 1.53614, 0.0, 0.0, 0.0, 1.0, 421.39458, 33826.67857, 1.0
354, 1.52599, 0.0, 0.0, 0.0, 1.0, 412.46789, 33786.56024, 1.0
355, 1.52308, 0.0, 0.0, 0.0, 1.0, 412.93538, 33661.62997, 1.0
356, 1.52174, 0.0, 0.0, 0.0, 1.0, 413.95963, 33581.02769, 1.0
357, 1.50794, 0.0, 0.0, 0.0, 1.0, 414.11746, 33516.39752, 1.0
358, 1.49839, 0.0, 0.0, 0.0, 1.0, 414.28939, 33466.21905, 1.0
359, 1.48366, 0.0, 0.0, 0.0, 1.0, 414.72876, 33390.21865, 0.0
360, 1.46535, 0.0, 0.0, 0.0, 1.0, 407.66337, 33249.63072, 0.0
361, 1.45151, 0.0, 0.0, 0.0, 1.11111, 408.28428, 33177.26403, 0.0
362, 1.43986, 0.0, 0.0, 0.0, 1.0, 390.48797, 33121.39465, 0.0
363, 1.43103, 0.0, 0.0, 0.0, 1.0, 388.63103, 33048.46048, 0.0
364, 1.41812, 0.0, 0.0, 0.0, 1.0, 387.26829, 32960.87931, 0.0
365, 1.41343, 0.0, 0.0, 0.0, 1.0, 371.43463, 32929.23345, 0.0
366, 1.41367, 0.0, 0.0, 0.0, 1.0, 372.44245, 32844.09894, 0.0
367, 1.41091, 0.0, 0.0, 0.0, 1.0, 372.79273, 32783.5, 0.0
368, 1.39416, 0.0, 0.0, 0.0, 1.0, 368.90146, 32728.0, 0.0
369, 1.39033, 0.0, 0.0, 0.0, 1.0, 364.62454, 32661.33942, 0.0
370, 1.38113, 0.0, 0.0, 0.0, 1.0, 367.33962, 32546.89591, 0.0
371, 1.37692, 0.0, 0.0, 0.0, 1.0, 362.63462, 32456.93208, 0.0
372, 1.37354, 0.0, 0.0, 0.0, 1.0, 361.74319, 32355.99615, 0.0
373, 1.37402, 0.0, 0.0, 0.0, 1.0, 355.05118, 32314.38911, 0.0
374, 1.36508, 0.0, 0.0, 0.0, 1.0, 354.28571, 32237.3622, 0.0
375, 1.36948, 0.0, 0.0, 0.0, 1.0, 338.03213, 32211.40476, 0.0
376, 1.36437, 0.0, 0.0, 0.0, 1.0, 336.97166, 32093.50201, 0.0
377, 1.36735, 0.0, 0.0, 0.0, 1.0, 338.21633, 32016.91093, 0.0
378, 1.36626, 0.0, 0.0, 0.0, 1.0, 335.54321, 31953.92653, 0.0
379, 1.35, 0.0, 0.0, 0.0, 1.0, 330.03333, 31866.02881, 0.0
380, 1.34454, 0.0, 0.0, 0.0, 1.0, 321.84034, 31808.84167, 0.0
381, 1.34043, 0.0, 0.0, 0.0, 1.0, 322.18298, 31715.80252, 0.0
382, 1.33476, 0.0, 0.0, 0.0, 1.0, 322.41631, 31634.91915, 0.0
383, 1.32328, 0.0, 0.0, 0.0, 1.0, 318.51724, 31579.65236, 0.0
384, 1.32174, 0.0, 0.0, 0.0, 1.0, 318.96087, 31506.70259, 0.0
385, 1.32743, 0.0, 0.0, 0.0, 1.0, 322.0, 31446.25652, 0.0
386, 1.32, 0.0, 0.0, 0.0, 1.0, 321.32, 31382.19912, 0.0
387, 1.30942, 0.0, 0.0, 0.0, 1.0, 318.287, 31324.15111, 0.0
388, 1.3018, 0.0, 0.0, 0.0, 1.0, 318.41892, 31262.98655, 0.0
389, 1.29817, 0.0, 0.0, 0.0, 1.0, 318.9633, 31208.86036, 0.0
390, 1.28837, 0.0, 0.0, 0.0, 1.0, 299.33953, 31133.38532, 0.0
391, 1.27962, 0.0, 0.0, 0.0, 1.0, 301.37915, 31085.35814, 0.0
392, 1.27619, 0.0, 0.0, 0.0, 1.0, 301.0, 31009.2654, 0.0
393, 1.27536, 0.0, 0.0, 0.0, 1.0, 300.53623, 30947.83333, 0.0
394, 1.2767, 0.0, 0.0, 0.0, 1.0, 300.42718, 30879.03382, 0.0
395, 1.27228, 0.0, 0.0, 0.0, 1.0, 302.03465, 30829.52427, 0.0
396, 1.27136, 0.0, 0.0, 0.0, 1.0, 303.30653, 30780.94554, 0.0
397, 1.26667, 0.0, 0.0, 0.0, 1.0, 269.26667, 30737.86935, 0.0
398, 1.25773, 0.0, 0.0, 0.0, 1.0, 268.62887, 30661.25641, 0.0
399, 1.24084, 0.0, 0.0, 0.0, 1.0, 263.20942, 30604.18041, 0.0
400, 1.2328, 0.0, 0.0, 0.0, 1.0, 263.59259, 30548.28796, 0.0
401, 1.23118, 0.0, 0.0, 0.0, 1.0, 265.11828, 30489.13228, 0.0
402, 1.22703, 0.0, 0.0, 0.0, 1.0, 264.0, 30449.63978, 0.0
403, 1.23077, 0.0, 0.0, 0.0, 1.0, 263.84615, 30378.44865, 0.0
404, 1.23464, 0.0, 0.0, 0.0, 1.0, 265.1676, 30341.32418, 0.0
405, 1.22727, 0.0, 0.0, 0.0, 1.0, 265.13636, 30263.2067, 0.0
406, 1.22857, 0.0, 0.0, 0.0, 1.0, 265.94857, 30149.26136, 0.0
407, 1.23077, 0.0, 0.0, 0.0, 1.0, 269.16568, 30078.34857, 0.0
408, 1.22485, 0.0, 0.0, 0.0, 1.0, 268.51479, 30015.76923, 0.0
409, 1.21893, 0.0, 0.0, 0.0, 1.0, 267.49112, 29951.60947, 0.0
410, 1.20833, 0.0, 0.0, 0.0, 1.0, 266.19643, 29890.19527, 0.0
411, 1.20958, 0.0, 0.0, 0.0, 1.0, 266.44311, 29819.64881, 0.0
412, 1.20606, 0.0, 0.0, 0.0, 1.0, 216.74545, 29803.88024, 0.0
413, 1.20732, 0.0, 0.0, 0.0, 1.0, 215.18293, 29696.33939, 0.0
414, 1.2037, 0.0, 0.0, 0.0, 1.0, 215.66049, 29639.82927, 0.0
415, 1.19255, 0.0, 0.0, 0.0, 1.0, 212.01242, 29582.0, 0.0
416, 1.18634, 0.0, 0.0, 0.0, 1.0, 209.31677, 29545.8323, 0.0
417, 1.17722, 0.0, 0.0, 0.0, 1.0, 203.92405, 29491.80745, 0.0
418, 1.17308, 0.0, 0.0, 0.0, 1.0, 204.63462, 29447.40506, 0.0
419, 1.17219, 0.0, 0.0, 0.0, 1.0, 207.66225, 29410.12179, 0.0
420, 1.17568, 0.0, 0.0, 0.0, 1.0, 210.56757, 29355.45695, 0.0
421, 1.17808, 0.0, 0.0, 0.0, 1.0, 211.11644, 29295.98649, 0.0
422, 1.17361, 0.0, 0.0, 0.0, 1.0, 211.03472, 29263.59589, 0.0
423, 1.18116, 0.0, 0.0, 0.0, 1.0, 210.92029, 29220.47917, 0.0
424, 1.17778, 0.0, 0.0, 0.0, 1.0, 210.86667, 28991.56522, 0.0
425, 1.18182, 0.0, 0.0, 0.0, 1.0, 210.9697, 28946.59259, 0.0
426, 1.17424, 0.0, 0.0, 0.0, 1.0, 210.19697, 28883.18182, 0.0
427, 1.17557, 0.0, 0.0, 0.0, 1.0, 211.0916, 28821.06061, 0.0
428, 1.17969, 0.0, 0.0, 0.0, 1.0, 212.89063, 28758.01527, 0.0
429, 1.184, 0.0, 0.0, 0.0, 1.0, 214.08, 28660.55469, 0.0
430, 1.17742, 0.0, 0.0, 0.0, 1.0, 212.69355, 28613.576, 0.0
431, 1.17886, 0.0, 0.0, 0.0, 1.0, 213.39024, 28560.58871, 0.0
432, 1.17073, 0.0, 0.0, 0.0, 1.0, 211.98374, 28513.43089, 0.0
433, 1.175, 0.0, 0.0, 0.0, 1.0, 212.99167, 28455.56911, 0.0
434, 1.175, 0.0, 0.0, 0.0, 0.0, 212.55, 28217.50833, 0.0
435, 1.17647, 0.0, 0.0, 0.0, 1.0, 213.26891, 28157.79167, 0.0
436, 1.16807, 0.0, 0.0, 0.0, 1.0, 211.73109, 28122.7563, 0.0
437, 1.17241, 0.0, 0.0, 0.0, 1.0, 211.53448, 28068.19328, 0.0
438, 1.17544, 0.0, 0.0, 0.0, 1.0, 212.71053, 28006.73276, 0.0
439, 1.17117, 0.0, 0.0, 0.0, 1.0, 210.05405, 27785.22807, 0.0
440, 1.17431, 0.0, 0.0, 0.0, 1.0, 211.57798, 27719.82883, 0.0
441, 1.16822, 0.0, 0.0, 0.0, 1.0, 192.16822, 27655.99083, 0.0
442, 1.17143, 0.0, 0.0, 0.0, 1.0, 193.64762, 27624.25234, 0.0
443, 1.1619, 0.0, 0.0, 0.0, 1.0, 192.52381, 27525.9619, 0.0
444, 1.1619, 0.0, 0.0, 0.0, 0.0, 192.1619, 27467.21905, 0.0
445, 1.15534, 0.0, 0.0, 0.0, 1.0, 192.7767, 27411.68571, 0.0
446, 1.12745, 0.0, 0.0, 0.0, 1.0, 188.01961, 27373.90291, 0.0
447, 1.12871, 0.0, 0.0, 0.0, 1.0, 188.46535, 27300.29412, 0.0
448, 1.12371, 0.0, 0.0, 0.0, 1.0, 190.49485, 27232.46535, 0.0
449, 1.12632, 0.0, 0.0, 0.0, 1.0, 192.76842, 27176.08247, 0.0
450, 1.11579, 0.0, 0.0, 0.0, 1.0, 186.77895, 27081.53684, 0.0
451, 1.11702, 0.0, 0.0, 0.0, 1.0, 186.94681, 27025.03158, 0.0
452, 1.11957, 0.0, 0.0, 0.0, 1.0, 188.75, 26976.25532, 0.0
453, 1.12088, 0.0, 0.0, 0.0, 1.0, 184.49451, 26957.43478, 0.0
454, 1.12222, 0.0, 0.0, 0.0, 1.0, 185.48889, 26897.69231, 0.0
455, 1.10112, 0.0, 0.0, 0.0, 1.0, 166.02247, 26844.27778, 0.0
456, 1.10465, 0.0, 0.0, 0.0, 1.0, 169.30233, 26795.97753, 0.0
457, 1.10588, 0.0, 0.0, 0.0, 1.0, 169.61176, 26699.40698, 0.0
458, 1.10714, 0.0, 0.0, 0.0, 1.0, 170.72619, 26648.68235, 0.0
459, 1.10843, 0.0, 0.0, 0.0, 1.0, 171.84337, 26580.72619, 0.0
460, 1.11111, 0.0, 0.0, 0.0, 1.0, 172.87654, 26536.49398, 0.0
461, 1.11842, 0.0, 0.0, 0.0, 1.0, 179.64474, 26402.39506, 0.0
462, 1.12162, 0.0, 0.0, 0.0, 1.0, 183.17568, 26366.43421, 0.0
463, 1.12329, 0.0, 0.0, 0.0, 1.0, 182.64384, 26365.36486, 0.0
464, 1.12857, 0.0, 0.0, 0.0, 1.0, 180.38571, 26307.0, 0.0
465, 1.11594, 0.0, 0.0, 0.0, 1.0, 178.91304, 26257.84286, 0.0
466, 1.11594, 0.0, 0.0, 0.0, 0.0, 178.53623, 26196.24638, 0.0
467, 1.08824, 0.0, 0.0, 0.0, 1.0, 176.47059, 26145.01449, 0.0
468, 1.08824, 0.0, 0.0, 0.0, 0.0, 176.08824, 26066.26471, 0.0
469, 1.07692, 0.0, 0.0, 0.0, 1.0, 179.69231, 26014.27941, 0.0
470, 1.07692, 0.0, 0.0, 0.0, 0.0, 179.35385, 25995.96923, 0.0
471, 1.07692, 0.0, 0.0, 0.0, 0.0, 179.04615, 25939.47692, 0.0
472, 1.07813, 0.0, 0.0, 0.0, 1.0, 176.1875, 25888.04615, 0.0
473, 1.07937, 0.0, 0.0, 0.0, 1.0, 178.03175, 25837.15625, 0.0
474, 1.07937, 0.0, 0.0, 0.0, 0.0, 177.73016, 25786.52381, 0.0
475, 1.08065, 0.0, 0.0, 0.0, 1.0, 179.1129, 25731.85714, 0.0
476, 1.08197, 0.0, 0.0, 0.0, 1.0, 180.03279, 25687.04839, 0.0
477, 1.08333, 0.0, 0.0, 0.0, 1.0, 182.15, 25559.31148, 0.0
478, 1.08621, 0.0, 0.0, 0.0, 1.0, 185.31034, 25487.0, 0.0
479, 1.08621, 0.0, 0.0, 0.0, 0.0, 184.91379, 25373.46552, 0.0
480, 1.08772, 0.0, 0.0, 0.0, 1.0, 185.08772, 25321.0, 0.0
481, 1.08772, 0.0, 0.0, 0.0, 0.0, 184.73684, 25292.92982, 0.0
482, 1.08772, 0.0, 0.0, 0.0, 0.0, 184.36842, 25238.77193, 0.0
483, 1.07547, 0.0, 0.0, 0.0, 1.0, 183.0566, 25199.82456, 0.0
484, 1.07547, 0.0, 0.0, 0.0, 0.0, 182.56604, 25158.54717, 0.0
485, 1.07692, 0.0, 0.0, 0.0, 1.0, 181.63462, 25108.88679, 0.0
486, 1.07692, 0.0, 0.0, 0.0, 0.0, 181.30769, 25104.63462, 0.0
487, 1.07843, 0.0, 0.0, 0.0, 1.0, 183.11765, 25051.55769, 0.0
488, 1.07843, 0.0, 0.0, 0.0, 0.0, 182.78431, 25050.2549, 0.0
489, 1.07843, 0.0, 0.0, 0.0, 0.0, 182.52941, 24997.17647, 0.0
490, 1.08, 0.0, 0.0, 0.0, 1.0, 185.14, 24945.03922, 0.0
491, 1.06, 0.0, 0.0, 0.0, 1.0, 177.2, 24912.4, 0.0
492, 1.06, 0.0, 0.0, 0.0, 0.0, 176.8, 24858.24, 0.0
493, 1.06, 0.0, 0.0, 0.0, 0.0, 176.48, 24803.96, 0.0
494, 1.0625, 0.0, 0.0, 0.0, 1.0, 176.1875, 24756.0, 0.0
495, 1.06383, 0.0, 0.0, 0.0, 1.0, 177.97872, 24680.5, 0.0
496, 1.06522, 0.0, 0.0, 0.0, 1.0, 172.56522, 24640.3617, 0.0
497, 1.04348, 0.0, 0.0, 0.0, 1.0, 170.91304, 24598.71739, 0.0
498, 1.04348, 0.0, 0.0, 0.0, 0.0, 170.52174, 24546.21739, 0.0
499, 1.04444, 0.0, 0.0, 0.0, 1.0, 173.37778, 24495.73913, 0.0
500, 1.02222, 0.0, 0.0, 0.0, 1.0, 167.08889, 24441.31111, 0.0
501, 1.0, 0.0, 0.0, 0.0, 1.0, 144.35714, 24420.88889, 0.0
502, 1.0, 0.0, 0.0, 0.0, 0.0, 143.97619, 24431.59524, 0.0
503, 1.0, 0.0, 0.0, 0.0, 0.0, 143.57143, 24376.83333, 0.0
504, 1.0, 0.0, 0.0, 0.0, 1.0, 146.675, 24327.80952, 0.0
505, 1.0, 0.0, 0.0, 0.0, 1.0, 148.15385, 24307.525, 0.0
506, 1.0, 0.0, 0.0, 0.0, 1.0, 150.89474, 24258.25641, 0.0
507, 1.0, 0.0, 0.0, 0.0, 0.0, 150.63158, 24137.42105, 0.0
508, 1.0, 0.0, 0.0, 0.0, 1.0, 151.10811, 24091.26316, 0.0
509, 1.0, 0.0, 0.0, 0.0, 1.0, 153.97222, 24104.2973, 0.0
510, 1.0, 0.0, 0.0, 0.0, 0.0, 153.52778, 23870.58333, 0.0
511, 1.0, 0.0, 0.0, 0.0, 1.0, 149.45714, 23826.27778, 0.0
512, 1.0, 0.0, 0.0, 0.0, 0.0, 149.02857, 23645.94286, 0.0
513, 1.0, 0.0, 0.0, 0.0, 0.0, 148.8, 23596.57143, 0.0
514, 1.0, 0.0, 0.0, 0.0, 0.0, 148.28571, 23544.14286, 0.0
515, 1.0, 0.0, 0.0, 0.0, 1.0, 150.94118, 23495.71429, 0.0
516, 1.0, 0.0, 0.0, 0.0, 0.0, 150.82353, 23458.32353, 0.0
517, 1.0, 0.0, 0.0, 0.0, 0.0, 150.44118, 23405.44118, 0.0
518, 1.0, 0.0, 0.0, 0.0, 1.0, 149.84848, 23359.97059, 0.0
519, 1.0, 0.0, 0.0, 0.0, 1.0, 145.8125, 23301.18182, 0.0
520, 1.0, 0.0, 0.0, 0.0, 0.0, 145.65625, 23237.8125, 0.0
521, 1.0, 0.0, 0.0, 0.0, 0.0, 145.4375, 23186.9375, 0.0
522, 1.0, 0.0, 0.0, 0.0, 0.0, 145.1875, 23139.09375, 0.0
523, 1.0, 0.0, 0.0, 0.0, 1.0, 147.90323, 23093.53125, 0.0
524, 1.0, 0.0, 0.0, 0.0, 1.0, 150.36667, 22970.54839, 0.0
525, 1.0, 0.0, 0.0, 0.0, 0.0, 150.13333, 22912.5, 0.0
526, 1.0, 0.0, 0.0, 0.0, 1.0, 140.2069, 22878.03333, 0.0
527, 1.0, 0.0, 0.0, 0.0, 1.0, 134.0, 22922.48276, 0.0
528, 1.0, 0.0, 0.0, 0.0, 0.0, 133.5, 22859.64286, 0.0
529, 1.0, 0.0, 0.0, 0.0, 0.0, 133.42857, 22810.82143, 0.0
530, 1.0, 0.0, 0.0, 0.0, 1.0, 135.07407, 22764.82143, 0.0
531, 1.0, 0.0, 0.0, 0.0, 0.0, 134.7037, 22701.40741, 0.0
532, 1.0, 0.0, 0.0, 0.0, 1.0, 113.6, 22684.11111, 0.0
533, 1.0, 0.0, 0.0, 0.0, 0.0, 113.36, 22440.92, 0.0
534, 1.0, 0.0, 0.0, 0.0, 0.0, 112.96, 22391.84, 0.0
535, 1.0, 0.0, 0.0, 0.0, 1.0, 108.625, 22350.64, 0.0
536, 1.0, 0.0, 0.0, 0.0, 1.0, 98.69565, 22276.45833, 0.0
537, 1.0, 0.0, 0.0, 0.0, 1.0, 98.18182, 22114.17391, 0.0
538, 1.0, 0.0, 0.0, 0.0, 0.0, 98.04545, 22093.90909, 0.0
539, 1.0, 0.0, 0.0, 0.0, 1.0, 91.85714, 22055.31818, 0.0
540, 1.0, 0.0, 0.0, 0.0, 0.0, 91.66667, 22026.09524, 0.0
541, 1.0, 0.0, 0.0, 0.0, 1.0, 91.42105, 21988.90476, 0.0
542, 1.0, 0.0, 0.0, 0.0, 0.0, 91.10526, 21971.42105, 0.0
543, 1.0, 0.0, 0.0, 0.0, 0.0, 90.94737, 21923.47368, 0.0
544, 1.0, 0.0, 0.0, 0.0, 0.0, 90.78947, 21875.31579, 0.0
545, 1.0, 0.0, 0.0, 0.0, 0.0, 90.57895, 21830.26316, 0.0
546, 1.0, 0.0, 0.0, 0.0, 0.0, 90.47368, 21786.31579, 0.0
547, 1.0, 0.0, 0.0, 0.0, 0.0, 90.31579, 21739.73684, 0.0
548, 1.0, 0.0, 0.0, 0.0, 0.0, 90.10526, 21692.31579, 0.0
549, 1.0, 0.0, 0.0, 0.0, 1.0, 89.44444, 21654.94737, 0.0
550, 1.0, 0.0, 0.0, 0.0, 0.0, 89.27778, 21655.5, 0.0
551, 1.0, 0.0, 0.0, 0.0, 0.0, 89.22222, 21609.05556, 0.0
552, 1.0, 0.0, 0.0, 0.0, 0.0, 89.05556, 21562.27778, 0.0
553, 1.0, 0.0, 0.0, 0.0, 0.0, 88.88889, 21516.77778, 0.0
554, 1.0, 0.0, 0.0, 0.0, 1.0, 91.88235, 21475.55556, 0.0
555, 1.0, 0.0, 0.0, 0.0, 0.0, 91.70588, 21483.70588, 0.0
556, 1.0, 0.0, 0.0, 0.0, 1.0, 95.1875, 21441.23529, 0.0
557, 1.0, 0.0, 0.0, 0.0, 0.0, 95.0625, 21405.1875, 0.0
558, 1.0, 0.0, 0.0, 0.0, 0.0, 95.0625, 21358.1875, 0.0
559, 1.0, 0.0, 0.0, 0.0, 0.0, 94.5625, 21311.125, 0.0
560, 1.0, 0.0, 0.0, 0.0, 0.0, 94.375, 21264.5625, 0.0
561, 1.0, 0.0, 0.0, 0.0, 0.0, 94.125, 21218.75, 0.0
562, 1.0, 0.0, 0.0, 0.0, 1.0, 92.8, 21182.0625, 0.0
563, 1.0, 0.0, 0.0, 0.0, 0.0, 92.6, 21272.53333, 0.0
564, 1.0, 0.0, 0.0, 0.0, 0.0, 92.6, 21225.2, 0.0
565, 1.0, 0.0, 0.0, 0.0, 1.0, 96.07143, 21186.73333, 0.0
566, 1.0, 0.0, 0.0, 0.0, 0.0, 95.78571, 21216.42857, 0.0
567, 1.0, 0.0, 0.0, 0.0, 0.0, 95.64286, 21171.28571, 0.0
568, 1.0, 0.0, 0.0, 0.0, 0.0, 95.42857, 21126.64286, 0.0
569, 1.0, 0.0, 0.0, 0.0, 0.0, 95.28571, 21083.42857, 0.0
570, 1.0, 0.0, 0.0, 0.0, 0.0, 95.14286, 21041.0, 0.0
571, 1.0, 0.0, 0.0, 0.0, 0.0, 94.85714, 20996.21429, 0.0
572, 1.0, 0.0, 0.0, 0.0, 0.0, 94.57143, 20951.64286, 0.0
573, 1.0, 0.0, 0.0, 0.0, 0.0, 94.28571, 20907.28571, 0.0
574, 1.0, 0.0, 0.0, 0.0, 0.0, 93.92857, 20864.85714, 0.0
575, 1.0, 0.0, 0.0, 0.0, 0.0, 93.78571, 20819.92857, 0.0
576, 1.0, 0.0, 0.0, 0.0, 0.0, 93.57143, 20776.78571, 0.0
577, 1.0, 0.0, 0.0, 0.0, 0.0, 93.57143, 20731.57143, 0.0
578, 1.0, 0.0, 0.0, 0.0, 1.0, 95.61538, 20690.42857, 0.0
579, 1.0, 0.0, 0.0, 0.0, 0.0, 95.38462, 20718.07692, 0.0
580, 1.0, 0.0, 0.0, 0.0, 0.0, 95.07692, 20671.61538, 0.0
581, 1.0, 0.0, 0.0, 0.0, 0.0, 94.69231, 20626.46154, 0.0
582, 1.0, 0.0, 0.0, 0.0, 0.0, 94.46154, 20581.61538, 0.0
583, 1.0, 0.0, 0.0, 0.0, 0.0, 94.46154, 20535.46154, 0.0
584, 1.0, 0.0, 0.0, 0.0, 0.0, 94.38462, 20490.30769, 0.0
585, 1.0, 0.0, 0.0, 0.0, 0.0, 94.23077, 20448.46154, 0.0
586, 1.0, 0.0, 0.0, 0.0, 0.0, 94.15385, 20405.07692, 0.0
587, 1.0, 0.0, 0.0, 0.0, 0.0, 94.0, 20364.84615, 0.0
588, 1.0, 0.0, 0.0, 0.0, 0.0, 93.61538, 20321.46154, 0.0
589, 1.0, 0.0, 0.0, 0.0, 0.0, 93.46154, 20277.23077, 0.0
590, 1.0, 0.0, 0.0, 0.0, 0.0, 93.30769, 20233.53846, 0.0
591, 1.0, 0.0, 0.0, 0.0, 0.0, 93.30769, 20188.30769, 0.0
592, 1.0, 0.0, 0.0, 0.0, 0.0, 93.07692, 20145.15385, 0.0
593, 1.0, 0.0, 0.0, 0.0, 0.0, 93.07692, 20102.30769, 0.0
594, 1.0, 0.0, 0.0, 0.0, 1.0, 98.08333, 20063.0, 0.0
595, 1.0, 0.0, 0.0, 0.0, 0.0, 98.0, 19855.91667, 0.0
596, 1.0, 0.0, 0.0, 0.0, 0.0, 97.75, 19814.08333, 0.0
597, 1.0, 0.0, 0.0, 0.0, 1.0, 103.27273, 19775.08333, 0.0
598, 1.0, 0.0, 0.0, 0.0, 0.0, 103.0, 19874.27273, 0.0
599, 1.0, 0.0, 0.0, 0.0, 0.0, 102.90909, 19831.09091, 0.0
600, 1.0, 0.0, 0.0, 0.0, 0.0, 102.81818, 19787.27273, 0.0
601, 1.0, 0.0, 0.0, 0.0, 0.0, 102.63636, 19743.18182, 0.0
602, 1.0, 0.0, 0.0, 0.0, 0.0, 102.45455, 19703.0, 0.0
603, 1.0, 0.0, 0.0, 0.0, 0.0, 102.18182, 19661.72727, 0.0
604, 1.0, 0.0, 0.0, 0.0, 1.0, 109.6, 19624.09091, 0.0
605, 1.0, 0.0, 0.0, 0.0, 0.0, 109.3, 19525.5, 0.0
606, 1.0, 0.0, 0.0, 0.0, 0.0, 109.1, 19483.9, 0.0
607, 1.0, 0.0, 0.0, 0.0, 0.0, 108.6, 19442.1, 0.0
608, 1.0, 0.0, 0.0, 0.0, 0.0, 108.4, 19403.1, 0.0
609, 1.0, 0.0, 0.0, 0.0, 0.0, 108.1, 19361.5, 0.0
610, 1.0, 0.0, 0.0, 0.0, 0.0, 107.4, 19323.1, 0.0
611, 1.0, 0.0, 0.0, 0.0, 1.0, 115.55556, 19286.9, 0.0
612, 1.0, 0.0, 0.0, 0.0, 0.0, 115.22222, 19422.22222, 0.0
613, 1.0, 0.0, 0.0, 0.0, 0.0, 114.88889, 19380.88889, 0.0
614, 1.0, 0.0, 0.0, 0.0, 0.0, 114.44444, 19341.11111, 0.0
615, 1.0, 0.0, 0.0, 0.0, 0.0, 114.33333, 19296.22222, 0.0
616, 1.0, 0.0, 0.0, 0.0, 1.0, 120.5, 19261.77778, 0.0
617, 1.0, 0.0, 0.0, 0.0, 0.0, 120.375, 19048.375, 0.0
618, 1.0, 0.0, 0.0, 0.0, 1.0, 86.14286, 19054.75, 0.0
619, 1.0, 0.0, 0.0, 0.0, 1.0, 95.0, 18445.57143, 0.0
620, 1.0, 0.0, 0.0, 0.0, 0.0, 94.83333, 18683.66667, 0.0
621, 1.0, 0.0, 0.0, 0.0, 0.0, 94.66667, 18645.66667, 0.0
622, 1.0, 0.0, 0.0, 0.0, 0.0, 94.5, 18606.66667, 0.0
623, 1.0, 0.0, 0.0, 0.0, 0.0, 94.5, 18562.83333, 0.0
624, 1.0, 0.0, 0.0, 0.0, 0.0, 94.33333, 18523.16667, 0.0
625, 1.0, 0.0, 0.0, 0.0, 0.0, 94.16667, 18481.33333, 0.0
626, 1.0, 0.0, 0.0, 0.0, 0.0, 94.0, 18444.0, 0.0
627, 1.0, 0.0, 0.0, 0.0, 0.0, 94.0, 18402.33333, 0.0
628, 1.0, 0.0, 0.0, 0.0, 1.0, 101.6, 18379.33333, 0.0
629, 1.0, 0.0, 0.0, 0.0, 0.0, 101.6, 18262.4, 0.0
630, 1.0, 0.0, 0.0, 0.0, 0.0, 101.4, 18221.8, 0.0
631, 1.0, 0.0, 0.0, 0.0, 0.0, 101.0, 18179.6, 0.0
632, 1.0, 0.0, 0.0, 0.0, 0.0, 100.6, 18140.2, 0.0
633, 1.0, 0.0, 0.0, 0.0, 0.0, 100.2, 18100.4, 0.0
634, 1.0, 0.0, 0.0, 0.0, 1.0, 118.25, 18070.4, 0.0
635, 1.0, 0.0, 0.0, 0.0, 0.0, 118.25, 17944.25, 0.0
636, 1.0, 0.0, 0.0, 0.0, 0.0, 118.25, 17906.25, 0.0
637, 1.0, 0.0, 0.0, 0.0, 0.0, 117.75, 17870.5, 0.0
638, 1.0, 0.0, 0.0, 0.0, 0.0, 117.75, 17824.5, 0.0
639, 1.0, 0.0, 0.0, 0.0, 0.0, 117.75, 17784.5, 0.0
640, 1.0, 0.0, 0.0, 0.0, 0.0, 117.5, 17746.75, 0.0
641, 1.0, 0.0, 0.0, 0.0, 0.0, 117.25, 17710.0, 0.0
642, 1.0, 0.0, 0.0, 0.0, 0.0, 117.25, 17667.25, 0.0
643, 1.0, 0.0, 0.0, 0.0, 1.0, 62.0, 17704.5, 0.0
644, 1.0, 0.0, 0.0, 0.0, 0.0, 61.66667, 17287.66667, 0.0
645, 1.0, 0.0, 0.0, 0.0, 1.0, 83.5, 17265.33333, 0.0
646, 1.0, 0.0, 0.0, 0.0, 0.0, 83.5, 17288.0, 0.0
647, 1.0, 0.0, 0.0, 0.0, 0.0, 83.5, 17251.5, 0.0
648, 1.0, 0.0, 0.0, 0.0, 0.0, 82.5, 17214.5, 0.0
649, 1.0, 0.0, 0.0, 0.0, 0.0, 82.5, 17168.5, 0.0
650, 1.0, 0.0, 0.0, 0.0, 0.0, 82.5, 17135.5, 0.0
651, 1.0, 0.0, 0.0, 0.0, 0.0, 82.5, 17092.0, 0.0
652, 1.0, 0.0, 0.0, 0.0, 0.0, 82.5, 17052.5, 0.0
653, 1.0, 0.0, 0.0, 0.0, 0.0, 82.5, 17023.0, 0.0
654, 1.0, 0.0, 0.0, 0.0, 0.0, 82.5, 16987.5, 0.0
655, 1.0, 0.0, 0.0, 0.0, 0.0, 82.5, 16944.0, 0.0
656, 1.0, 0.0, 0.0, 0.0, 0.0, 82.5, 16910.0, 0.0
657, 1.0, 0.0, 0.0, 0.0, 0.0, 82.0, 16869.0, 0.0
658, 1.0, 0.0, 0.0, 0.0, 0.0, 82.0, 16841.5, 0.0
659, 1.0, 0.0, 0.0, 0.0, 0.0, 81.5, 16803.5, 0.0
660, 1.0, 0.0, 0.0, 0.0, 0.0, 81.0, 16771.0, 0.0
661, 1.0, 0.0, 0.0, 0.0, 1.0, 123.0, 16766.0, 0.0
662, 1.0, 0.0, 0.0, 0.0, 0.0, 122.0, 16611.0, 0.0
663, 1.0, 0.0, 0.0, 0.0, 0.0, 122.0, 16571.0, 0.0
664, 1.0, 0.0, 0.0, 0.0, 0.0, 122.0, 16532.0, 0.0
665, 1.0, 0.0, 0.0, 0.0, 0.0, 121.0, 16489.0, 0.0
666, 1.0, 0.0, 0.0, 0.0, 0.0, 120.0, 16452.0, 0.0
667, 1.0, 0.0, 0.0, 0.0, 0.0, 120.0, 16416.0, 0.0
668, 1.0, 0.0, 0.0, 0.0, 0.0, 120.0, 16379.0, 0.0
669, 1.0, 0.0, 0.0, 0.0, 0.0, 120.0, 16331.0, 0.0
670, 1.0, 0.0, 0.0, 0.0, 0.0, 120.0, 16292.0, 0.0
671, 1.0, 0.0, 0.0, 0.0, 0.0, 120.0, 16257.0, 0.0
672, 1.0, 0.0, 0.0, 0.0, 0.0, 120.0, 16218.0, 0.0
673, 1.0, 0.0, 0.0, 0.0, 0.0, 120.0, 16185.0, 0.0
674, 1.0, 0.0, 0.0, 0.0, 0.0, 120.0, 16146.0, 0.0
675, 1.0, 0.0, 0.0, 0.0, 0.0, 120.0, 16105.0, 0.0
676, 1.0, 0.0, 0.0, 0.0, 0.0, 120.0, 16061.0, 0.0
677, 1.0, 0.0, 0.0, 0.0, 0.0, 120.0, 16040.0, 0.0
678, 1.0, 0.0, 0.0, 0.0, 0.0, 120.0, 16006.0, 0.0
679, 1.0, 0.0, 0.0, 0.0, 0.0, 120.0, 15977.0, 0.0
680, 1.0, 0.0, 0.0, 0.0, 0.0, 119.0, 15925.0, 0.0
681, 1.0, 0.0, 0.0, 0.0, 0.0, 119.0, 15890.0, 0.0
682, 1.0, 0.0, 0.0, 0.0, 0.0, 119.0, 15857.0, 0.0
683, 1.0, 0.0, 0.0, 0.0, 0.0, 119.0, 15826.0, 0.0
684, 1.0, 0.0, 0.0, 0.0, 0.0, 118.0, 15787.0, 0.0
685, 1.0, 0.0, 0.0, 0.0, 0.0, 118.0, 15750.0, 0.0
686, 1.0, 0.0, 0.0, 0.0, 0.0, 118.0, 15714.0, 0.0
687, 1.0, 0.0, 0.0, 0.0, 0.0, 118.0, 15678.0, 0.0
688, 1.0, 0.0, 0.0, 0.0, 0.0, 118.0, 15648.0, 0.0
689, 0.0, 0.0, 0.0, 0.0, 1.0, 0.0, 15752.0, 0.0
