time, seeders, joined, request_count, response_size, left, awareness, bad_data, leechers
0, 0.0, 0.0, 0.0, 0.0, 0.0, 1001.0, 0.0, 0.0
1, 0.0, 115.938, 338.48609, 0.36524, 0.0, 36359.054, 0.0, 115.938
2, 0.0, 54.984, 181.73287, 0.81258, 6.458, 43504.11, 2440.332, 165.464
3, 0.0, 53.418, 161.49612, 1.00461, 5.51205, 50710.838, 3806.612, 213.392
4, 0.0, 51.974, 149.99038, 1.16032, 6.64729, 56982.366, 5297.418, 258.732
5, 0.0, 49.694, 142.49205, 1.2984, 7.656, 62454.538, 6873.208, 300.77
6, 0.0, 47.952, 135.41041, 1.44998, 8.694, 67234.652, 8550.416, 340.028
7, 0.0, 47.306, 130.96436, 1.56878, 9.326, 71583.62, 10358.488, 378.008
8, 0.0, 45.076, 127.77975, 1.68207, 10.148, 75511.876, 12149.25, 412.936
9, 0.0, 43.784, 125.35173, 1.79863, 11.396, 78836.508, 14271.908, 445.324
10, 0.0, 42.296, 122.78702, 1.90942, 11.81, 81941.504, 16315.172, 475.81
11, 90.724, 40.962, 121.07807, 2.00165, 10.596, 85294.608, 17784.04, 415.452
12, 132.02, 39.922, 119.68338, 2.1059, 11.524, 88146.092, 19562.178, 402.554
13, 172.426, 38.136, 117.70506, 2.19903, 11.486, 90873.978, 21168.814, 388.798
14, 211.026, 37.056, 116.42919, 2.27615, 11.292, 93504.4, 22693.302, 375.962
15, 247.514, 35.642, 115.4144, 2.35375, 11.252, 95977.45, 24171.956, 363.864
16, 282.608, 34.554, 114.74793, 2.43854, 11.18, 98312.246, 25636.24, 352.144
17, 317.058, 33.788, 113.4604, 2.52275, 11.092, 100472.468, 27140.276, 340.39
18, 349.11, 32.424, 112.08981, 2.60302, 11.296, 102413.064, 28664.664, 329.466
19, 380.198, 31.7, 111.76656, 2.64826, 11.274, 104291.976, 30154.818, 318.804
20, 409.654, 29.898, 111.69978, 2.73703, 11.464, 106002.896, 31609.102, 307.782
21, 438.022, 29.796, 110.65244, 2.78022, 11.072, 107722.402, 33006.292, 298.138
22, 465.196, 28.702, 109.98537, 2.85118, 11.06, 109304.486, 34399.076, 288.606
23, 490.936, 27.392, 109.74737, 2.89715, 11.09, 110762.562, 35764.25, 279.168
24, 515.608, 26.262, 108.69698, 2.98382, 11.186, 112041.236, 37154.026, 269.572
25, 538.76, 25.764, 108.86508, 3.0313, 10.898, 113281.566, 38531.218, 261.286
26, 560.876, 24.614, 108.41797, 3.09353, 11.146, 114364.282, 39928.128, 252.638
27, 582.16, 24.0, 108.675, 3.10981, 10.912, 115412.476, 41295.938, 244.442
28, 602.618, 23.088, 107.89155, 3.1568, 11.04, 116351.53, 42655.952, 236.032
29, 621.858, 22.204, 108.09764, 3.21123, 11.136, 117178.254, 44036.468, 227.86
30, 639.73, 21.76, 108.5386, 3.25735, 10.794, 117974.578, 45405.586, 220.954
31, 657.47, 21.026, 106.98183, 3.29092, 11.116, 118679.07, 46752.79, 213.124
32, 674.246, 20.082, 107.59884, 3.34376, 10.872, 119325.26, 48067.142, 205.558
33, 689.73, 19.28, 107.01245, 3.39192, 10.802, 119882.298, 49372.994, 198.552
34, 704.34, 18.908, 106.38883, 3.40724, 10.792, 120323.306, 50745.41, 192.058
35, 718.14, 18.246, 107.34408, 3.41376, 10.878, 120780.778, 52044.72, 185.626
36, 731.416, 18.018, 106.49351, 3.51126, 10.456, 121189.488, 53352.556, 179.912
37, 744.046, 17.302, 107.40955, 3.49882, 10.428, 121609.668, 54585.288, 174.156
38, 755.722, 16.666, 106.10824, 3.52398, 10.516, 121893.156, 55864.626, 168.63
39, 766.83, 15.978, 105.77043, 3.59018, 10.66, 122117.616, 57124.016, 162.84
40, 777.156, 15.632, 106.0261, 3.65271, 10.584, 122321.62, 58369.186, 157.562
41, 786.886, 15.144, 106.74855, 3.65359, 10.666, 122483.286, 59615.42, 152.31
42, 795.832, 14.226, 106.01715, 3.68917, 10.394, 122568.55, 60827.992, 147.196
43, 804.278, 13.926, 106.1755, 3.67943, 10.194, 122614.272, 62051.622, 142.482
44, 812.324, 13.65, 106.43223, 3.71999, 10.284, 122670.112, 63236.806, 137.802
45, 819.456, 12.894, 106.4371, 3.74556, 10.624, 122568.196, 64500.604, 132.94
46, 826.518, 12.932, 107.20693, 3.75231, 10.262, 122563.182, 65680.036, 128.548
47, 832.696, 12.268, 106.37431, 3.75433, 10.488, 122425.13, 66910.582, 124.15
48, 838.508, 11.942, 105.71094, 3.83761, 10.076, 122316.372, 68068.344, 120.204
49, 843.482, 11.604, 106.72182, 3.81605, 10.226, 122165.752, 69242.616, 116.608
50, 848.614, 11.128, 106.32638, 3.81491, 9.782, 122025.212, 70350.29, 112.822
51, 853.302, 10.844, 106.89782, 3.95066, 9.978, 121827.612, 71488.59, 109.0
52, 857.132, 10.526, 106.28919, 3.85556, 9.828, 121602.34, 72617.166, 105.868
53, 860.688, 10.274, 105.97625, 3.9302, 9.732, 121329.202, 73760.984, 102.854
54, 863.938, 9.886, 106.29173, 3.93852, 9.904, 121018.848, 74904.15, 99.586
55, 866.786, 9.268, 107.27233, 3.95695, 9.72745, 120694.248, 76004.824, 96.298
56, 869.63, 9.15, 106.42623, 3.9848, 9.654, 120350.386, 77103.808, 92.95
57, 871.854, 8.916, 105.94437, 4.0631, 9.596, 120009.826, 78169.362, 90.046
58, 873.854, 8.418, 107.08007, 4.02463, 9.54, 119593.28, 79266.974, 86.924
59, 875.36, 8.374, 107.23668, 3.97661, 9.61, 119207.47, 80329.372, 84.182
60, 876.678, 8.036, 108.23793, 4.02161, 9.414, 118797.412, 81388.318, 81.486
61, 877.802, 7.818, 107.75134, 4.04677, 9.47295, 118392.034, 82413.464, 78.726
62, 878.728, 7.376, 107.13124, 4.06783, 9.28, 117957.24, 83416.232, 75.896
63, 879.47, 7.23092, 107.63677, 4.05624, 8.994, 117503.23, 84423.052, 73.362
64, 880.002, 7.0, 107.11417, 4.10632, 9.048, 117019.404, 85431.382, 70.754
65, 879.922, 6.628, 108.3283, 4.05961, 8.91383, 116547.458, 86397.452, 68.566
66, 879.842, 6.41082, 107.28353, 4.11772, 8.886, 116071.462, 87334.104, 66.158
67, 879.214, 6.39279, 108.58934, 4.05658, 9.06, 115539.272, 88336.742, 64.106
68, 878.5, 6.16834, 108.05718, 4.12026, 8.866, 115018.082, 89297.384, 62.11
69, 877.71, 5.84708, 106.67584, 4.12323, 8.93988, 114433.656, 90276.806, 59.79
70, 876.576, 5.72233, 108.72011, 4.12872, 8.922, 113850.896, 91253.894, 57.69
71, 875.468, 5.50402, 109.08428, 4.1398, 8.64729, 113301.834, 92176.016, 55.65
72, 873.91, 5.3487, 109.10453, 4.0704, 8.694, 112679.278, 93157.25, 53.852
73, 872.302, 5.20606, 108.96391, 4.13925, 8.586, 112088.642, 94083.94, 52.028
74, 870.52, 5.19, 108.51638, 4.14595, 8.47, 111524.724, 94983.19, 50.53
75, 868.334, 4.83735, 110.08717, 4.07843, 8.64128, 110930.224, 95880.286, 48.91
76, 866.104, 4.72121, 109.07146, 4.18399, 8.374, 110347.564, 96745.188, 47.44
77, 863.672, 4.63508, 109.65637, 4.12892, 8.526, 109667.642, 97703.266, 45.944
78, 861.26, 4.46856, 110.93963, 4.13748, 8.364, 109040.014, 98590.77, 44.398
79, 858.654, 4.23108, 108.40986, 4.15292, 8.184, 108389.02, 99461.462, 42.958
80, 855.938, 4.13088, 109.45545, 4.17187, 8.116, 107747.59, 100316.878, 41.598
81, 853.358, 3.93004, 111.51832, 4.07371, 7.858, 107127.056, 101136.012, 40.14
82, 850.42, 3.85743, 111.24604, 4.15425, 8.08, 106455.282, 102000.964, 38.786
83, 847.402, 3.81781, 110.52061, 4.21933, 7.944, 105827.858, 102806.95, 37.548
84, 844.23, 3.75813, 109.24824, 4.23614, 8.152, 105158.448, 103651.302, 36.266
85, 840.796, 3.69502, 109.99439, 4.22869, 8.028, 104474.492, 104497.174, 35.234
86, 837.504, 3.50522, 110.36331, 4.22504, 7.798, 103812.756, 105300.004, 34.086
87, 833.996, 3.35124, 112.20715, 4.21209, 7.962, 103108.996, 106137.378, 32.876
88, 830.594, 3.38105, 112.32877, 4.21009, 7.646, 102453.888, 106923.166, 31.844
89, 826.7, 3.2542, 112.78244, 4.20378, 7.844, 101749.374, 107747.556, 30.992
90, 822.992, 3.1097, 111.80461, 4.22087, 7.66533, 101053.836, 108542.484, 29.998
91, 819.314, 3.05603, 112.9055, 4.20675, 7.474, 100388.844, 109296.556, 29.038
92, 815.388, 2.91121, 111.18373, 4.14958, 7.61, 99694.524, 110067.552, 28.108
93, 811.54, 2.87746, 113.15589, 4.2789, 7.478, 99023.838, 110804.632, 27.108
94, 807.702, 2.75381, 115.18987, 4.09959, 7.346, 98351.218, 111539.052, 26.128
95, 803.526, 2.78556, 111.0762, 4.29137, 7.642, 97639.242, 112302.236, 25.208
96, 799.416, 2.58099, 115.89958, 4.16823, 7.33267, 96974.466, 113013.044, 24.39
97, 795.178, 2.61369, 113.93581, 4.20904, 7.374, 96261.642, 113765.2, 23.622
98, 791.07, 2.4877, 114.92806, 4.28873, 7.19038, 95553.792, 114496.63, 22.778
99, 786.986, 2.38803, 115.69174, 4.22231, 7.108, 94870.21, 115199.474, 21.908
100, 782.75, 2.45921, 115.26066, 4.1949, 7.07214, 94182.37, 115899.076, 21.196
101, 778.312, 2.32867, 117.51752, 4.25128, 7.158, 93490.088, 116594.84, 20.474
102, 774.048, 2.32854, 112.46138, 4.2381, 6.94389, 92813.032, 117258.126, 19.75
103, 769.522, 2.33172, 116.09553, 4.22361, 7.1022, 92106.238, 117957.888, 19.114
104, 765.194, 2.21495, 117.08861, 4.17117, 6.78, 91448.65, 118604.902, 18.558
105, 760.496, 2.09002, 119.3248, 4.06829, 7.06212, 90731.262, 119296.074, 17.926
106, 755.946, 2.10864, 118.03279, 4.26786, 6.834, 90037.92, 119957.742, 17.35
107, 751.484, 2.12935, 119.39252, 4.20646, 6.68, 89368.932, 120599.376, 16.844
108, 747.084, 1.98715, 120.95731, 4.18503, 6.47, 88715.814, 121206.514, 16.32
109, 742.416, 2.00506, 116.03535, 4.10446, 6.79317, 88027.666, 121845.302, 15.806
110, 737.94, 1.98177, 117.60841, 4.18994, 6.48497, 87371.126, 122447.566, 15.332
111, 733.314, 1.91057, 118.58156, 4.12201, 6.572, 86686.5, 123067.18, 14.796
112, 728.662, 1.85714, 118.54396, 4.23523, 6.588, 85976.226, 123718.594, 14.316
113, 724.08, 1.84115, 118.67044, 4.12038, 6.48497, 85313.6, 124316.946, 13.84
114, 719.534, 1.75623, 119.40063, 4.19419, 6.40281, 84640.024, 124909.796, 13.264
115, 714.942, 1.71467, 119.65135, 4.21589, 6.33735, 83952.224, 125515.89, 12.806
116, 709.994, 1.81337, 120.12289, 4.23529, 6.5992, 83272.262, 126119.066, 12.47
117, 705.66, 1.71081, 123.85466, 4.13648, 6.032, 82650.208, 126664.028, 12.038
118, 700.9, 1.68142, 117.7193, 4.09538, 6.204, 81932.15, 127284.644, 11.734
119, 696.508, 1.62963, 123.6014, 4.12306, 5.92757, 81329.656, 127793.952, 11.378
120, 692.096, 1.70381, 121.85886, 4.22034, 5.846, 80713.38, 128319.726, 11.106
121, 687.402, 1.57362, 121.4425, 4.12681, 6.06212, 80055.842, 128867.664, 10.776
122, 682.738, 1.63462, 120.19608, 4.2186, 5.96393, 79423.472, 129387.822, 10.508
123, 678.32, 1.49841, 129.02542, 4.03612, 5.85944, 78808.706, 129891.702, 10.034
124, 673.728, 1.44444, 121.44522, 4.23033, 5.84369, 78165.062, 130408.028, 9.652
125, 669.164, 1.51986, 122.56532, 4.17829, 5.77956, 77530.666, 130912.138, 9.29
126, 664.526, 1.41158, 125.05695, 4.20765, 5.8833, 76859.138, 131461.532, 8.958
127, 660.084, 1.53401, 128.38137, 4.02073, 5.70942, 76248.392, 131955.408, 8.604
128, 655.5, 1.51773, 126.63551, 4.22509, 5.6513, 75645.832, 132432.706, 8.404
129, 650.824, 1.52788, 124.3309, 4.24266, 5.80684, 75027.236, 132920.772, 8.13
130, 646.366, 1.47569, 123.29412, 4.30725, 5.61245, 74388.506, 133432.19, 7.848
131, 641.678, 1.33569, 128.30688, 4.19794, 5.70423, 73725.266, 133961.34, 7.622
132, 637.318, 1.38911, 123.2493, 4.175, 5.39315, 73113.956, 134429.384, 7.346
133, 632.756, 1.44206, 126.19048, 4.23113, 5.53722, 72506.56, 134889.206, 7.076
134, 628.34, 1.36508, 133.72093, 4.2, 5.26157, 71910.45, 135345.016, 6.95
135, 623.966, 1.35433, 125.5814, 4.12269, 5.27475, 71335.948, 135773.15, 6.79
136, 619.388, 1.30612, 134.0625, 4.07459, 5.44088, 70669.66, 136294.124, 6.578
137, 614.872, 1.3038, 133.00971, 4.11192, 5.41449, 70077.36, 136736.602, 6.34269
138, 610.564, 1.34348, 131.06796, 4.0321, 5.13828, 69499.08, 137165.314, 6.14028
139, 606.068, 1.34579, 131.59722, 4.2533, 5.34879, 68910.588, 137596.984, 5.91767
140, 601.566, 1.32836, 133.33333, 4.24438, 5.30723, 68338.24, 138009.03, 5.65531
141, 597.108, 1.295, 130.50193, 4.13609, 5.21084, 67760.422, 138422.494, 5.44088
142, 592.616, 1.33158, 131.2253, 3.97892, 5.22535, 67153.736, 138865.874, 5.24449
143, 588.172, 1.33333, 134.76563, 4.24348, 5.1006, 66583.376, 139274.416, 5.15091
144, 583.888, 1.20561, 134.49612, 4.17867, 4.9496, 66053.192, 139642.926, 5.03012
145, 579.662, 1.21505, 128.31858, 4.12069, 4.91331, 65478.152, 140044.762, 4.82365
146, 575.364, 1.24064, 132.32759, 4.0228, 4.98589, 64926.618, 140425.354, 4.68623
147, 570.844, 1.26316, 137.96296, 4.01342, 5.1899, 64338.364, 140843.018, 4.54397
148, 566.56, 1.22857, 131.62791, 4.36749, 4.92727, 63785.938, 141221.386, 4.35845
149, 562.476, 1.15957, 143.11927, 3.99359, 4.63783, 63248.742, 141590.472, 4.28425
150, 558.238, 1.20395, 129.5082, 4.08439, 4.8, 62696.512, 141959.856, 4.14139
151, 553.888, 1.22222, 128.34225, 3.95417, 4.8833, 62146.712, 142327.692, 4.0082
152, 549.504, 1.16556, 142.61364, 3.95618, 4.86117, 61583.474, 142710.75, 3.87018
153, 545.264, 1.14865, 137.64706, 4.14103, 4.79108, 61040.296, 143070.75, 3.7623
154, 541.03, 1.13072, 143.3526, 3.96774, 4.80122, 60502.136, 143428.19, 3.61934
155, 536.912, 1.16031, 136.84211, 4.06731, 4.64372, 59942.788, 143798.93, 3.49896
156, 532.878, 1.14493, 142.40506, 4.03556, 4.5587, 59433.526, 144122.654, 3.3382
157, 528.794, 1.16935, 146.2069, 4.00943, 4.54656, 58892.454, 144477.572, 3.26964
158, 524.94, 1.16541, 156.12903, 4.06198, 4.31237, 58403.56, 144785.664, 3.17622
159, 520.96, 1.16296, 137.57962, 4.10648, 4.42424, 57901.708, 145101.566, 3.05895
160, 516.878, 1.14815, 141.29032, 4.06393, 4.49293, 57389.88, 145429.434, 3.03191
161, 512.822, 1.09836, 150.74627, 4.08416, 4.50607, 56881.53, 145747.964, 2.90812
162, 508.94, 1.09009, 142.14876, 4.08721, 4.2834, 56375.5, 146059.734, 2.829
163, 504.946, 1.1236, 148.0, 3.87162, 4.35425, 55857.434, 146379.234, 2.75385
164, 501.064, 1.13043, 149.23077, 4.07216, 4.26069, 55373.27, 146672.736, 2.68996
165, 497.262, 1.14433, 165.76577, 3.875, 4.18126, 54896.06, 146957.83, 2.61758
166, 493.362, 1.08911, 128.18182, 4.33333, 4.24291, 54352.08, 147302.428, 2.51634
167, 489.532, 1.08772, 151.6129, 4.01064, 4.22495, 53879.822, 147583.008, 2.46827
168, 485.656, 1.0989, 148.0, 3.88514, 4.2454, 53403.184, 147862.132, 2.41685
169, 481.804, 1.11215, 155.46218, 3.75676, 4.24898, 52918.95, 148155.566, 2.34521
170, 477.98, 1.08333, 145.05495, 4.31061, 4.22951, 52429.466, 148443.108, 2.24943
171, 474.39, 1.14286, 134.61538, 4.3, 3.90244, 51985.084, 148688.258, 2.23218
172, 470.524, 1.11538, 159.77011, 4.05036, 4.14545, 51513.428, 148961.174, 2.17361
173, 466.814, 1.09821, 156.09756, 4.06771, 3.91549, 51067.522, 149217.9, 2.24769
174, 463.172, 1.1039, 170.58824, 3.75862, 4.00412, 50623.316, 149463.618, 2.18545
175, 459.6, 1.05063, 151.80723, 3.96032, 3.87935, 50190.34, 149694.822, 2.15513
176, 456.002, 1.05714, 171.62162, 3.84252, 3.94856, 49753.012, 149931.866, 2.11605
177, 452.546, 1.05333, 151.89873, 4.16667, 3.76639, 49328.376, 150153.956, 2.05473
178, 448.978, 1.05333, 163.29114, 4.06202, 3.85656, 48884.502, 150398.44, 2.02256
179, 445.554, 1.06667, 173.75, 3.7482, 3.71951, 48465.36, 150619.594, 1.95178
180, 442.042, 1.07353, 152.05479, 3.94595, 3.82025, 48038.498, 150841.706, 1.9156
181, 438.618, 1.09836, 162.68657, 4.0, 3.71399, 47598.832, 151077.998, 1.83969
182, 435.106, 1.04412, 154.92958, 3.92727, 3.7963, 47167.686, 151306.078, 1.83594
183, 431.742, 1.03922, 184.90566, 3.77551, 3.68378, 46751.782, 151515.444, 1.75543
184, 428.274, 1.07018, 163.93443, 3.9, 3.74639, 46331.57, 151731.354, 1.7479
185, 424.882, 1.04, 148.07692, 4.15584, 3.625, 45921.164, 151932.428, 1.71795
186, 421.52, 1.03175, 183.07692, 4.02521, 3.60619, 45516.03, 152137.454, 1.7341
187, 418.122, 1.04412, 173.23944, 4.11382, 3.59959, 45117.426, 152335.396, 1.71143
188, 414.622, 1.04545, 165.21739, 4.15789, 3.73211, 44706.106, 152545.214, 1.72384
189, 411.32, 1.04082, 166.66667, 3.8, 3.64361, 44303.264, 152740.08, 1.64307
190, 407.87, 1.06897, 161.29032, 3.65, 3.65377, 43906.238, 152934.736, 1.65663
191, 404.556, 1.0, 155.55556, 4.04762, 3.5317, 43511.692, 153122.218, 1.6231
192, 401.564, 1.06383, 184.0, 3.52174, 3.28721, 43165.896, 153262.984, 1.61514
193, 398.34, 1.12195, 169.56522, 4.11538, 3.4739, 42782.888, 153439.718, 1.63226
194, 395.238, 1.075, 169.76744, 4.0, 3.40881, 42408.464, 153605.096, 1.58528
195, 391.888, 1.08571, 189.47368, 3.83333, 3.53783, 42006.122, 153799.242, 1.57045
196, 388.712, 1.02041, 202.0, 3.83168, 3.40206, 41634.36, 153967.458, 1.53979
197, 385.59, 1.07692, 166.66667, 4.01429, 3.40501, 41250.676, 154143.032, 1.50542
198, 382.544, 1.05714, 162.16216, 3.88333, 3.35021, 40878.29, 154305.46, 1.43015
199, 379.32, 1.0, 188.57143, 3.68182, 3.43659, 40482.31, 154493.602, 1.41852
200, 376.296, 1.02381, 162.7907, 3.8, 3.33404, 40120.016, 154647.524, 1.4
201, 373.222, 1.09091, 163.88889, 3.94915, 3.26392, 39758.576, 154799.356, 1.39922
202, 370.1, 1.03226, 218.75, 3.7, 3.38316, 39376.768, 154974.598, 1.34496
203, 367.056, 1.02941, 185.71429, 3.81538, 3.27044, 39007.404, 155135.498, 1.376
204, 364.036, 1.0, 165.625, 3.64151, 3.25367, 38657.202, 155275.198, 1.34137
205, 360.996, 1.0, 196.875, 3.53968, 3.22614, 38307.316, 155416.618, 1.324
206, 358.12, 1.0, 194.44444, 4.2, 3.12605, 37949.17, 155560.456, 1.28879
207, 355.334, 1.0, 155.55556, 4.07143, 3.0533, 37612.002, 155686.65, 1.27556
208, 352.448, 1.03846, 188.88889, 3.92157, 3.1174, 37262.614, 155826.34, 1.26761
209, 349.57, 1.0, 232.0, 3.53448, 3.10759, 36922.914, 155957.918, 1.29208
210, 346.718, 1.0, 235.48387, 4.06849, 3.07307, 36602.998, 156072.554, 1.27461
211, 343.778, 1.03571, 175.86207, 4.58824, 3.17125, 36242.26, 156224.016, 1.27604
212, 341.006, 1.14286, 208.33333, 3.62, 3.04946, 35912.54, 156344.406, 1.29508
213, 338.356, 1.08, 174.07407, 3.68085, 2.90171, 35600.504, 156446.764, 1.24865
214, 335.502, 1.0, 188.88889, 4.08824, 3.14719, 35263.19, 156572.446, 1.21978
215, 332.742, 1.08333, 211.53846, 3.8, 3.03017, 34935.91, 156693.018, 1.26136
216, 330.022, 1.03448, 156.66667, 4.10638, 2.92994, 34622.958, 156796.022, 1.24731
217, 327.328, 1.0, 223.80952, 3.7234, 2.92128, 34311.408, 156897.696, 1.25414
218, 324.782, 1.0, 215.0, 4.13953, 2.80778, 34008.996, 156991.784, 1.22222
219, 322.182, 1.04762, 168.18182, 4.02703, 2.86452, 33704.404, 157084.944, 1.2
220, 319.518, 1.05556, 205.26316, 3.66667, 2.9015, 33388.502, 157192.152, 1.23353
221, 316.886, 1.0, 188.0, 3.68085, 2.91361, 33074.268, 157298.104, 1.2
222, 314.276, 1.0, 246.66667, 3.72973, 2.85408, 32769.034, 157401.202, 1.17341
223, 311.774, 1.0, 140.0, 3.80952, 2.77007, 32474.694, 157483.05, 1.16364
224, 309.258, 1.0, 220.0, 3.52273, 2.80044, 32183.242, 157565.842, 1.19136
225, 306.772, 1.0, 190.47619, 3.625, 2.72198, 31893.176, 157647.07, 1.2125
226, 304.282, 1.0, 261.11111, 4.0, 2.74298, 31604.692, 157728.56, 1.22222
227, 301.79, 1.05, 233.33333, 3.67347, 2.72786, 31312.358, 157814.758, 1.23226
228, 299.374, 1.0, 230.0, 3.52174, 2.66739, 31025.996, 157890.244, 1.22148
229, 296.882, 1.0, 188.88889, 4.17647, 2.73978, 30732.87, 157971.984, 1.23485
230, 294.314, 1.0, 238.46154, 3.90323, 2.74684, 30434.78, 158060.308, 1.19697
231, 291.89, 1.0625, 188.23529, 4.0, 2.67171, 30149.438, 158137.26, 1.2
232, 289.398, 1.0, 187.5, 4.26667, 2.79956, 29856.58, 158216.786, 1.1875
233, 286.992, 1.0, 164.28571, 3.3913, 2.65577, 29579.732, 158283.3, 1.18018
234, 284.684, 1.0, 200.0, 3.76316, 2.63288, 29314.234, 158343.43, 1.17391
235, 282.336, 1.0, 177.77778, 3.875, 2.67338, 29035.444, 158410.874, 1.13889
236, 280.078, 1.0, 280.0, 3.25, 2.48918, 28766.116, 158472.108, 1.08738
237, 277.778, 1.0, 371.42857, 3.38462, 2.59292, 28482.042, 158548.482, 1.05435
238, 275.556, 1.0, 285.71429, 3.1, 2.50446, 28222.028, 158598.09, 1.05682
239, 273.244, 1.0, 157.14286, 3.09091, 2.57269, 27964.43, 158644.0, 1.07317
240, 270.98, 1.08333, 153.84615, 4.8, 2.54688, 27708.148, 158691.388, 1.10843
241, 268.788, 1.0, 176.92308, 4.34783, 2.5274, 27463.214, 158729.148, 1.14634
242, 266.706, 1.0, 275.0, 4.22727, 2.3573, 27226.724, 158757.476, 1.11905
243, 264.656, 1.0, 255.55556, 3.69565, 2.32143, 26991.85, 158783.996, 1.11392
244, 262.368, 1.0, 163.63636, 3.22222, 2.58929, 26728.036, 158837.85, 1.0375
245, 260.242, 1.0, 210.0, 4.19048, 2.39821, 26481.598, 158877.128, 1.07692
246, 258.11, 1.0, 244.44444, 3.54545, 2.46453, 26241.61, 158909.792, 1.10811
247, 255.946, 1.0, 300.0, 3.61905, 2.43848, 25994.334, 158949.856, 1.15714
248, 253.854, 1.0, 200.0, 3.71429, 2.35347, 25756.364, 158978.934, 1.13889
249, 251.832, 1.0, 214.28571, 3.86667, 2.35648, 25513.88, 159014.032, 1.12329
250, 249.792, 1.0, 150.0, 3.66667, 2.40888, 25260.028, 159059.17, 1.11594
251, 247.724, 1.0, 257.14286, 3.66667, 2.37868, 25022.58, 159089.96, 1.09524
252, 245.69, 1.0, 183.33333, 4.72727, 2.3555, 24788.202, 159115.616, 1.04839
253, 243.736, 1.0, 190.0, 3.78947, 2.32311, 24565.752, 159132.096, 1.04688
254, 241.784, 1.0, 244.44444, 3.77273, 2.29535, 24346.502, 159145.85, 1.01563
255, 239.822, 1.0, 250.0, 3.6, 2.3913, 24114.922, 159169.092, 1.01695
256, 237.734, 1.09091, 308.33333, 3.89189, 2.41609, 23886.844, 159195.702, 1.01563
257, 235.806, 1.0, 440.0, 3.81818, 2.26636, 23668.176, 159209.704, 1.04918
258, 233.96, 1.0, 175.0, 5.28571, 2.2119, 23459.43, 159210.448, 1.05085
259, 232.064, 1.0, 220.0, 3.09091, 2.27143, 23231.05, 159231.59, 1.07018
260, 230.152, 1.0, 200.0, 4.1, 2.24242, 23011.764, 159243.588, 1.03448
261, 228.304, 1.0, 280.0, 3.42857, 2.27317, 22807.772, 159242.08, 1.03636
262, 226.428, 1.0, 280.0, 3.92857, 2.2747, 22606.61, 159237.054, 1.01818
263, 224.624, 1.0, 340.0, 2.82353, 2.18705, 22398.016, 159241.714, 1.02
264, 222.846, 1.0, 440.0, 2.90909, 2.16667, 22183.618, 159252.834, 1.04348
265, 220.916, 1.0, 350.0, 4.28571, 2.29078, 21973.548, 159258.112, 1.04348
266, 219.118, 1.0, 150.0, 5.66667, 2.17943, 21774.052, 159250.262, 1.02703
267, 217.378, 1.0, 200.0, 5.5, 2.13415, 21572.856, 159244.77, 1.06061
268, 215.654, 1.0, 325.0, 3.69231, 2.08696, 21371.148, 159243.022, 1.05714
269, 213.804, 1.0, 450.0, 3.96296, 2.21718, 21176.66, 159236.2, 1.05405
270, 212.126, 1.0, 275.0, 3.81818, 2.06357, 20991.246, 159219.216, 1.10526
271, 210.38, 1.0, 516.66667, 3.83871, 2.10817, 20804.74, 159205.636, 1.1
272, 208.576, 1.0, 300.0, 4.55556, 2.15439, 20603.236, 159203.674, 1.07692
273, 206.924, 1.0, 250.0, 3.0, 2.05198, 20420.204, 159182.118, 1.07895
274, 205.272, 1.0, 200.0, 3.25, 2.01453, 20240.28, 159157.918, 1.05405
275, 203.662, 1.0, 375.0, 4.4, 2.01746, 20059.33, 159137.25, 1.08333
276, 201.864, 1.0, 700.0, 3.14286, 2.11502, 19863.908, 159131.524, 1.05263
277, 200.078, 1.0, 400.0, 3.5, 2.16184, 19665.932, 159126.306, 1.02632
278, 198.474, 1.2, 366.66667, 3.27273, 2.02, 19490.782, 159102.172, 1.02632
279, 196.856, 1.0, 516.66667, 3.64516, 2.08718, 19314.348, 159080.242, 1.02564
280, 195.214, 1.0, 433.33333, 3.07692, 2.08564, 19131.164, 159061.674, 1.02857
281, 193.504, 1.0, 214.28571, 3.53333, 2.14179, 18948.878, 159042.662, 1.02778
282, 191.996, 1.0, 200.0, 3.0, 1.895, 18787.93, 159001.296, 1.0303
283, 190.338, 1.0, 250.0, 4.8, 2.00483, 18613.396, 158972.37, 1.02941
284, 188.72, 1.0, 100.0, 4.0, 2.07653, 18431.994, 158951.256, 1.03333
285, 187.134, 0.0, 0.0, 0.0, 2.04348, 18259.764, 158920.69, 1.0
286, 185.55, 1.0, 100.0, 7.0, 1.98504, 18091.422, 158887.962, 1.0
287, 184.004, 1.0, 200.0, 5.25, 2.0315, 17920.054, 158858.506, 1.04545
288, 182.508, 1.0, 200.0, 5.5, 1.95584, 17755.538, 158821.386, 1.05556
289, 180.924, 0.0, 0.0, 0.0, 1.94634, 17584.184, 158790.46, 1.08333
290, 179.338, 0.0, 0.0, 0.0, 1.96059, 17414.944, 158758.056, 1.11111
291, 177.864, 0.0, 0.0, 0.0, 1.95778, 17232.968, 158738.008, 1.0
292, 176.378, 1.0, 300.0, 3.0, 1.95526, 17076.002, 158694.226, 1.0
293, 174.948, 1.0, 1600.0, 3.5625, 1.89418, 16932.566, 158639.44, 1.0
294, 173.412, 1.0, 600.0, 3.66667, 1.89877, 16773.544, 158601.18, 1.0
295, 171.98, 1.0, 200.0, 5.5, 1.90426, 16620.44, 158554.194, 1.0
296, 170.606, 1.0, 750.0, 3.23333, 1.832, 16472.176, 158508.726, 1.0
297, 169.166, 1.0, 200.0, 5.0, 1.90765, 16311.99, 158468.33, 1.0
298, 167.666, 0.0, 0.0, 0.0, 1.94057, 16147.332, 158432.972, 1.0
299, 166.234, 0.0, 0.0, 0.0, 1.92992, 15994.67, 158386.234, 1.0
300, 164.78, 1.0, 100.0, 5.0, 1.88831, 15841.698, 158339.79, 1.0
301, 163.304, 1.0, 400.0, 4.0, 1.88041, 15679.34, 158303.342, 1.0
302, 161.852, 0.0, 0.0, 0.0, 1.85459, 15522.652, 158261.856, 1.0
303, 160.51, 1.0, 466.66667, 2.92857, 1.83836, 15373.92, 158214.252, 1.0
304, 159.134, 1.0, 200.0, 2.0, 1.86757, 15232.326, 158156.848, 1.0
305, 157.962, 0.0, 0.0, 0.0, 1.65915, 15095.992, 158095.868, 1.0
306, 156.69, 1.0, 400.0, 3.5, 1.79494, 14962.158, 158033.642, 1.0
307, 155.324, 0.0, 0.0, 0.0, 1.83378, 14810.95, 157988.296, 1.0
308, 154.022, 0.0, 0.0, 0.0, 1.76423, 14663.172, 157938.602, 1.0
309, 152.774, 1.0, 550.0, 3.63636, 1.75775, 14534.408, 157872.802, 1.0
310, 151.572, 0.0, 0.0, 0.0, 1.6584, 14407.896, 157802.444, 1.0
311, 150.316, 0.0, 0.0, 0.0, 1.7139, 14273.386, 157739.312, 1.0
312, 149.094, 1.0, 200.0, 3.0, 1.71148, 14130.748, 157685.464, 1.0
313, 147.842, 1.0, 200.0, 3.25, 1.67914, 14002.742, 157618.826, 1.0
314, 146.604, 1.0, 200.0, 2.5, 1.78386, 13865.798, 157560.088, 1.0
315, 145.288, 1.0, 500.0, 3.8, 1.82778, 13728.98, 157501.03, 1.0
316, 144.128, 0.0, 0.0, 0.0, 1.66476, 13604.25, 157428.876, 1.0
317, 142.85, 0.0, 0.0, 0.0, 1.82336, 13467.21, 157369.798, 1.0
318, 141.704, 0.0, 0.0, 0.0, 1.76074, 13349.794, 157292.75, 1.0
319, 140.548, 0.0, 0.0, 0.0, 1.66667, 13222.042, 157225.114, 1.0
320, 139.42, 0.0, 0.0, 0.0, 1.71951, 13106.652, 157145.142, 1.0
321, 138.248, 0.0, 0.0, 0.0, 1.74925, 12984.056, 157072.632, 1.0
322, 137.082, 1.0, 500.0, 3.2, 1.68103, 12862.484, 157000.598, 1.0
323, 135.892, 0.0, 0.0, 0.0, 1.72046, 12736.278, 156932.82, 1.0
324, 134.742, 0.0, 0.0, 0.0, 1.66957, 12603.636, 156871.888, 1.0
325, 133.69, 0.0, 0.0, 0.0, 1.63354, 12485.192, 156795.432, 1.0
326, 132.554, 1.0, 1700.0, 3.58824, 1.69048, 12368.572, 156721.36, 1.0
327, 131.426, 0.0, 0.0, 0.0, 1.74613, 12252.88, 156644.212, 1.0
328, 130.34, 1.0, 500.0, 3.1, 1.63554, 12142.694, 156563.434, 1.0
329, 129.17, 1.0, 2100.0, 3.42857, 1.73077, 12023.604, 156492.83, 1.0
330, 128.102, 1.0, 450.0, 2.77778, 1.60843, 11914.554, 156410.34, 1.0
331, 127.032, 0.0, 0.0, 0.0, 1.6018, 11801.838, 156330.97, 1.0
332, 126.006, 0.0, 0.0, 0.0, 1.54819, 11683.21, 156257.286, 1.0
333, 125.012, 0.0, 0.0, 0.0, 1.58786, 11579.626, 156169.008, 1.0
334, 123.964, 0.0, 0.0, 0.0, 1.65823, 11470.07, 156086.65, 1.0
335, 122.886, 1.0, 700.0, 2.85714, 1.64832, 11358.644, 156007.988, 1.0
336, 121.876, 1.0, 200.0, 4.5, 1.56173, 11258.5, 155916.616, 1.0
337, 120.86, 1.0, 400.0, 3.75, 1.52553, 11154.42, 155830.304, 1.0
338, 119.856, 0.0, 0.0, 0.0, 1.57994, 11051.822, 155741.676, 1.0
339, 118.894, 1.0, 750.0, 3.66667, 1.55484, 10952.746, 155652.542, 1.0
340, 117.882, 1.0, 300.0, 3.66667, 1.623, 10847.482, 155567.934, 1.0
341, 116.85, 0.0, 0.0, 0.0, 1.59752, 10738.336, 155486.154, 1.0
342, 115.95, 0.0, 0.0, 0.0, 1.51007, 10641.688, 155392.912, 1.0
343, 114.948, 0.0, 0.0, 0.0, 1.57547, 10540.14, 155304.57, 1.0
344, 113.984, 0.0, 0.0, 0.0, 1.57003, 10436.79, 155218.936, 1.0
345, 113.028, 0.0, 0.0, 0.0, 1.58086, 10320.69, 155145.6, 1.0
346, 112.084, 0.0, 0.0, 0.0, 1.49211, 10215.59, 155062.376, 1.0
347, 111.12, 0.0, 0.0, 0.0, 1.55305, 10115.806, 154974.082, 1.0
348, 110.218, 0.0, 0.0, 0.0, 1.51342, 10027.364, 154874.464, 1.0
349, 109.28, 1.0, 100.0, 3.0, 1.51447, 9933.666, 154780.726, 1.0
350, 108.38, 0.0, 0.0, 0.0, 1.49338, 9842.658, 154683.836, 1.0
351, 107.506, 0.0, 0.0, 0.0, 1.51211, 9751.964, 154585.45, 1.0
352, 106.512, 0.0, 0.0, 0.0, 1.62418, 9647.286, 154501.73, 1.0
353, 105.604, 0.0, 0.0, 0.0, 1.52862, 9554.97, 154406.01, 1.0
354, 104.814, 0.0, 0.0, 0.0, 1.47388, 9473.376, 154300.204, 1.0
355, 103.954, 1.0, 200.0, 1.5, 1.51408, 9389.324, 154197.47, 1.0
356, 103.136, 0.0, 0.0, 0.0, 1.41034, 9307.982, 154091.624, 1.0
357, 102.312, 0.0, 0.0, 0.0, 1.4507, 9227.096, 153985.114, 1.0
358, 101.53, 0.0, 0.0, 0.0, 1.45896, 9149.31, 153876.23, 1.0
359, 100.754, 0.0, 0.0, 0.0, 1.46241, 9068.566, 153771.21, 1.0
360, 99.884, 0.0, 0.0, 0.0, 1.49485, 8980.842, 153672.592, 1.0
361, 99.108, 0.0, 0.0, 0.0, 1.45318, 8899.408, 153568.374, 1.0
362, 98.238, 1.0, 1000.0, 3.2, 1.50519, 8818.52, 153465.188, 1.0
363, 97.392, 1.0, 1000.0, 3.3, 1.45361, 8734.654, 153365.792, 1.0
364, 96.644, 0.0, 0.0, 0.0, 1.45525, 8659.716, 153255.614, 1.0
365, 95.826, 0.0, 0.0, 0.0, 1.46429, 8578.172, 153152.462, 1.0
366, 95.036, 0.0, 0.0, 0.0, 1.39085, 8502.006, 153044.356, 1.0
367, 94.268, 0.0, 0.0, 0.0, 1.36655, 8421.826, 152939.268, 1.0
368, 93.538, 0.0, 0.0, 0.0, 1.38258, 8345.304, 152831.394, 1.0
369, 92.762, 1.0, 1500.0, 3.4, 1.41091, 8273.786, 152720.93, 1.0
370, 92.012, 0.0, 0.0, 0.0, 1.4881, 8198.318, 152612.412, 1.0
371, 91.212, 1.0, 800.0, 3.875, 1.4652, 8115.368, 152512.978, 1.0
372, 90.482, 0.0, 0.0, 0.0, 1.46988, 8043.744, 152399.692, 1.0
373, 89.694, 0.0, 0.0, 0.0, 1.45221, 7962.336, 152298.196, 1.0
374, 88.918, 0.0, 0.0, 0.0, 1.49807, 7885.33, 152191.068, 1.0
375, 88.174, 0.0, 0.0, 0.0, 1.36765, 7813.758, 152079.28, 1.0
376, 87.408, 0.0, 0.0, 0.0, 1.43985, 7740.332, 151970.346, 1.0
377, 86.69, 0.0, 0.0, 0.0, 1.40784, 7668.198, 151859.554, 1.0
378, 86.046, 0.0, 0.0, 0.0, 1.4375, 7604.432, 151740.904, 1.0
379, 85.31, 0.0, 0.0, 0.0, 1.39773, 7529.896, 151633.066, 1.0
380, 84.53, 0.0, 0.0, 0.0, 1.43382, 7450.594, 151530.852, 1.0
381, 83.782, 0.0, 0.0, 0.0, 1.43678, 7378.388, 151421.284, 0.0
382, 83.048, 0.0, 0.0, 0.0, 1.37453, 7308.474, 151309.198, 0.0
383, 82.334, 0.0, 0.0, 0.0, 1.41107, 7239.45, 151196.85, 0.0
384, 81.624, 0.0, 0.0, 0.0, 1.35496, 7172.366, 151082.102, 0.0
385, 80.938, 0.0, 0.0, 0.0, 1.4, 7105.888, 150968.506, 0.0
386, 80.304, 0.0, 0.0, 0.0, 1.31535, 7045.618, 150848.724, 0.0
387, 79.604, 0.0, 0.0, 0.0, 1.40562, 6980.368, 150732.97, 0.0
388, 78.976, 0.0, 0.0, 0.0, 1.29218, 6921.458, 150612.264, 0.0
389, 78.344, 0.0, 0.0, 0.0, 1.2898, 6859.442, 150494.544, 0.0
390, 77.702, 0.0, 0.0, 0.0, 1.32645, 6798.836, 150375.134, 0.0
391, 77.042, 0.0, 0.0, 0.0, 1.41026, 6735.642, 150258.218, 0.0
392, 76.408, 0.0, 0.0, 0.0, 1.39035, 6672.754, 150141.94, 0.0
393, 75.764, 0.0, 0.0, 0.0, 1.29839, 6600.978, 150032.858, 0.0
394, 75.114, 0.0, 0.0, 0.0, 1.35417, 6538.3, 149917.284, 0.0
395, 74.53, 0.0, 0.0, 0.0, 1.32127, 6481.264, 149796.222, 0.0
396, 73.916, 0.0, 0.0, 0.0, 1.40183, 6417.67, 149681.358, 0.0
397, 73.276, 0.0, 0.0, 0.0, 1.33891, 6351.022, 149568.758, 0.0
398, 72.694, 0.0, 0.0, 0.0, 1.32273, 6295.2, 149446.904, 0.0
399, 72.13, 0.0, 0.0, 0.0, 1.27602, 6241.44, 149322.234, 0.0
400, 71.494, 0.0, 0.0, 0.0, 1.35319, 6182.322, 149203.444, 0.0
401, 70.886, 0.0, 0.0, 0.0, 1.33921, 6122.896, 149084.838, 0.0
402, 70.348, 0.0, 0.0, 0.0, 1.31863, 6072.93, 148957.282, 0.0
403, 69.78, 0.0, 0.0, 0.0, 1.2511, 6021.904, 148830.336, 0.0
404, 69.182, 0.0, 0.0, 0.0, 1.37788, 5946.916, 148728.804, 0.0
405, 68.622, 0.0, 0.0, 0.0, 1.29032, 5894.608, 148603.308, 0.0
406, 68.05, 0.0, 0.0, 0.0, 1.36842, 5841.368, 148479.852, 0.0
407, 67.536, 0.0, 0.0, 0.0, 1.22381, 5794.26, 148350.766, 0.0
408, 66.952, 0.0, 0.0, 0.0, 1.33333, 5736.606, 148232.328, 0.0
409, 66.414, 0.0, 0.0, 0.0, 1.25701, 5684.872, 148108.418, 0.0
410, 65.882, 0.0, 0.0, 0.0, 1.33, 5633.282, 147984.184, 0.0
411, 65.326, 0.0, 0.0, 0.0, 1.29302, 5578.448, 147863.664, 0.0
412, 64.778, 0.0, 0.0, 0.0, 1.30476, 5525.722, 147741.896, 0.0
413, 64.208, 0.0, 0.0, 0.0, 1.31944, 5472.58, 147620.12, 0.0
414, 63.69, 0.0, 0.0, 0.0, 1.33505, 5423.68, 147494.412, 0.0
415, 63.148, 0.0, 0.0, 0.0, 1.31553, 5371.378, 147373.176, 0.0
416, 62.63, 0.0, 0.0, 0.0, 1.32821, 5318.862, 147251.21, 0.0
417, 62.106, 0.0, 0.0, 0.0, 1.25359, 5270.644, 147126.086, 0.0
418, 61.642, 0.0, 0.0, 0.0, 1.22105, 5221.68, 147001.686, 0.0
419, 61.152, 0.0, 0.0, 0.0, 1.31016, 5172.804, 146876.82, 0.0
420, 60.63, 0.0, 0.0, 0.0, 1.35938, 5124.746, 146751.248, 0.0
421, 60.176, 0.0, 0.0, 0.0, 1.22703, 5082.594, 146619.514, 0.0
422, 59.698, 0.0, 0.0, 0.0, 1.31319, 5037.77, 146490.738, 0.0
423, 59.188, 0.0, 0.0, 0.0, 1.275, 4992.152, 146363.476, 0.0
424, 58.708, 0.0, 0.0, 0.0, 1.23711, 4942.422, 146240.59, 0.0
425, 58.186, 0.0, 0.0, 0.0, 1.21395, 4894.98, 146116.026, 0.0
426, 57.65, 0.0, 0.0, 0.0, 1.30097, 4844.212, 145995.094, 0.0
427, 57.134, 0.0, 0.0, 0.0, 1.30964, 4792.018, 145873.804, 0.0
428, 56.638, 0.0, 0.0, 0.0, 1.25253, 4745.352, 145747.286, 0.0
429, 56.146, 0.0, 0.0, 0.0, 1.28125, 4700.628, 145619.19, 0.0
430, 55.714, 0.0, 0.0, 0.0, 1.26316, 4661.098, 145486.702, 0.0
431, 55.218, 0.0, 0.0, 0.0, 1.24, 4616.722, 145359.802, 0.0
432, 54.738, 0.0, 0.0, 0.0, 1.28342, 4571.308, 145233.862, 0.0
433, 54.296, 0.0, 0.0, 0.0, 1.28488, 4530.022, 145103.38, 0.0
434, 53.792, 0.0, 0.0, 0.0, 1.26, 4484.4, 144978.256, 0.0
435, 53.36, 0.0, 0.0, 0.0, 1.25581, 4441.998, 144849.254, 0.0
436, 52.884, 0.0, 0.0, 0.0, 1.23958, 4396.348, 144724.3, 0.0
437, 52.41, 0.0, 0.0, 0.0, 1.27419, 4352.344, 144597.344, 0.0
438, 51.926, 0.0, 0.0, 0.0, 1.24742, 4310.082, 144470.534, 0.0
439, 51.452, 0.0, 0.0, 0.0, 1.22165, 4261.132, 144348.94, 0.0
440, 51.036, 0.0, 0.0, 0.0, 1.18182, 4222.296, 144217.31, 0.0
441, 50.598, 0.0, 0.0, 0.0, 1.2659, 4180.896, 144089.846, 0.0
442, 50.182, 0.0, 0.0, 0.0, 1.21637, 4144.666, 143956.268, 0.0
443, 49.752, 0.0, 0.0, 0.0, 1.26471, 4104.438, 143826.556, 0.0
444, 49.366, 0.0, 0.0, 0.0, 1.17683, 4068.148, 143693.58, 0.0
445, 48.946, 0.0, 0.0, 0.0, 1.22093, 4030.388, 143562.424, 0.0
446, 48.48, 0.0, 0.0, 0.0, 1.2328, 3979.748, 143444.658, 0.0
447, 48.056, 0.0, 0.0, 0.0, 1.21839, 3943.76, 143313.0, 0.0
448, 47.648, 0.0, 0.0, 0.0, 1.29936, 3907.036, 143182.116, 0.0
449, 47.226, 0.0, 0.0, 0.0, 1.19209, 3867.768, 143053.528, 0.0
450, 46.816, 0.0, 0.0, 0.0, 1.24242, 3831.204, 142922.544, 0.0
451, 46.424, 0.0, 0.0, 0.0, 1.18072, 3793.19, 142792.448, 0.0
452, 46.02, 0.0, 0.0, 0.0, 1.17442, 3758.036, 142659.78, 0.0
453, 45.626, 0.0, 0.0, 0.0, 1.17964, 3723.424, 142526.532, 0.0
454, 45.268, 0.0, 0.0, 0.0, 1.14744, 3676.582, 142406.054, 0.0
455, 44.896, 0.0, 0.0, 0.0, 1.24, 3644.308, 142271.418, 0.0
456, 44.528, 0.0, 0.0, 0.0, 1.2517, 3608.906, 142140.056, 0.0
457, 44.13, 0.0, 0.0, 0.0, 1.25157, 3574.616, 142008.528, 0.0
458, 43.76, 0.0, 0.0, 0.0, 1.20915, 3545.326, 141871.628, 0.0
459, 43.38, 0.0, 0.0, 0.0, 1.23377, 3508.098, 141743.418, 0.0
460, 42.996, 0.0, 0.0, 0.0, 1.2, 3472.542, 141612.238, 0.0
461, 42.652, 0.0, 0.0, 0.0, 1.17808, 3442.274, 141476.056, 0.0
462, 42.296, 0.0, 0.0, 0.0, 1.21088, 3402.564, 141350.498, 0.0
463, 41.942, 0.0, 0.0, 0.0, 1.19595, 3370.882, 141217.082, 0.0
464, 41.578, 0.0, 0.0, 0.0, 1.1375, 3338.546, 141085.076, 0.0
465, 41.216, 0.0, 0.0, 0.0, 1.18301, 3303.722, 140955.748, 0.0
466, 40.884, 0.0, 0.0, 0.0, 1.12925, 3275.214, 140819.788, 0.0
467, 40.48, 0.0, 0.0, 0.0, 1.27848, 3239.508, 140691.262, 0.0
468, 40.166, 0.0, 0.0, 0.0, 1.18939, 3211.678, 140554.688, 0.0
469, 39.86, 0.0, 0.0, 0.0, 1.18605, 3186.978, 140415.83, 0.0
470, 39.51, 0.0, 0.0, 0.0, 1.19048, 3144.602, 140293.638, 0.0
471, 39.164, 0.0, 0.0, 0.0, 1.20139, 3110.34, 140165.078, 0.0
472, 38.82, 0.0, 0.0, 0.0, 1.16216, 3080.45, 140030.724, 0.0
473, 38.516, 0.0, 0.0, 0.0, 1.12593, 3053.498, 139894.508, 0.0
474, 38.208, 0.0, 0.0, 0.0, 1.11594, 3024.066, 139759.788, 0.0
475, 37.916, 0.0, 0.0, 0.0, 1.12308, 2996.442, 139624.356, 0.0
476, 37.592, 0.0, 0.0, 0.0, 1.22727, 2968.56, 139489.72, 0.0
477, 37.284, 0.0, 0.0, 0.0, 1.22222, 2942.162, 139353.88, 0.0
478, 36.954, 0.0, 0.0, 0.0, 1.13793, 2911.504, 139221.44, 0.0
479, 36.606, 0.0, 0.0, 0.0, 1.13725, 2882.748, 139088.196, 0.0
480, 36.304, 0.0, 0.0, 0.0, 1.18898, 2853.914, 138955.646, 0.0
481, 36.0, 0.0, 0.0, 0.0, 1.13433, 2827.75, 138818.998, 0.0
482, 35.696, 0.0, 0.0, 0.0, 1.15152, 2801.68, 138682.944, 0.0
483, 35.394, 0.0, 0.0, 0.0, 1.0942, 2772.682, 138551.44, 0.0
484, 35.106, 0.0, 0.0, 0.0, 1.14286, 2747.528, 138414.794, 0.0
485, 34.864, 0.0, 0.0, 0.0, 1.13084, 2726.028, 138275.496, 0.0
486, 34.574, 0.0, 0.0, 0.0, 1.18852, 2700.364, 138139.788, 0.0
487, 34.312, 0.0, 0.0, 0.0, 1.11966, 2677.404, 138002.502, 0.0
488, 34.046, 0.0, 0.0, 0.0, 1.16667, 2654.014, 137865.156, 0.0
489, 33.748, 0.0, 0.0, 0.0, 1.16406, 2628.918, 137730.296, 0.0
490, 33.462, 0.0, 0.0, 0.0, 1.17213, 2605.224, 137594.006, 0.0
491, 33.218, 0.0, 0.0, 0.0, 1.10909, 2584.256, 137454.772, 0.0
492, 32.922, 0.0, 0.0, 0.0, 1.1746, 2561.558, 137317.486, 0.0
493, 32.676, 0.0, 0.0, 0.0, 1.0885, 2539.616, 137179.794, 0.0
494, 32.416, 0.0, 0.0, 0.0, 1.17117, 2515.476, 137045.534, 0.0
495, 32.152, 0.0, 0.0, 0.0, 1.13793, 2492.956, 136908.174, 0.0
496, 31.852, 0.0, 0.0, 0.0, 1.19048, 2466.552, 136775.134, 0.0
497, 31.58, 0.0, 0.0, 0.0, 1.088, 2443.778, 136637.958, 0.0
498, 31.294, 0.0, 0.0, 0.0, 1.12598, 2418.722, 136504.232, 0.0
499, 31.016, 0.0, 0.0, 0.0, 1.12097, 2396.836, 136366.112, 0.0
500, 30.772, 0.0, 0.0, 0.0, 1.11927, 2376.094, 136228.582, 0.0
501, 30.508, 0.0, 0.0, 0.0, 1.12821, 2352.89, 136094.288, 0.0
502, 30.256, 0.0, 0.0, 0.0, 1.16667, 2330.91, 135958.486, 0.0
503, 29.984, 0.0, 0.0, 0.0, 1.09677, 2308.244, 135823.154, 0.0
504, 29.742, 0.0, 0.0, 0.0, 1.13084, 2288.372, 135685.396, 0.0
505, 29.53, 0.0, 0.0, 0.0, 1.09278, 2270.716, 135547.312, 0.0
506, 29.296, 0.0, 0.0, 0.0, 1.08333, 2249.97, 135410.602, 0.0
507, 29.064, 0.0, 0.0, 0.0, 1.11538, 2228.104, 135275.16, 0.0
508, 28.824, 0.0, 0.0, 0.0, 1.14286, 2207.602, 135138.64, 0.0
509, 28.602, 0.0, 0.0, 0.0, 1.13265, 2186.98, 135001.184, 0.0
510, 28.35, 0.0, 0.0, 0.0, 1.14545, 2166.36, 134864.874, 0.0
511, 28.086, 0.0, 0.0, 0.0, 1.10924, 2145.852, 134729.108, 0.0
512, 27.83, 0.0, 0.0, 0.0, 1.06667, 2125.276, 134593.576, 0.0
513, 27.612, 0.0, 0.0, 0.0, 1.07921, 2105.784, 134456.33, 0.0
514, 27.39, 0.0, 0.0, 0.0, 1.09901, 2086.82, 134319.286, 0.0
515, 27.176, 0.0, 0.0, 0.0, 1.11458, 2069.088, 134181.564, 0.0
516, 26.914, 0.0, 0.0, 0.0, 1.09167, 2046.61, 134048.412, 0.0
517, 26.708, 0.0, 0.0, 0.0, 1.06186, 2030.05, 133909.326, 0.0
518, 26.502, 0.0, 0.0, 0.0, 1.11957, 2009.754, 133774.036, 0.0
519, 26.262, 0.0, 0.0, 0.0, 1.1215, 1989.078, 133638.99, 0.0
520, 26.028, 0.0, 0.0, 0.0, 1.05405, 1968.88, 133503.992, 0.0
521, 25.836, 0.0, 0.0, 0.0, 1.14286, 1952.624, 133364.708, 0.0
522, 25.606, 0.0, 0.0, 0.0, 1.13861, 1932.74, 133229.388, 0.0
523, 25.366, 0.0, 0.0, 0.0, 1.14286, 1913.35, 133094.792, 0.0
524, 25.162, 0.0, 0.0, 0.0, 1.09677, 1895.552, 132958.622, 0.0
525, 24.968, 0.0, 0.0, 0.0, 1.08989, 1879.126, 132821.878, 0.0
526, 24.772, 0.0, 0.0, 0.0, 1.13953, 1863.514, 132683.012, 0.0
527, 24.584, 0.0, 0.0, 0.0, 1.06818, 1845.582, 132546.93, 0.0
528, 24.402, 0.0, 0.0, 0.0, 1.07059, 1830.412, 132409.048, 0.0
529, 24.222, 0.0, 0.0, 0.0, 1.09756, 1814.14, 132272.216, 0.0
530, 24.024, 0.0, 0.0, 0.0, 1.1, 1797.374, 132136.292, 0.0
531, 23.852, 0.0, 0.0, 0.0, 1.06173, 1783.772, 131997.658, 0.0
532, 23.64, 0.0, 0.0, 0.0, 1.10417, 1766.65, 131862.446, 0.0
533, 23.436, 0.0, 0.0, 0.0, 1.17241, 1749.768, 131726.92, 0.0
534, 23.266, 0.0, 0.0, 0.0, 1.11842, 1737.434, 131587.904, 0.0
535, 23.072, 0.0, 0.0, 0.0, 1.06593, 1720.954, 131452.852, 0.0
536, 22.868, 0.0, 0.0, 0.0, 1.09677, 1704.528, 131317.53, 0.0
537, 22.672, 0.0, 0.0, 0.0, 1.07692, 1689.064, 131181.568, 0.0
538, 22.486, 0.0, 0.0, 0.0, 1.09412, 1673.846, 131044.926, 0.0
539, 22.26, 0.0, 0.0, 0.0, 1.11881, 1654.6, 130912.568, 0.0
540, 22.084, 0.0, 0.0, 0.0, 1.11392, 1641.056, 130775.58, 0.0
541, 21.904, 0.0, 0.0, 0.0, 1.09756, 1625.152, 130640.176, 0.0
542, 21.7, 0.0, 0.0, 0.0, 1.08511, 1607.614, 130506.546, 0.0
543, 21.486, 0.0, 0.0, 0.0, 1.10309, 1590.394, 130372.904, 0.0
544, 21.274, 0.0, 0.0, 0.0, 1.08163, 1574.706, 130238.742, 0.0
545, 21.096, 0.0, 0.0, 0.0, 1.05952, 1560.626, 130102.138, 0.0
546, 20.938, 0.0, 0.0, 0.0, 1.11268, 1548.326, 129964.936, 0.0
547, 20.746, 0.0, 0.0, 0.0, 1.10345, 1532.176, 129830.146, 0.0
548, 20.59, 0.0, 0.0, 0.0, 1.11429, 1520.196, 129691.264, 0.0
549, 20.436, 0.0, 0.0, 0.0, 1.08451, 1507.254, 129555.042, 0.0
550, 20.25, 0.0, 0.0, 0.0, 1.12048, 1484.394, 129428.416, 0.0
551, 20.078, 0.0, 0.0, 0.0, 1.08861, 1470.65, 129292.686, 0.0
552, 19.894, 0.0, 0.0, 0.0, 1.10843, 1457.264, 129157.888, 0.0
553, 19.724, 0.0, 0.0, 0.0, 1.04938, 1443.176, 129023.812, 0.0
554, 19.548, 0.0, 0.0, 0.0, 1.06024, 1429.402, 128888.816, 0.0
555, 19.382, 0.0, 0.0, 0.0, 1.07792, 1415.092, 128754.602, 0.0
556, 19.244, 0.0, 0.0, 0.0, 1.02985, 1403.006, 128618.55, 0.0
557, 19.092, 0.0, 0.0, 0.0, 1.10145, 1390.518, 128482.534, 0.0
558, 18.944, 0.0, 0.0, 0.0, 1.04225, 1379.404, 128345.73, 0.0
559, 18.758, 0.0, 0.0, 0.0, 1.13415, 1364.002, 128213.104, 0.0
560, 18.61, 0.0, 0.0, 0.0, 1.07246, 1352.924, 128076.514, 0.0
561, 18.46, 0.0, 0.0, 0.0, 1.07143, 1342.096, 127938.77, 0.0
562, 18.298, 0.0, 0.0, 0.0, 1.08, 1329.222, 127803.684, 0.0
563, 18.154, 0.0, 0.0, 0.0, 1.04348, 1317.814, 127667.174, 0.0
564, 18.006, 0.0, 0.0, 0.0, 1.12121, 1306.352, 127531.474, 0.0
565, 17.86, 0.0, 0.0, 0.0, 1.08955, 1293.94, 127396.616, 0.0
566, 17.728, 0.0, 0.0, 0.0, 1.04762, 1283.998, 127259.102, 0.0
567, 17.58, 0.0, 0.0, 0.0, 1.10448, 1271.14, 127125.06, 0.0
568, 17.404, 0.0, 0.0, 0.0, 1.08642, 1256.844, 126992.57, 0.0
569, 17.246, 0.0, 0.0, 0.0, 1.05333, 1243.68, 126859.882, 0.0
570, 17.084, 0.0, 0.0, 0.0, 1.08, 1232.076, 126725.256, 0.0
571, 16.95, 0.0, 0.0, 0.0, 1.09836, 1221.29, 126591.062, 0.0
572, 16.808, 0.0, 0.0, 0.0, 1.02899, 1210.622, 126456.24, 0.0
573, 16.678, 0.0, 0.0, 0.0, 1.06557, 1192.114, 126329.694, 0.0
574, 16.536, 0.0, 0.0, 0.0, 1.09231, 1181.604, 126194.732, 0.0
575, 16.404, 0.0, 0.0, 0.0, 1.08197, 1170.396, 126060.852, 0.0
576, 16.278, 0.0, 0.0, 0.0, 1.05, 1160.192, 125925.47, 0.0
577, 16.134, 0.0, 0.0, 0.0, 1.125, 1149.374, 125791.416, 0.0
578, 16.0, 0.0, 0.0, 0.0, 1.06349, 1127.072, 125668.424, 0.0
579, 15.852, 0.0, 0.0, 0.0, 1.05714, 1112.734, 125538.002, 0.0
580, 15.724, 0.0, 0.0, 0.0, 1.08475, 1102.724, 125403.024, 0.0
581, 15.57, 0.0, 0.0, 0.0, 1.13235, 1091.09, 125269.708, 0.0
582, 15.422, 0.0, 0.0, 0.0, 1.08824, 1079.842, 125137.654, 0.0
583, 15.286, 0.0, 0.0, 0.0, 1.0625, 1069.908, 125004.44, 0.0
584, 15.156, 0.0, 0.0, 0.0, 1.01563, 1060.348, 124869.98, 0.0
585, 15.046, 0.0, 0.0, 0.0, 1.1, 1051.166, 124736.074, 0.0
586, 14.926, 0.0, 0.0, 0.0, 1.09091, 1041.748, 124603.182, 0.0
587, 14.806, 0.0, 0.0, 0.0, 1.07143, 1032.998, 124468.334, 0.0
588, 14.684, 0.0, 0.0, 0.0, 1.08929, 1022.576, 124335.488, 0.0
589, 14.566, 0.0, 0.0, 0.0, 1.01724, 1013.386, 124201.634, 0.0
590, 14.436, 0.0, 0.0, 0.0, 1.03175, 1004.118, 124068.886, 0.0
591, 14.332, 0.0, 0.0, 0.0, 1.04, 997.214, 123933.594, 0.0
592, 14.238, 0.0, 0.0, 0.0, 1.04444, 989.962, 123797.998, 0.0
593, 14.134, 0.0, 0.0, 0.0, 1.10638, 982.772, 123662.726, 0.0
594, 14.026, 0.0, 0.0, 0.0, 1.03846, 974.812, 123529.31, 0.0
595, 13.904, 0.0, 0.0, 0.0, 1.05172, 965.52, 123397.422, 0.0
596, 13.788, 0.0, 0.0, 0.0, 1.03571, 957.566, 123263.944, 0.0
597, 13.672, 0.0, 0.0, 0.0, 1.05455, 944.646, 123135.022, 0.0
598, 13.566, 0.0, 0.0, 0.0, 1.10417, 936.164, 123001.754, 0.0
599, 13.474, 0.0, 0.0, 0.0, 1.04545, 929.394, 122867.1, 0.0
600, 13.374, 0.0, 0.0, 0.0, 1.04167, 921.878, 122732.922, 0.0
601, 13.274, 0.0, 0.0, 0.0, 1.04167, 913.158, 122599.748, 0.0
602, 13.172, 0.0, 0.0, 0.0, 1.0625, 904.976, 122466.698, 0.0
603, 13.046, 0.0, 0.0, 0.0, 1.0, 896.202, 122335.474, 0.0
604, 12.934, 0.0, 0.0, 0.0, 1.0566, 887.746, 122203.182, 0.0
605, 12.838, 0.0, 0.0, 0.0, 1.02128, 881.218, 122068.916, 0.0
606, 12.732, 0.0, 0.0, 0.0, 1.08163, 873.4, 121936.088, 0.0
607, 12.6, 0.0, 0.0, 0.0, 1.0, 863.464, 121806.378, 0.0
608, 12.494, 0.0, 0.0, 0.0, 1.06, 855.864, 121674.88, 0.0
609, 12.364, 0.0, 0.0, 0.0, 1.08333, 845.876, 121544.424, 0.0
610, 12.286, 0.0, 0.0, 0.0, 1.02632, 839.87, 121410.364, 0.0
611, 12.178, 0.0, 0.0, 0.0, 1.08, 832.544, 121278.064, 0.0
612, 12.068, 0.0, 0.0, 0.0, 1.03774, 824.874, 121146.51, 0.0
613, 11.974, 0.0, 0.0, 0.0, 1.06818, 816.486, 121016.268, 0.0
614, 11.858, 0.0, 0.0, 0.0, 1.05455, 807.648, 120886.128, 0.0
615, 11.758, 0.0, 0.0, 0.0, 1.0, 799.8, 120755.31, 0.0
616, 11.646, 0.0, 0.0, 0.0, 1.0566, 791.944, 120624.262, 0.0
617, 11.552, 0.0, 0.0, 0.0, 1.09302, 785.582, 120492.002, 0.0
618, 11.438, 0.0, 0.0, 0.0, 1.09615, 777.23, 120361.632, 0.0
619, 11.346, 0.0, 0.0, 0.0, 1.0, 769.3, 120231.294, 0.0
620, 11.23, 0.0, 0.0, 0.0, 1.11538, 760.504, 120102.168, 0.0
621, 11.142, 0.0, 0.0, 0.0, 1.02326, 753.276, 119971.698, 0.0
622, 11.042, 0.0, 0.0, 0.0, 1.0, 745.858, 119841.034, 0.0
623, 10.968, 0.0, 0.0, 0.0, 1.0, 740.722, 119709.134, 0.0
624, 10.898, 0.0, 0.0, 0.0, 1.02941, 735.672, 119576.676, 0.0
625, 10.818, 0.0, 0.0, 0.0, 1.05263, 729.566, 119445.27, 0.0
626, 10.736, 0.0, 0.0, 0.0, 1.05128, 723.09, 119314.018, 0.0
627, 10.652, 0.0, 0.0, 0.0, 1.07692, 717.696, 119181.754, 0.0
628, 10.574, 0.0, 0.0, 0.0, 1.02632, 712.534, 119051.362, 0.0
629, 10.482, 0.0, 0.0, 0.0, 1.06977, 706.006, 118921.36, 0.0
630, 10.392, 0.0, 0.0, 0.0, 1.09756, 699.484, 118791.202, 0.0
631, 10.306, 0.0, 0.0, 0.0, 1.04878, 693.08, 118661.426, 0.0
632, 10.234, 0.0, 0.0, 0.0, 1.02857, 687.78, 118529.958, 0.0
633, 10.142, 0.0, 0.0, 0.0, 1.06977, 681.478, 118401.194, 0.0
634, 10.068, 0.0, 0.0, 0.0, 1.02778, 673.496, 118273.63, 0.0
635, 9.974, 0.0, 0.0, 0.0, 1.09302, 666.898, 118144.654, 0.0
636, 9.898, 0.0, 0.0, 0.0, 1.08571, 661.244, 118015.43, 0.0
637, 9.778, 0.0, 0.0, 0.0, 1.05263, 652.82, 117888.908, 0.0
638, 9.696, 0.0, 0.0, 0.0, 1.025, 646.738, 117759.698, 0.0
639, 9.622, 0.0, 0.0, 0.0, 1.05714, 641.322, 117630.764, 0.0
640, 9.576, 0.0, 0.0, 0.0, 1.09524, 637.864, 117498.84, 0.0
641, 9.466, 0.0, 0.0, 0.0, 1.0, 629.986, 117372.6, 0.0
642, 9.414, 0.0, 0.0, 0.0, 1.0, 625.72, 117242.986, 0.0
643, 9.346, 0.0, 0.0, 0.0, 1.0303, 621.16, 117112.602, 0.0
644, 9.28, 0.0, 0.0, 0.0, 1.03125, 604.68, 116995.128, 0.0
645, 9.186, 0.0, 0.0, 0.0, 1.04444, 598.78, 116866.57, 0.0
646, 9.116, 0.0, 0.0, 0.0, 1.02941, 593.746, 116737.016, 0.0
647, 9.056, 0.0, 0.0, 0.0, 1.03448, 587.672, 116608.57, 0.0
648, 8.986, 0.0, 0.0, 0.0, 1.02941, 582.09, 116479.918, 0.0
649, 8.908, 0.0, 0.0, 0.0, 1.05405, 576.024, 116352.25, 0.0
650, 8.818, 0.0, 0.0, 0.0, 1.09756, 568.764, 116226.876, 0.0
651, 8.738, 0.0, 0.0, 0.0, 1.02564, 563.214, 116098.408, 0.0
652, 8.648, 0.0, 0.0, 0.0, 1.15385, 555.78, 115974.078, 0.0
653, 8.564, 0.0, 0.0, 0.0, 1.02439, 549.718, 115847.022, 0.0
654, 8.49, 0.0, 0.0, 0.0, 1.08824, 544.966, 115719.116, 0.0
655, 8.418, 0.0, 0.0, 0.0, 1.02857, 540.27, 115591.8, 0.0
656, 8.35, 0.0, 0.0, 0.0, 1.0303, 535.374, 115464.014, 0.0
657, 8.282, 0.0, 0.0, 0.0, 1.0303, 530.61, 115336.57, 0.0
658, 8.21, 0.0, 0.0, 0.0, 1.0, 525.374, 115209.024, 0.0
659, 8.128, 0.0, 0.0, 0.0, 1.07895, 518.474, 115084.424, 0.0
660, 8.056, 0.0, 0.0, 0.0, 1.05882, 513.646, 114957.782, 0.0
661, 7.98, 0.0, 0.0, 0.0, 1.02703, 508.824, 114831.726, 0.0
662, 7.898, 0.0, 0.0, 0.0, 1.025, 503.532, 114705.774, 0.0
663, 7.838, 0.0, 0.0, 0.0, 1.03448, 499.344, 114578.068, 0.0
664, 7.774, 0.0, 0.0, 0.0, 1.0, 495.242, 114450.234, 0.0
665, 7.702, 0.0, 0.0, 0.0, 1.09091, 490.156, 114325.162, 0.0
666, 7.64, 0.0, 0.0, 0.0, 1.14815, 485.944, 114198.142, 0.0
667, 7.57, 0.0, 0.0, 0.0, 1.02941, 481.892, 114071.89, 0.0
668, 7.478, 0.0, 0.0, 0.0, 1.04545, 475.462, 113946.992, 0.0
669, 7.424, 0.0, 0.0, 0.0, 1.03846, 469.276, 113823.006, 0.0
670, 7.382, 0.0, 0.0, 0.0, 1.05, 466.266, 113695.554, 0.0
671, 7.334, 0.0, 0.0, 0.0, 1.0, 463.064, 113568.47, 0.0
672, 7.266, 0.0, 0.0, 0.0, 1.0625, 457.794, 113443.74, 0.0
673, 7.224, 0.0, 0.0, 0.0, 1.05, 454.45, 113317.412, 0.0
674, 7.16, 0.0, 0.0, 0.0, 1.03226, 450.8, 113192.642, 0.0
675, 7.092, 0.0, 0.0, 0.0, 1.0625, 446.77, 113067.32, 0.0
676, 7.038, 0.0, 0.0, 0.0, 1.03846, 443.328, 112942.382, 0.0
677, 6.984, 0.0, 0.0, 0.0, 1.03846, 439.712, 112816.548, 0.0
678, 6.914, 0.0, 0.0, 0.0, 1.0, 434.69, 112692.084, 0.0
679, 6.848, 0.0, 0.0, 0.0, 1.1, 430.236, 112568.058, 0.0
680, 6.798, 0.0, 0.0, 0.0, 1.04167, 426.236, 112441.93, 0.0
681, 6.742, 0.0, 0.0, 0.0, 1.03704, 422.348, 112316.756, 0.0
682, 6.7, 0.0, 0.0, 0.0, 1.05, 419.098, 112190.684, 0.0
683, 6.636, 0.0, 0.0, 0.0, 1.0, 414.94, 112066.248, 0.0
684, 6.578, 0.0, 0.0, 0.0, 1.0, 410.434, 111942.536, 0.0
685, 6.514, 0.0, 0.0, 0.0, 1.0, 406.04, 111818.932, 0.0
686, 6.47, 0.0, 0.0, 0.0, 1.04762, 403.098, 111694.462, 0.0
687, 6.41884, 0.0, 0.0, 0.0, 1.0, 399.79359, 111570.89, 0.0
688, 6.36874, 0.0, 0.0, 0.0, 1.04167, 395.27255, 111444.80962, 0.0
689, 6.29459, 0.0, 0.0, 0.0, 1.05714, 390.07615, 111322.0521, 0.0
690, 6.24649, 0.0, 0.0, 0.0, 1.0, 386.70741, 111197.4008, 0.0
691, 6.19439, 0.0, 0.0, 0.0, 1.0, 383.02204, 111074.23647, 0.0
692, 6.13627, 0.0, 0.0, 0.0, 1.0, 379.37275, 110950.67735, 0.0
693, 6.07615, 0.0, 0.0, 0.0, 1.0, 375.31463, 110827.54709, 0.0
694, 6.03607, 0.0, 0.0, 0.0, 1.0, 372.69739, 110704.12425, 0.0
695, 5.98798, 0.0, 0.0, 0.0, 1.0, 369.77154, 110580.77756, 0.0
696, 5.95591, 0.0, 0.0, 0.0, 1.0, 367.78557, 110455.87976, 0.0
697, 5.9018, 0.0, 0.0, 0.0, 1.03846, 364.68337, 110332.53106, 0.0
698, 5.86974, 0.0, 0.0, 0.0, 1.0, 362.60721, 110208.31263, 0.0
699, 5.81964, 0.0, 0.0, 0.0, 1.04167, 359.4489, 110085.1022, 0.0
700, 5.78156, 0.0, 0.0, 0.0, 1.05556, 356.93788, 109961.00401, 0.0
701, 5.72745, 0.0, 0.0, 0.0, 1.03846, 352.13828, 109839.81764, 0.0
702, 5.70341, 0.0, 0.0, 0.0, 1.0, 350.62124, 109715.55311, 0.0
703, 5.65731, 0.0, 0.0, 0.0, 1.09524, 347.38076, 109594.27054, 0.0
704, 5.64056, 0.0, 0.0, 0.0, 1.0, 346.09237, 109470.48497, 0.0
705, 5.59237, 0.0, 0.0, 0.0, 1.04348, 342.6245, 109349.17871, 0.0
706, 5.53614, 0.0, 0.0, 0.0, 1.03704, 338.24096, 109227.78112, 0.0
707, 5.48795, 0.0, 0.0, 0.0, 1.0, 334.9739, 109106.77309, 0.0
708, 5.44177, 0.0, 0.0, 0.0, 1.0, 331.74297, 108985.2992, 0.0
709, 5.37952, 0.0, 0.0, 0.0, 1.0, 327.34337, 108865.01004, 0.0
710, 5.33534, 0.0, 0.0, 0.0, 1.0, 324.66064, 108743.21687, 0.0
711, 5.2992, 0.0, 0.0, 0.0, 1.0, 322.24297, 108621.79518, 0.0
712, 5.24498, 0.0, 0.0, 0.0, 1.0, 318.01004, 108502.36747, 0.0
713, 5.20281, 0.0, 0.0, 0.0, 1.10526, 315.03614, 108381.15462, 0.0
714, 5.16265, 0.0, 0.0, 0.0, 1.0, 312.43976, 108260.87149, 0.0
715, 5.1245, 0.0, 0.0, 0.0, 1.0, 309.04016, 108141.34538, 0.0
716, 5.08635, 0.0, 0.0, 0.0, 1.0, 306.51205, 108019.66867, 0.0
717, 5.04819, 0.0, 0.0, 0.0, 1.0, 303.43976, 107899.3996, 0.0
718, 5.01406, 0.0, 0.0, 0.0, 1.0, 301.54618, 107778.8012, 0.0
719, 4.98795, 0.0, 0.0, 0.0, 1.0, 299.95582, 107656.47992, 0.0
720, 4.95783, 0.0, 0.0, 0.0, 1.0, 297.93373, 107535.36948, 0.0
721, 4.92169, 0.0, 0.0, 0.0, 1.0, 295.71888, 107415.2751, 0.0
722, 4.87952, 0.0, 0.0, 0.0, 1.0, 292.92771, 107295.20281, 0.0
723, 4.83534, 0.0, 0.0, 0.0, 1.0, 290.04016, 107175.6004, 0.0
724, 4.78514, 0.0, 0.0, 0.0, 1.0, 286.61446, 107056.59639, 0.0
725, 4.74498, 0.0, 0.0, 0.0, 1.0, 284.10241, 106936.26908, 0.0
726, 4.71486, 0.0, 0.0, 0.0, 1.0, 282.06024, 106816.58835, 0.0
727, 4.68072, 0.0, 0.0, 0.0, 1.0, 279.32932, 106697.44378, 0.0
728, 4.6506, 0.0, 0.0, 0.0, 1.07143, 277.05622, 106577.43373, 0.0
729, 4.59639, 0.0, 0.0, 0.0, 1.0, 273.18273, 106459.249, 0.0
730, 4.56024, 0.0, 0.0, 0.0, 1.0, 270.75703, 106339.43775, 0.0
731, 4.52008, 0.0, 0.0, 0.0, 1.0, 267.59839, 106222.11044, 0.0
732, 4.48394, 0.0, 0.0, 0.0, 1.0, 265.54618, 106102.33534, 0.0
733, 4.45783, 0.0, 0.0, 0.0, 1.0, 263.92369, 105983.17068, 0.0
734, 4.41165, 0.0, 0.0, 0.0, 1.04545, 260.68072, 105865.11847, 0.0
735, 4.38632, 0.0, 0.0, 0.0, 1.0, 258.71227, 105745.98193, 0.0
736, 4.34205, 0.0, 0.0, 0.0, 1.0, 256.07646, 105630.75453, 0.0
737, 4.30181, 0.0, 0.0, 0.0, 1.0, 253.12676, 105512.99799, 0.0
738, 4.27419, 0.0, 0.0, 0.0, 1.0, 251.23589, 105395.14889, 0.0
739, 4.24798, 0.0, 0.0, 0.0, 1.0, 249.51815, 105278.24194, 0.0
740, 4.20968, 0.0, 0.0, 0.0, 1.0, 246.91129, 105161.11895, 0.0
741, 4.18788, 0.0, 0.0, 0.0, 1.0, 244.85657, 105044.27621, 0.0
742, 4.14343, 0.0, 0.0, 0.0, 1.0, 242.08687, 104924.66465, 0.0
743, 4.11717, 0.0, 0.0, 0.0, 1.0, 240.14747, 104805.72121, 0.0
744, 4.08081, 0.0, 0.0, 0.0, 1.0, 237.54545, 104688.07677, 0.0
745, 4.05051, 0.0, 0.0, 0.0, 1.07143, 235.84242, 104570.12323, 0.0
746, 4.00606, 0.0, 0.0, 0.0, 1.0, 232.73737, 104454.05455, 0.0
747, 3.98583, 0.0, 0.0, 0.0, 1.0, 231.51417, 104336.49293, 0.0
748, 3.94534, 0.0, 0.0, 0.0, 1.0, 228.90081, 104219.083, 0.0
749, 3.90486, 0.0, 0.0, 0.0, 1.0, 226.30769, 104102.8583, 0.0
750, 3.87652, 0.0, 0.0, 0.0, 1.0, 224.77935, 103986.00405, 0.0
751, 3.84178, 0.0, 0.0, 0.0, 1.0, 222.26775, 103870.21053, 0.0
752, 3.81707, 0.0, 0.0, 0.0, 1.0, 220.39228, 103754.85396, 0.0
753, 3.77846, 0.0, 0.0, 0.0, 1.0, 217.93902, 103637.56707, 0.0
754, 3.73984, 0.0, 0.0, 0.0, 1.0, 215.75, 103521.14228, 0.0
755, 3.71341, 0.0, 0.0, 0.0, 1.0, 214.13008, 103404.46545, 0.0
756, 3.69246, 0.0, 0.0, 0.0, 1.0, 212.60692, 103288.61992, 0.0
757, 3.66191, 0.0, 0.0, 0.0, 1.07143, 210.7169, 103168.88798, 0.0
758, 3.63469, 0.0, 0.0, 0.0, 1.0, 208.49796, 103054.44603, 0.0
759, 3.6102, 0.0, 0.0, 0.0, 1.0, 207.08571, 102935.95306, 0.0
760, 3.58282, 0.0, 0.0, 0.0, 1.0, 205.409, 102820.10408, 0.0
761, 3.55624, 0.0, 0.0, 0.0, 1.0, 203.80368, 102700.91411, 0.0
762, 3.52965, 0.0, 0.0, 0.0, 1.0, 202.33947, 102585.94888, 0.0
763, 3.50719, 0.0, 0.0, 0.0, 1.05882, 201.23203, 102472.2229, 0.0
764, 3.46817, 0.0, 0.0, 0.0, 1.0, 198.52361, 102366.31828, 0.0
765, 3.45473, 0.0, 0.0, 0.0, 1.0, 197.44444, 102250.9117, 0.0
766, 3.42387, 0.0, 0.0, 0.0, 1.15385, 195.65021, 102133.72428, 0.0
767, 3.40206, 0.0, 0.0, 0.0, 1.0, 194.38763, 102019.50823, 0.0
768, 3.37113, 0.0, 0.0, 0.0, 1.0, 192.59794, 101905.27423, 0.0
769, 3.34021, 0.0, 0.0, 0.0, 1.07143, 190.39794, 101790.65979, 0.0
770, 3.32645, 0.0, 0.0, 0.0, 1.0, 189.48967, 101676.51959, 0.0
771, 3.30372, 0.0, 0.0, 0.0, 1.0, 188.09091, 101562.68802, 0.0
772, 3.29046, 0.0, 0.0, 0.0, 1.0, 187.55187, 101447.86983, 0.0
773, 3.25364, 0.0, 0.0, 0.0, 1.10526, 185.70062, 101330.76349, 0.0
774, 3.23077, 0.0, 0.0, 0.0, 1.0, 184.22453, 101210.48025, 0.0
775, 3.20374, 0.0, 0.0, 0.0, 1.0, 182.46154, 101096.50936, 0.0
776, 3.18919, 0.0, 0.0, 0.0, 1.0, 181.64449, 100982.32017, 0.0
777, 3.17292, 0.0, 0.0, 0.0, 1.0, 180.62708, 100868.0, 0.0
778, 3.15208, 0.0, 0.0, 0.0, 1.0, 179.45, 100750.4125, 0.0
779, 3.1357, 0.0, 0.0, 0.0, 1.0, 178.39248, 100637.11667, 0.0
780, 3.10438, 0.0, 0.0, 0.0, 1.07143, 176.68476, 100525.27975, 0.0
781, 3.08142, 0.0, 0.0, 0.0, 1.1, 175.41127, 100411.6263, 0.0
782, 3.05846, 0.0, 0.0, 0.0, 1.0, 173.98539, 100298.50313, 0.0
783, 3.02923, 0.0, 0.0, 0.0, 1.0, 172.41127, 100185.61587, 0.0
784, 3.0, 0.0, 0.0, 0.0, 1.0, 170.76569, 100073.25052, 0.0
785, 2.97699, 0.0, 0.0, 0.0, 1.1, 169.24686, 99951.12762, 0.0
786, 2.96653, 0.0, 0.0, 0.0, 1.0, 168.35356, 99838.66946, 0.0
787, 2.93724, 0.0, 0.0, 0.0, 1.0, 166.41632, 99726.28033, 0.0
788, 2.92453, 0.0, 0.0, 0.0, 1.0, 165.68763, 99613.29498, 0.0
789, 2.90526, 0.0, 0.0, 0.0, 1.0, 164.50105, 99499.37107, 0.0
790, 2.88, 0.0, 0.0, 0.0, 1.0, 162.92, 99385.71579, 0.0
791, 2.86498, 0.0, 0.0, 0.0, 1.0, 161.95781, 99272.97684, 0.0
792, 2.83544, 0.0, 0.0, 0.0, 1.0, 160.30802, 99160.92827, 0.0
793, 2.82489, 0.0, 0.0, 0.0, 1.0, 159.14768, 99049.09705, 0.0
794, 2.80761, 0.0, 0.0, 0.0, 1.0, 158.08457, 98936.99789, 0.0
795, 2.80255, 0.0, 0.0, 0.0, 1.0, 157.67728, 98823.94926, 0.0
796, 2.77707, 0.0, 0.0, 0.0, 1.0, 155.47983, 98714.50955, 0.0
797, 2.75372, 0.0, 0.0, 0.0, 1.0, 154.13163, 98603.95541, 0.0
798, 2.72979, 0.0, 0.0, 0.0, 1.07692, 152.30213, 98493.50743, 0.0
799, 2.71702, 0.0, 0.0, 0.0, 1.0, 151.07234, 98382.72553, 0.0
800, 2.69362, 0.0, 0.0, 0.0, 1.0, 149.73191, 98272.01064, 0.0
801, 2.67447, 0.0, 0.0, 0.0, 1.0, 148.6, 98160.65532, 0.0
802, 2.65245, 0.0, 0.0, 0.0, 1.0, 147.44136, 98050.08511, 0.0
803, 2.63169, 0.0, 0.0, 0.0, 1.07143, 145.87794, 97940.30064, 0.0
804, 2.60385, 0.0, 0.0, 0.0, 1.0, 143.93576, 97830.87366, 0.0
805, 2.5914, 0.0, 0.0, 0.0, 1.1, 143.38925, 97720.50321, 0.0
806, 2.57974, 0.0, 0.0, 0.0, 1.0, 142.55819, 97609.85806, 0.0
807, 2.56156, 0.0, 0.0, 0.0, 1.0, 140.94384, 97501.37069, 0.0
808, 2.54664, 0.0, 0.0, 0.0, 1.0, 140.35792, 97390.4946, 0.0
809, 2.53261, 0.0, 0.0, 0.0, 1.0, 139.41739, 97278.86117, 0.0
810, 2.51416, 0.0, 0.0, 0.0, 1.0, 138.49237, 97168.32826, 0.0
811, 2.50218, 0.0, 0.0, 0.0, 1.0, 137.70742, 97054.32898, 0.0
812, 2.49234, 0.0, 0.0, 0.0, 1.0, 136.1291, 96944.12227, 0.0
813, 2.4693, 0.0, 0.0, 0.0, 1.0, 134.20833, 96838.22757, 0.0
814, 2.44956, 0.0, 0.0, 0.0, 1.0, 133.05263, 96733.03728, 0.0
815, 2.44176, 0.0, 0.0, 0.0, 1.0, 131.17143, 96625.1886, 0.0
816, 2.43709, 0.0, 0.0, 0.0, 1.16667, 130.56291, 96515.27912, 0.0
817, 2.41593, 0.0, 0.0, 0.0, 1.0, 129.56416, 96406.62693, 0.0
818, 2.38938, 0.0, 0.0, 0.0, 1.09091, 128.47345, 96296.15487, 0.0
819, 2.36504, 0.0, 0.0, 0.0, 1.0, 126.95133, 96186.99336, 0.0
820, 2.34513, 0.0, 0.0, 0.0, 1.0, 126.04646, 96078.56195, 0.0
821, 2.33703, 0.0, 0.0, 0.0, 1.0, 125.47672, 95970.03319, 0.0
822, 2.31626, 0.0, 0.0, 0.0, 1.0, 124.15145, 95861.48115, 0.0
823, 2.30942, 0.0, 0.0, 0.0, 1.0, 123.69283, 95755.27394, 0.0
824, 2.29213, 0.0, 0.0, 0.0, 1.0, 122.42697, 95644.40135, 0.0
825, 2.28539, 0.0, 0.0, 0.0, 1.0, 122.02022, 95529.32584, 0.0
826, 2.27765, 0.0, 0.0, 0.0, 1.0, 121.54176, 95421.86067, 0.0
827, 2.26984, 0.0, 0.0, 0.0, 1.0, 121.09524, 95318.06998, 0.0
828, 2.2449, 0.0, 0.0, 0.0, 1.0, 119.80726, 95204.82086, 0.0
829, 2.23182, 0.0, 0.0, 0.0, 1.0, 118.99091, 95097.48073, 0.0
830, 2.21818, 0.0, 0.0, 0.0, 1.2, 118.13409, 94989.77955, 0.0
831, 2.19818, 0.0, 0.0, 0.0, 1.0, 116.51708, 94883.47273, 0.0
832, 2.18451, 0.0, 0.0, 0.0, 1.0, 115.74943, 94772.79727, 0.0
833, 2.16438, 0.0, 0.0, 0.0, 1.1, 114.93836, 94665.32574, 0.0
834, 2.15068, 0.0, 0.0, 0.0, 1.0, 114.16895, 94554.95205, 0.0
835, 2.14088, 0.0, 0.0, 0.0, 1.07143, 113.29561, 94449.98402, 0.0
836, 2.12558, 0.0, 0.0, 0.0, 1.0, 112.49302, 94338.42263, 0.0
837, 2.10698, 0.0, 0.0, 0.0, 1.14286, 110.70465, 94232.62093, 0.0
838, 2.11007, 0.0, 0.0, 0.0, 1.0, 110.79157, 94126.62558, 0.0
839, 2.09882, 0.0, 0.0, 0.0, 1.0, 110.16235, 94019.77752, 0.0
840, 2.09434, 0.0, 0.0, 0.0, 1.0, 109.71462, 93914.93647, 0.0
841, 2.07583, 0.0, 0.0, 0.0, 1.0, 108.56872, 93809.09906, 0.0
842, 2.07194, 0.0, 0.0, 0.0, 1.09091, 108.4988, 93704.08057, 0.0
843, 2.06954, 0.0, 0.0, 0.0, 1.0, 108.31415, 93598.04077, 0.0
844, 2.06506, 0.0, 0.0, 0.0, 1.0, 107.93012, 93492.77458, 0.0
845, 2.05583, 0.0, 0.0, 0.0, 1.11111, 107.43204, 93390.92771, 0.0
846, 2.04126, 0.0, 0.0, 0.0, 1.0, 106.70874, 93279.09466, 0.0
847, 2.0267, 0.0, 0.0, 0.0, 1.0, 105.85194, 93172.68932, 0.0
848, 2.00728, 0.0, 0.0, 0.0, 1.14286, 104.70874, 93066.97816, 0.0
849, 1.99024, 0.0, 0.0, 0.0, 1.0, 103.82927, 92962.40291, 0.0
850, 1.98293, 0.0, 0.0, 0.0, 1.0, 103.37805, 92857.35122, 0.0
851, 1.96822, 0.0, 0.0, 0.0, 1.0, 102.69682, 92752.93171, 0.0
852, 1.95844, 0.0, 0.0, 0.0, 1.0, 101.86308, 92649.07579, 0.0
853, 1.94866, 0.0, 0.0, 0.0, 1.0, 101.33252, 92544.1198, 0.0
854, 1.94608, 0.0, 0.0, 0.0, 1.0, 101.18873, 92438.93399, 0.0
855, 1.94335, 0.0, 0.0, 0.0, 1.0, 100.58374, 92334.51961, 0.0
856, 1.93103, 0.0, 0.0, 0.0, 1.0, 100.0, 92232.49015, 0.0
857, 1.92099, 0.0, 0.0, 0.0, 1.0, 99.42222, 92128.84483, 0.0
858, 1.90864, 0.0, 0.0, 0.0, 1.0, 98.50617, 92026.16296, 0.0
859, 1.90123, 0.0, 0.0, 0.0, 1.0, 98.02716, 91921.4716, 0.0
860, 1.89604, 0.0, 0.0, 0.0, 1.0, 97.72277, 91817.08148, 0.0
861, 1.88834, 0.0, 0.0, 0.0, 1.0, 97.22581, 91713.07426, 0.0
862, 1.8825, 0.0, 0.0, 0.0, 1.0, 96.42, 91608.28536, 0.0
863, 1.875, 0.0, 0.0, 0.0, 1.0, 95.9525, 91506.565, 0.0
864, 1.8625, 0.0, 0.0, 0.0, 1.0, 95.3725, 91403.245, 0.0
865, 1.84962, 0.0, 0.0, 0.0, 1.0, 94.66917, 91299.5075, 0.0
866, 1.84673, 0.0, 0.0, 0.0, 1.0, 94.39698, 91195.42105, 0.0
867, 1.82161, 0.0, 0.0, 0.0, 1.11111, 92.92211, 91093.40452, 0.0
868, 1.80556, 0.0, 0.0, 0.0, 1.0, 91.0101, 90991.71357, 0.0
869, 1.79293, 0.0, 0.0, 0.0, 1.0, 90.37879, 90890.81061, 0.0
870, 1.78426, 0.0, 0.0, 0.0, 1.0, 89.91878, 90788.88131, 0.0
871, 1.77494, 0.0, 0.0, 0.0, 1.0, 89.48849, 90679.40355, 0.0
872, 1.76684, 0.0, 0.0, 0.0, 1.0, 89.20207, 90579.16113, 0.0
873, 1.76104, 0.0, 0.0, 0.0, 1.0, 88.85195, 90472.9715, 0.0
874, 1.75521, 0.0, 0.0, 0.0, 1.0, 88.47396, 90369.61558, 0.0
875, 1.75853, 0.0, 0.0, 0.0, 1.0, 88.57218, 90271.09115, 0.0
876, 1.75789, 0.0, 0.0, 0.0, 1.0, 87.24474, 90169.06562, 0.0
877, 1.74868, 0.0, 0.0, 0.0, 1.16667, 86.92328, 90063.66053, 0.0
878, 1.74202, 0.0, 0.0, 0.0, 1.0, 86.35106, 89962.19841, 0.0
879, 1.73118, 0.0, 0.0, 0.0, 1.0, 85.73656, 89860.16489, 0.0
880, 1.72237, 0.0, 0.0, 0.0, 1.0, 84.98113, 89763.41667, 0.0
881, 1.71892, 0.0, 0.0, 0.0, 1.0, 84.61892, 89662.69542, 0.0
882, 1.71739, 0.0, 0.0, 0.0, 1.0, 84.42935, 89563.42973, 0.0
883, 1.71467, 0.0, 0.0, 0.0, 1.0, 84.23098, 89459.88043, 0.0
884, 1.71038, 0.0, 0.0, 0.0, 1.0, 84.12842, 89358.5788, 0.0
885, 1.6978, 0.0, 0.0, 0.0, 1.14286, 83.21978, 89260.38525, 0.0
886, 1.69231, 0.0, 0.0, 0.0, 1.0, 82.80769, 89157.20879, 0.0
887, 1.68681, 0.0, 0.0, 0.0, 1.0, 82.5467, 89054.89835, 0.0
888, 1.68144, 0.0, 0.0, 0.0, 1.0, 82.33795, 88954.81868, 0.0
889, 1.67222, 0.0, 0.0, 0.0, 1.0, 81.91111, 88849.11357, 0.0
890, 1.6648, 0.0, 0.0, 0.0, 1.0, 81.34637, 88748.59444, 0.0
891, 1.66102, 0.0, 0.0, 0.0, 1.0, 81.20056, 88645.28492, 0.0
892, 1.65625, 0.0, 0.0, 0.0, 1.0, 81.01989, 88541.11017, 0.0
893, 1.64571, 0.0, 0.0, 0.0, 1.0, 80.27429, 88441.91761, 0.0
894, 1.6408, 0.0, 0.0, 0.0, 1.25, 80.07471, 88342.13714, 0.0
895, 1.63218, 0.0, 0.0, 0.0, 1.0, 79.66092, 88241.19253, 0.0
896, 1.62824, 0.0, 0.0, 0.0, 1.0, 79.39769, 88141.65805, 0.0
897, 1.62536, 0.0, 0.0, 0.0, 1.0, 79.05764, 88045.45245, 0.0
898, 1.62029, 0.0, 0.0, 0.0, 1.0, 78.76522, 87946.1268, 0.0
899, 1.61516, 0.0, 0.0, 0.0, 1.0, 78.55977, 87846.81449, 0.0
900, 1.60588, 0.0, 0.0, 0.0, 1.0, 77.99118, 87752.29738, 0.0
901, 1.59882, 0.0, 0.0, 0.0, 1.0, 77.70501, 87651.15588, 0.0
902, 1.60597, 0.0, 0.0, 0.0, 1.0, 78.10149, 87549.9646, 0.0
903, 1.58683, 0.0, 0.0, 0.0, 1.0, 76.7515, 87452.74627, 0.0
904, 1.57784, 0.0, 0.0, 0.0, 1.0, 76.31138, 87352.69162, 0.0
905, 1.57057, 0.0, 0.0, 0.0, 1.0, 75.91291, 87253.69461, 0.0
906, 1.56881, 0.0, 0.0, 0.0, 1.11111, 75.737, 87155.32733, 0.0
907, 1.56615, 0.0, 0.0, 0.0, 1.0, 75.50462, 87059.96942, 0.0
908, 1.56615, 0.0, 0.0, 0.0, 0.0, 75.39692, 86970.78769, 0.0
909, 1.56308, 0.0, 0.0, 0.0, 1.0, 75.18769, 86872.55692, 0.0
910, 1.56037, 0.0, 0.0, 0.0, 1.0, 75.01238, 86774.70154, 0.0
911, 1.55108, 0.0, 0.0, 0.0, 1.0, 74.31579, 86684.33437, 0.0
912, 1.54348, 0.0, 0.0, 0.0, 1.0, 73.86335, 86586.60681, 0.0
913, 1.53416, 0.0, 0.0, 0.0, 1.0, 73.26398, 86482.63354, 0.0
914, 1.52336, 0.0, 0.0, 0.0, 1.0, 72.75078, 86385.12422, 0.0
915, 1.52665, 0.0, 0.0, 0.0, 1.0, 72.91536, 86290.80997, 0.0
916, 1.52201, 0.0, 0.0, 0.0, 1.0, 72.55975, 86190.34169, 0.0
917, 1.51258, 0.0, 0.0, 0.0, 1.0, 72.0566, 86091.48428, 0.0
918, 1.5, 0.0, 0.0, 0.0, 1.0, 71.48742, 85995.06918, 0.0
919, 1.49842, 0.0, 0.0, 0.0, 1.0, 71.36593, 85896.93711, 0.0
920, 1.49206, 0.0, 0.0, 0.0, 1.0, 71.10794, 85798.40063, 0.0
921, 1.47923, 0.0, 0.0, 0.0, 1.0, 70.72204, 85701.98413, 0.0
922, 1.4791, 0.0, 0.0, 0.0, 1.0, 70.76206, 85603.51757, 0.0
923, 1.47573, 0.0, 0.0, 0.0, 1.0, 70.64725, 85507.47588, 0.0
924, 1.46732, 0.0, 0.0, 0.0, 1.0, 70.18301, 85413.19417, 0.0
925, 1.4623, 0.0, 0.0, 0.0, 1.0, 70.00984, 85322.85948, 0.0
926, 1.45395, 0.0, 0.0, 0.0, 1.0, 69.44408, 85226.00328, 0.0
927, 1.45033, 0.0, 0.0, 0.0, 1.0, 69.17219, 85133.91447, 0.0
928, 1.43522, 0.0, 0.0, 0.0, 1.0, 68.31229, 85034.96689, 0.0
929, 1.43478, 0.0, 0.0, 0.0, 1.0, 68.31438, 84940.81063, 0.0
930, 1.42617, 0.0, 0.0, 0.0, 1.0, 67.7651, 84845.56522, 0.0
931, 1.41017, 0.0, 0.0, 0.0, 1.0, 67.01356, 84756.61745, 0.0
932, 1.40753, 0.0, 0.0, 0.0, 1.0, 66.7637, 84660.02712, 0.0
933, 1.40893, 0.0, 0.0, 0.0, 1.0, 66.64261, 84564.23973, 0.0
934, 1.40345, 0.0, 0.0, 0.0, 1.0, 66.36207, 84473.02405, 0.0
935, 1.40345, 0.0, 0.0, 0.0, 0.0, 66.26897, 84376.83793, 0.0
936, 1.39792, 0.0, 0.0, 0.0, 1.0, 66.02076, 84281.75172, 0.0
937, 1.38889, 0.0, 0.0, 0.0, 1.0, 65.54167, 84191.63322, 0.0
938, 1.38112, 0.0, 0.0, 0.0, 1.0, 65.05245, 84097.55903, 0.0
939, 1.38246, 0.0, 0.0, 0.0, 1.0, 65.05614, 83999.64685, 0.0
940, 1.37895, 0.0, 0.0, 0.0, 1.0, 64.87719, 83902.49123, 0.0
941, 1.37676, 0.0, 0.0, 0.0, 1.0, 64.6338, 83807.29825, 0.0
942, 1.37234, 0.0, 0.0, 0.0, 1.0, 64.41844, 83711.39085, 0.0
943, 1.37184, 0.0, 0.0, 0.0, 1.0, 64.44404, 83628.4078, 0.0
944, 1.37091, 0.0, 0.0, 0.0, 1.0, 64.57818, 83522.45848, 0.0
945, 1.36727, 0.0, 0.0, 0.0, 1.0, 64.10182, 83419.74909, 0.0
946, 1.36, 0.0, 0.0, 0.0, 1.0, 63.63273, 83324.59636, 0.0
947, 1.35636, 0.0, 0.0, 0.0, 1.0, 63.42545, 83228.76, 0.0
948, 1.35766, 0.0, 0.0, 0.0, 1.0, 63.4927, 83133.56364, 0.0
949, 1.35688, 0.0, 0.0, 0.0, 1.0, 63.5539, 83039.35766, 0.0
950, 1.35448, 0.0, 0.0, 0.0, 1.0, 63.20149, 82940.47212, 0.0
951, 1.35094, 0.0, 0.0, 0.0, 1.0, 63.02264, 82848.5597, 0.0
952, 1.3434, 0.0, 0.0, 0.0, 1.0, 62.68679, 82746.22642, 0.0
953, 1.34351, 0.0, 0.0, 0.0, 1.0, 62.70611, 82652.06792, 0.0
954, 1.33462, 0.0, 0.0, 0.0, 1.0, 62.11538, 82555.03053, 0.0
955, 1.33858, 0.0, 0.0, 0.0, 1.0, 62.1811, 82456.06154, 0.0
956, 1.33597, 0.0, 0.0, 0.0, 1.0, 61.95257, 82356.23228, 0.0
957, 1.332, 0.0, 0.0, 0.0, 1.0, 61.244, 82258.43083, 0.0
958, 1.324, 0.0, 0.0, 0.0, 1.0, 60.836, 82168.636, 0.0
959, 1.32258, 0.0, 0.0, 0.0, 1.0, 60.79839, 82075.404, 0.0
960, 1.31707, 0.0, 0.0, 0.0, 1.0, 60.15854, 81983.42742, 0.0
961, 1.3102, 0.0, 0.0, 0.0, 1.0, 59.86122, 81892.95935, 0.0
962, 1.31148, 0.0, 0.0, 0.0, 1.0, 59.72541, 81800.13469, 0.0
963, 1.31405, 0.0, 0.0, 0.0, 1.0, 59.83884, 81710.13934, 0.0
964, 1.3125, 0.0, 0.0, 0.0, 1.0, 59.66667, 81614.3595, 0.0
965, 1.30833, 0.0, 0.0, 0.0, 1.0, 59.42917, 81517.0375, 0.0
966, 1.30417, 0.0, 0.0, 0.0, 1.0, 59.0875, 81425.03333, 0.0
967, 1.30252, 0.0, 0.0, 0.0, 1.0, 58.90756, 81333.4125, 0.0
968, 1.29958, 0.0, 0.0, 0.0, 1.0, 58.79325, 81242.32353, 0.0
969, 1.29787, 0.0, 0.0, 0.0, 1.0, 58.53191, 81149.40084, 0.0
970, 1.29614, 0.0, 0.0, 0.0, 1.0, 58.2103, 81057.79149, 0.0
971, 1.29565, 0.0, 0.0, 0.0, 1.0, 57.83913, 80964.77253, 0.0
972, 1.29694, 0.0, 0.0, 0.0, 1.0, 57.82533, 80863.6913, 0.0
973, 1.29694, 0.0, 0.0, 0.0, 0.0, 57.77293, 80770.0655, 0.0
974, 1.29956, 0.0, 0.0, 0.0, 1.0, 57.74009, 80678.20087, 0.0
975, 1.29778, 0.0, 0.0, 0.0, 1.0, 57.57778, 80592.10132, 0.0
976, 1.29596, 0.0, 0.0, 0.0, 1.0, 57.53363, 80498.16889, 0.0
977, 1.29596, 0.0, 0.0, 0.0, 0.0, 57.47085, 80407.46637, 0.0
978, 1.29412, 0.0, 0.0, 0.0, 1.0, 57.44344, 80316.5426, 0.0
979, 1.29817, 0.0, 0.0, 0.0, 1.0, 57.5, 80223.46606, 0.0
980, 1.29493, 0.0, 0.0, 0.0, 1.0, 57.35484, 80120.40367, 0.0
981, 1.29907, 0.0, 0.0, 0.0, 1.0, 57.59346, 80031.71889, 0.0
982, 1.29907, 0.0, 0.0, 0.0, 0.0, 57.52804, 79925.9486, 0.0
983, 1.29907, 0.0, 0.0, 0.0, 0.0, 57.4486, 79833.87383, 0.0
984, 1.30047, 0.0, 0.0, 0.0, 1.0, 57.47887, 79744.04673, 0.0
985, 1.30332, 0.0, 0.0, 0.0, 1.0, 57.6019, 79654.53052, 0.0
986, 1.30144, 0.0, 0.0, 0.0, 1.0, 57.37799, 79560.67773, 0.0
987, 1.30288, 0.0, 0.0, 0.0, 1.0, 57.37981, 79464.42105, 0.0
988, 1.30288, 0.0, 0.0, 0.0, 0.0, 57.32212, 79372.21635, 0.0
989, 1.29808, 0.0, 0.0, 0.0, 1.0, 57.08654, 79281.39904, 0.0
990, 1.30097, 0.0, 0.0, 0.0, 1.0, 57.28641, 79191.42788, 0.0
991, 1.30097, 0.0, 0.0, 0.0, 0.0, 57.20874, 79097.20874, 0.0
992, 1.29412, 0.0, 0.0, 0.0, 1.0, 56.54412, 79008.2233, 0.0
993, 1.29412, 0.0, 0.0, 0.0, 0.0, 56.4951, 78910.03922, 0.0
994, 1.28922, 0.0, 0.0, 0.0, 1.0, 56.23039, 78820.51961, 0.0
995, 1.28079, 0.0, 0.0, 0.0, 1.0, 55.95567, 78730.54412, 0.0
996, 1.27586, 0.0, 0.0, 0.0, 1.0, 55.68473, 78646.88177, 0.0
997, 1.27094, 0.0, 0.0, 0.0, 1.0, 55.39409, 78556.19212, 0.0
998, 1.26601, 0.0, 0.0, 0.0, 1.0, 55.17241, 78467.42365, 0.0
999, 1.26368, 0.0, 0.0, 0.0, 1.0, 55.19403, 78379.75369, 0.0
1000, 1.265, 0.0, 0.0, 0.0, 1.0, 55.225, 78285.77612, 0.0
1001, 1.26131, 0.0, 0.0, 0.0, 1.0, 55.15075, 78190.565, 0.0
1002, 1.25381, 0.0, 0.0, 0.0, 1.0, 54.7868, 78094.18593, 0.0
1003, 1.25, 0.0, 0.0, 0.0, 1.0, 54.45408, 78009.4467, 0.0
1004, 1.2449, 0.0, 0.0, 0.0, 1.0, 54.22449, 77920.71429, 0.0
1005, 1.24742, 0.0, 0.0, 0.0, 1.0, 54.24742, 77833.08163, 0.0
1006, 1.2356, 0.0, 0.0, 0.0, 1.0, 53.8377, 77752.86598, 0.0
1007, 1.23684, 0.0, 0.0, 0.0, 1.0, 53.86316, 77655.97382, 0.0
1008, 1.2381, 0.0, 0.0, 0.0, 1.0, 53.9418, 77568.71579, 0.0
1009, 1.23404, 0.0, 0.0, 0.0, 1.0, 53.79787, 77449.98942, 0.0
1010, 1.23529, 0.0, 0.0, 0.0, 1.0, 53.78075, 77354.20213, 0.0
1011, 1.23118, 0.0, 0.0, 0.0, 1.0, 53.55376, 77263.9893, 0.0
1012, 1.22951, 0.0, 0.0, 0.0, 1.0, 53.50273, 77176.76882, 0.0
1013, 1.22652, 0.0, 0.0, 0.0, 1.0, 53.45856, 77086.8306, 0.0
1014, 1.22346, 0.0, 0.0, 0.0, 1.0, 53.36872, 76997.1989, 0.0
1015, 1.22346, 0.0, 0.0, 0.0, 0.0, 53.31844, 76908.34078, 0.0
1016, 1.22346, 0.0, 0.0, 0.0, 0.0, 53.26257, 76822.34078, 0.0
1017, 1.22346, 0.0, 0.0, 0.0, 0.0, 53.20112, 76734.28492, 0.0
1018, 1.22599, 0.0, 0.0, 0.0, 1.0, 53.13559, 76647.87709, 0.0
1019, 1.22159, 0.0, 0.0, 0.0, 1.0, 52.92614, 76555.41243, 0.0
1020, 1.22159, 0.0, 0.0, 0.0, 0.0, 52.88636, 76469.02841, 0.0
1021, 1.21591, 0.0, 0.0, 0.0, 1.0, 52.625, 76382.82386, 0.0
1022, 1.21264, 0.0, 0.0, 0.0, 1.0, 52.17816, 76297.25568, 0.0
1023, 1.21512, 0.0, 0.0, 0.0, 1.0, 52.52907, 76205.71839, 0.0
1024, 1.21512, 0.0, 0.0, 0.0, 0.0, 52.50581, 76112.63372, 0.0
1025, 1.21637, 0.0, 0.0, 0.0, 1.0, 52.56725, 76026.0407, 0.0
1026, 1.21637, 0.0, 0.0, 0.0, 0.0, 52.50292, 75930.40351, 0.0
1027, 1.21176, 0.0, 0.0, 0.0, 1.0, 52.10588, 75844.72515, 0.0
1028, 1.21084, 0.0, 0.0, 0.0, 1.0, 52.33735, 75761.74118, 0.0
1029, 1.20606, 0.0, 0.0, 0.0, 2.0, 52.28485, 75685.54819, 0.0
1030, 1.20732, 0.0, 0.0, 0.0, 1.0, 52.32927, 75602.62424, 0.0
1031, 1.21118, 0.0, 0.0, 0.0, 1.0, 52.52174, 75513.31707, 0.0
1032, 1.20497, 0.0, 0.0, 0.0, 1.0, 52.31056, 75433.15528, 0.0
1033, 1.20755, 0.0, 0.0, 0.0, 1.0, 52.56604, 75347.63975, 0.0
1034, 1.20513, 0.0, 0.0, 0.0, 1.0, 52.12179, 75279.10063, 0.0
1035, 1.20513, 0.0, 0.0, 0.0, 0.0, 52.07692, 75172.86538, 0.0
1036, 1.20645, 0.0, 0.0, 0.0, 1.0, 52.18065, 75086.5641, 0.0
1037, 1.20645, 0.0, 0.0, 0.0, 0.0, 52.10968, 74998.38065, 0.0
1038, 1.2013, 0.0, 0.0, 0.0, 1.0, 52.04545, 74912.97419, 0.0
1039, 1.19608, 0.0, 0.0, 0.0, 1.0, 51.8366, 74821.03247, 0.0
1040, 1.19868, 0.0, 0.0, 0.0, 1.0, 50.96689, 74726.29412, 0.0
1041, 1.19205, 0.0, 0.0, 0.0, 1.0, 50.69536, 74636.5298, 0.0
1042, 1.18919, 0.0, 0.0, 0.0, 1.0, 50.88514, 74552.92715, 0.0
1043, 1.1931, 0.0, 0.0, 0.0, 1.0, 51.28276, 74472.10811, 0.0
1044, 1.18881, 0.0, 0.0, 0.0, 1.0, 51.25175, 74370.69655, 0.0
1045, 1.18182, 0.0, 0.0, 0.0, 1.0, 50.97203, 74275.40559, 0.0
1046, 1.17606, 0.0, 0.0, 0.0, 1.0, 50.88732, 74192.17483, 0.0
1047, 1.17606, 0.0, 0.0, 0.0, 0.0, 50.79577, 74112.57746, 0.0
1048, 1.18248, 0.0, 0.0, 0.0, 1.0, 51.24818, 74029.73239, 0.0
1049, 1.18045, 0.0, 0.0, 0.0, 1.0, 51.19549, 73966.66423, 0.0
1050, 1.18045, 0.0, 0.0, 0.0, 0.0, 51.17293, 73869.63158, 0.0
1051, 1.18045, 0.0, 0.0, 0.0, 0.0, 51.1203, 73784.97744, 0.0
1052, 1.18182, 0.0, 0.0, 0.0, 1.0, 51.17424, 73701.57895, 0.0
1053, 1.18462, 0.0, 0.0, 0.0, 1.0, 51.36923, 73622.26515, 0.0
1054, 1.18605, 0.0, 0.0, 0.0, 1.0, 51.51163, 73532.00769, 0.0
1055, 1.1875, 0.0, 0.0, 0.0, 1.0, 50.69531, 73443.65116, 0.0
1056, 1.19048, 0.0, 0.0, 0.0, 1.0, 50.92857, 73346.45313, 0.0
1057, 1.19048, 0.0, 0.0, 0.0, 0.0, 50.88889, 73252.69841, 0.0
1058, 1.19048, 0.0, 0.0, 0.0, 0.0, 50.8254, 73169.59524, 0.0
1059, 1.19048, 0.0, 0.0, 0.0, 0.0, 50.78571, 73085.1746, 0.0
1060, 1.19835, 0.0, 0.0, 0.0, 1.0, 51.32231, 73003.53968, 0.0
1061, 1.20168, 0.0, 0.0, 0.0, 1.0, 49.89076, 72929.80992, 0.0
1062, 1.20168, 0.0, 0.0, 0.0, 0.0, 49.84034, 72859.70588, 0.0
1063, 1.19328, 0.0, 0.0, 0.0, 1.0, 49.26891, 72777.20168, 0.0
1064, 1.19328, 0.0, 0.0, 0.0, 0.0, 49.17647, 72694.2521, 0.0
1065, 1.19328, 0.0, 0.0, 0.0, 0.0, 49.13445, 72610.11765, 0.0
1066, 1.19328, 0.0, 0.0, 0.0, 0.0, 49.05042, 72526.53782, 0.0
1067, 1.19328, 0.0, 0.0, 0.0, 0.0, 49.0, 72442.69748, 0.0
1068, 1.19328, 0.0, 0.0, 0.0, 0.0, 48.96639, 72359.98319, 0.0
1069, 1.19328, 0.0, 0.0, 0.0, 0.0, 48.92437, 72276.97479, 0.0
1070, 1.19492, 0.0, 0.0, 0.0, 1.0, 49.02542, 72193.47899, 0.0
1071, 1.19492, 0.0, 0.0, 0.0, 0.0, 48.94915, 72113.20339, 0.0
1072, 1.18644, 0.0, 0.0, 0.0, 1.0, 48.60169, 72031.10169, 0.0
1073, 1.1913, 0.0, 0.0, 0.0, 1.0, 49.04348, 71952.38136, 0.0
1074, 1.18584, 0.0, 0.0, 0.0, 1.0, 48.84071, 71883.26087, 0.0
1075, 1.18584, 0.0, 0.0, 0.0, 0.0, 48.78761, 71806.52212, 0.0
1076, 1.16071, 0.0, 0.0, 0.0, 1.0, 47.41964, 71725.68142, 0.0
1077, 1.16071, 0.0, 0.0, 0.0, 0.0, 47.32143, 71649.63393, 0.0
1078, 1.15596, 0.0, 0.0, 0.0, 1.0, 47.14679, 71572.66964, 0.0
1079, 1.13761, 0.0, 0.0, 0.0, 1.0, 46.19266, 71503.82569, 0.0
1080, 1.13889, 0.0, 0.0, 0.0, 1.0, 45.9537, 71423.88073, 0.0
1081, 1.14151, 0.0, 0.0, 0.0, 1.0, 46.24528, 71337.57407, 0.0
1082, 1.14286, 0.0, 0.0, 0.0, 1.0, 46.32381, 71250.59434, 0.0
1083, 1.14286, 0.0, 0.0, 0.0, 0.0, 46.26667, 71174.44762, 0.0
1084, 1.14286, 0.0, 0.0, 0.0, 0.0, 46.22857, 71093.2381, 0.0
1085, 1.14286, 0.0, 0.0, 0.0, 0.0, 46.18095, 71012.32381, 0.0
1086, 1.14286, 0.0, 0.0, 0.0, 0.0, 46.14286, 70930.87619, 0.0
1087, 1.13462, 0.0, 0.0, 0.0, 1.0, 46.35577, 70850.6, 0.0
1088, 1.13725, 0.0, 0.0, 0.0, 1.0, 46.63725, 70768.81731, 0.0
1089, 1.13725, 0.0, 0.0, 0.0, 0.0, 46.60784, 70679.65686, 0.0
1090, 1.13725, 0.0, 0.0, 0.0, 0.0, 46.55882, 70599.80392, 0.0
1091, 1.13861, 0.0, 0.0, 0.0, 1.0, 46.57426, 70520.83333, 0.0
1092, 1.14, 0.0, 0.0, 0.0, 1.0, 46.64, 70438.13861, 0.0
1093, 1.14141, 0.0, 0.0, 0.0, 1.0, 46.72727, 70359.64, 0.0
1094, 1.12121, 0.0, 0.0, 0.0, 1.0, 45.73737, 70279.38384, 0.0
1095, 1.12121, 0.0, 0.0, 0.0, 0.0, 45.67677, 70199.36364, 0.0
1096, 1.12245, 0.0, 0.0, 0.0, 1.0, 45.06122, 70119.79798, 0.0
1097, 1.12371, 0.0, 0.0, 0.0, 1.0, 44.47423, 70049.31633, 0.0
1098, 1.12371, 0.0, 0.0, 0.0, 0.0, 44.4433, 69977.02062, 0.0
1099, 1.12371, 0.0, 0.0, 0.0, 0.0, 44.42268, 69897.36082, 0.0
1100, 1.11458, 0.0, 0.0, 0.0, 1.0, 44.125, 69818.29897, 0.0
1101, 1.11458, 0.0, 0.0, 0.0, 0.0, 44.09375, 69737.77083, 0.0
1102, 1.11579, 0.0, 0.0, 0.0, 1.0, 44.21053, 69660.22917, 0.0
1103, 1.10753, 0.0, 0.0, 0.0, 1.0, 43.98925, 69582.91579, 0.0
1104, 1.10753, 0.0, 0.0, 0.0, 0.0, 43.95699, 69509.45161, 0.0
1105, 1.09783, 0.0, 0.0, 0.0, 1.0, 43.61957, 69431.58065, 0.0
1106, 1.09783, 0.0, 0.0, 0.0, 0.0, 43.58696, 69359.78261, 0.0
1107, 1.1, 0.0, 0.0, 0.0, 1.0, 43.68889, 69283.66304, 0.0
1108, 1.1, 0.0, 0.0, 0.0, 0.0, 43.66667, 69193.02222, 0.0
1109, 1.1, 0.0, 0.0, 0.0, 0.0, 43.62222, 69111.45556, 0.0
1110, 1.1, 0.0, 0.0, 0.0, 0.0, 43.57778, 69031.64444, 0.0
1111, 1.1, 0.0, 0.0, 0.0, 0.0, 43.52222, 68952.07778, 0.0
1112, 1.08989, 0.0, 0.0, 0.0, 1.0, 43.19101, 68875.25556, 0.0
1113, 1.09091, 0.0, 0.0, 0.0, 1.0, 43.35227, 68795.92135, 0.0
1114, 1.09091, 0.0, 0.0, 0.0, 0.0, 43.30682, 68719.89773, 0.0
1115, 1.09412, 0.0, 0.0, 0.0, 1.0, 43.84706, 68643.125, 0.0
1116, 1.09639, 0.0, 0.0, 0.0, 1.0, 44.14458, 68556.32941, 0.0
1117, 1.09639, 0.0, 0.0, 0.0, 0.0, 44.14458, 68453.43373, 0.0
1118, 1.09756, 0.0, 0.0, 0.0, 1.0, 44.32927, 68377.27711, 0.0
1119, 1.09756, 0.0, 0.0, 0.0, 0.0, 44.26829, 68302.26829, 0.0
1120, 1.08537, 0.0, 0.0, 0.0, 1.0, 43.82927, 68223.92683, 0.0
1121, 1.08642, 0.0, 0.0, 0.0, 1.0, 43.96296, 68145.15854, 0.0
1122, 1.08642, 0.0, 0.0, 0.0, 0.0, 43.93827, 68053.69136, 0.0
1123, 1.08642, 0.0, 0.0, 0.0, 0.0, 43.92593, 67977.32099, 0.0
1124, 1.08861, 0.0, 0.0, 0.0, 1.0, 44.31646, 67901.75309, 0.0
1125, 1.08974, 0.0, 0.0, 0.0, 1.0, 44.42308, 67768.46835, 0.0
1126, 1.09091, 0.0, 0.0, 0.0, 1.0, 43.97403, 67681.07692, 0.0
1127, 1.09211, 0.0, 0.0, 0.0, 1.0, 43.76316, 67604.1039, 0.0
1128, 1.09211, 0.0, 0.0, 0.0, 0.0, 43.68421, 67526.48684, 0.0
1129, 1.09333, 0.0, 0.0, 0.0, 1.0, 43.89333, 67449.59211, 0.0
1130, 1.09333, 0.0, 0.0, 0.0, 0.0, 43.76, 67378.22667, 0.0
1131, 1.09333, 0.0, 0.0, 0.0, 0.0, 43.72, 67302.81333, 0.0
1132, 1.09333, 0.0, 0.0, 0.0, 0.0, 43.66667, 67225.6, 0.0
1133, 1.09459, 0.0, 0.0, 0.0, 1.0, 40.58108, 67152.85333, 0.0
1134, 1.09589, 0.0, 0.0, 0.0, 1.0, 40.71233, 67053.54054, 0.0
1135, 1.09589, 0.0, 0.0, 0.0, 0.0, 40.63014, 66983.47945, 0.0
1136, 1.09722, 0.0, 0.0, 0.0, 1.0, 40.72222, 66906.05479, 0.0
1137, 1.09722, 0.0, 0.0, 0.0, 0.0, 40.625, 66822.47222, 0.0
1138, 1.09722, 0.0, 0.0, 0.0, 0.0, 40.55556, 66745.95833, 0.0
1139, 1.09722, 0.0, 0.0, 0.0, 0.0, 40.48611, 66669.18056, 0.0
1140, 1.09722, 0.0, 0.0, 0.0, 0.0, 40.45833, 66591.73611, 0.0
1141, 1.09722, 0.0, 0.0, 0.0, 0.0, 40.41667, 66514.91667, 0.0
1142, 1.09722, 0.0, 0.0, 0.0, 0.0, 40.33333, 66439.58333, 0.0
1143, 1.09859, 0.0, 0.0, 0.0, 1.0, 40.47887, 66364.95833, 0.0
1144, 1.09859, 0.0, 0.0, 0.0, 0.0, 40.4507, 66294.83099, 0.0
1145, 1.09859, 0.0, 0.0, 0.0, 0.0, 40.42254, 66217.78873, 0.0
1146, 1.1, 0.0, 0.0, 0.0, 1.0, 40.12857, 66144.98592, 0.0
1147, 1.10145, 0.0, 0.0, 0.0, 1.0, 40.31884, 66080.55714, 0.0
1148, 1.08955, 0.0, 0.0, 0.0, 1.0, 39.79104, 66015.52174, 0.0
1149, 1.08955, 0.0, 0.0, 0.0, 0.0, 39.73134, 65947.43284, 0.0
1150, 1.08955, 0.0, 0.0, 0.0, 0.0, 39.67164, 65874.20896, 0.0
1151, 1.08955, 0.0, 0.0, 0.0, 0.0, 39.64179, 65797.97015, 0.0
1152, 1.09375, 0.0, 0.0, 0.0, 1.0, 40.0625, 65726.26866, 0.0
1153, 1.09677, 0.0, 0.0, 0.0, 1.0, 40.30645, 65688.875, 0.0
1154, 1.09677, 0.0, 0.0, 0.0, 0.0, 40.27419, 65603.1129, 0.0
1155, 1.09677, 0.0, 0.0, 0.0, 0.0, 40.20968, 65528.67742, 0.0
1156, 1.09677, 0.0, 0.0, 0.0, 0.0, 40.16129, 65454.51613, 0.0
1157, 1.09836, 0.0, 0.0, 0.0, 1.0, 39.93443, 65381.54839, 0.0
1158, 1.09836, 0.0, 0.0, 0.0, 0.0, 39.90164, 65319.47541, 0.0
1159, 1.1, 0.0, 0.0, 0.0, 1.0, 40.48333, 65247.88525, 0.0
1160, 1.1, 0.0, 0.0, 0.0, 0.0, 40.45, 65160.08333, 0.0
1161, 1.1, 0.0, 0.0, 0.0, 0.0, 40.43333, 65085.36667, 0.0
1162, 1.1, 0.0, 0.0, 0.0, 0.0, 40.36667, 65011.71667, 0.0
1163, 1.08333, 0.0, 0.0, 0.0, 1.0, 39.75, 64937.05, 0.0
1164, 1.08333, 0.0, 0.0, 0.0, 0.0, 39.7, 64861.56667, 0.0
1165, 1.08333, 0.0, 0.0, 0.0, 0.0, 39.65, 64789.11667, 0.0
1166, 1.08333, 0.0, 0.0, 0.0, 0.0, 39.56667, 64716.46667, 0.0
1167, 1.08333, 0.0, 0.0, 0.0, 0.0, 39.53333, 64641.71667, 0.0
1168, 1.08333, 0.0, 0.0, 0.0, 0.0, 39.5, 64569.68333, 0.0
1169, 1.08475, 0.0, 0.0, 0.0, 1.0, 39.71186, 64497.93333, 0.0
1170, 1.08621, 0.0, 0.0, 0.0, 1.0, 40.01724, 64429.05085, 0.0
1171, 1.08929, 0.0, 0.0, 0.0, 1.0, 40.03571, 64358.01724, 0.0
1172, 1.08929, 0.0, 0.0, 0.0, 0.0, 40.0, 64264.26786, 0.0
1173, 1.09091, 0.0, 0.0, 0.0, 1.0, 40.05455, 64192.58929, 0.0
1174, 1.09091, 0.0, 0.0, 0.0, 0.0, 40.03636, 64113.34545, 0.0
1175, 1.09259, 0.0, 0.0, 0.0, 1.0, 40.12963, 64039.32727, 0.0
1176, 1.09434, 0.0, 0.0, 0.0, 1.0, 40.24528, 63966.48148, 0.0
1177, 1.09434, 0.0, 0.0, 0.0, 0.0, 40.22642, 63891.4717, 0.0
1178, 1.09434, 0.0, 0.0, 0.0, 0.0, 40.20755, 63820.5283, 0.0
1179, 1.09434, 0.0, 0.0, 0.0, 0.0, 40.13208, 63749.09434, 0.0
1180, 1.07692, 0.0, 0.0, 0.0, 1.0, 39.78846, 63678.35849, 0.0
1181, 1.07692, 0.0, 0.0, 0.0, 0.0, 39.73077, 63599.71154, 0.0
1182, 1.07692, 0.0, 0.0, 0.0, 0.0, 39.73077, 63526.69231, 0.0
1183, 1.08, 0.0, 0.0, 0.0, 1.0, 40.32, 63455.40385, 0.0
1184, 1.08163, 0.0, 0.0, 0.0, 1.0, 40.4898, 63386.24, 0.0
1185, 1.08333, 0.0, 0.0, 0.0, 1.0, 40.77083, 63300.18367, 0.0
1186, 1.08333, 0.0, 0.0, 0.0, 0.0, 40.72917, 63228.8125, 0.0
1187, 1.08333, 0.0, 0.0, 0.0, 0.0, 40.64583, 63156.25, 0.0
1188, 1.08333, 0.0, 0.0, 0.0, 0.0, 40.60417, 63085.79167, 0.0
1189, 1.08333, 0.0, 0.0, 0.0, 0.0, 40.5625, 63013.1875, 0.0
1190, 1.08696, 0.0, 0.0, 0.0, 1.0, 40.73913, 62943.60417, 0.0
1191, 1.08696, 0.0, 0.0, 0.0, 0.0, 40.69565, 62857.52174, 0.0
1192, 1.08696, 0.0, 0.0, 0.0, 0.0, 40.63043, 62786.1087, 0.0
1193, 1.08696, 0.0, 0.0, 0.0, 0.0, 40.58696, 62714.86957, 0.0
1194, 1.08889, 0.0, 0.0, 0.0, 1.0, 40.33333, 62643.5, 0.0
1195, 1.09091, 0.0, 0.0, 0.0, 1.0, 40.38636, 62596.08889, 0.0
1196, 1.09302, 0.0, 0.0, 0.0, 1.0, 40.72093, 62534.29545, 0.0
1197, 1.09302, 0.0, 0.0, 0.0, 0.0, 40.67442, 62442.5814, 0.0
1198, 1.09302, 0.0, 0.0, 0.0, 0.0, 40.67442, 62375.76744, 0.0
1199, 1.09302, 0.0, 0.0, 0.0, 0.0, 40.62791, 62304.34884, 0.0
1200, 1.09524, 0.0, 0.0, 0.0, 1.0, 40.88095, 62236.7907, 0.0
1201, 1.09524, 0.0, 0.0, 0.0, 0.0, 40.83333, 62161.97619, 0.0
1202, 1.09756, 0.0, 0.0, 0.0, 1.0, 40.39024, 62093.5, 0.0
1203, 1.09756, 0.0, 0.0, 0.0, 0.0, 40.34146, 62013.34146, 0.0
1204, 1.09756, 0.0, 0.0, 0.0, 0.0, 40.29268, 61942.41463, 0.0
1205, 1.09756, 0.0, 0.0, 0.0, 0.0, 40.29268, 61871.90244, 0.0
1206, 1.10256, 0.0, 0.0, 0.0, 1.0, 40.58974, 61804.95122, 0.0
1207, 1.10256, 0.0, 0.0, 0.0, 0.0, 40.4359, 61704.46154, 0.0
1208, 1.10256, 0.0, 0.0, 0.0, 0.0, 40.41026, 61635.4359, 0.0
1209, 1.10256, 0.0, 0.0, 0.0, 0.0, 40.30769, 61564.15385, 0.0
1210, 1.10526, 0.0, 0.0, 0.0, 1.0, 40.57895, 61493.64103, 0.0
1211, 1.10526, 0.0, 0.0, 0.0, 0.0, 40.55263, 61441.23684, 0.0
1212, 1.10526, 0.0, 0.0, 0.0, 0.0, 40.52632, 61372.21053, 0.0
1213, 1.10526, 0.0, 0.0, 0.0, 0.0, 40.44737, 61302.07895, 0.0
1214, 1.10526, 0.0, 0.0, 0.0, 0.0, 40.42105, 61231.76316, 0.0
1215, 1.10526, 0.0, 0.0, 0.0, 0.0, 40.39474, 61162.34211, 0.0
1216, 1.10526, 0.0, 0.0, 0.0, 0.0, 40.36842, 61091.39474, 0.0
1217, 1.10526, 0.0, 0.0, 0.0, 0.0, 40.31579, 61021.44737, 0.0
1218, 1.10526, 0.0, 0.0, 0.0, 0.0, 40.26316, 60952.84211, 0.0
1219, 1.10526, 0.0, 0.0, 0.0, 0.0, 40.23684, 60881.68421, 0.0
1220, 1.10526, 0.0, 0.0, 0.0, 0.0, 40.21053, 60813.86842, 0.0
1221, 1.10526, 0.0, 0.0, 0.0, 0.0, 40.18421, 60743.68421, 0.0
1222, 1.10526, 0.0, 0.0, 0.0, 0.0, 40.15789, 60672.42105, 0.0
1223, 1.10526, 0.0, 0.0, 0.0, 0.0, 40.13158, 60603.26316, 0.0
1224, 1.10811, 0.0, 0.0, 0.0, 1.0, 40.56757, 60535.97368, 0.0
1225, 1.11111, 0.0, 0.0, 0.0, 1.0, 41.02778, 60480.89189, 0.0
1226, 1.11111, 0.0, 0.0, 0.0, 0.0, 41.0, 60362.47222, 0.0
1227, 1.11111, 0.0, 0.0, 0.0, 0.0, 40.94444, 60294.08333, 0.0
1228, 1.11111, 0.0, 0.0, 0.0, 0.0, 40.86111, 60224.13889, 0.0
1229, 1.11111, 0.0, 0.0, 0.0, 0.0, 40.86111, 60155.69444, 0.0
1230, 1.11111, 0.0, 0.0, 0.0, 0.0, 40.86111, 60087.38889, 0.0
1231, 1.11111, 0.0, 0.0, 0.0, 0.0, 40.86111, 60018.44444, 0.0
1232, 1.11111, 0.0, 0.0, 0.0, 0.0, 40.83333, 59948.94444, 0.0
1233, 1.11429, 0.0, 0.0, 0.0, 1.0, 39.6, 59882.16667, 0.0
1234, 1.11429, 0.0, 0.0, 0.0, 0.0, 39.6, 59798.54286, 0.0
1235, 1.11765, 0.0, 0.0, 0.0, 1.0, 40.02941, 59731.62857, 0.0
1236, 1.08824, 0.0, 0.0, 0.0, 1.0, 39.29412, 59625.35294, 0.0
1237, 1.08824, 0.0, 0.0, 0.0, 0.0, 39.23529, 59554.02941, 0.0
1238, 1.08824, 0.0, 0.0, 0.0, 0.0, 39.14706, 59487.08824, 0.0
1239, 1.08824, 0.0, 0.0, 0.0, 0.0, 39.11765, 59422.67647, 0.0
1240, 1.08824, 0.0, 0.0, 0.0, 0.0, 39.05882, 59354.02941, 0.0
1241, 1.09091, 0.0, 0.0, 0.0, 1.0, 40.21212, 59287.44118, 0.0
1242, 1.09091, 0.0, 0.0, 0.0, 0.0, 40.21212, 59225.66667, 0.0
1243, 1.09091, 0.0, 0.0, 0.0, 0.0, 40.21212, 59158.09091, 0.0
1244, 1.09091, 0.0, 0.0, 0.0, 0.0, 40.18182, 59090.33333, 0.0
1245, 1.09375, 0.0, 0.0, 0.0, 1.0, 40.34375, 59027.45455, 0.0
1246, 1.09375, 0.0, 0.0, 0.0, 0.0, 40.28125, 58931.4375, 0.0
1247, 1.09375, 0.0, 0.0, 0.0, 0.0, 40.1875, 58864.625, 0.0
1248, 1.09375, 0.0, 0.0, 0.0, 0.0, 40.09375, 58799.40625, 0.0
1249, 1.0625, 0.0, 0.0, 0.0, 1.0, 39.25, 58731.125, 0.0
1250, 1.0625, 0.0, 0.0, 0.0, 0.0, 39.125, 58662.78125, 0.0
1251, 1.0625, 0.0, 0.0, 0.0, 0.0, 39.09375, 58595.625, 0.0
1252, 1.06452, 0.0, 0.0, 0.0, 1.0, 37.90323, 58533.71875, 0.0
1253, 1.06452, 0.0, 0.0, 0.0, 0.0, 37.87097, 58481.80645, 0.0
1254, 1.06452, 0.0, 0.0, 0.0, 0.0, 37.77419, 58412.32258, 0.0
1255, 1.06452, 0.0, 0.0, 0.0, 0.0, 37.77419, 58345.87097, 0.0
1256, 1.06452, 0.0, 0.0, 0.0, 0.0, 37.74194, 58281.70968, 0.0
1257, 1.06452, 0.0, 0.0, 0.0, 0.0, 37.67742, 58217.80645, 0.0
1258, 1.06667, 0.0, 0.0, 0.0, 1.0, 33.5, 58158.3871, 0.0
1259, 1.06667, 0.0, 0.0, 0.0, 0.0, 33.4, 58063.2, 0.0
1260, 1.06667, 0.0, 0.0, 0.0, 0.0, 33.36667, 57997.6, 0.0
1261, 1.06897, 0.0, 0.0, 0.0, 1.0, 33.62069, 57933.43333, 0.0
1262, 1.06897, 0.0, 0.0, 0.0, 0.0, 33.62069, 57864.75862, 0.0
1263, 1.06897, 0.0, 0.0, 0.0, 0.0, 33.62069, 57797.86207, 0.0
1264, 1.06897, 0.0, 0.0, 0.0, 0.0, 33.58621, 57731.58621, 0.0
1265, 1.06897, 0.0, 0.0, 0.0, 0.0, 33.58621, 57662.86207, 0.0
1266, 1.06897, 0.0, 0.0, 0.0, 0.0, 33.58621, 57601.27586, 0.0
1267, 1.06897, 0.0, 0.0, 0.0, 0.0, 33.51724, 57538.62069, 0.0
1268, 1.07143, 0.0, 0.0, 0.0, 1.0, 33.64286, 57475.48276, 0.0
1269, 1.07143, 0.0, 0.0, 0.0, 0.0, 33.53571, 57445.03571, 0.0
1270, 1.07143, 0.0, 0.0, 0.0, 0.0, 33.5, 57380.92857, 0.0
1271, 1.07143, 0.0, 0.0, 0.0, 0.0, 33.5, 57313.03571, 0.0
1272, 1.07407, 0.0, 0.0, 0.0, 1.0, 33.85185, 57251.35714, 0.0
1273, 1.07407, 0.0, 0.0, 0.0, 0.0, 33.74074, 57159.66667, 0.0
1274, 1.07407, 0.0, 0.0, 0.0, 0.0, 33.74074, 57096.0, 0.0
1275, 1.07407, 0.0, 0.0, 0.0, 0.0, 33.74074, 57031.92593, 0.0
1276, 1.07407, 0.0, 0.0, 0.0, 0.0, 33.7037, 56970.48148, 0.0
1277, 1.07407, 0.0, 0.0, 0.0, 0.0, 33.62963, 56903.7037, 0.0
1278, 1.07407, 0.0, 0.0, 0.0, 0.0, 33.59259, 56835.85185, 0.0
1279, 1.07407, 0.0, 0.0, 0.0, 0.0, 33.55556, 56769.2963, 0.0
1280, 1.07407, 0.0, 0.0, 0.0, 0.0, 33.51852, 56704.96296, 0.0
1281, 1.07407, 0.0, 0.0, 0.0, 0.0, 33.51852, 56638.14815, 0.0
1282, 1.07407, 0.0, 0.0, 0.0, 0.0, 33.48148, 56573.11111, 0.0
1283, 1.07407, 0.0, 0.0, 0.0, 0.0, 33.44444, 56505.92593, 0.0
1284, 1.07407, 0.0, 0.0, 0.0, 0.0, 33.44444, 56441.0, 0.0
1285, 1.07407, 0.0, 0.0, 0.0, 0.0, 33.44444, 56378.7037, 0.0
1286, 1.07692, 0.0, 0.0, 0.0, 1.0, 33.73077, 56316.03704, 0.0
1287, 1.08, 0.0, 0.0, 0.0, 1.0, 34.32, 56288.0, 0.0
1288, 1.08, 0.0, 0.0, 0.0, 0.0, 34.32, 56201.84, 0.0
1289, 1.08, 0.0, 0.0, 0.0, 0.0, 34.32, 56140.08, 0.0
1290, 1.08, 0.0, 0.0, 0.0, 0.0, 34.32, 56075.16, 0.0
1291, 1.08, 0.0, 0.0, 0.0, 0.0, 34.16, 56012.04, 0.0
1292, 1.08333, 0.0, 0.0, 0.0, 1.0, 34.66667, 55948.96, 0.0
1293, 1.08333, 0.0, 0.0, 0.0, 0.0, 34.625, 55900.29167, 0.0
1294, 1.08333, 0.0, 0.0, 0.0, 0.0, 34.58333, 55835.83333, 0.0
1295, 1.08333, 0.0, 0.0, 0.0, 0.0, 34.54167, 55772.875, 0.0
1296, 1.08696, 0.0, 0.0, 0.0, 1.0, 35.21739, 55713.375, 0.0
1297, 1.08696, 0.0, 0.0, 0.0, 0.0, 35.08696, 55678.04348, 0.0
1298, 1.08696, 0.0, 0.0, 0.0, 0.0, 35.08696, 55616.6087, 0.0
1299, 1.09524, 0.0, 0.0, 0.0, 1.0, 35.95238, 55560.34783, 0.0
1300, 1.09524, 0.0, 0.0, 0.0, 0.0, 35.90476, 55466.80952, 0.0
1301, 1.09524, 0.0, 0.0, 0.0, 0.0, 35.85714, 55405.61905, 0.0
1302, 1.09524, 0.0, 0.0, 0.0, 0.0, 35.80952, 55341.09524, 0.0
1303, 1.09524, 0.0, 0.0, 0.0, 0.0, 35.7619, 55277.47619, 0.0
1304, 1.1, 0.0, 0.0, 0.0, 1.0, 36.5, 55216.14286, 0.0
1305, 1.1, 0.0, 0.0, 0.0, 0.0, 36.4, 55166.6, 0.0
1306, 1.1, 0.0, 0.0, 0.0, 0.0, 36.3, 55101.65, 0.0
1307, 1.1, 0.0, 0.0, 0.0, 0.0, 36.25, 55039.85, 0.0
1308, 1.10526, 0.0, 0.0, 0.0, 1.0, 36.42105, 54982.15, 0.0
1309, 1.10526, 0.0, 0.0, 0.0, 0.0, 36.42105, 54954.57895, 0.0
1310, 1.11765, 0.0, 0.0, 0.0, 1.0, 36.64706, 54896.36842, 0.0
1311, 1.11765, 0.0, 0.0, 0.0, 0.0, 36.64706, 54870.94118, 0.0
1312, 1.11765, 0.0, 0.0, 0.0, 0.0, 36.64706, 54805.70588, 0.0
1313, 1.11765, 0.0, 0.0, 0.0, 0.0, 36.58824, 54743.70588, 0.0
1314, 1.11765, 0.0, 0.0, 0.0, 0.0, 36.41176, 54678.82353, 0.0
1315, 1.11765, 0.0, 0.0, 0.0, 0.0, 36.41176, 54615.35294, 0.0
1316, 1.11765, 0.0, 0.0, 0.0, 0.0, 36.41176, 54556.17647, 0.0
1317, 1.11765, 0.0, 0.0, 0.0, 0.0, 36.41176, 54497.52941, 0.0
1318, 1.11765, 0.0, 0.0, 0.0, 0.0, 36.35294, 54436.70588, 0.0
1319, 1.11765, 0.0, 0.0, 0.0, 0.0, 36.35294, 54377.58824, 0.0
1320, 1.11765, 0.0, 0.0, 0.0, 0.0, 36.35294, 54317.82353, 0.0
1321, 1.11765, 0.0, 0.0, 0.0, 0.0, 36.29412, 54252.11765, 0.0
1322, 1.11765, 0.0, 0.0, 0.0, 0.0, 36.23529, 54191.88235, 0.0
1323, 1.11765, 0.0, 0.0, 0.0, 0.0, 36.23529, 54129.29412, 0.0
1324, 1.05882, 0.0, 0.0, 0.0, 1.0, 35.17647, 54066.58824, 0.0
1325, 1.0625, 0.0, 0.0, 0.0, 1.0, 35.8125, 54006.35294, 0.0
1326, 1.0625, 0.0, 0.0, 0.0, 0.0, 35.75, 53953.1875, 0.0
1327, 1.06667, 0.0, 0.0, 0.0, 1.0, 36.13333, 53895.9375, 0.0
1328, 1.06667, 0.0, 0.0, 0.0, 0.0, 36.13333, 53876.33333, 0.0
1329, 1.06667, 0.0, 0.0, 0.0, 0.0, 36.13333, 53814.2, 0.0
1330, 1.07143, 0.0, 0.0, 0.0, 1.0, 37.42857, 53755.66667, 0.0
1331, 1.07143, 0.0, 0.0, 0.0, 0.0, 37.42857, 53700.92857, 0.0
1332, 1.07143, 0.0, 0.0, 0.0, 0.0, 37.35714, 53643.42857, 0.0
1333, 1.07692, 0.0, 0.0, 0.0, 1.0, 38.0, 53589.85714, 0.0
1334, 1.07692, 0.0, 0.0, 0.0, 0.0, 38.0, 53516.38462, 0.0
1335, 1.07692, 0.0, 0.0, 0.0, 0.0, 37.92308, 53454.69231, 0.0
1336, 1.08333, 0.0, 0.0, 0.0, 1.0, 39.33333, 53398.30769, 0.0
1337, 1.08333, 0.0, 0.0, 0.0, 0.0, 39.25, 53361.41667, 0.0
1338, 1.08333, 0.0, 0.0, 0.0, 0.0, 39.25, 53300.75, 0.0
1339, 1.08333, 0.0, 0.0, 0.0, 0.0, 39.25, 53236.0, 0.0
1340, 1.09091, 0.0, 0.0, 0.0, 1.0, 40.27273, 53179.33333, 0.0
1341, 1.09091, 0.0, 0.0, 0.0, 0.0, 40.18182, 53225.81818, 0.0
1342, 1.09091, 0.0, 0.0, 0.0, 0.0, 40.18182, 53161.45455, 0.0
1343, 1.1, 0.0, 0.0, 0.0, 1.0, 41.9, 53103.27273, 0.0
1344, 1.1, 0.0, 0.0, 0.0, 0.0, 41.8, 53034.3, 0.0
1345, 1.1, 0.0, 0.0, 0.0, 0.0, 41.8, 52978.3, 0.0
1346, 1.0, 0.0, 0.0, 0.0, 1.0, 39.5, 52919.2, 0.0
1347, 1.0, 0.0, 0.0, 0.0, 0.0, 39.5, 52856.9, 0.0
1348, 1.0, 0.0, 0.0, 0.0, 0.0, 39.5, 52792.8, 0.0
1349, 1.0, 0.0, 0.0, 0.0, 0.0, 39.5, 52735.7, 0.0
1350, 1.0, 0.0, 0.0, 0.0, 0.0, 39.4, 52677.3, 0.0
1351, 1.0, 0.0, 0.0, 0.0, 0.0, 39.4, 52617.4, 0.0
1352, 1.0, 0.0, 0.0, 0.0, 0.0, 39.4, 52558.2, 0.0
1353, 1.0, 0.0, 0.0, 0.0, 0.0, 39.4, 52498.0, 0.0
1354, 1.0, 0.0, 0.0, 0.0, 0.0, 39.3, 52436.2, 0.0
1355, 1.0, 0.0, 0.0, 0.0, 0.0, 39.3, 52379.5, 0.0
1356, 1.0, 0.0, 0.0, 0.0, 0.0, 39.3, 52319.5, 0.0
1357, 1.0, 0.0, 0.0, 0.0, 0.0, 39.3, 52261.9, 0.0
1358, 1.0, 0.0, 0.0, 0.0, 0.0, 39.2, 52201.7, 0.0
1359, 1.0, 0.0, 0.0, 0.0, 0.0, 39.2, 52143.8, 0.0
1360, 1.0, 0.0, 0.0, 0.0, 0.0, 39.1, 52084.4, 0.0
1361, 1.0, 0.0, 0.0, 0.0, 0.0, 39.1, 52020.2, 0.0
1362, 1.0, 0.0, 0.0, 0.0, 0.0, 38.9, 51961.8, 0.0
1363, 1.0, 0.0, 0.0, 0.0, 0.0, 38.8, 51901.7, 0.0
1364, 1.0, 0.0, 0.0, 0.0, 0.0, 38.8, 51842.0, 0.0
1365, 1.0, 0.0, 0.0, 0.0, 0.0, 38.7, 51785.9, 0.0
1366, 1.0, 0.0, 0.0, 0.0, 0.0, 38.7, 51730.6, 0.0
1367, 1.0, 0.0, 0.0, 0.0, 0.0, 38.7, 51670.0, 0.0
1368, 1.0, 0.0, 0.0, 0.0, 0.0, 38.7, 51607.4, 0.0
1369, 1.0, 0.0, 0.0, 0.0, 0.0, 38.7, 51547.6, 0.0
1370, 1.0, 0.0, 0.0, 0.0, 0.0, 38.7, 51491.1, 0.0
1371, 1.0, 0.0, 0.0, 0.0, 0.0, 38.7, 51431.0, 0.0
1372, 1.0, 0.0, 0.0, 0.0, 0.0, 38.6, 51372.2, 0.0
1373, 1.0, 0.0, 0.0, 0.0, 0.0, 38.5, 51309.8, 0.0
1374, 1.0, 0.0, 0.0, 0.0, 0.0, 38.4, 51255.3, 0.0
1375, 1.0, 0.0, 0.0, 0.0, 0.0, 38.3, 51201.2, 0.0
1376, 1.0, 0.0, 0.0, 0.0, 0.0, 38.3, 51141.6, 0.0
1377, 1.0, 0.0, 0.0, 0.0, 0.0, 38.3, 51082.0, 0.0
1378, 1.0, 0.0, 0.0, 0.0, 0.0, 38.3, 51021.8, 0.0
1379, 1.0, 0.0, 0.0, 0.0, 0.0, 38.2, 50965.6, 0.0
1380, 1.0, 0.0, 0.0, 0.0, 0.0, 38.0, 50906.7, 0.0
1381, 1.0, 0.0, 0.0, 0.0, 0.0, 38.0, 50850.7, 0.0
1382, 1.0, 0.0, 0.0, 0.0, 0.0, 38.0, 50794.8, 0.0
1383, 1.0, 0.0, 0.0, 0.0, 0.0, 38.0, 50737.1, 0.0
1384, 1.0, 0.0, 0.0, 0.0, 1.0, 35.55556, 50693.7, 0.0
1385, 1.0, 0.0, 0.0, 0.0, 0.0, 35.55556, 50558.22222, 0.0
1386, 1.0, 0.0, 0.0, 0.0, 0.0, 35.55556, 50501.77778, 0.0
1387, 1.0, 0.0, 0.0, 0.0, 0.0, 35.44444, 50440.55556, 0.0
1388, 1.0, 0.0, 0.0, 0.0, 0.0, 35.44444, 50381.88889, 0.0
1389, 1.0, 0.0, 0.0, 0.0, 0.0, 35.33333, 50320.77778, 0.0
1390, 1.0, 0.0, 0.0, 0.0, 0.0, 35.22222, 50266.55556, 0.0
1391, 1.0, 0.0, 0.0, 0.0, 0.0, 35.11111, 50207.44444, 0.0
1392, 1.0, 0.0, 0.0, 0.0, 0.0, 35.11111, 50156.0, 0.0
1393, 1.0, 0.0, 0.0, 0.0, 0.0, 34.88889, 50098.0, 0.0
1394, 1.0, 0.0, 0.0, 0.0, 0.0, 34.88889, 50040.88889, 0.0
1395, 1.0, 0.0, 0.0, 0.0, 0.0, 34.77778, 49980.77778, 0.0
1396, 1.0, 0.0, 0.0, 0.0, 0.0, 34.66667, 49918.77778, 0.0
1397, 1.0, 0.0, 0.0, 0.0, 0.0, 34.55556, 49862.11111, 0.0
1398, 1.0, 0.0, 0.0, 0.0, 0.0, 34.44444, 49804.0, 0.0
1399, 1.0, 0.0, 0.0, 0.0, 0.0, 34.44444, 49747.77778, 0.0
1400, 1.0, 0.0, 0.0, 0.0, 0.0, 34.44444, 49693.77778, 0.0
1401, 1.0, 0.0, 0.0, 0.0, 0.0, 34.33333, 49638.55556, 0.0
1402, 1.0, 0.0, 0.0, 0.0, 0.0, 34.22222, 49585.55556, 0.0
1403, 1.0, 0.0, 0.0, 0.0, 0.0, 34.22222, 49528.77778, 0.0
1404, 1.0, 0.0, 0.0, 0.0, 1.0, 35.875, 49474.77778, 0.0
1405, 1.0, 0.0, 0.0, 0.0, 0.0, 35.875, 49305.0, 0.0
1406, 1.0, 0.0, 0.0, 0.0, 0.0, 35.875, 49250.75, 0.0
1407, 1.0, 0.0, 0.0, 0.0, 0.0, 35.75, 49190.375, 0.0
1408, 1.0, 0.0, 0.0, 0.0, 1.0, 38.85714, 49142.125, 0.0
1409, 1.0, 0.0, 0.0, 0.0, 0.0, 38.71429, 49002.57143, 0.0
1410, 1.0, 0.0, 0.0, 0.0, 0.0, 38.71429, 48945.85714, 0.0
1411, 1.0, 0.0, 0.0, 0.0, 0.0, 38.57143, 48885.0, 0.0
1412, 1.0, 0.0, 0.0, 0.0, 0.0, 38.42857, 48827.42857, 0.0
1413, 1.0, 0.0, 0.0, 0.0, 1.0, 34.0, 48781.28571, 0.0
1414, 1.0, 0.0, 0.0, 0.0, 0.0, 34.0, 48636.83333, 0.0
1415, 1.0, 0.0, 0.0, 0.0, 0.0, 34.0, 48587.66667, 0.0
1416, 1.0, 0.0, 0.0, 0.0, 0.0, 34.0, 48530.83333, 0.0
1417, 1.0, 0.0, 0.0, 0.0, 0.0, 33.66667, 48469.33333, 0.0
1418, 1.0, 0.0, 0.0, 0.0, 0.0, 33.66667, 48414.16667, 0.0
1419, 1.0, 0.0, 0.0, 0.0, 0.0, 33.66667, 48363.66667, 0.0
1420, 1.0, 0.0, 0.0, 0.0, 0.0, 33.5, 48308.66667, 0.0
1421, 1.0, 0.0, 0.0, 0.0, 0.0, 33.5, 48258.0, 0.0
1422, 1.0, 0.0, 0.0, 0.0, 0.0, 33.16667, 48206.0, 0.0
1423, 1.0, 0.0, 0.0, 0.0, 0.0, 33.16667, 48151.16667, 0.0
1424, 1.0, 0.0, 0.0, 0.0, 0.0, 33.16667, 48095.33333, 0.0
1425, 1.0, 0.0, 0.0, 0.0, 0.0, 33.16667, 48038.33333, 0.0
1426, 1.0, 0.0, 0.0, 0.0, 0.0, 33.16667, 47980.5, 0.0
1427, 1.0, 0.0, 0.0, 0.0, 0.0, 33.16667, 47929.33333, 0.0
1428, 1.0, 0.0, 0.0, 0.0, 0.0, 33.0, 47873.33333, 0.0
1429, 1.0, 0.0, 0.0, 0.0, 1.0, 31.6, 47820.33333, 0.0
1430, 1.0, 0.0, 0.0, 0.0, 0.0, 31.6, 47732.6, 0.0
1431, 1.0, 0.0, 0.0, 0.0, 0.0, 31.6, 47679.8, 0.0
1432, 1.0, 0.0, 0.0, 0.0, 0.0, 31.6, 47621.0, 0.0
1433, 1.0, 0.0, 0.0, 0.0, 0.0, 31.6, 47566.6, 0.0
1434, 1.0, 0.0, 0.0, 0.0, 0.0, 31.6, 47515.6, 0.0
1435, 1.0, 0.0, 0.0, 0.0, 1.0, 24.25, 47475.6, 0.0
1436, 1.0, 0.0, 0.0, 0.0, 0.0, 24.25, 47285.75, 0.0
1437, 1.0, 0.0, 0.0, 0.0, 0.0, 24.0, 47234.0, 0.0
1438, 1.0, 0.0, 0.0, 0.0, 0.0, 24.0, 47179.25, 0.0
1439, 1.0, 0.0, 0.0, 0.0, 0.0, 24.0, 47124.5, 0.0
1440, 1.0, 0.0, 0.0, 0.0, 0.0, 24.0, 47068.75, 0.0
1441, 1.0, 0.0, 0.0, 0.0, 0.0, 24.0, 47011.75, 0.0
1442, 1.0, 0.0, 0.0, 0.0, 0.0, 24.0, 46959.0, 0.0
1443, 1.0, 0.0, 0.0, 0.0, 0.0, 23.75, 46897.5, 0.0
1444, 1.0, 0.0, 0.0, 0.0, 0.0, 23.75, 46840.25, 0.0
1445, 1.0, 0.0, 0.0, 0.0, 0.0, 23.75, 46785.0, 0.0
1446, 1.0, 0.0, 0.0, 0.0, 0.0, 23.75, 46733.25, 0.0
1447, 1.0, 0.0, 0.0, 0.0, 0.0, 23.5, 46681.5, 0.0
1448, 1.0, 0.0, 0.0, 0.0, 0.0, 23.5, 46637.5, 0.0
1449, 1.0, 0.0, 0.0, 0.0, 0.0, 23.5, 46588.25, 0.0
1450, 1.0, 0.0, 0.0, 0.0, 0.0, 23.5, 46533.75, 0.0
1451, 1.0, 0.0, 0.0, 0.0, 0.0, 23.5, 46487.75, 0.0
1452, 1.0, 0.0, 0.0, 0.0, 1.0, 21.33333, 46456.5, 0.0
1453, 1.0, 0.0, 0.0, 0.0, 0.0, 21.33333, 46439.66667, 0.0
1454, 1.0, 0.0, 0.0, 0.0, 0.0, 21.33333, 46384.33333, 0.0
1455, 1.0, 0.0, 0.0, 0.0, 0.0, 21.33333, 46323.33333, 0.0
1456, 1.0, 0.0, 0.0, 0.0, 0.0, 21.33333, 46269.33333, 0.0
1457, 1.0, 0.0, 0.0, 0.0, 0.0, 21.33333, 46220.0, 0.0
1458, 1.0, 0.0, 0.0, 0.0, 0.0, 21.0, 46164.66667, 0.0
1459, 1.0, 0.0, 0.0, 0.0, 0.0, 21.0, 46109.33333, 0.0
1460, 1.0, 0.0, 0.0, 0.0, 0.0, 21.0, 46050.33333, 0.0
1461, 1.0, 0.0, 0.0, 0.0, 0.0, 21.0, 45995.66667, 0.0
1462, 1.0, 0.0, 0.0, 0.0, 0.0, 21.0, 45938.66667, 0.0
1463, 1.0, 0.0, 0.0, 0.0, 0.0, 21.0, 45882.66667, 0.0
1464, 1.0, 0.0, 0.0, 0.0, 0.0, 21.0, 45831.66667, 0.0
1465, 1.0, 0.0, 0.0, 0.0, 0.0, 21.0, 45779.33333, 0.0
1466, 1.0, 0.0, 0.0, 0.0, 0.0, 21.0, 45731.33333, 0.0
1467, 1.0, 0.0, 0.0, 0.0, 0.0, 21.0, 45674.33333, 0.0
1468, 1.0, 0.0, 0.0, 0.0, 0.0, 21.0, 45617.66667, 0.0
1469, 1.0, 0.0, 0.0, 0.0, 0.0, 21.0, 45568.66667, 0.0
1470, 1.0, 0.0, 0.0, 0.0, 0.0, 21.0, 45520.33333, 0.0
1471, 1.0, 0.0, 0.0, 0.0, 0.0, 21.0, 45463.66667, 0.0
1472, 1.0, 0.0, 0.0, 0.0, 0.0, 20.66667, 45417.66667, 0.0
1473, 1.0, 0.0, 0.0, 0.0, 0.0, 20.66667, 45364.33333, 0.0
1474, 1.0, 0.0, 0.0, 0.0, 0.0, 20.66667, 45319.33333, 0.0
1475, 1.0, 0.0, 0.0, 0.0, 0.0, 20.33333, 45267.33333, 0.0
1476, 1.0, 0.0, 0.0, 0.0, 0.0, 20.33333, 45204.33333, 0.0
1477, 1.0, 0.0, 0.0, 0.0, 1.0, 22.5, 45161.0, 0.0
1478, 1.0, 0.0, 0.0, 0.0, 0.0, 22.5, 45366.5, 0.0
1479, 1.0, 0.0, 0.0, 0.0, 0.0, 22.0, 45318.5, 0.0
1480, 1.0, 0.0, 0.0, 0.0, 0.0, 22.0, 45269.5, 0.0
1481, 1.0, 0.0, 0.0, 0.0, 0.0, 22.0, 45220.5, 0.0
1482, 1.0, 0.0, 0.0, 0.0, 0.0, 21.5, 45181.5, 0.0
1483, 1.0, 0.0, 0.0, 0.0, 0.0, 21.5, 45129.5, 0.0
1484, 1.0, 0.0, 0.0, 0.0, 0.0, 21.5, 45078.0, 0.0
1485, 1.0, 0.0, 0.0, 0.0, 0.0, 21.5, 45028.5, 0.0
1486, 1.0, 0.0, 0.0, 0.0, 0.0, 21.5, 44986.5, 0.0
1487, 1.0, 0.0, 0.0, 0.0, 0.0, 21.5, 44941.5, 0.0
1488, 1.0, 0.0, 0.0, 0.0, 0.0, 21.5, 44892.5, 0.0
1489, 1.0, 0.0, 0.0, 0.0, 0.0, 21.5, 44836.5, 0.0
1490, 1.0, 0.0, 0.0, 0.0, 1.0, 21.0, 44814.5, 0.0
1491, 1.0, 0.0, 0.0, 0.0, 0.0, 21.0, 44685.0, 0.0
1492, 1.0, 0.0, 0.0, 0.0, 0.0, 21.0, 44629.0, 0.0
1493, 1.0, 0.0, 0.0, 0.0, 0.0, 21.0, 44582.0, 0.0
1494, 1.0, 0.0, 0.0, 0.0, 0.0, 21.0, 44541.0, 0.0
1495, 1.0, 0.0, 0.0, 0.0, 0.0, 21.0, 44494.0, 0.0
1496, 1.0, 0.0, 0.0, 0.0, 0.0, 21.0, 44452.0, 0.0
1497, 1.0, 0.0, 0.0, 0.0, 0.0, 21.0, 44407.0, 0.0
1498, 1.0, 0.0, 0.0, 0.0, 0.0, 21.0, 44357.0, 0.0
1499, 1.0, 0.0, 0.0, 0.0, 0.0, 21.0, 44301.0, 0.0
1500, 1.0, 0.0, 0.0, 0.0, 0.0, 21.0, 44243.0, 0.0
1501, 1.0, 0.0, 0.0, 0.0, 0.0, 21.0, 44184.0, 0.0
1502, 1.0, 0.0, 0.0, 0.0, 0.0, 21.0, 44142.0, 0.0
1503, 1.0, 0.0, 0.0, 0.0, 0.0, 21.0, 44082.0, 0.0
1504, 1.0, 0.0, 0.0, 0.0, 0.0, 21.0, 44032.0, 0.0
1505, 1.0, 0.0, 0.0, 0.0, 0.0, 21.0, 43997.0, 0.0
1506, 1.0, 0.0, 0.0, 0.0, 0.0, 21.0, 43945.0, 0.0
1507, 1.0, 0.0, 0.0, 0.0, 0.0, 21.0, 43885.0, 0.0
1508, 1.0, 0.0, 0.0, 0.0, 0.0, 21.0, 43830.0, 0.0
1509, 1.0, 0.0, 0.0, 0.0, 0.0, 21.0, 43785.0, 0.0
1510, 1.0, 0.0, 0.0, 0.0, 0.0, 21.0, 43734.0, 0.0
1511, 1.0, 0.0, 0.0, 0.0, 0.0, 21.0, 43677.0, 0.0
1512, 1.0, 0.0, 0.0, 0.0, 0.0, 21.0, 43618.0, 0.0
1513, 1.0, 0.0, 0.0, 0.0, 0.0, 21.0, 43572.0, 0.0
1514, 1.0, 0.0, 0.0, 0.0, 0.0, 21.0, 43527.0, 0.0
1515, 1.0, 0.0, 0.0, 0.0, 0.0, 21.0, 43472.0, 0.0
1516, 1.0, 0.0, 0.0, 0.0, 0.0, 21.0, 43428.0, 0.0
1517, 1.0, 0.0, 0.0, 0.0, 0.0, 21.0, 43374.0, 0.0
1518, 1.0, 0.0, 0.0, 0.0, 0.0, 21.0, 43329.0, 0.0
1519, 1.0, 0.0, 0.0, 0.0, 0.0, 21.0, 43287.0, 0.0
1520, 1.0, 0.0, 0.0, 0.0, 0.0, 21.0, 43237.0, 0.0
1521, 1.0, 0.0, 0.0, 0.0, 0.0, 21.0, 43202.0, 0.0
1522, 1.0, 0.0, 0.0, 0.0, 0.0, 21.0, 43144.0, 0.0
1523, 1.0, 0.0, 0.0, 0.0, 0.0, 21.0, 43107.0, 0.0
1524, 1.0, 0.0, 0.0, 0.0, 0.0, 21.0, 43051.0, 0.0
1525, 1.0, 0.0, 0.0, 0.0, 0.0, 21.0, 43012.0, 0.0
1526, 1.0, 0.0, 0.0, 0.0, 0.0, 21.0, 42961.0, 0.0
1527, 1.0, 0.0, 0.0, 0.0, 0.0, 21.0, 42921.0, 0.0
1528, 1.0, 0.0, 0.0, 0.0, 0.0, 21.0, 42879.0, 0.0
1529, 1.0, 0.0, 0.0, 0.0, 0.0, 21.0, 42831.0, 0.0
1530, 1.0, 0.0, 0.0, 0.0, 0.0, 21.0, 42784.0, 0.0
1531, 1.0, 0.0, 0.0, 0.0, 0.0, 21.0, 42730.0, 0.0
1532, 1.0, 0.0, 0.0, 0.0, 0.0, 21.0, 42695.0, 0.0
1533, 1.0, 0.0, 0.0, 0.0, 0.0, 21.0, 42644.0, 0.0
1534, 1.0, 0.0, 0.0, 0.0, 0.0, 21.0, 42604.0, 0.0
1535, 1.0, 0.0, 0.0, 0.0, 0.0, 21.0, 42571.0, 0.0
1536, 1.0, 0.0, 0.0, 0.0, 0.0, 21.0, 42537.0, 0.0
1537, 0.0, 0.0, 0.0, 0.0, 1.0, 0.0, 42534.0, 0.0
