time, seeders, joined, request_count, response_size, left, awareness, bad_data, leechers
0, 0.0, 0.0, 0.0, 0.0, 0.0, 5001.0, 0.0, 0.0
1, 0.0, 12.862, 1158.76225, 1.82246, 0.0, 18021.902, 0.0, 12.862
2, 0.0, 6.07615, 1050.79156, 3.51318, 1.626, 19223.62, 4948.844, 18.3
3, 0.0, 6.00401, 1009.01202, 4.67913, 1.31651, 24606.358, 5570.458, 23.718
4, 0.0, 5.864, 1001.70532, 5.71604, 1.38735, 29717.282, 6301.014, 28.88
5, 0.0, 5.66129, 995.01425, 6.72763, 1.46763, 34419.034, 7150.76, 33.68
6, 0.0, 5.34269, 995.12378, 7.70147, 1.50476, 38705.184, 8129.668, 38.064
7, 0.0, 5.21371, 996.51972, 8.78929, 1.613, 42771.348, 9169.788, 42.194
8, 0.0, 5.01811, 993.98557, 9.49415, 1.70238, 46524.052, 10323.356, 46.038
9, 0.0, 5.00201, 993.17543, 10.52142, 1.78652, 50150.508, 11586.502, 49.748
10, 0.0, 4.81489, 989.55286, 11.38218, 1.86684, 53383.774, 13026.594, 53.104
11, 9.83299, 4.40241, 991.77331, 12.29447, 1.72754, 56383.446, 14188.642, 46.632
12, 14.478, 4.45657, 991.38713, 13.02332, 1.83033, 59178.942, 15567.046, 44.798
13, 18.878, 4.14949, 990.2629, 13.54818, 1.83754, 61760.444, 16845.434, 43.194
14, 23.036, 4.06085, 991.00899, 14.37802, 1.87599, 64139.256, 18219.428, 41.618
15, 26.998, 4.02259, 985.19653, 14.96943, 1.93719, 66291.166, 19709.05, 40.032
16, 30.598, 3.82305, 986.00646, 15.68068, 1.95685, 68247.064, 21194.676, 38.606
17, 34.062, 3.80041, 981.77921, 16.39247, 1.84496, 70335.4, 22537.874, 37.446
18, 37.384, 3.89571, 986.87664, 16.84947, 2.0, 72417.24, 23978.254, 36.438
19, 40.714, 3.54021, 984.85731, 17.35364, 1.90863, 74145.25, 25394.25, 35.038
20, 43.712, 3.49485, 983.48083, 18.30294, 2.03581, 75719.864, 26911.574, 33.838
21, 46.418, 3.29938, 986.76749, 18.7433, 1.95641, 77167.472, 28347.118, 32.78
22, 48.994, 3.41164, 982.32785, 19.17742, 2.038, 78520.552, 29965.348, 31.77
23, 51.304, 3.3277, 984.75222, 19.71032, 2.01449, 79805.912, 31522.14, 30.94
24, 53.454, 3.12154, 976.0929, 20.40448, 2.08392, 80736.294, 33189.03, 29.93
25, 55.52, 2.89149, 982.33996, 20.6412, 2.11247, 81542.472, 34790.244, 28.854
26, 57.498, 3.01915, 980.97252, 21.4533, 1.94878, 82573.434, 36271.168, 28.116
27, 59.344, 2.9436, 983.05085, 21.41304, 2.20247, 83318.012, 37921.112, 27.2
28, 61.2, 2.87609, 984.12698, 21.96544, 2.08845, 84066.514, 39498.658, 26.29
29, 62.776, 2.76522, 981.13208, 22.47997, 2.07126, 84657.128, 41123.37, 25.514
30, 64.31, 2.77174, 981.96078, 22.92891, 2.13648, 85305.29, 42692.844, 24.808
31, 65.71, 2.50776, 983.20071, 23.18795, 2.05854, 85705.59, 44228.736, 23.982
32, 67.148, 2.45212, 984.55949, 23.73063, 2.02703, 86081.13, 45730.576, 23.096
33, 68.442, 2.43304, 986.23853, 24.15163, 2.1165, 86349.2, 47317.17, 22.238
34, 69.6, 2.40632, 985.92871, 24.31779, 2.13547, 86587.622, 48884.548, 21.478
35, 70.562, 2.29138, 977.61953, 24.37565, 2.09976, 86660.006, 50436.812, 20.756
36, 71.446, 2.4, 976.59176, 24.77181, 2.18854, 86793.234, 52086.834, 20.174
37, 72.294, 2.1165, 981.65138, 25.26752, 2.09512, 86692.55, 53597.642, 19.352
38, 73.122, 2.19277, 982.41758, 25.25727, 2.0799, 86653.778, 55118.4, 18.626
39, 73.844, 2.14183, 975.30864, 25.60529, 2.14734, 86491.104, 56711.31, 17.908
40, 74.522, 2.18676, 982.7027, 25.91639, 2.01937, 86523.024, 58183.756, 17.412
41, 75.012, 2.02123, 977.82964, 26.17542, 1.98834, 86408.1, 59659.45, 16.93
42, 75.506, 1.97468, 980.76923, 26.65359, 1.98515, 86237.412, 61043.022, 16.392
43, 75.902, 1.99261, 983.93078, 26.84548, 1.99031, 86086.424, 62465.796, 15.97
44, 76.318, 1.86486, 981.55468, 26.91141, 2.05316, 85863.24, 63859.51, 15.45
45, 76.596, 1.90932, 976.2533, 27.01892, 2.02978, 85617.156, 65262.936, 15.052
46, 76.912, 1.85333, 978.41727, 27.40735, 2.01675, 85201.188, 66718.604, 14.44
47, 77.024, 1.91053, 973.8292, 27.69448, 2.07407, 84860.218, 68147.056, 14.1
48, 77.114, 1.79656, 974.48166, 27.89689, 2.11491, 84276.298, 69628.018, 13.534
49, 77.238, 1.80392, 990.68323, 27.97022, 1.99005, 83872.802, 70979.626, 13.098
50, 77.308, 1.7962, 983.35855, 28.11692, 2.05665, 83427.04, 72394.73, 12.68
51, 77.266, 1.69277, 985.76512, 28.59206, 2.09824, 82811.262, 73789.648, 12.18
52, 77.172, 1.65839, 986.89139, 28.0797, 1.96126, 82182.984, 75140.598, 11.722
53, 77.172, 1.58601, 974.26471, 28.66415, 1.96658, 81650.72, 76398.614, 11.28
54, 77.022, 1.65165, 985.45455, 28.67712, 1.98987, 81096.646, 77699.596, 10.958
55, 76.822, 1.62651, 968.51852, 28.66157, 1.9689, 80441.458, 79065.088, 10.592
56, 76.644, 1.59063, 980.35363, 28.83166, 1.92677, 79851.548, 80316.472, 10.262
57, 76.614, 1.62575, 988.95028, 29.07449, 1.86667, 79454.96, 81445.02, 9.978
58, 76.366, 1.59333, 966.5272, 29.05195, 1.90078, 78885.522, 82597.906, 9.726
59, 76.07, 1.5802, 987.04104, 29.43764, 1.95052, 78259.434, 83796.418, 9.45
60, 75.842, 1.47099, 981.43852, 29.1844, 1.88432, 77587.588, 84973.536, 9.074
61, 75.416, 1.47348, 976.86375, 28.69211, 1.89242, 76777.256, 86203.062, 8.73
62, 75.034, 1.48958, 990.67599, 28.70118, 1.82474, 76160.404, 87326.086, 8.554
63, 74.708, 1.40989, 969.92481, 29.63824, 1.82713, 75517.03, 88395.956, 8.304
64, 74.314, 1.34118, 985.38012, 29.5727, 1.92651, 74691.014, 89553.216, 7.914
65, 74.012, 1.36604, 986.18785, 29.42857, 1.80593, 74021.948, 90589.086, 7.6
66, 73.576, 1.41365, 991.47727, 29.60172, 1.88947, 73237.242, 91725.438, 7.31864
67, 73.182, 1.47325, 997.2067, 29.88235, 1.90786, 72512.64, 92815.954, 7.02004
68, 72.704, 1.36475, 963.96396, 30.35514, 1.83333, 71751.448, 93870.086, 6.77756
69, 72.214, 1.3451, 979.59184, 30.16071, 1.79265, 71029.398, 94914.472, 6.58717
70, 71.69, 1.35616, 993.26599, 30.04068, 1.83198, 70254.674, 95931.074, 6.37827
71, 71.084, 1.34703, 996.61017, 29.9932, 1.84, 69450.166, 96973.146, 6.19316
72, 70.606, 1.25225, 982.01439, 30.18681, 1.75467, 68658.03, 97959.894, 5.89759
73, 70.058, 1.28054, 982.33216, 30.27338, 1.85, 67871.084, 98951.28, 5.70161
74, 69.408, 1.30732, 992.53731, 30.56391, 1.80769, 67075.04, 99928.53, 5.59312
75, 68.71, 1.25822, 977.61194, 30.5687, 1.87062, 66212.684, 100962.828, 5.40443
76, 68.122, 1.2987, 983.33333, 30.84068, 1.72032, 65488.092, 101924.086, 5.29839
77, 67.594, 1.24365, 983.67347, 30.25726, 1.72191, 64724.634, 102817.136, 5.07847
78, 66.998, 1.20745, 991.18943, 30.24, 1.69468, 63961.402, 103678.67, 4.91751
79, 66.378, 1.28125, 995.93496, 30.58776, 1.74728, 63170.416, 104608.092, 4.77126
80, 65.712, 1.28333, 991.34199, 30.47598, 1.72283, 62364.488, 105518.912, 4.6202
81, 65.022, 1.33742, 981.65138, 30.46262, 1.71781, 61554.69, 106404.056, 4.5
82, 64.392, 1.18072, 979.59184, 30.35417, 1.71387, 60757.888, 107231.082, 4.32525
83, 63.81, 1.20915, 978.37838, 30.60221, 1.6462, 59986.154, 108010.546, 4.1748
84, 63.104, 1.16279, 970.0, 30.56701, 1.73714, 59176.486, 108853.394, 4.08793
85, 62.458, 1.25466, 990.09901, 29.96, 1.67251, 58441.878, 109632.666, 3.97556
86, 61.934, 1.16197, 993.93939, 30.7561, 1.63174, 57683.6, 110363.698, 3.7582
87, 61.278, 1.19136, 984.45596, 30.28947, 1.66272, 56948.638, 111121.494, 3.65918
88, 60.684, 1.19863, 977.14286, 30.65497, 1.66559, 56253.298, 111803.226, 3.57992
89, 60.102, 1.18056, 994.11765, 30.55621, 1.59701, 55525.962, 112513.202, 3.44948
90, 59.488, 1.15493, 993.90244, 30.49693, 1.59877, 54829.17, 113179.962, 3.33197
91, 58.764, 1.18065, 989.07104, 30.98895, 1.69298, 54061.596, 113954.428, 3.24898
92, 58.088, 1.17931, 994.15205, 30.48235, 1.55162, 53371.536, 114628.058, 3.21429
93, 57.416, 1.125, 992.59259, 30.85075, 1.61635, 52611.674, 115300.146, 3.16529
94, 56.822, 1.16981, 991.93548, 31.42276, 1.57929, 51901.654, 115900.202, 3.06485
95, 56.15, 1.12195, 963.76812, 29.64662, 1.57612, 51143.134, 116569.89, 2.95188
96, 55.466, 1.14815, 987.09677, 30.43791, 1.60502, 50453.45, 117210.976, 2.95137
97, 54.828, 1.15385, 977.77778, 30.68939, 1.57929, 49762.048, 117809.612, 2.86134
98, 54.126, 1.14141, 991.15044, 30.30357, 1.6, 48981.238, 118458.732, 2.7611
99, 53.476, 1.12, 982.14286, 30.53636, 1.6039, 48251.368, 119053.958, 2.64619
100, 52.83, 1.10619, 992.0, 30.64516, 1.53165, 47557.6, 119640.026, 2.61987
101, 52.288, 1.11009, 983.47107, 29.98319, 1.48185, 46915.226, 120162.554, 2.56319
102, 51.75, 1.13265, 1000.0, 29.72072, 1.45833, 46313.626, 120630.018, 2.53061
103, 51.122, 1.09804, 991.07143, 31.54054, 1.49835, 45670.048, 121139.972, 2.50115
104, 50.508, 1.09524, 978.26087, 30.72222, 1.55282, 45004.306, 121632.41, 2.42691
105, 49.874, 1.07527, 990.0, 31.0202, 1.48814, 44353.632, 122129.146, 2.37037
106, 49.314, 1.07865, 989.58333, 30.61053, 1.53763, 43713.03, 122605.838, 2.28471
107, 48.772, 1.17949, 1000.0, 29.58696, 1.49438, 43132.54, 123014.066, 2.1897
108, 48.132, 1.10127, 988.50575, 30.17442, 1.47586, 42496.012, 123468.49, 2.17102
109, 47.458, 1.05634, 1000.0, 29.72, 1.52901, 41785.748, 123976.184, 2.14146
110, 46.914, 1.05333, 1000.0, 30.02532, 1.46442, 41188.668, 124377.626, 2.03398
111, 46.358, 1.04, 987.17949, 30.0, 1.39649, 40575.706, 124792.424, 1.96059
112, 45.744, 1.10294, 1000.0, 30.08, 1.5036, 39931.554, 125233.93, 1.93384
113, 45.118, 1.09375, 985.71429, 30.5942, 1.56727, 39252.58, 125698.02, 1.83033
114, 44.564, 1.10606, 1013.69863, 31.06757, 1.41176, 38711.228, 126036.196, 1.80928
115, 44.004, 1.09231, 1000.0, 30.91549, 1.43233, 38124.0, 126412.964, 1.76842
116, 43.472, 1.03279, 1000.0, 29.61905, 1.37984, 37572.164, 126738.546, 1.71088
117, 42.876, 1.0375, 975.90361, 29.77778, 1.45247, 37016.33, 127106.018, 1.69474
118, 42.296, 1.17391, 981.48148, 29.60377, 1.40226, 36416.806, 127459.942, 1.71309
119, 41.71, 1.05455, 982.75862, 29.94737, 1.42636, 35839.016, 127801.002, 1.67507
120, 41.098, 1.05357, 966.10169, 29.54386, 1.4052, 35246.924, 128156.884, 1.68103
121, 40.542, 1.0, 1000.0, 29.34545, 1.424, 34683.68, 128480.764, 1.62428
122, 39.976, 1.03448, 1000.0, 30.31667, 1.42063, 34141.766, 128794.796, 1.59012
123, 39.412, 1.04651, 977.77778, 29.81818, 1.37247, 33596.974, 129080.93, 1.59701
124, 38.926, 1.02174, 1000.0, 29.55319, 1.34764, 33096.328, 129328.326, 1.54381
125, 38.338, 1.0566, 1000.0, 29.07143, 1.42913, 32534.806, 129655.554, 1.55625
126, 37.84, 1.13636, 980.0, 29.14286, 1.3547, 32039.692, 129900.88, 1.52866
127, 37.336, 1.0, 978.7234, 30.06522, 1.34413, 31520.0, 130164.812, 1.51525
128, 36.806, 1.05769, 1000.0, 28.63636, 1.29536, 31058.202, 130390.294, 1.49837
129, 36.308, 1.07692, 1000.0, 29.54762, 1.34685, 30583.882, 130603.212, 1.46753
130, 35.812, 1.05405, 1000.0, 30.97436, 1.38605, 30110.132, 130809.896, 1.45545
131, 35.266, 1.05128, 1000.0, 29.02439, 1.3083, 29581.448, 131075.996, 1.45205
132, 34.826, 1.06061, 971.42857, 30.23529, 1.34615, 29125.904, 131254.234, 1.40989
133, 34.274, 1.1, 1000.0, 29.29545, 1.3125, 28641.11, 131484.024, 1.40767
134, 33.854, 1.04651, 1000.0, 28.84444, 1.25243, 28255.524, 131615.614, 1.41197
135, 33.35, 1.11429, 1000.0, 28.33333, 1.33188, 27773.792, 131833.112, 1.44403
136, 32.958, 1.0303, 1000.0, 29.5, 1.28125, 27381.862, 131949.83, 1.41603
137, 32.468, 1.0, 969.69697, 29.75, 1.34884, 26919.954, 132133.372, 1.40784
138, 31.994, 1.0, 1000.0, 30.34783, 1.35945, 26429.214, 132328.862, 1.35
139, 31.508, 1.0303, 1029.41176, 28.88571, 1.27602, 25975.594, 132510.432, 1.36325
140, 30.974, 1.0, 1000.0, 29.0, 1.27615, 25487.448, 132713.226, 1.33333
141, 30.56, 1.02941, 1000.0, 29.62857, 1.2963, 25099.692, 132831.198, 1.31466
142, 30.03, 1.05882, 1027.77778, 27.89189, 1.32456, 24641.776, 133024.084, 1.29362
143, 29.578, 1.04167, 1000.0, 27.76, 1.32512, 24209.486, 133166.85, 1.29412
144, 29.176, 1.0, 1045.45455, 27.47826, 1.21782, 23816.592, 133268.77, 1.29557
145, 28.802, 1.0, 1062.5, 29.02941, 1.21164, 23471.494, 133344.574, 1.27136
146, 28.416, 1.03448, 1000.0, 28.6, 1.24444, 23116.96, 133420.282, 1.29231
147, 27.986, 1.0, 1058.82353, 30.33333, 1.22843, 22713.652, 133522.208, 1.28042
148, 27.544, 1.05714, 1027.02703, 29.21053, 1.2449, 22350.496, 133625.22, 1.31959
149, 27.162, 1.11111, 1000.0, 27.93333, 1.26705, 22011.942, 133688.652, 1.30256
150, 26.798, 1.03448, 933.33333, 27.07143, 1.26543, 21700.228, 133721.092, 1.29851
151, 26.44, 1.0, 1045.45455, 26.30435, 1.30488, 21359.014, 133771.68, 1.27835
152, 26.072, 1.0, 1000.0, 28.52632, 1.25434, 21005.034, 133828.284, 1.25806
153, 25.64, 1.0, 1000.0, 29.88889, 1.26563, 20607.966, 133928.508, 1.26404
154, 25.226, 1.04762, 1000.0, 29.86364, 1.23656, 20240.658, 134008.106, 1.22404
155, 24.82, 1.03846, 1037.03704, 27.82143, 1.27072, 19890.764, 134082.414, 1.21081
156, 24.426, 1.0, 1000.0, 28.47059, 1.24731, 19515.252, 134161.004, 1.19767
157, 24.032, 1.0, 1000.0, 26.27273, 1.23429, 19156.184, 134211.724, 1.21472
158, 23.672, 1.0, 1000.0, 29.90909, 1.31447, 18810.266, 134250.304, 1.16883
159, 23.356, 1.0, 1000.0, 27.64286, 1.20779, 18504.638, 134254.19, 1.2029
160, 23.05, 1.0, 1000.0, 28.0, 1.2053, 18209.044, 134252.768, 1.16794
161, 22.696, 1.0, 1000.0, 28.61111, 1.17964, 17900.73, 134268.662, 1.15267
162, 22.38, 1.0, 1000.0, 28.66667, 1.2069, 17626.096, 134250.774, 1.14286
163, 22.086, 1.07143, 1000.0, 30.26667, 1.20741, 17365.74, 134214.548, 1.12687
164, 21.794, 1.0, 1133.33333, 26.23529, 1.20423, 17092.262, 134194.742, 1.10156
165, 21.474, 1.0, 1000.0, 29.27273, 1.19481, 16794.514, 134187.45, 1.08475
166, 21.132, 1.0, 1000.0, 30.4, 1.17089, 16499.97, 134186.424, 1.10256
167, 20.816, 1.0, 1111.11111, 26.8, 1.11039, 16219.058, 134163.484, 1.11607
168, 20.524, 1.09091, 1000.0, 27.75, 1.15108, 15959.178, 134123.458, 1.16038
169, 20.254, 1.0, 1100.0, 26.81818, 1.15625, 15722.074, 134058.47, 1.17647
170, 19.926, 1.0, 1000.0, 29.92857, 1.22759, 15443.922, 134042.022, 1.15385
171, 19.62, 1.0, 1000.0, 28.6, 1.19178, 15168.49, 134024.474, 1.15152
172, 19.328, 1.07692, 1214.28571, 27.52941, 1.17021, 14916.378, 133989.312, 1.12371
173, 19.01, 1.0, 1000.0, 27.44444, 1.19178, 14639.924, 133963.858, 1.14444
174, 18.704, 1.125, 1000.0, 27.77778, 1.2, 14368.688, 133932.074, 1.16867
175, 18.39, 1.0, 1111.11111, 26.9, 1.13514, 14104.894, 133897.648, 1.10465
176, 18.062, 1.0, 1000.0, 25.66667, 1.19048, 13829.32, 133872.328, 1.0814
177, 17.814, 1.0, 1000.0, 28.0, 1.10744, 13608.61, 133788.86, 1.13924
178, 17.524, 1.0, 1000.0, 26.0, 1.0979, 13356.76, 133739.328, 1.13158
179, 17.244, 1.0, 1166.66667, 28.42857, 1.16535, 13115.102, 133677.382, 1.13514
180, 16.944, 1.0, 1000.0, 27.11111, 1.17391, 12860.92, 133632.718, 1.125
181, 16.68, 1.05556, 1157.89474, 28.54545, 1.152, 12664.702, 133556.116, 1.12821
182, 16.47, 1.0, 1250.0, 27.26667, 1.11321, 12492.194, 133443.098, 1.14474
183, 16.276, 1.0, 1000.0, 29.0, 1.10309, 12310.428, 133314.142, 1.11268
184, 16.042, 1.0, 1000.0, 27.14286, 1.07759, 12110.46, 133214.938, 1.05405
185, 15.836, 1.0, 1300.0, 28.0, 1.10891, 11939.706, 133098.552, 1.08219
186, 15.554, 1.0, 1076.92308, 27.0, 1.19841, 11718.384, 133035.904, 1.09333
187, 15.27, 1.0, 1333.33333, 22.25, 1.15152, 11472.684, 132977.66, 1.07143
188, 15.022, 1.2, 1166.66667, 27.14286, 1.17857, 11266.458, 132886.09, 1.08955
189, 14.796, 1.0, 1200.0, 23.83333, 1.13208, 11066.27, 132787.82, 1.10938
190, 14.584, 1.0, 1000.0, 24.5, 1.11765, 10875.382, 132672.28, 1.10169
191, 14.408, 1.0, 1250.0, 21.8, 1.13187, 10707.08, 132542.146, 1.05882
192, 14.184, 1.0, 1500.0, 26.5, 1.13889, 10521.288, 132431.82, 1.06818
193, 13.936, 1.0, 1333.33333, 26.125, 1.07759, 10326.262, 132333.776, 1.06122
194, 13.698, 1.25, 1000.0, 25.6, 1.09649, 10128.27, 132234.78, 1.08511
195, 13.456, 1.0, 1400.0, 24.28571, 1.11404, 9934.838, 132136.204, 1.06383
196, 13.274, 1.0, 1500.0, 24.11111, 1.04167, 9784.76, 131998.928, 1.04444
197, 13.094, 1.0, 1000.0, 26.0, 1.06818, 9643.256, 131849.384, 1.06383
198, 12.886, 1.0, 1666.66667, 24.2, 1.14433, 9469.96, 131728.372, 1.04545
199, 12.718, 1.0, 1375.0, 25.36364, 1.09756, 9337.604, 131578.372, 1.02128
200, 12.498, 1.0, 1000.0, 23.33333, 1.05607, 9154.664, 131463.62, 1.02128
201, 12.306, 1.0, 1000.0, 27.5, 1.12088, 8997.58, 131325.746, 1.02222
202, 12.112, 1.0, 1000.0, 24.0, 1.09783, 8832.854, 131189.474, 1.02381
203, 11.906, 1.0, 1000.0, 30.33333, 1.14737, 8658.36, 131067.748, 1.02564
204, 11.718, 1.0, 1000.0, 19.0, 1.06522, 8500.776, 130928.714, 1.0
205, 11.492, 1.0, 1000.0, 25.5, 1.14706, 8317.086, 130817.006, 1.0
206, 11.296, 1.0, 1000.0, 27.0, 1.09375, 8144.0, 130691.644, 1.0
207, 11.128, 1.0, 2000.0, 22.0, 1.11111, 7999.612, 130540.95, 1.0
208, 10.988, 1.0, 2000.0, 26.78571, 1.08955, 7905.224, 130365.29, 1.03571
209, 10.798, 1.0, 1000.0, 25.0, 1.13483, 7748.666, 130226.21, 1.04348
210, 10.63, 1.0, 3000.0, 24.0, 1.04819, 7615.192, 130068.16, 1.04762
211, 10.46, 1.0, 1666.66667, 24.9, 1.02353, 7494.174, 129912.376, 1.04
212, 10.294, 1.0, 1500.0, 26.33333, 1.13514, 7368.428, 129747.18, 1.08
213, 10.158, 1.0, 1000.0, 29.0, 1.0597, 7257.408, 129566.35, 1.08333
214, 10.024, 1.0, 1333.33333, 22.25, 1.04615, 7153.244, 129384.148, 1.07692
215, 9.864, 1.0, 1500.0, 25.0, 1.07692, 7031.018, 129224.47, 1.07692
216, 9.724, 1.0, 1000.0, 26.5, 1.07576, 6923.278, 129041.93, 1.07407
217, 9.57, 1.0, 1000.0, 27.5, 1.06849, 6803.122, 128872.97, 1.11111
218, 9.42, 1.0, 3500.0, 23.0, 1.08219, 6690.572, 128707.324, 1.07692
219, 9.28, 1.0, 1000.0, 33.0, 1.05797, 6567.746, 128541.498, 1.08333
220, 9.164, 1.0, 1333.33333, 24.75, 1.09091, 6481.256, 128345.618, 1.03846
221, 9.016, 1.0, 1000.0, 29.0, 1.06849, 6358.64, 128181.526, 1.04167
222, 8.888, 1.0, 1500.0, 26.0, 1.04545, 6253.318, 128001.798, 1.0
223, 8.77, 1.0, 1000.0, 26.0, 1.01639, 6158.082, 127811.904, 1.0
224, 8.648, 1.0, 3000.0, 24.66667, 1.05172, 6066.844, 127619.574, 1.0
225, 8.516, 1.0, 1500.0, 20.66667, 1.04615, 5962.918, 127441.326, 1.04762
226, 8.376, 1.0, 1750.0, 25.0, 1.02778, 5862.496, 127268.116, 1.04762
227, 8.232, 0.0, 0.0, 0.0, 1.10606, 5745.78, 127098.34, 1.05
228, 8.092, 0.0, 0.0, 0.0, 1.07576, 5637.876, 126920.922, 1.05263
229, 7.946, 1.0, 1000.0, 30.0, 1.05714, 5527.666, 126745.636, 1.05263
230, 7.796, 1.0, 1000.0, 30.0, 1.10145, 5411.136, 126579.256, 1.05263
231, 7.682, 0.0, 0.0, 0.0, 1.05357, 5313.946, 126391.928, 1.05882
232, 7.58317, 1.0, 2000.0, 19.5, 1.07547, 5227.342, 126198.66, 1.05556
233, 7.43687, 0.0, 0.0, 0.0, 1.08824, 5106.408, 126036.39, 1.05882
234, 7.31463, 1.0, 2000.0, 23.5, 1.06667, 5011.636, 125852.25, 1.06667
235, 7.18236, 1.0, 1000.0, 17.5, 1.0625, 4907.338, 125677.994, 1.06667
236, 7.06814, 1.0, 1000.0, 25.0, 1.07143, 4816.91, 125489.054, 1.0
237, 6.93788, 1.0, 1000.0, 26.0, 1.07937, 4717.856, 125311.272, 1.0
238, 6.82164, 0.0, 0.0, 0.0, 1.15686, 4626.804, 125121.978, 1.0
239, 6.74749, 0.0, 0.0, 0.0, 1.08824, 4567.826, 124900.732, 1.0
240, 6.63126, 1.0, 2000.0, 19.5, 1.01695, 4481.644, 124712.022, 1.0
241, 6.51303, 1.0, 3000.0, 25.66667, 1.03448, 4396.278, 124523.97, 1.0
242, 6.38076, 1.0, 2000.0, 24.5, 1.04762, 4303.574, 124341.666, 1.0
243, 6.27455, 0.0, 0.0, 0.0, 1.125, 4219.708, 124149.0, 1.0
244, 6.14028, 1.0, 1500.0, 26.66667, 1.09677, 4125.494, 123972.112, 1.09091
245, 6.0481, 0.0, 0.0, 0.0, 1.04444, 4057.378, 123762.88, 1.1
246, 5.96192, 1.0, 1000.0, 28.0, 1.0, 3993.728, 123551.102, 1.09091
247, 5.85972, 1.0, 2000.0, 25.5, 1.10638, 3916.352, 123358.282, 1.09091
248, 5.73747, 1.0, 2000.0, 21.5, 1.05, 3822.9, 123181.126, 1.0
249, 5.62725, 1.0, 2000.0, 23.0, 1.0566, 3745.776, 122987.518, 1.0
250, 5.56827, 0.0, 0.0, 0.0, 1.02778, 3697.02405, 122769.91, 1.0
251, 5.46787, 0.0, 0.0, 0.0, 1.08696, 3624.07415, 122563.06212, 1.0
252, 5.38755, 1.0, 2000.0, 26.5, 1.0, 3567.54709, 122350.31463, 1.0
253, 5.3012, 0.0, 0.0, 0.0, 1.07317, 3497.86373, 122147.85772, 1.0
254, 5.21888, 0.0, 0.0, 0.0, 1.02381, 3432.59319, 121943.10421, 1.0
255, 5.13078, 1.0, 1000.0, 27.0, 1.11364, 3373.9759, 121741.46693, 1.0
256, 5.05835, 1.0, 2000.0, 26.5, 1.02778, 3322.46586, 121524.32129, 1.0
257, 4.96982, 1.0, 2000.0, 28.5, 1.04762, 3269.66265, 121316.20683, 1.0
258, 4.86922, 0.0, 0.0, 0.0, 1.08696, 3198.06426, 121117.94378, 1.0
259, 4.79637, 0.0, 0.0, 0.0, 1.0, 3133.21529, 120921.53815, 1.0
260, 4.7002, 0.0, 0.0, 0.0, 1.02273, 3067.14688, 120712.88934, 1.0
261, 4.64718, 1.0, 2000.0, 24.75, 1.03333, 3037.00605, 120492.19316, 1.0
262, 4.5746, 0.0, 0.0, 0.0, 1.02857, 2983.03226, 120274.47177, 1.0
263, 4.50605, 1.0, 4000.0, 22.25, 1.0625, 2939.47379, 120061.00806, 1.0
264, 4.42944, 0.0, 0.0, 0.0, 1.02564, 2875.59476, 119859.34476, 1.0
265, 4.35685, 1.0, 2000.0, 21.5, 1.0, 2823.65726, 119651.27016, 1.0
266, 4.29839, 0.0, 0.0, 0.0, 1.0, 2779.87097, 119431.23589, 1.0
267, 4.22177, 0.0, 0.0, 0.0, 1.05556, 2726.16734, 119221.77621, 1.0
268, 4.15726, 1.0, 2000.0, 22.0, 1.03226, 2685.65524, 119002.32258, 1.0
269, 4.08283, 0.0, 0.0, 0.0, 1.02439, 2627.21212, 118803.78226, 1.0
270, 4.00405, 0.0, 0.0, 0.0, 1.02381, 2566.44737, 118600.80404, 1.0
271, 3.91903, 0.0, 0.0, 0.0, 1.02439, 2507.91296, 118396.48583, 1.0
272, 3.87018, 0.0, 0.0, 0.0, 1.0, 2471.44625, 118177.72065, 1.0
273, 3.82353, 1.0, 1000.0, 22.0, 1.0, 2438.72008, 117944.71197, 1.0
274, 3.79268, 0.0, 0.0, 0.0, 1.10526, 2411.76829, 117717.51318, 1.0
275, 3.73577, 1.0, 2000.0, 25.0, 1.03571, 2370.5122, 117503.46138, 1.0
276, 3.66667, 1.0, 3666.66667, 20.81818, 1.0, 2345.10569, 117293.05894, 1.0
277, 3.60569, 1.0, 2000.0, 19.0, 1.0, 2299.86179, 117084.88821, 1.0
278, 3.54582, 1.0, 4000.0, 25.0, 1.0303, 2259.39919, 116879.90041, 1.0
279, 3.49184, 0.0, 0.0, 0.0, 1.07143, 2221.52653, 116660.01833, 1.0
280, 3.44581, 1.0, 2000.0, 24.0, 1.07692, 2192.62372, 116438.67143, 1.0
281, 3.41309, 0.0, 0.0, 0.0, 1.0, 2165.66462, 116207.5092, 1.0
282, 3.3786, 0.0, 0.0, 0.0, 1.0, 2139.49794, 115992.89162, 1.0
283, 3.34091, 0.0, 0.0, 0.0, 1.0, 2109.27273, 115764.47119, 1.0
284, 3.2795, 0.0, 0.0, 0.0, 1.06452, 2060.03099, 115557.12603, 1.0
285, 3.23237, 1.0, 2000.0, 22.0, 1.0, 2022.59627, 115349.32851, 1.0
286, 3.17048, 0.0, 0.0, 0.0, 1.03125, 1980.93776, 115132.12422, 1.0
287, 3.12317, 0.0, 0.0, 0.0, 1.0, 1937.26458, 114928.20124, 1.0
288, 3.08996, 0.0, 0.0, 0.0, 1.0, 1913.59708, 114700.21875, 1.0
289, 3.05485, 0.0, 0.0, 0.0, 1.03448, 1886.82316, 114485.92276, 1.0
290, 3.01274, 0.0, 0.0, 0.0, 1.07407, 1861.34534, 114259.89895, 1.0
291, 2.95745, 0.0, 0.0, 0.0, 1.03571, 1824.54352, 114043.48941, 1.0
292, 2.91898, 0.0, 0.0, 0.0, 1.0, 1797.40213, 113824.39703, 1.0
293, 2.88034, 0.0, 0.0, 0.0, 1.1, 1768.5565, 113604.85745, 1.0
294, 2.82013, 1.0, 2000.0, 20.5, 1.14815, 1732.94444, 113394.53518, 1.0
295, 2.77516, 0.0, 0.0, 0.0, 1.04762, 1698.16026, 113173.09829, 1.0
296, 2.74624, 0.0, 0.0, 0.0, 1.05556, 1678.03433, 112952.44872, 1.0
297, 2.73002, 0.0, 0.0, 0.0, 1.0, 1663.40302, 112713.1309, 1.0
298, 2.68831, 0.0, 0.0, 0.0, 1.04762, 1633.12095, 112490.73922, 1.0
299, 2.66231, 0.0, 0.0, 0.0, 1.05263, 1614.81304, 112271.69762, 1.0
300, 2.62664, 0.0, 0.0, 0.0, 1.05556, 1590.67538, 112044.49348, 1.0
301, 2.57582, 0.0, 0.0, 0.0, 1.03333, 1557.36842, 111828.53377, 1.0
302, 2.55188, 0.0, 0.0, 0.0, 1.0, 1537.9185, 111595.96711, 1.0
303, 2.52444, 0.0, 0.0, 0.0, 1.0, 1519.90022, 111371.56828, 1.0
304, 2.50562, 0.0, 0.0, 0.0, 1.05, 1505.40359, 111152.99557, 1.0
305, 2.48409, 0.0, 0.0, 0.0, 1.0, 1491.93424, 110925.98655, 1.0
306, 2.46469, 0.0, 0.0, 0.0, 1.0, 1477.67273, 110681.79138, 1.0
307, 2.42237, 0.0, 0.0, 0.0, 1.05, 1450.40547, 110475.91364, 1.0
308, 2.39679, 0.0, 0.0, 0.0, 1.0, 1433.01835, 110254.07062, 1.0
309, 2.375, 0.0, 0.0, 0.0, 1.05263, 1413.46991, 110030.60321, 1.0
310, 2.35897, 0.0, 0.0, 0.0, 1.0, 1399.65501, 109795.27546, 1.0
311, 2.33724, 0.0, 0.0, 0.0, 1.0, 1385.61124, 109567.62238, 1.0
312, 2.32235, 0.0, 0.0, 0.0, 1.0, 1375.82353, 109337.68852, 1.0
313, 2.29245, 0.0, 0.0, 0.0, 1.0, 1355.76887, 109120.85412, 1.0
314, 2.27857, 0.0, 0.0, 0.0, 1.0, 1345.57857, 108905.03302, 1.0
315, 2.25537, 0.0, 0.0, 0.0, 1.0, 1330.83294, 108679.55952, 1.0
316, 2.23022, 0.0, 0.0, 0.0, 1.0, 1309.59233, 108468.90931, 1.0
317, 2.21687, 1.0, 1000.0, 24.0, 1.0, 1303.06988, 108244.31175, 1.0
318, 2.18599, 0.0, 0.0, 0.0, 1.0, 1282.30193, 108027.24819, 1.0
319, 2.15981, 0.0, 0.0, 0.0, 1.0, 1265.63923, 107805.05556, 1.0
320, 2.14634, 1.0, 2000.0, 25.0, 1.0, 1258.90732, 107590.01695, 1.0
321, 2.12714, 0.0, 0.0, 0.0, 1.0, 1240.7555, 107366.32195, 1.0
322, 2.10074, 0.0, 0.0, 0.0, 1.07143, 1223.66585, 107154.75306, 1.0
323, 2.07635, 0.0, 0.0, 0.0, 1.0, 1206.77094, 106932.89435, 1.0
324, 2.06683, 0.0, 0.0, 0.0, 1.0, 1198.96782, 106712.98276, 1.0
325, 2.03491, 0.0, 0.0, 0.0, 1.0, 1176.62344, 106504.46782, 1.0
326, 1.99749, 0.0, 0.0, 0.0, 1.05556, 1152.59148, 106296.66584, 1.0
327, 1.98496, 0.0, 0.0, 0.0, 1.0, 1143.53133, 106066.56391, 1.0
328, 1.95431, 0.0, 0.0, 0.0, 1.0, 1115.56091, 105878.78947, 0.0
329, 1.94373, 0.0, 0.0, 0.0, 1.0, 1108.05371, 105647.18274, 0.0
330, 1.91538, 0.0, 0.0, 0.0, 1.08333, 1089.10769, 105425.23018, 0.0
331, 1.89433, 0.0, 0.0, 0.0, 1.0, 1074.22423, 105214.00256, 0.0
332, 1.89844, 0.0, 0.0, 0.0, 1.0, 1072.75521, 104985.89175, 0.0
333, 1.87728, 0.0, 0.0, 0.0, 1.0, 1054.8329, 104763.9375, 0.0
334, 1.8545, 0.0, 0.0, 0.0, 1.05882, 1042.15608, 104563.3812, 0.0
335, 1.83245, 0.0, 0.0, 0.0, 1.0, 1028.84574, 104355.87037, 0.0
336, 1.81818, 0.0, 0.0, 0.0, 1.0, 1014.3984, 104144.43085, 0.0
337, 1.80593, 0.0, 0.0, 0.0, 1.11111, 1004.39084, 103926.85027, 0.0
338, 1.79946, 0.0, 0.0, 0.0, 1.0, 993.39566, 103701.30728, 0.0
339, 1.78962, 0.0, 0.0, 0.0, 1.0, 985.91257, 103477.32791, 0.0
340, 1.78297, 0.0, 0.0, 0.0, 1.0, 972.68407, 103261.16667, 0.0
341, 1.76177, 0.0, 0.0, 0.0, 1.08333, 958.09972, 103045.81868, 0.0
342, 1.75487, 0.0, 0.0, 0.0, 1.0, 951.53482, 102828.37119, 0.0
343, 1.73876, 0.0, 0.0, 0.0, 1.0, 937.73596, 102617.27855, 0.0
344, 1.71225, 0.0, 0.0, 0.0, 1.0, 921.25071, 102419.22753, 0.0
345, 1.69828, 0.0, 0.0, 0.0, 1.0, 911.67529, 102206.97721, 0.0
346, 1.68986, 0.0, 0.0, 0.0, 1.0, 905.69855, 101990.28448, 0.0
347, 1.67442, 0.0, 0.0, 0.0, 1.0, 896.61337, 101771.04058, 0.0
348, 1.65306, 0.0, 0.0, 0.0, 1.0, 883.5102, 101560.72384, 0.0
349, 1.6393, 0.0, 0.0, 0.0, 1.0, 870.88856, 101352.63848, 0.0
350, 1.62353, 0.0, 0.0, 0.0, 1.0, 860.49706, 101143.46921, 0.0
351, 1.60177, 0.0, 0.0, 0.0, 1.0, 848.10029, 100928.71471, 0.0
352, 1.56677, 0.0, 0.0, 0.0, 1.0, 829.32938, 100727.14159, 0.0
353, 1.53892, 0.0, 0.0, 0.0, 1.16667, 811.51497, 100526.273, 0.0
354, 1.5228, 0.0, 0.0, 0.0, 1.0, 799.66261, 100323.97006, 0.0
355, 1.52134, 0.0, 0.0, 0.0, 1.0, 797.375, 100094.53191, 0.0
356, 1.50613, 0.0, 0.0, 0.0, 1.14286, 787.57055, 99888.25, 0.0
357, 1.48148, 0.0, 0.0, 0.0, 1.1, 771.84259, 99689.15031, 0.0
358, 1.47649, 0.0, 0.0, 0.0, 1.0, 769.31034, 99487.78704, 0.0
359, 1.46688, 0.0, 0.0, 0.0, 1.0, 762.38486, 99274.83072, 0.0
360, 1.4462, 0.0, 0.0, 0.0, 1.0, 749.88924, 99066.26498, 0.0
361, 1.45161, 0.0, 0.0, 0.0, 1.0, 750.9871, 98862.2943, 0.0
362, 1.443, 0.0, 0.0, 0.0, 1.0, 745.4202, 98627.71613, 0.0
363, 1.43564, 0.0, 0.0, 0.0, 1.0, 742.36634, 98420.5114, 0.0
364, 1.4186, 0.0, 0.0, 0.0, 1.0, 732.33555, 98212.92079, 0.0
365, 1.41472, 0.0, 0.0, 0.0, 1.0, 729.36789, 98007.55482, 0.0
366, 1.41781, 0.0, 0.0, 0.0, 1.0, 728.58219, 97812.19732, 0.0
367, 1.41581, 0.0, 0.0, 0.0, 1.0, 725.83849, 97585.98288, 0.0
368, 1.40636, 0.0, 0.0, 0.0, 1.0, 719.78799, 97403.19931, 0.0
369, 1.40714, 0.0, 0.0, 0.0, 1.0, 718.33214, 97199.79859, 0.0
370, 1.40072, 0.0, 0.0, 0.0, 1.0, 709.58484, 96987.87143, 0.0
371, 1.39416, 0.0, 0.0, 0.0, 1.0, 705.28467, 96772.27798, 0.0
372, 1.37918, 0.0, 0.0, 0.0, 1.0, 696.25651, 96591.12774, 0.0
373, 1.3694, 0.0, 0.0, 0.0, 1.0, 691.35075, 96372.94796, 0.0
374, 1.36364, 0.0, 0.0, 0.0, 1.0, 687.08712, 96172.92537, 0.0
375, 1.36015, 0.0, 0.0, 0.0, 1.0, 684.10728, 95968.93561, 0.0
376, 1.34496, 0.0, 0.0, 0.0, 1.0, 675.93023, 95763.3908, 0.0
377, 1.33333, 0.0, 0.0, 0.0, 1.0, 668.32941, 95576.68217, 0.0
378, 1.33198, 0.0, 0.0, 0.0, 1.0, 665.56275, 95379.17255, 0.0
379, 1.32922, 0.0, 0.0, 0.0, 1.0, 665.44856, 95183.89069, 0.0
380, 1.32353, 0.0, 0.0, 0.0, 1.0, 660.94958, 94975.07407, 0.0
381, 1.32203, 0.0, 0.0, 0.0, 1.0, 659.19068, 94756.31092, 0.0
382, 1.32035, 0.0, 0.0, 0.0, 1.0, 657.00433, 94561.75424, 0.0
383, 1.31304, 0.0, 0.0, 0.0, 1.0, 652.25652, 94347.27273, 0.0
384, 1.31839, 0.0, 0.0, 0.0, 1.0, 654.59193, 94160.5, 0.0
385, 1.31336, 0.0, 0.0, 0.0, 1.0, 651.63134, 93948.29148, 0.0
386, 1.30556, 0.0, 0.0, 0.0, 1.0, 646.06019, 93705.6682, 0.0
387, 1.30952, 0.0, 0.0, 0.0, 1.0, 647.27619, 93520.37963, 0.0
388, 1.30918, 0.0, 0.0, 0.0, 1.0, 646.75362, 93320.75238, 0.0
389, 1.30244, 0.0, 0.0, 0.0, 1.0, 641.85366, 93121.19324, 0.0
390, 1.30198, 0.0, 0.0, 0.0, 1.0, 641.09901, 92915.65854, 0.0
391, 1.30653, 0.0, 0.0, 0.0, 1.0, 642.39196, 92706.9505, 0.0
392, 1.30151, 0.0, 0.0, 0.0, 1.0, 638.62312, 92505.55276, 0.0
393, 1.29648, 0.0, 0.0, 0.0, 1.0, 634.8794, 92309.27638, 0.0
394, 1.28426, 0.0, 0.0, 0.0, 1.0, 627.69036, 92123.50754, 0.0
395, 1.28061, 0.0, 0.0, 0.0, 1.0, 624.95918, 91939.22843, 0.0
396, 1.28061, 0.0, 0.0, 0.0, 0.0, 623.52551, 91732.0, 0.0
397, 1.27179, 0.0, 0.0, 0.0, 1.0, 617.92821, 91542.08163, 0.0
398, 1.27749, 0.0, 0.0, 0.0, 1.0, 619.67016, 91356.34359, 0.0
399, 1.27807, 0.0, 0.0, 0.0, 1.0, 617.98396, 91180.0, 0.0
400, 1.27568, 0.0, 0.0, 0.0, 1.0, 615.25405, 90943.56684, 0.0
401, 1.27222, 0.0, 0.0, 0.0, 1.0, 611.76111, 90763.11892, 0.0
402, 1.26966, 0.0, 0.0, 0.0, 1.0, 609.26404, 90576.20556, 0.0
403, 1.27273, 0.0, 0.0, 0.0, 1.0, 608.97727, 90389.03933, 0.0
404, 1.27429, 0.0, 0.0, 0.0, 1.0, 608.57143, 90181.75568, 0.0
405, 1.27429, 0.0, 0.0, 0.0, 0.0, 607.44, 89985.89143, 0.0
406, 1.27746, 0.0, 0.0, 0.0, 1.0, 605.28902, 89799.84, 0.0
407, 1.2807, 0.0, 0.0, 0.0, 1.0, 605.72515, 89619.95954, 0.0
408, 1.28571, 0.0, 0.0, 0.0, 1.0, 606.72619, 89424.5614, 0.0
409, 1.27273, 0.0, 0.0, 0.0, 1.0, 597.69091, 89234.99405, 0.0
410, 1.27273, 0.0, 0.0, 0.0, 0.0, 596.49091, 89027.02424, 0.0
411, 1.26087, 0.0, 0.0, 0.0, 1.0, 588.87578, 88859.96364, 0.0
412, 1.25949, 0.0, 0.0, 0.0, 1.0, 586.1962, 88681.19876, 0.0
413, 1.26623, 0.0, 0.0, 0.0, 1.0, 588.31169, 88471.10759, 0.0
414, 1.25974, 0.0, 0.0, 0.0, 1.0, 583.98701, 88279.34416, 0.0
415, 1.2649, 0.0, 0.0, 0.0, 1.0, 584.23179, 88102.25325, 0.0
416, 1.26351, 0.0, 0.0, 0.0, 1.0, 582.64865, 87895.76821, 0.0
417, 1.26027, 0.0, 0.0, 0.0, 1.0, 579.76027, 87718.73649, 0.0
418, 1.25517, 0.0, 0.0, 0.0, 1.0, 574.66897, 87520.9726, 0.0
419, 1.25175, 0.0, 0.0, 0.0, 1.0, 572.34266, 87330.63448, 0.0
420, 1.25735, 0.0, 0.0, 0.0, 1.0, 573.16176, 87149.83916, 0.0
421, 1.24627, 0.0, 0.0, 0.0, 1.0, 566.49254, 86939.51471, 0.0
422, 1.23664, 0.0, 0.0, 0.0, 1.0, 561.59542, 86740.87313, 0.0
423, 1.23077, 0.0, 0.0, 0.0, 1.0, 557.52308, 86521.8626, 0.0
424, 1.23256, 0.0, 0.0, 0.0, 1.0, 556.56589, 86334.43077, 0.0
425, 1.22835, 0.0, 0.0, 0.0, 1.0, 553.77165, 86144.48062, 0.0
426, 1.22222, 0.0, 0.0, 0.0, 1.0, 549.73016, 85950.74016, 0.0
427, 1.21774, 0.0, 0.0, 0.0, 1.0, 547.0, 85772.53968, 0.0
428, 1.21951, 0.0, 0.0, 0.0, 1.0, 545.82927, 85584.65323, 0.0
429, 1.22314, 0.0, 0.0, 0.0, 1.0, 546.57851, 85409.38211, 0.0
430, 1.20833, 0.0, 0.0, 0.0, 1.0, 538.775, 85216.78512, 0.0
431, 1.21368, 0.0, 0.0, 0.0, 1.0, 540.45299, 85034.28333, 0.0
432, 1.2, 0.0, 0.0, 0.0, 1.0, 530.13913, 84868.0, 0.0
433, 1.20175, 0.0, 0.0, 0.0, 1.0, 529.85965, 84682.09565, 0.0
434, 1.19469, 0.0, 0.0, 0.0, 1.0, 526.09735, 84511.51754, 0.0
435, 1.18919, 0.0, 0.0, 0.0, 1.0, 518.95495, 84327.69912, 0.0
436, 1.18919, 0.0, 0.0, 0.0, 0.0, 518.07207, 84156.77477, 0.0
437, 1.18919, 0.0, 0.0, 0.0, 0.0, 516.78378, 83975.67568, 0.0
438, 1.18018, 0.0, 0.0, 0.0, 1.0, 511.76577, 83798.96396, 0.0
439, 1.17273, 0.0, 0.0, 0.0, 1.0, 506.66364, 83625.71171, 0.0
440, 1.16981, 0.0, 0.0, 0.0, 1.0, 503.76415, 83462.28182, 0.0
441, 1.17476, 0.0, 0.0, 0.0, 1.0, 504.24272, 83273.46226, 0.0
442, 1.17476, 0.0, 0.0, 0.0, 0.0, 503.20388, 83062.03883, 0.0
443, 1.17476, 0.0, 0.0, 0.0, 0.0, 502.05825, 82883.21359, 0.0
444, 1.17647, 0.0, 0.0, 0.0, 1.0, 501.92157, 82710.66019, 0.0
445, 1.17647, 0.0, 0.0, 0.0, 0.0, 500.80392, 82524.03922, 0.0
446, 1.17172, 0.0, 0.0, 0.0, 1.0, 499.41414, 82361.92157, 0.0
447, 1.17172, 0.0, 0.0, 0.0, 0.0, 498.29293, 82169.49495, 0.0
448, 1.17172, 0.0, 0.0, 0.0, 0.0, 497.18182, 81994.56566, 0.0
449, 1.17172, 0.0, 0.0, 0.0, 0.0, 496.21212, 81818.09091, 0.0
450, 1.17347, 0.0, 0.0, 0.0, 1.0, 496.17347, 81647.46465, 0.0
451, 1.18085, 0.0, 0.0, 0.0, 1.0, 503.81915, 81479.91837, 0.0
452, 1.18085, 0.0, 0.0, 0.0, 0.0, 502.82979, 81270.61702, 0.0
453, 1.18478, 0.0, 0.0, 0.0, 1.0, 504.90217, 81104.96809, 0.0
454, 1.17778, 0.0, 0.0, 0.0, 1.0, 501.6, 80954.98913, 0.0
455, 1.18182, 0.0, 0.0, 0.0, 1.0, 503.19318, 80792.58889, 0.0
456, 1.18391, 0.0, 0.0, 0.0, 1.0, 503.1954, 80601.94318, 0.0
457, 1.17241, 0.0, 0.0, 0.0, 1.0, 497.62069, 80426.56322, 0.0
458, 1.16092, 0.0, 0.0, 0.0, 1.0, 491.85057, 80256.44828, 0.0
459, 1.16471, 0.0, 0.0, 0.0, 1.0, 493.6, 80092.09195, 0.0
460, 1.16667, 0.0, 0.0, 0.0, 1.0, 492.7619, 79883.36471, 0.0
461, 1.15476, 0.0, 0.0, 0.0, 1.0, 487.19048, 79715.13095, 0.0
462, 1.14458, 0.0, 0.0, 0.0, 1.0, 483.16867, 79553.64286, 0.0
463, 1.14815, 0.0, 0.0, 0.0, 1.0, 483.54321, 79376.72289, 0.0
464, 1.15385, 0.0, 0.0, 0.0, 1.0, 485.55128, 79193.46914, 0.0
465, 1.14474, 0.0, 0.0, 0.0, 1.0, 479.06579, 79040.62821, 0.0
466, 1.14865, 0.0, 0.0, 0.0, 1.0, 480.77027, 78868.60526, 0.0
467, 1.14865, 0.0, 0.0, 0.0, 0.0, 479.60811, 78712.68919, 0.0
468, 1.12329, 0.0, 0.0, 0.0, 1.0, 466.06849, 78563.01351, 0.0
469, 1.125, 0.0, 0.0, 0.0, 1.0, 466.44444, 78406.91781, 0.0
470, 1.125, 0.0, 0.0, 0.0, 0.0, 465.34722, 78243.90278, 0.0
471, 1.11268, 0.0, 0.0, 0.0, 1.0, 459.52113, 78085.56944, 0.0
472, 1.09859, 0.0, 0.0, 0.0, 1.0, 453.01408, 77879.71831, 0.0
473, 1.10145, 0.0, 0.0, 0.0, 1.0, 454.55072, 77721.98592, 0.0
474, 1.10145, 0.0, 0.0, 0.0, 0.0, 453.62319, 77532.43478, 0.0
475, 1.08824, 0.0, 0.0, 0.0, 1.0, 446.79412, 77380.30435, 0.0
476, 1.08824, 0.0, 0.0, 0.0, 0.0, 445.73529, 77198.83824, 0.0
477, 1.08955, 0.0, 0.0, 0.0, 1.0, 445.70149, 77040.26471, 0.0
478, 1.09091, 0.0, 0.0, 0.0, 1.0, 445.43939, 76866.08955, 0.0
479, 1.09091, 0.0, 0.0, 0.0, 0.0, 444.60606, 76697.43939, 0.0
480, 1.07692, 0.0, 0.0, 0.0, 1.0, 437.13846, 76549.54545, 0.0
481, 1.07813, 0.0, 0.0, 0.0, 1.0, 437.70313, 76374.04615, 0.0
482, 1.07937, 0.0, 0.0, 0.0, 1.0, 434.96825, 76171.90625, 0.0
483, 1.07937, 0.0, 0.0, 0.0, 0.0, 433.87302, 76012.07937, 0.0
484, 1.08333, 0.0, 0.0, 0.0, 1.0, 434.0, 75867.39683, 0.0
485, 1.08475, 0.0, 0.0, 0.0, 1.0, 433.54237, 75720.73333, 0.0
486, 1.06897, 0.0, 0.0, 0.0, 1.0, 427.2931, 75575.55932, 0.0
487, 1.07018, 0.0, 0.0, 0.0, 1.0, 427.63158, 75406.06897, 0.0
488, 1.07018, 0.0, 0.0, 0.0, 0.0, 426.63158, 75236.40351, 0.0
489, 1.07143, 0.0, 0.0, 0.0, 1.0, 427.10714, 75081.92982, 0.0
490, 1.07273, 0.0, 0.0, 0.0, 1.0, 428.09091, 74912.19643, 0.0
491, 1.07273, 0.0, 0.0, 0.0, 0.0, 427.01818, 74748.69091, 0.0
492, 1.05455, 0.0, 0.0, 0.0, 1.0, 418.07273, 74596.41818, 0.0
493, 1.03774, 0.0, 0.0, 0.0, 1.0, 412.07547, 74458.29091, 0.0
494, 1.03922, 0.0, 0.0, 0.0, 1.0, 413.21569, 74307.60377, 0.0
495, 1.04082, 0.0, 0.0, 0.0, 1.0, 411.46939, 74145.58824, 0.0
496, 1.04082, 0.0, 0.0, 0.0, 0.0, 410.4898, 73962.5102, 0.0
497, 1.04167, 0.0, 0.0, 0.0, 1.0, 411.70833, 73810.91837, 0.0
498, 1.04255, 0.0, 0.0, 0.0, 1.0, 411.80851, 73646.97917, 0.0
499, 1.02128, 0.0, 0.0, 0.0, 1.0, 403.21277, 73439.74468, 0.0
500, 1.02222, 0.0, 0.0, 0.0, 1.0, 402.44444, 73302.46809, 0.0
501, 1.02222, 0.0, 0.0, 0.0, 0.0, 401.55556, 73157.26667, 0.0
502, 1.02222, 0.0, 0.0, 0.0, 0.0, 400.6, 73000.33333, 0.0
503, 1.02222, 0.0, 0.0, 0.0, 0.0, 400.04444, 72841.13333, 0.0
504, 1.02273, 0.0, 0.0, 0.0, 1.0, 400.20455, 72694.2, 0.0
505, 1.02326, 0.0, 0.0, 0.0, 1.0, 400.25581, 72521.11364, 0.0
506, 1.02326, 0.0, 0.0, 0.0, 0.0, 399.39535, 72365.4186, 0.0
507, 1.02326, 0.0, 0.0, 0.0, 0.0, 398.55814, 72208.11628, 0.0
508, 1.02381, 0.0, 0.0, 0.0, 1.0, 398.2381, 72059.90698, 0.0
509, 1.025, 0.0, 0.0, 0.0, 1.0, 400.2, 71869.78571, 0.0
510, 1.025, 0.0, 0.0, 0.0, 0.0, 399.375, 71746.825, 0.0
511, 1.025, 0.0, 0.0, 0.0, 0.0, 398.175, 71586.575, 0.0
512, 1.025, 0.0, 0.0, 0.0, 0.0, 397.425, 71431.3, 0.0
513, 1.02564, 0.0, 0.0, 0.0, 1.0, 396.76923, 71291.8, 0.0
514, 1.0, 0.0, 0.0, 0.0, 1.0, 386.15789, 71152.66667, 0.0
515, 1.0, 0.0, 0.0, 0.0, 1.0, 386.35135, 70987.13158, 0.0
516, 1.0, 0.0, 0.0, 0.0, 0.0, 385.7027, 70812.24324, 0.0
517, 1.0, 0.0, 0.0, 0.0, 0.0, 385.10811, 70661.08108, 0.0
518, 1.0, 0.0, 0.0, 0.0, 1.0, 393.8, 70520.05405, 0.0
519, 1.0, 0.0, 0.0, 0.0, 0.0, 393.08571, 70390.77143, 0.0
520, 1.0, 0.0, 0.0, 0.0, 0.0, 392.0, 70239.74286, 0.0
521, 1.0, 0.0, 0.0, 0.0, 0.0, 391.25714, 70084.68571, 0.0
522, 1.0, 0.0, 0.0, 0.0, 0.0, 390.25714, 69934.02857, 0.0
523, 1.0, 0.0, 0.0, 0.0, 1.0, 392.06061, 69804.2, 0.0
524, 1.0, 0.0, 0.0, 0.0, 1.0, 395.26667, 69700.27273, 0.0
525, 1.0, 0.0, 0.0, 0.0, 0.0, 394.53333, 69551.53333, 0.0
526, 1.0, 0.0, 0.0, 0.0, 0.0, 394.06667, 69398.76667, 0.0
527, 1.0, 0.0, 0.0, 0.0, 0.0, 392.96667, 69248.86667, 0.0
528, 1.0, 0.0, 0.0, 0.0, 0.0, 392.33333, 69099.86667, 0.0
529, 1.0, 0.0, 0.0, 0.0, 0.0, 391.76667, 68947.46667, 0.0
530, 1.0, 0.0, 0.0, 0.0, 0.0, 391.06667, 68798.53333, 0.0
531, 1.0, 0.0, 0.0, 0.0, 0.0, 390.23333, 68655.13333, 0.0
532, 1.0, 0.0, 0.0, 0.0, 0.0, 389.36667, 68507.93333, 0.0
533, 1.0, 0.0, 0.0, 0.0, 1.0, 389.75862, 68376.8, 0.0
534, 1.0, 0.0, 0.0, 0.0, 0.0, 389.06897, 68215.17241, 0.0
535, 1.0, 0.0, 0.0, 0.0, 0.0, 388.44828, 68070.55172, 0.0
536, 1.0, 0.0, 0.0, 0.0, 0.0, 387.41379, 67924.93103, 0.0
537, 1.0, 0.0, 0.0, 0.0, 1.0, 388.17857, 67789.06897, 0.0
538, 1.0, 0.0, 0.0, 0.0, 0.0, 387.42857, 67632.0, 0.0
539, 1.0, 0.0, 0.0, 0.0, 0.0, 387.0, 67486.75, 0.0
540, 1.0, 0.0, 0.0, 0.0, 1.0, 378.57692, 67378.89286, 0.0
541, 1.0, 0.0, 0.0, 0.0, 1.0, 379.08, 67188.69231, 0.0
542, 1.0, 0.0, 0.0, 0.0, 1.0, 379.5, 67025.32, 0.0
543, 1.0, 0.0, 0.0, 0.0, 0.0, 378.79167, 66884.375, 0.0
544, 1.0, 0.0, 0.0, 0.0, 0.0, 377.66667, 66737.91667, 0.0
545, 1.0, 0.0, 0.0, 0.0, 1.0, 377.21739, 66612.5, 0.0
546, 1.0, 0.0, 0.0, 0.0, 1.0, 377.45455, 66327.65217, 0.0
547, 1.0, 0.0, 0.0, 0.0, 0.0, 376.72727, 66148.13636, 0.0
548, 1.0, 0.0, 0.0, 0.0, 0.0, 375.5, 66006.22727, 0.0
549, 1.0, 0.0, 0.0, 0.0, 0.0, 374.68182, 65860.31818, 0.0
550, 1.0, 0.0, 0.0, 0.0, 0.0, 373.95455, 65717.68182, 0.0
551, 1.0, 0.0, 0.0, 0.0, 1.0, 374.66667, 65596.90909, 0.0
552, 1.0, 0.0, 0.0, 0.0, 1.0, 374.55, 65456.2381, 0.0
553, 1.0, 0.0, 0.0, 0.0, 1.0, 376.78947, 65329.05, 0.0
554, 1.0, 0.0, 0.0, 0.0, 1.0, 382.625, 65234.36842, 0.0
555, 1.0, 0.0, 0.0, 0.0, 0.0, 381.6875, 65188.8125, 0.0
556, 1.0, 0.0, 0.0, 0.0, 0.0, 380.875, 65045.625, 0.0
557, 1.0, 0.0, 0.0, 0.0, 1.0, 382.66667, 64925.5625, 0.0
558, 1.0, 0.0, 0.0, 0.0, 0.0, 382.06667, 64724.46667, 0.0
559, 1.0, 0.0, 0.0, 0.0, 0.0, 381.4, 64585.13333, 0.0
560, 1.0, 0.0, 0.0, 0.0, 0.0, 380.26667, 64442.8, 0.0
561, 1.0, 0.0, 0.0, 0.0, 0.0, 379.0, 64300.0, 0.0
562, 1.0, 0.0, 0.0, 0.0, 0.0, 377.6, 64161.26667, 0.0
563, 1.0, 0.0, 0.0, 0.0, 1.0, 377.69231, 64080.86667, 0.0
564, 1.0, 0.0, 0.0, 0.0, 1.0, 380.75, 64020.30769, 0.0
565, 1.0, 0.0, 0.0, 0.0, 0.0, 380.0, 63859.08333, 0.0
566, 1.0, 0.0, 0.0, 0.0, 0.0, 378.91667, 63723.16667, 0.0
567, 1.0, 0.0, 0.0, 0.0, 1.0, 379.72727, 63618.58333, 0.0
568, 1.0, 0.0, 0.0, 0.0, 0.0, 379.09091, 63449.81818, 0.0
569, 1.0, 0.0, 0.0, 0.0, 0.0, 378.63636, 63318.36364, 0.0
570, 1.0, 0.0, 0.0, 0.0, 1.0, 385.0, 63216.27273, 0.0
571, 1.0, 0.0, 0.0, 0.0, 0.0, 383.6, 63022.5, 0.0
572, 1.0, 0.0, 0.0, 0.0, 0.0, 383.0, 62888.0, 0.0
573, 1.0, 0.0, 0.0, 0.0, 0.0, 382.3, 62752.2, 0.0
574, 1.0, 0.0, 0.0, 0.0, 0.0, 381.9, 62619.4, 0.0
575, 1.0, 0.0, 0.0, 0.0, 0.0, 381.1, 62482.5, 0.0
576, 1.0, 0.0, 0.0, 0.0, 0.0, 379.8, 62344.6, 0.0
577, 1.0, 0.0, 0.0, 0.0, 0.0, 379.2, 62206.2, 0.0
578, 1.0, 0.0, 0.0, 0.0, 0.0, 378.7, 62067.9, 0.0
579, 1.0, 0.0, 0.0, 0.0, 0.0, 378.0, 61934.8, 0.0
580, 1.0, 0.0, 0.0, 0.0, 0.0, 377.6, 61804.1, 0.0
581, 1.0, 0.0, 0.0, 0.0, 0.0, 377.0, 61670.0, 0.0
582, 1.0, 0.0, 0.0, 0.0, 0.0, 376.5, 61538.1, 0.0
583, 1.0, 0.0, 0.0, 0.0, 0.0, 375.5, 61403.5, 0.0
584, 1.0, 0.0, 0.0, 0.0, 0.0, 374.7, 61268.7, 0.0
585, 1.0, 0.0, 0.0, 0.0, 0.0, 373.6, 61136.8, 0.0
586, 1.0, 0.0, 0.0, 0.0, 0.0, 372.7, 61007.9, 0.0
587, 1.0, 0.0, 0.0, 0.0, 1.0, 390.0, 60958.1, 0.0
588, 1.0, 0.0, 0.0, 0.0, 0.0, 389.125, 60792.25, 0.0
589, 1.0, 0.0, 0.0, 0.0, 1.0, 294.14286, 60797.125, 0.0
590, 1.0, 0.0, 0.0, 0.0, 0.0, 293.57143, 60578.42857, 0.0
591, 1.0, 0.0, 0.0, 0.0, 0.0, 292.71429, 60447.42857, 0.0
592, 1.0, 0.0, 0.0, 0.0, 0.0, 292.0, 60307.71429, 0.0
593, 1.0, 0.0, 0.0, 0.0, 0.0, 291.71429, 60189.71429, 0.0
594, 1.0, 0.0, 0.0, 0.0, 0.0, 291.42857, 60058.57143, 0.0
595, 1.0, 0.0, 0.0, 0.0, 0.0, 290.57143, 59924.42857, 0.0
596, 1.0, 0.0, 0.0, 0.0, 0.0, 289.57143, 59795.14286, 0.0
597, 1.0, 0.0, 0.0, 0.0, 0.0, 289.14286, 59664.85714, 0.0
598, 1.0, 0.0, 0.0, 0.0, 0.0, 288.57143, 59529.14286, 0.0
599, 1.0, 0.0, 0.0, 0.0, 0.0, 287.71429, 59393.57143, 0.0
600, 1.0, 0.0, 0.0, 0.0, 0.0, 287.28571, 59272.28571, 0.0
601, 1.0, 0.0, 0.0, 0.0, 0.0, 286.0, 59145.28571, 0.0
602, 1.0, 0.0, 0.0, 0.0, 0.0, 285.42857, 59019.85714, 0.0
603, 1.0, 0.0, 0.0, 0.0, 0.0, 285.0, 58885.85714, 0.0
604, 1.0, 0.0, 0.0, 0.0, 0.0, 284.85714, 58760.57143, 0.0
605, 1.0, 0.0, 0.0, 0.0, 0.0, 284.0, 58629.14286, 0.0
606, 1.0, 0.0, 0.0, 0.0, 0.0, 283.0, 58500.42857, 0.0
607, 1.0, 0.0, 0.0, 0.0, 0.0, 282.42857, 58369.42857, 0.0
608, 1.0, 0.0, 0.0, 0.0, 0.0, 281.71429, 58246.57143, 0.0
609, 1.0, 0.0, 0.0, 0.0, 0.0, 280.85714, 58116.42857, 0.0
610, 1.0, 0.0, 0.0, 0.0, 0.0, 280.57143, 57988.71429, 0.0
611, 1.0, 0.0, 0.0, 0.0, 0.0, 280.28571, 57858.0, 0.0
612, 1.0, 0.0, 0.0, 0.0, 0.0, 279.71429, 57730.85714, 0.0
613, 1.0, 0.0, 0.0, 0.0, 1.0, 291.83333, 57651.85714, 0.0
614, 1.0, 0.0, 0.0, 0.0, 0.0, 291.0, 57480.5, 0.0
615, 1.0, 0.0, 0.0, 0.0, 0.0, 290.0, 57349.0, 0.0
616, 1.0, 0.0, 0.0, 0.0, 0.0, 289.0, 57231.33333, 0.0
617, 1.0, 0.0, 0.0, 0.0, 0.0, 288.66667, 57111.33333, 0.0
618, 1.0, 0.0, 0.0, 0.0, 0.0, 288.33333, 56987.0, 0.0
619, 1.0, 0.0, 0.0, 0.0, 0.0, 287.33333, 56866.66667, 0.0
620, 1.0, 0.0, 0.0, 0.0, 0.0, 286.83333, 56743.16667, 0.0
621, 1.0, 0.0, 0.0, 0.0, 0.0, 285.16667, 56615.83333, 0.0
622, 1.0, 0.0, 0.0, 0.0, 1.0, 277.8, 56558.33333, 0.0
623, 1.0, 0.0, 0.0, 0.0, 0.0, 277.6, 56433.6, 0.0
624, 1.0, 0.0, 0.0, 0.0, 0.0, 276.8, 56324.0, 0.0
625, 1.0, 0.0, 0.0, 0.0, 0.0, 276.6, 56199.4, 0.0
626, 1.0, 0.0, 0.0, 0.0, 0.0, 276.6, 56078.8, 0.0
627, 1.0, 0.0, 0.0, 0.0, 0.0, 276.0, 55944.8, 0.0
628, 1.0, 0.0, 0.0, 0.0, 1.0, 274.5, 55891.6, 0.0
629, 1.0, 0.0, 0.0, 0.0, 1.0, 264.0, 55917.25, 0.0
630, 1.0, 0.0, 0.0, 0.0, 1.0, 271.0, 55745.5, 0.0
631, 1.0, 0.0, 0.0, 0.0, 0.0, 269.0, 55876.0, 0.0
632, 1.0, 0.0, 0.0, 0.0, 0.0, 269.0, 55744.0, 0.0
633, 1.0, 0.0, 0.0, 0.0, 0.0, 269.0, 55649.0, 0.0
634, 1.0, 0.0, 0.0, 0.0, 0.0, 269.0, 55541.0, 0.0
635, 1.0, 0.0, 0.0, 0.0, 0.0, 269.0, 55421.0, 0.0
636, 1.0, 0.0, 0.0, 0.0, 0.0, 269.0, 55308.0, 0.0
637, 1.0, 0.0, 0.0, 0.0, 0.0, 269.0, 55193.0, 0.0
638, 1.0, 0.0, 0.0, 0.0, 0.0, 267.0, 55075.0, 0.0
639, 1.0, 0.0, 0.0, 0.0, 0.0, 267.0, 54958.0, 0.0
640, 1.0, 0.0, 0.0, 0.0, 0.0, 267.0, 54846.0, 0.0
641, 1.0, 0.0, 0.0, 0.0, 0.0, 267.0, 54724.0, 0.0
642, 1.0, 0.0, 0.0, 0.0, 0.0, 267.0, 54619.0, 0.0
643, 1.0, 0.0, 0.0, 0.0, 0.0, 266.0, 54514.0, 0.0
644, 1.0, 0.0, 0.0, 0.0, 0.0, 265.0, 54397.0, 0.0
645, 1.0, 0.0, 0.0, 0.0, 0.0, 265.0, 54299.0, 0.0
646, 1.0, 0.0, 0.0, 0.0, 0.0, 265.0, 54187.0, 0.0
647, 1.0, 0.0, 0.0, 0.0, 0.0, 263.0, 54080.0, 0.0
648, 1.0, 0.0, 0.0, 0.0, 0.0, 263.0, 53967.0, 0.0
649, 1.0, 0.0, 0.0, 0.0, 0.0, 263.0, 53847.0, 0.0
650, 1.0, 0.0, 0.0, 0.0, 0.0, 262.0, 53731.0, 0.0
651, 1.0, 0.0, 0.0, 0.0, 0.0, 260.0, 53592.0, 0.0
652, 1.0, 0.0, 0.0, 0.0, 0.0, 260.0, 53474.0, 0.0
653, 1.0, 0.0, 0.0, 0.0, 0.0, 260.0, 53359.0, 0.0
654, 1.0, 0.0, 0.0, 0.0, 0.0, 260.0, 53253.0, 0.0
655, 1.0, 0.0, 0.0, 0.0, 0.0, 260.0, 53140.0, 0.0
656, 1.0, 0.0, 0.0, 0.0, 0.0, 259.0, 53029.0, 0.0
657, 1.0, 0.0, 0.0, 0.0, 0.0, 258.0, 52916.0, 0.0
658, 1.0, 0.0, 0.0, 0.0, 0.0, 257.0, 52803.0, 0.0
659, 1.0, 0.0, 0.0, 0.0, 0.0, 257.0, 52692.0, 0.0
660, 1.0, 0.0, 0.0, 0.0, 0.0, 253.0, 52577.0, 0.0
661, 1.0, 0.0, 0.0, 0.0, 0.0, 253.0, 52467.0, 0.0
662, 1.0, 0.0, 0.0, 0.0, 0.0, 253.0, 52360.0, 0.0
663, 1.0, 0.0, 0.0, 0.0, 0.0, 253.0, 52249.0, 0.0
664, 1.0, 0.0, 0.0, 0.0, 0.0, 253.0, 52152.0, 0.0
665, 1.0, 0.0, 0.0, 0.0, 0.0, 253.0, 52017.0, 0.0
666, 1.0, 0.0, 0.0, 0.0, 0.0, 253.0, 51911.0, 0.0
667, 1.0, 0.0, 0.0, 0.0, 0.0, 252.0, 51804.0, 0.0
668, 1.0, 0.0, 0.0, 0.0, 0.0, 252.0, 51693.0, 0.0
669, 1.0, 0.0, 0.0, 0.0, 0.0, 250.0, 51586.0, 0.0
670, 1.0, 0.0, 0.0, 0.0, 0.0, 250.0, 51502.0, 0.0
671, 1.0, 0.0, 0.0, 0.0, 0.0, 250.0, 51388.0, 0.0
672, 1.0, 0.0, 0.0, 0.0, 0.0, 250.0, 51298.0, 0.0
673, 1.0, 0.0, 0.0, 0.0, 0.0, 250.0, 51200.0, 0.0
674, 1.0, 0.0, 0.0, 0.0, 0.0, 250.0, 51086.0, 0.0
675, 1.0, 0.0, 0.0, 0.0, 0.0, 250.0, 50969.0, 0.0
676, 1.0, 0.0, 0.0, 0.0, 0.0, 250.0, 50866.0, 0.0
677, 1.0, 0.0, 0.0, 0.0, 0.0, 250.0, 50750.0, 0.0
678, 1.0, 0.0, 0.0, 0.0, 0.0, 250.0, 50642.0, 0.0
679, 1.0, 0.0, 0.0, 0.0, 0.0, 246.0, 50524.0, 0.0
680, 1.0, 0.0, 0.0, 0.0, 0.0, 246.0, 50406.0, 0.0
681, 1.0, 0.0, 0.0, 0.0, 0.0, 246.0, 50303.0, 0.0
682, 1.0, 0.0, 0.0, 0.0, 0.0, 245.0, 50191.0, 0.0
683, 1.0, 0.0, 0.0, 0.0, 0.0, 244.0, 50082.0, 0.0
684, 1.0, 0.0, 0.0, 0.0, 0.0, 243.0, 49971.0, 0.0
685, 1.0, 0.0, 0.0, 0.0, 0.0, 243.0, 49881.0, 0.0
686, 1.0, 0.0, 0.0, 0.0, 0.0, 241.0, 49773.0, 0.0
687, 1.0, 0.0, 0.0, 0.0, 0.0, 241.0, 49663.0, 0.0
688, 1.0, 0.0, 0.0, 0.0, 0.0, 241.0, 49547.0, 0.0
689, 1.0, 0.0, 0.0, 0.0, 0.0, 241.0, 49440.0, 0.0
690, 1.0, 0.0, 0.0, 0.0, 0.0, 240.0, 49332.0, 0.0
691, 1.0, 0.0, 0.0, 0.0, 0.0, 240.0, 49226.0, 0.0
692, 1.0, 0.0, 0.0, 0.0, 0.0, 240.0, 49095.0, 0.0
693, 1.0, 0.0, 0.0, 0.0, 0.0, 240.0, 48978.0, 0.0
694, 1.0, 0.0, 0.0, 0.0, 0.0, 240.0, 48885.0, 0.0
695, 1.0, 0.0, 0.0, 0.0, 0.0, 239.0, 48793.0, 0.0
696, 1.0, 0.0, 0.0, 0.0, 0.0, 239.0, 48683.0, 0.0
697, 1.0, 0.0, 0.0, 0.0, 0.0, 237.0, 48574.0, 0.0
698, 1.0, 0.0, 0.0, 0.0, 0.0, 237.0, 48461.0, 0.0
699, 1.0, 0.0, 0.0, 0.0, 0.0, 236.0, 48368.0, 0.0
700, 1.0, 0.0, 0.0, 0.0, 0.0, 235.0, 48264.0, 0.0
701, 1.0, 0.0, 0.0, 0.0, 0.0, 232.0, 48161.0, 0.0
702, 1.0, 0.0, 0.0, 0.0, 0.0, 231.0, 48060.0, 0.0
703, 1.0, 0.0, 0.0, 0.0, 0.0, 231.0, 47964.0, 0.0
704, 1.0, 0.0, 0.0, 0.0, 0.0, 230.0, 47866.0, 0.0
705, 1.0, 0.0, 0.0, 0.0, 0.0, 230.0, 47751.0, 0.0
706, 1.0, 0.0, 0.0, 0.0, 0.0, 230.0, 47656.0, 0.0
707, 1.0, 0.0, 0.0, 0.0, 0.0, 230.0, 47543.0, 0.0
708, 1.0, 0.0, 0.0, 0.0, 0.0, 230.0, 47448.0, 0.0
709, 1.0, 0.0, 0.0, 0.0, 0.0, 229.0, 47336.0, 0.0
710, 1.0, 0.0, 0.0, 0.0, 0.0, 229.0, 47228.0, 0.0
711, 1.0, 0.0, 0.0, 0.0, 0.0, 228.0, 47130.0, 0.0
712, 1.0, 0.0, 0.0, 0.0, 0.0, 228.0, 47026.0, 0.0
713, 1.0, 0.0, 0.0, 0.0, 0.0, 228.0, 46921.0, 0.0
714, 1.0, 0.0, 0.0, 0.0, 0.0, 228.0, 46820.0, 0.0
715, 1.0, 0.0, 0.0, 0.0, 0.0, 228.0, 46726.0, 0.0
716, 1.0, 0.0, 0.0, 0.0, 0.0, 227.0, 46627.0, 0.0
717, 1.0, 0.0, 0.0, 0.0, 0.0, 227.0, 46539.0, 0.0
718, 1.0, 0.0, 0.0, 0.0, 0.0, 227.0, 46434.0, 0.0
719, 1.0, 0.0, 0.0, 0.0, 0.0, 224.0, 46360.0, 0.0
720, 1.0, 0.0, 0.0, 0.0, 0.0, 224.0, 46265.0, 0.0
721, 1.0, 0.0, 0.0, 0.0, 0.0, 224.0, 46149.0, 0.0
722, 1.0, 0.0, 0.0, 0.0, 0.0, 224.0, 46046.0, 0.0
723, 1.0, 0.0, 0.0, 0.0, 0.0, 223.0, 45964.0, 0.0
724, 1.0, 0.0, 0.0, 0.0, 0.0, 222.0, 45864.0, 0.0
725, 1.0, 0.0, 0.0, 0.0, 0.0, 222.0, 45768.0, 0.0
726, 1.0, 0.0, 0.0, 0.0, 0.0, 222.0, 45668.0, 0.0
727, 1.0, 0.0, 0.0, 0.0, 0.0, 222.0, 45575.0, 0.0
728, 1.0, 0.0, 0.0, 0.0, 0.0, 220.0, 45472.0, 0.0
729, 1.0, 0.0, 0.0, 0.0, 0.0, 217.0, 45376.0, 0.0
730, 1.0, 0.0, 0.0, 0.0, 0.0, 216.0, 45275.0, 0.0
731, 1.0, 0.0, 0.0, 0.0, 0.0, 216.0, 45166.0, 0.0
732, 1.0, 0.0, 0.0, 0.0, 0.0, 215.0, 45074.0, 0.0
733, 1.0, 0.0, 0.0, 0.0, 0.0, 215.0, 44970.0, 0.0
734, 1.0, 0.0, 0.0, 0.0, 0.0, 215.0, 44866.0, 0.0
735, 1.0, 0.0, 0.0, 0.0, 0.0, 214.0, 44770.0, 0.0
736, 1.0, 0.0, 0.0, 0.0, 0.0, 214.0, 44689.0, 0.0
737, 1.0, 0.0, 0.0, 0.0, 0.0, 213.0, 44606.0, 0.0
738, 1.0, 0.0, 0.0, 0.0, 0.0, 212.0, 44524.0, 0.0
739, 1.0, 0.0, 0.0, 0.0, 0.0, 211.0, 44434.0, 0.0
740, 1.0, 0.0, 0.0, 0.0, 0.0, 209.0, 44331.0, 0.0
741, 1.0, 0.0, 0.0, 0.0, 0.0, 209.0, 44236.0, 0.0
742, 1.0, 0.0, 0.0, 0.0, 0.0, 208.0, 44134.0, 0.0
743, 1.0, 0.0, 0.0, 0.0, 0.0, 208.0, 44020.0, 0.0
744, 1.0, 0.0, 0.0, 0.0, 0.0, 207.0, 43937.0, 0.0
745, 1.0, 0.0, 0.0, 0.0, 0.0, 207.0, 43834.0, 0.0
746, 1.0, 0.0, 0.0, 0.0, 0.0, 207.0, 43754.0, 0.0
747, 1.0, 0.0, 0.0, 0.0, 0.0, 207.0, 43659.0, 0.0
748, 1.0, 0.0, 0.0, 0.0, 0.0, 207.0, 43567.0, 0.0
749, 1.0, 0.0, 0.0, 0.0, 0.0, 207.0, 43471.0, 0.0
750, 1.0, 0.0, 0.0, 0.0, 0.0, 207.0, 43384.0, 0.0
751, 1.0, 0.0, 0.0, 0.0, 0.0, 207.0, 43298.0, 0.0
752, 1.0, 0.0, 0.0, 0.0, 0.0, 206.0, 43210.0, 0.0
753, 1.0, 0.0, 0.0, 0.0, 0.0, 205.0, 43129.0, 0.0
754, 1.0, 0.0, 0.0, 0.0, 0.0, 205.0, 43025.0, 0.0
755, 1.0, 0.0, 0.0, 0.0, 0.0, 205.0, 42918.0, 0.0
756, 1.0, 0.0, 0.0, 0.0, 0.0, 205.0, 42839.0, 0.0
757, 1.0, 0.0, 0.0, 0.0, 0.0, 205.0, 42750.0, 0.0
758, 1.0, 0.0, 0.0, 0.0, 0.0, 205.0, 42676.0, 0.0
759, 1.0, 0.0, 0.0, 0.0, 0.0, 205.0, 42578.0, 0.0
760, 1.0, 0.0, 0.0, 0.0, 0.0, 205.0, 42494.0, 0.0
761, 1.0, 0.0, 0.0, 0.0, 0.0, 204.0, 42401.0, 0.0
762, 1.0, 0.0, 0.0, 0.0, 0.0, 202.0, 42302.0, 0.0
763, 0.0, 0.0, 0.0, 0.0, 1.0, 0.0, 42464.0, 0.0
