time, seeders, joined, request_count, response_size, left, awareness, bad_data, leechers
0, 0.0, 0.0, 0.0, 0.0, 0.0, 5001.0, 0.0, 0.0
1, 0.0, 1419.272, 471.32051, 31.47351, 0.0, 585534.952, 0.0, 1419.272
2, 0.0, 673.462, 426.31507, 74.44312, 69.784, 795053.282, 33936.274, 2023.95
3, 0.0, 652.746, 406.22692, 100.96144, 66.66, 989143.144, 62374.488, 2610.036
4, 0.0, 631.86, 388.34868, 125.83809, 80.074, 1155699.418, 95904.484, 3161.822
5, 0.0, 611.326, 373.2035, 148.97962, 92.436, 1299285.258, 133841.56, 3680.712
6, 0.0, 591.362, 360.32075, 170.48177, 105.224, 1423416.822, 176265.936, 4166.85
7, 0.0, 571.534, 348.89963, 190.5408, 116.794, 1531165.758, 222452.438, 4621.59
8, 0.0, 553.684, 339.06163, 209.44927, 128.812, 1624910.354, 272654.382, 5046.462
9, 0.0, 533.932, 330.34356, 227.17226, 137.03, 1707035.296, 325047.068, 5443.364
10, 0.0, 516.702, 322.5302, 243.77399, 147.028, 1778814.522, 380448.29, 5813.038
11, 1105.446, 499.634, 315.63705, 259.26362, 128.696, 1846154.832, 426043.122, 5078.53
12, 1593.114, 483.512, 309.06162, 273.77562, 161.348, 1898645.096, 484052.262, 4913.026
13, 2068.074, 467.568, 304.4092, 287.35301, 153.76, 1948269.284, 537770.924, 4751.874
14, 2518.978, 452.28, 299.44946, 300.35612, 158.656, 1992396.464, 592116.46, 4594.594
15, 2946.214, 438.17, 295.12746, 312.52321, 161.274, 2031956.792, 646721.974, 4444.254
16, 3350.174, 421.578, 290.21913, 324.09003, 165.512, 2066425.92, 701948.39, 4296.36
17, 3732.826, 409.24, 287.13469, 335.13883, 167.632, 2097618.632, 757066.054, 4155.316
18, 4095.622, 395.274, 283.38823, 345.68626, 171.056, 2125128.386, 812345.43, 4016.738
19, 4436.802, 383.61, 280.6444, 355.59297, 172.866, 2149806.458, 867641.47, 3886.302
20, 4758.746, 369.92, 278.0466, 365.18781, 175.116, 2171290.096, 923221.646, 3759.162
21, 5062.3, 357.748, 276.35934, 374.18369, 177.39, 2190392.212, 978585.036, 3635.966
22, 5349.78, 347.214, 274.02409, 382.91612, 179.226, 2207051.5, 1034144.706, 3516.474
23, 5619.234, 333.698, 271.43705, 391.08115, 180.458, 2220954.448, 1089743.38, 3400.26
24, 5872.658, 324.344, 269.93871, 398.96121, 183.226, 2232942.432, 1145454.762, 3287.954
25, 6111.42, 313.126, 268.62669, 406.55944, 182.756, 2243296.348, 1200415.36, 3179.562
26, 6333.414, 302.29, 267.79913, 413.64341, 184.61, 2251716.464, 1255525.928, 3075.248
27, 6542.222, 293.416, 266.52943, 420.53424, 184.804, 2258742.036, 1310234.082, 2975.052
28, 6736.628, 284.334, 266.26432, 427.13646, 186.95, 2264097.414, 1365367.312, 2878.03
29, 6917.858, 273.004, 264.95216, 433.58358, 187.428, 2267853.016, 1419879.674, 2782.376
30, 7087.104, 265.226, 263.63177, 439.45528, 187.114, 2270428.452, 1474042.76, 2691.242
31, 7243.512, 257.46, 263.05834, 445.18864, 187.98, 2271967.264, 1527794.236, 2604.314
32, 7389.086, 248.618, 263.79023, 450.92834, 188.592, 2272324.876, 1581476.39, 2518.766
33, 7522.936, 239.97, 263.1954, 456.14392, 187.562, 2271653.27, 1634555.526, 2437.324
34, 7646.38, 232.46, 263.14635, 461.24003, 188.046, 2269899.076, 1687539.924, 2358.294
35, 7759.804, 223.842, 263.39561, 465.98993, 187.95, 2267147.802, 1740061.082, 2280.762
36, 7863.834, 216.814, 264.42942, 470.96913, 187.768, 2263607.098, 1792312.862, 2205.778
37, 7959.698, 210.292, 262.53495, 475.18964, 186.896, 2259231.314, 1843916.082, 2133.31
38, 8044.462, 201.638, 264.63266, 479.53147, 189.162, 2253853.992, 1895435.308, 2061.022
39, 8120.224, 196.5, 264.62595, 483.65869, 187.834, 2247873.044, 1946646.654, 1993.926
40, 8189.786, 189.196, 264.28149, 487.52643, 185.932, 2241089.684, 1997234.066, 1927.628
41, 8251.638, 184.222, 265.86944, 491.41279, 185.178, 2234028.146, 2047193.21, 1864.82
42, 8304.984, 177.618, 265.08575, 495.02857, 185.298, 2226012.464, 2096938.23, 1803.794
43, 8350.412, 172.712, 266.26986, 498.42826, 185.142, 2217487.624, 2146446.44, 1745.936
44, 8391.048, 167.244, 265.78532, 501.87841, 183.414, 2208492.26, 2195164.256, 1689.13
45, 8424.268, 160.102, 266.1928, 504.83369, 182.918, 2198752.518, 2243310.726, 1633.094
46, 8451.498, 155.02, 267.59128, 508.05393, 181.936, 2188577.022, 2290993.348, 1578.948
47, 8472.67, 150.268, 269.51846, 510.89931, 181.076, 2178165.542, 2338024.71, 1526.968
48, 8487.206, 145.536, 268.30475, 513.72508, 179.856, 2167164.698, 2384574.67, 1478.112
49, 8498.284, 141.858, 271.0175, 516.27467, 178.508, 2156210.0, 2430340.616, 1430.384
50, 8502.8, 136.334, 270.89354, 518.89917, 177.694, 2144526.842, 2475773.12, 1384.508
51, 8503.5, 132.408, 270.98061, 521.3607, 177.462, 2132487.88, 2520683.792, 1338.754
52, 8499.138, 127.886, 272.0157, 523.83235, 174.898, 2120270.114, 2564689.164, 1296.104
53, 8490.95, 123.882, 276.82795, 525.74832, 174.516, 2107712.708, 2608715.256, 1253.658
54, 8478.598, 118.52, 276.07999, 528.08536, 173.984, 2094474.014, 2652236.356, 1210.546
55, 8461.776, 115.886, 276.59079, 529.88959, 171.298, 2081384.222, 2694718.06, 1171.956
56, 8440.136, 110.804, 275.96477, 532.02629, 170.936, 2067516.35, 2736961.852, 1133.464
57, 8415.242, 108.038, 277.88371, 533.87509, 169.184, 2053526.584, 2778729.762, 1097.212
58, 8388.012, 103.55, 279.81651, 535.4809, 168.128, 2039127.728, 2820049.55, 1059.864
59, 8358.004, 100.938, 279.94412, 537.17022, 166.428, 2024738.932, 2860490.644, 1024.382
60, 8323.76, 97.604, 283.30806, 538.85281, 165.362, 2010094.378, 2900640.184, 990.868
61, 8287.058, 94.268, 285.04901, 540.22794, 163.938, 1995397.398, 2939967.548, 957.9
62, 8247.912, 91.834, 285.8854, 541.72857, 162.352, 1980432.98, 2978993.078, 926.528
63, 8206.092, 87.688, 287.46237, 543.03194, 160.738, 1965297.396, 3017136.794, 895.298
64, 8160.598, 85.56, 287.45909, 544.36146, 159.598, 1949964.054, 3054852.36, 866.754
65, 8114.536, 82.396, 290.06262, 545.49096, 157.628, 1934585.296, 3091853.922, 837.584
66, 8065.478, 79.64, 291.62481, 546.68164, 155.932, 1919147.716, 3128121.212, 810.35
67, 8014.202, 76.796, 291.99437, 547.38044, 155.428, 1903208.02, 3164307.612, 782.994
68, 7960.924, 74.836, 294.12315, 548.64745, 153.094, 1887439.506, 3199639.328, 758.014
69, 7906.59, 72.62, 293.78959, 549.60684, 151.326, 1871577.078, 3234306.596, 733.642
70, 7850.652, 69.756, 294.65566, 550.6083, 150.216, 1855525.06, 3268370.842, 709.12
71, 7792.806, 67.478, 296.28916, 551.17296, 149.004, 1839165.788, 3302240.21, 685.44
72, 7734.412, 65.608, 298.25631, 551.99479, 146.582, 1823056.94, 3335167.93, 662.86
73, 7673.414, 63.752, 303.23755, 552.99302, 144.954, 1807034.636, 3367599.436, 642.656
74, 7612.052, 61.166, 303.58369, 553.67392, 143.764, 1790720.332, 3399595.454, 621.42
75, 7550.274, 59.278, 303.0804, 553.76773, 141.548, 1774278.072, 3431059.186, 600.928
76, 7486.67, 57.752, 305.46128, 554.44266, 140.152, 1758095.488, 3461679.74, 582.132
77, 7422.272, 55.714, 303.98105, 554.63061, 138.54, 1741491.716, 3492128.988, 563.704
78, 7356.61, 53.392, 312.64984, 555.58534, 137.312, 1725085.772, 3521890.34, 545.446
79, 7289.964, 51.668, 310.92746, 555.6511, 136.718, 1708257.808, 3551563.036, 527.042
80, 7223.338, 50.244, 312.17658, 556.13765, 133.95, 1691708.35, 3580289.528, 509.962
81, 7155.77, 48.388, 312.04018, 555.96973, 132.746, 1675024.706, 3608521.994, 493.172
82, 7087.876, 46.966, 317.20819, 556.73976, 131.132, 1658471.854, 3636226.482, 476.9
83, 7019.858, 45.416, 319.35882, 557.0122, 129.584, 1641940.192, 3663404.38, 460.75
84, 6950.048, 43.728, 319.20051, 557.20576, 128.774, 1625190.33, 3690228.1, 445.514
85, 6881.208, 42.694, 319.48283, 556.97141, 126.096, 1608493.794, 3716553.594, 430.952
86, 6811.692, 40.942, 319.62288, 557.18577, 125.074, 1591714.482, 3742310.176, 416.336
87, 6742.912, 39.576, 325.19709, 557.67071, 122.768, 1575242.988, 3767291.044, 401.924
88, 6672.456, 38.424, 321.85613, 557.31519, 121.58, 1558607.38, 3791907.874, 389.224
89, 6602.402, 36.876, 325.98438, 557.61343, 119.554, 1542112.718, 3815849.896, 376.6
90, 6531.394, 35.606, 325.9563, 557.67474, 119.308, 1525456.386, 3839488.958, 363.906
91, 6460.092, 34.568, 331.52048, 557.0836, 117.962, 1508902.426, 3862750.824, 351.814
92, 6389.582, 33.546, 331.03798, 557.23773, 115.802, 1492358.828, 3885526.396, 340.068
93, 6320.36, 32.266, 333.84987, 557.11019, 113.192, 1476069.542, 3907496.45, 328.364
94, 6250.03, 31.27, 334.18612, 557.22986, 112.438, 1459666.084, 3929220.926, 317.526
95, 6179.03, 30.392, 333.54172, 556.96725, 111.884, 1443202.338, 3950602.094, 307.034
96, 6107.934, 29.43, 338.80394, 557.05747, 110.348, 1426954.368, 3971416.696, 297.212
97, 6037.688, 28.018, 339.78157, 556.16681, 108.272, 1410669.614, 3991745.422, 287.204
98, 5967.66, 27.43, 341.0864, 555.65947, 106.866, 1394577.158, 4011545.302, 277.796
99, 5897.376, 26.906, 341.85683, 556.02403, 105.916, 1378458.24, 4031121.066, 269.07
100, 5827.254, 25.506, 345.72258, 555.22817, 104.308, 1362304.694, 4050312.806, 260.39
101, 5756.646, 25.14, 346.4996, 555.15968, 103.744, 1346271.558, 4069120.324, 252.394
102, 5687.124, 24.632, 344.5112, 555.10806, 101.702, 1330436.06, 4087349.69, 244.846
103, 5618.376, 23.23, 343.6074, 554.63656, 99.656, 1314618.808, 4104945.622, 237.168
104, 5549.638, 22.224, 349.08207, 553.6619, 98.992, 1298827.702, 4122195.74, 229.138
105, 5481.414, 21.984, 356.03166, 553.75955, 97.686, 1283283.692, 4139105.624, 221.66
106, 5413.368, 21.114, 354.26731, 552.79278, 96.63, 1267604.608, 4155779.986, 214.19
107, 5345.694, 20.776, 352.85907, 552.76961, 94.67, 1252147.242, 4171935.68, 207.97
108, 5277.844, 19.934, 359.28564, 552.17691, 94.172, 1236694.836, 4187838.274, 201.582
109, 5211.724, 19.182, 354.75967, 551.96135, 92.152, 1221450.118, 4203024.96, 194.732
110, 5145.436, 18.542, 360.9643, 550.51023, 91.026, 1206355.254, 4217826.57, 188.536
111, 5079.3, 17.924, 357.3979, 551.07914, 90.514, 1191035.322, 4232563.61, 182.082
112, 5013.806, 17.282, 361.93728, 550.00224, 89.006, 1175938.066, 4246804.732, 175.852
113, 4948.634, 16.664, 363.29813, 549.02412, 87.622, 1160924.614, 4260664.578, 170.066
114, 4883.82, 16.046, 368.19145, 549.08582, 86.232, 1146145.77, 4273997.374, 164.694
115, 4819.306, 15.728, 365.46287, 548.24756, 85.666, 1131212.142, 4287322.846, 159.27
116, 4755.972, 14.812, 368.14745, 547.44673, 83.666, 1116432.43, 4300095.19, 153.75
117, 4692.946, 14.67, 371.50648, 547.13817, 82.948, 1101860.51, 4312520.616, 148.498
118, 4630.97, 14.104, 372.80204, 546.75276, 81.216, 1087413.804, 4324530.28, 143.362
119, 4569.504, 13.664, 375.87822, 545.63532, 79.974, 1073155.06, 4336129.048, 138.518
120, 4508.87, 13.222, 377.32567, 545.01403, 78.314, 1059219.018, 4347105.252, 134.06
121, 4448.492, 12.916, 378.21307, 544.22252, 77.538, 1045332.202, 4357876.942, 129.816
122, 4388.072, 12.442, 379.19949, 543.45507, 77.064, 1031439.226, 4368434.588, 125.614
123, 4328.534, 12.152, 376.97498, 542.92534, 75.73, 1017503.404, 4378866.046, 121.574
124, 4269.838, 11.734, 377.02403, 541.97084, 74.07, 1003926.63, 4388641.87, 117.934
125, 4211.18, 11.186, 380.02861, 541.73418, 73.778, 990220.75, 4398352.87, 114.0
126, 4152.238, 10.61, 383.97738, 540.94944, 73.404, 976537.926, 4407832.288, 110.148
127, 4094.106, 10.58, 382.98677, 539.94052, 72.244, 963034.976, 4417021.656, 106.616
128, 4038.026, 9.912, 389.52785, 538.7309, 69.73, 949929.392, 4425461.33, 102.878
129, 3981.096, 9.842, 386.71002, 538.85208, 69.966, 936651.026, 4434034.57, 99.684
130, 3925.288, 9.398, 393.06235, 536.90579, 68.53, 923563.606, 4442224.856, 96.36
131, 3870.358, 9.262, 389.44073, 537.04519, 67.222, 910824.146, 4449851.018, 93.33
132, 3816.168, 8.834, 392.23455, 536.12063, 66.114, 898186.858, 4457182.788, 90.24
133, 3762.304, 8.794, 395.72436, 535.11523, 65.592, 885612.262, 4464426.758, 87.306
134, 3709.784, 8.45, 393.49112, 534.45684, 63.826, 873368.076, 4471044.09, 84.45
135, 3656.606, 7.82, 387.85166, 533.34916, 63.956, 860818.562, 4477724.778, 81.492
136, 3604.536, 7.754, 399.14883, 532.80969, 62.232, 848669.334, 4483961.406, 79.084
137, 3553.592, 7.38, 406.23306, 531.48866, 61.248, 836544.288, 4490039.298, 76.16
138, 3502.228, 7.09237, 405.01133, 531.64977, 60.826, 824461.372, 4495925.112, 73.762
139, 3452.278, 6.958, 404.42656, 530.07534, 59.462, 812566.892, 4501496.694, 71.208
140, 3402.574, 6.94, 402.16138, 529.378, 58.714, 800770.516, 4506908.422, 69.138
141, 3353.7, 6.71142, 408.18155, 528.25933, 57.7, 789401.21, 4511720.662, 67.01
142, 3304.588, 6.406, 409.45988, 528.87648, 57.648, 777887.826, 4516585.81, 64.88
143, 3256.562, 6.08434, 414.85149, 526.38067, 56.498, 766344.78, 4521364.356, 62.468
144, 3209.062, 5.91165, 408.62772, 526.80466, 55.66, 755151.802, 4525582.326, 60.196
145, 3162.598, 5.78313, 404.34028, 524.845, 54.106, 744210.2, 4529409.232, 58.314
146, 3116.312, 5.51, 404.17423, 523.95599, 53.802, 733225.264, 4533165.664, 56.308
147, 3071.094, 5.38431, 415.1719, 523.63996, 52.378, 722400.528, 4536727.572, 54.5
148, 3025.694, 5.13427, 415.69087, 521.93803, 52.322, 711577.794, 4540168.664, 52.702
149, 2980.794, 5.32193, 414.55577, 521.08892, 51.456, 701002.628, 4543376.294, 51.436
150, 2936.56, 4.8629, 411.06965, 521.19818, 50.926, 690423.002, 4546358.33, 49.568
151, 2893.364, 4.60765, 410.26201, 520.49122, 49.644, 679973.656, 4549057.6, 47.7
152, 2850.526, 4.71717, 413.27623, 518.49845, 48.882, 669872.066, 4551409.886, 46.326
153, 2808.238, 4.48178, 420.28004, 517.79796, 48.248, 659831.512, 4553596.902, 44.794
154, 2766.252, 4.33333, 422.605, 516.31602, 47.666, 649740.56, 4555792.586, 43.352
155, 2724.888, 4.13061, 424.90119, 516.8657, 46.914, 639758.646, 4557754.948, 41.85
156, 2684.41, 4.00414, 415.46019, 515.60797, 45.852, 629982.73, 4559364.71, 40.344
157, 2644.296, 3.89837, 414.75495, 512.7687, 45.298, 620298.382, 4560854.34, 38.996
158, 2604.346, 3.85598, 421.09416, 513.30481, 44.936, 610795.204, 4562142.31, 37.812
159, 2565.354, 3.65377, 421.40468, 512.33995, 43.998, 601306.022, 4563313.302, 36.394
160, 2527.096, 3.74233, 428.68852, 511.4557, 42.892, 592191.512, 4564115.156, 35.42
161, 2488.676, 3.51346, 419.2693, 510.75053, 42.846, 582948.858, 4564914.582, 34.388
162, 2451.044, 3.42008, 426.60276, 509.96348, 42.102, 573946.824, 4565442.356, 33.256
163, 2413.75, 3.24895, 436.25241, 508.01919, 41.5, 564971.666, 4565857.77, 32.156
164, 2377.286, 3.21429, 429.41176, 508.12253, 40.5, 556260.062, 4565934.126, 31.18
165, 2340.994, 3.10494, 434.06229, 505.84885, 40.234, 547681.18, 4565854.028, 30.256
166, 2305.45, 3.08176, 435.03401, 505.71384, 39.346, 539103.412, 4565753.896, 29.394
167, 2269.57, 2.87473, 433.53028, 504.29727, 39.51, 530430.432, 4565657.014, 28.472
168, 2235.252, 2.98973, 427.1978, 504.09325, 38.032, 522165.336, 4565169.292, 27.67
169, 2201.348, 2.79694, 440.67135, 503.00974, 37.428, 513957.306, 4564502.088, 26.708
170, 2167.794, 2.66739, 438.06031, 500.56093, 37.018, 505757.508, 4563774.494, 25.698
171, 2134.366, 2.55844, 437.81726, 500.95845, 36.682, 497697.132, 4562848.508, 24.808
172, 2101.596, 2.49119, 442.97082, 499.67964, 35.972, 489662.584, 4561872.088, 23.868
173, 2069.15, 2.61233, 440.97808, 499.24187, 35.474, 481845.886, 4560707.612, 23.212
174, 2036.766, 2.44541, 433.92857, 497.57099, 35.458, 473980.714, 4559520.578, 22.378
175, 2005.434, 2.44144, 449.26199, 496.19199, 34.222, 466520.972, 4557878.832, 21.656
176, 1974.566, 2.32802, 448.1409, 495.16921, 33.666, 459017.822, 4556238.25, 20.902
177, 1944.12, 2.37972, 442.51734, 495.16461, 33.104, 451634.864, 4554450.618, 20.262
178, 1914.166, 2.19622, 439.72013, 494.87271, 32.68, 444310.002, 4552534.704, 19.394
179, 1884.524, 2.19676, 445.73235, 494.36998, 32.118, 437125.2, 4550491.462, 18.816
180, 1855.612, 2.27007, 439.97856, 492.37759, 31.27, 430164.286, 4548194.476, 18.324
181, 1827.236, 2.06112, 444.83986, 492.396, 30.664, 423243.426, 4545794.432, 17.722
182, 1798.636, 2.08663, 446.61922, 488.60292, 30.82, 416320.862, 4543404.772, 17.188
183, 1770.526, 1.95844, 445.69288, 488.80112, 30.354, 409454.444, 4540924.248, 16.546
184, 1743.366, 2.046, 447.33728, 487.4828, 29.364, 402899.962, 4538149.974, 16.032
185, 1716.21, 1.95929, 447.4026, 487.2627, 29.156, 396296.656, 4535368.218, 15.572
186, 1689.324, 1.92533, 444.59834, 486.02025, 28.796, 389773.112, 4532476.408, 15.106
187, 1662.764, 1.84282, 441.91176, 484.41431, 28.548, 383217.3, 4529574.524, 14.478
188, 1636.914, 1.8445, 452.03488, 484.41318, 27.666, 376981.292, 4526364.764, 14.038
189, 1611.248, 1.79221, 445.65217, 482.53333, 27.458, 370712.178, 4523185.972, 13.626
190, 1586.334, 1.79534, 445.16595, 480.88006, 26.688, 364682.314, 4519769.366, 13.238
191, 1561.306, 1.79396, 460.18377, 480.36772, 26.668, 358621.854, 4516387.51, 12.904
192, 1537.192, 1.5961, 444.15358, 481.25344, 25.726, 352785.31, 4512673.034, 12.438
193, 1513.244, 1.60405, 444.14414, 479.12373, 25.476, 346933.97, 4508962.894, 12.02
194, 1489.466, 1.67062, 448.49023, 477.60396, 25.396, 341174.936, 4505188.778, 11.528
195, 1465.56, 1.62682, 459.67742, 476.4191, 25.386, 335359.832, 4501497.916, 11.164
196, 1442.75, 1.59692, 457.61079, 476.19579, 24.212, 329862.368, 4497435.798, 10.8
197, 1419.644, 1.6284, 458.25603, 475.10121, 24.398, 324261.062, 4493528.022, 10.586
198, 1397.352, 1.55488, 448.03922, 473.10941, 23.644, 318782.188, 4489448.724, 10.254
199, 1375.286, 1.5661, 459.95671, 474.20235, 23.432, 313404.006, 4485250.338, 9.812
200, 1353.272, 1.49147, 456.52174, 473.72682, 23.322, 308097.436, 4480964.536, 9.378
201, 1331.826, 1.55986, 452.59594, 471.64339, 22.744, 302797.428, 4476687.598, 8.966
202, 1310.752, 1.48366, 451.54185, 469.34146, 22.192, 297709.484, 4472191.792, 8.756
203, 1289.588, 1.53169, 451.72414, 466.92366, 22.288, 292653.652, 4467670.212, 8.502
204, 1268.996, 1.47333, 463.8009, 467.17073, 21.648, 287647.432, 4463132.33, 8.33
205, 1248.682, 1.38909, 458.11518, 466.41429, 21.402, 282712.178, 4458478.89, 8.006
206, 1228.77, 1.37154, 456.77233, 467.53312, 20.9, 277884.134, 4453696.706, 7.712
207, 1209.606, 1.36694, 463.12684, 463.26433, 20.18, 273191.634, 4448777.29, 7.38878
208, 1190.56, 1.39063, 455.05618, 465.40432, 20.014, 268595.26, 4443772.136, 7.118
209, 1171.678, 1.40851, 447.12991, 464.95608, 19.762, 264001.296, 4438764.146, 6.9
210, 1153.0, 1.2887, 457.79221, 462.58156, 19.53, 259480.964, 4433668.84, 6.664
211, 1134.148, 1.36402, 453.98773, 461.64865, 19.72, 254931.87, 4428641.932, 6.448
212, 1115.96, 1.45614, 460.84337, 459.4183, 19.048, 250544.192, 4423474.332, 6.26453
213, 1098.098, 1.3133, 464.05229, 457.85563, 18.678, 246238.234, 4418208.678, 6.048
214, 1080.186, 1.29293, 466.79688, 459.86611, 18.772, 241916.48, 4412924.006, 5.72289
215, 1062.818, 1.31658, 459.92366, 458.19917, 18.11, 237734.538, 4407522.408, 5.50402
216, 1045.636, 1.29224, 461.13074, 457.85441, 17.828, 233609.514, 4402099.518, 5.43461
217, 1029.102, 1.24103, 462.80992, 454.89732, 17.194, 229637.816, 4396496.024, 5.23647
218, 1012.912, 1.25792, 458.63309, 452.64314, 16.884, 225776.572, 4390817.024, 5.12903
219, 996.352, 1.27273, 473.68421, 456.0873, 17.182, 221853.428, 4385215.288, 5.00802
220, 980.222, 1.20101, 460.25105, 453.97273, 16.708, 217975.464, 4379554.82, 4.9375
221, 964.56, 1.25714, 465.90909, 452.64878, 16.306, 214239.594, 4373753.778, 4.71285
222, 949.124, 1.27647, 470.04608, 449.53922, 16.076, 210488.306, 4367981.396, 4.51509
223, 933.78, 1.21569, 454.30108, 451.85799, 15.92, 206839.85, 4362080.654, 4.32727
224, 918.966, 1.24309, 464.44444, 451.30144, 15.36, 203308.968, 4356109.174, 4.2303
225, 903.992, 1.24845, 485.07463, 447.24615, 15.504, 199724.154, 4350198.444, 4.11765
226, 889.436, 1.2, 473.80952, 449.47236, 15.104, 196272.496, 4344184.164, 4.02045
227, 875.268, 1.20958, 475.24752, 447.41146, 14.63, 192954.844, 4338023.578, 3.96926
228, 861.044, 1.1958, 485.38012, 446.09639, 14.76, 189577.518, 4331933.994, 3.77049
229, 847.196, 1.23899, 459.39086, 446.34254, 14.352, 186305.294, 4325768.564, 3.64286
230, 833.548, 1.22759, 471.91011, 440.35119, 14.078, 183073.612, 4319555.002, 3.59671
231, 820.02, 1.15603, 490.79755, 446.6625, 13.966, 179882.436, 4313304.476, 3.50311
232, 806.772, 1.16026, 477.90055, 440.11561, 13.652, 176779.826, 4306995.86, 3.48125
233, 793.558, 1.18033, 468.75, 445.68889, 13.598, 173650.11, 4300696.752, 3.3954
234, 780.492, 1.17544, 477.61194, 439.57813, 13.504, 170542.002, 4294385.196, 3.20417
235, 767.966, 1.17266, 460.1227, 444.85333, 12.904, 167593.266, 4287963.11, 3.17647
236, 755.45, 1.16, 468.96552, 436.47794, 12.918, 164586.546, 4281594.382, 3.11111
237, 743.458, 1.10156, 482.2695, 433.55882, 12.374, 161717.308, 4275098.218, 3.05652
238, 731.568, 1.09559, 479.86577, 439.09091, 12.252, 158932.496, 4268557.216, 2.98048
239, 719.934, 1.14516, 478.87324, 431.58088, 12.016, 156241.382, 4261900.848, 2.9057
240, 707.99, 1.09709, 451.32743, 436.86275, 12.274, 153396.804, 4255404.144, 2.76139
241, 696.524, 1.1068, 473.68421, 431.2963, 11.766, 150712.872, 4248769.518, 2.70087
242, 685.248, 1.12389, 476.37795, 433.94215, 11.618, 148044.154, 4242137.476, 2.62775
243, 674.21, 1.05618, 473.40426, 429.68539, 11.326, 145431.174, 4235447.846, 2.55134
244, 663.394, 1.09091, 484.375, 435.32258, 11.088, 142871.736, 4228728.438, 2.50682
245, 652.778, 1.10476, 482.75862, 429.35714, 10.916, 140396.382, 4221952.938, 2.47454
246, 642.052, 1.10377, 478.63248, 430.02679, 11.004, 137845.53, 4215284.972, 2.43488
247, 631.646, 1.02299, 466.29213, 426.49398, 10.66, 135382.368, 4208514.156, 2.28798
248, 621.238, 1.11828, 480.76923, 430.32, 10.684, 132934.45, 4201767.076, 2.25173
249, 611.112, 1.08451, 474.02597, 423.9589, 10.41, 130507.116, 4194972.752, 2.12121
250, 601.35, 1.10811, 463.41463, 427.84211, 9.978, 128225.104, 4188051.338, 2.08983
251, 591.424, 1.07813, 471.01449, 427.07692, 10.132, 125878.388, 4181208.274, 2.05811
252, 581.886, 1.14085, 487.65432, 422.65823, 9.776, 123622.146, 4174313.092, 1.97087
253, 572.486, 1.07407, 465.51724, 421.41975, 9.59, 121464.28, 4167327.592, 1.9562
254, 563.246, 1.0597, 450.70423, 424.26563, 9.438, 119303.73, 4160342.38, 1.94
255, 553.98, 1.01351, 493.33333, 423.52703, 9.504, 117136.86, 4153405.342, 1.87212
256, 544.964, 1.1, 480.51948, 418.39189, 9.254, 115015.114, 4146436.528, 1.8254
257, 536.056, 1.08065, 477.61194, 417.75, 9.068, 112924.18, 4139446.962, 1.79576
258, 527.194, 1.01639, 491.93548, 422.96721, 9.06, 110848.566, 4132447.218, 1.74863
259, 518.422, 1.0678, 492.06349, 421.54839, 8.94, 108825.688, 4125407.656, 1.71944
260, 510.15, 1.08475, 492.1875, 412.31746, 8.45691, 106931.412, 4118264.964, 1.66389
261, 501.996, 1.03704, 500.0, 415.78571, 8.278, 105061.12, 4111112.952, 1.65642
262, 493.92, 1.0625, 500.0, 416.72549, 8.234, 103201.856, 4103966.1, 1.60511
263, 485.958, 1.02222, 478.26087, 417.65909, 8.104, 101378.28, 4096796.95, 1.60714
264, 477.874, 1.04082, 500.0, 410.35294, 8.206, 99548.862, 4089651.704, 1.62577
265, 470.3, 1.02128, 500.0, 414.45833, 7.72892, 97784.398, 4082452.474, 1.62776
266, 462.512, 1.0, 500.0, 413.51111, 7.942, 96026.768, 4075266.966, 1.57655
267, 455.052, 1.02381, 476.74419, 406.4878, 7.592, 94313.72, 4068052.64, 1.54698
268, 447.588, 1.07143, 466.66667, 406.57143, 7.58, 92595.796, 4060873.308, 1.55892
269, 440.48, 1.0, 484.84848, 411.71875, 7.254, 90938.216, 4053628.976, 1.50534
270, 433.438, 1.04545, 500.0, 411.45652, 7.166, 89301.168, 4046384.648, 1.4854
271, 426.278, 1.08333, 487.17949, 408.34211, 7.26253, 87702.046, 4039129.79, 1.48889
272, 419.368, 1.02439, 500.0, 406.66667, 7.03808, 86140.284, 4031845.286, 1.44944
273, 412.69, 1.0, 472.97297, 406.22857, 6.77956, 84622.552, 4024535.482, 1.42857
274, 405.81, 1.08571, 486.84211, 408.72973, 7.00401, 83088.806, 4017271.068, 1.40698
275, 399.048, 1.14286, 484.375, 405.93548, 6.87952, 81538.144, 4010029.032, 1.37795
276, 392.546, 1.09677, 485.29412, 394.45455, 6.60521, 80090.142, 4002704.938, 1.40083
277, 386.086, 1.025, 500.0, 403.12195, 6.54509, 78648.812, 3995405.356, 1.39271
278, 379.872, 1.02632, 461.53846, 394.55556, 6.33735, 77258.276, 3988052.294, 1.39749
279, 373.82, 1.0, 481.48148, 397.61538, 6.124, 75884.348, 3980698.556, 1.37131
280, 367.646, 1.0, 483.33333, 397.48276, 6.266, 74471.418, 3973398.02, 1.32618
281, 361.592, 1.03571, 500.0, 392.41379, 6.134, 73105.238, 3966079.616, 1.31278
282, 355.734, 1.0, 476.19048, 396.3, 5.932, 71785.846, 3958716.7, 1.33019
283, 349.83, 1.02778, 459.45946, 395.67647, 5.97395, 70477.576, 3951380.182, 1.33641
284, 344.116, 1.03704, 500.0, 393.25, 5.79359, 69230.622, 3943996.49, 1.33333
285, 338.5, 1.03448, 483.33333, 394.68966, 5.684, 67969.85, 3936647.852, 1.32075
286, 333.194, 1.03846, 500.0, 405.55556, 5.38755, 66796.278, 3929216.502, 1.36453
287, 327.688, 1.04545, 478.26087, 399.81818, 5.6012, 65530.274, 3921893.112, 1.35789
288, 322.19, 1.09524, 500.0, 399.34783, 5.58517, 64317.714, 3914538.854, 1.33516
289, 317.044, 1.0, 500.0, 384.16, 5.25253, 63172.762, 3907136.214, 1.28877
290, 311.686, 1.08333, 500.0, 391.03846, 5.46371, 61999.3, 3899788.642, 1.25532
291, 306.53, 1.0, 500.0, 388.47826, 5.23944, 60878.382, 3892397.922, 1.23936
292, 301.586, 1.12, 482.14286, 388.37037, 5.02823, 59824.67, 3884963.76, 1.24479
293, 296.806, 1.0, 500.0, 396.52174, 4.91886, 58763.038, 3877545.466, 1.24044
294, 292.076, 1.0, 500.0, 381.0, 4.794, 57714.092, 3870124.804, 1.1954
295, 287.518, 1.0, 500.0, 379.25, 4.65859, 56707.116, 3862683.446, 1.2236
296, 282.852, 1.0, 476.19048, 374.65, 4.75806, 55674.138, 3855298.558, 1.24026
297, 278.14, 1.0, 500.0, 382.81818, 4.80404, 54677.594, 3847896.842, 1.22436
298, 273.728, 1.05263, 500.0, 380.7, 4.5213, 53705.11, 3840491.256, 1.23684
299, 269.106, 1.0625, 500.0, 382.64706, 4.70707, 52699.254, 3833125.542, 1.23179
300, 264.66, 1.0, 500.0, 390.4375, 4.52218, 51721.84, 3825738.286, 1.2381
301, 260.336, 1.0, 500.0, 383.68421, 4.46421, 50782.14, 3818329.722, 1.2
302, 256.284, 1.0, 472.22222, 376.41176, 4.18776, 49891.118, 3810891.25, 1.18621
303, 252.066, 1.05263, 500.0, 377.25, 4.31781, 48985.162, 3803486.576, 1.19149
304, 247.822, 1.0, 500.0, 384.09524, 4.32996, 48089.732, 3796092.706, 1.17007
305, 243.786, 1.0, 500.0, 370.27273, 4.13618, 47230.346, 3788683.396, 1.14483
306, 239.822, 1.0, 500.0, 383.5, 4.09611, 46353.098, 3781296.688, 1.14388
307, 235.81, 1.07692, 500.0, 386.42857, 4.08451, 45495.28, 3773917.456, 1.16406
308, 231.976, 1.0, 500.0, 377.57143, 4.00414, 44641.94, 3766547.374, 1.15833
309, 228.136, 1.0, 454.54545, 370.8, 3.97746, 43811.464, 3759184.794, 1.13158
310, 224.416, 1.0, 500.0, 377.16667, 3.80933, 43025.242, 3751780.936, 1.11429
311, 220.73, 1.0, 500.0, 375.41667, 3.82136, 42233.07, 3744412.392, 1.13265
312, 217.096, 1.0, 562.5, 376.77778, 3.75565, 41459.374, 3737030.32, 1.12632
313, 213.554, 1.0, 500.0, 375.0, 3.65779, 40674.72, 3729675.668, 1.11236
314, 210.06, 1.0, 458.33333, 366.63636, 3.65975, 39931.846, 3722304.598, 1.09302
315, 206.638, 1.0, 500.0, 376.14286, 3.55464, 39209.772, 3714921.772, 1.06024
316, 203.372, 1.0, 538.46154, 373.57143, 3.48203, 38527.498, 3707529.076, 1.10127
317, 200.028, 1.0, 600.0, 369.16667, 3.48654, 37819.526, 3700175.924, 1.08974
318, 196.808, 1.0, 500.0, 348.0, 3.38285, 37121.886, 3692821.2, 1.07895
319, 193.632, 1.0, 500.0, 364.90909, 3.30579, 36465.294, 3685453.696, 1.08
320, 190.494, 1.0, 555.55556, 351.2, 3.25361, 35826.25, 3678072.236, 1.08
321, 187.348, 1.0, 541.66667, 366.76923, 3.32773, 35182.14, 3670719.346, 1.06494
322, 184.204, 1.0, 500.0, 355.25, 3.31656, 34506.912, 3663401.712, 1.05556
323, 181.148, 1.0, 500.0, 377.44444, 3.24736, 33873.46, 3656070.004, 1.05479
324, 177.976, 1.0, 500.0, 355.77778, 3.32083, 33204.618, 3648798.216, 1.05405
325, 175.21, 1.0, 500.0, 363.375, 2.97222, 32624.972, 3641441.558, 1.04
326, 172.424, 1.0, 500.0, 371.8, 2.96211, 32055.228, 3634090.458, 1.06154
327, 169.546, 1.0, 583.33333, 353.85714, 3.06794, 31461.472, 3626779.772, 1.04545
328, 166.678, 1.0, 500.0, 356.375, 2.99792, 30862.798, 3619493.566, 1.07463
329, 163.926, 1.0, 500.0, 358.1, 2.96795, 30297.496, 3612190.618, 1.06154
330, 161.262, 1.0, 500.0, 342.0, 2.89417, 29739.3, 3604895.08, 1.08621
331, 158.642, 1.0, 583.33333, 361.85714, 2.81489, 29187.386, 3597636.794, 1.0566
332, 155.994, 1.0, 500.0, 352.7, 2.86422, 28653.322, 3590351.018, 1.07018
333, 153.376, 1.0, 500.0, 352.375, 2.81237, 28111.522, 3583101.044, 1.07273
334, 150.816, 1.0, 500.0, 372.0, 2.77802, 27584.326, 3575840.284, 1.08511
335, 148.236, 1.0, 500.0, 363.85714, 2.81128, 27061.622, 3568604.18, 1.04
336, 145.82, 1.0, 700.0, 354.42857, 2.63341, 26571.458, 3561336.506, 1.02
337, 143.408, 1.0, 500.0, 339.0, 2.57872, 26080.356, 3554088.202, 1.0
338, 141.07, 1.0, 500.0, 336.5, 2.59956, 25603.174, 3546844.796, 1.0
339, 138.7, 1.0, 500.0, 353.5, 2.68468, 25133.632, 3539620.886, 1.02632
340, 136.318, 1.0, 600.0, 339.5, 2.64159, 24664.518, 3532419.666, 1.04545
341, 134.106, 1.0, 666.66667, 344.75, 2.50225, 24226.19, 3525208.678, 1.04444
342, 131.934, 1.0, 666.66667, 337.75, 2.44743, 23768.44, 3518015.564, 1.05
343, 129.716, 1.0, 562.5, 339.44444, 2.56552, 23322.274, 3510834.444, 1.04878
344, 127.374, 1.0, 500.0, 389.5, 2.60802, 22872.488, 3503670.738, 1.04651
345, 125.368, 1.0, 500.0, 347.25, 2.27252, 22459.558, 3496493.062, 1.0
346, 123.272, 1.0, 550.0, 339.81818, 2.33481, 22036.65, 3489336.866, 1.01961
347, 121.178, 1.0, 500.0, 328.5, 2.36261, 21621.026, 3482182.432, 1.01961
348, 119.12, 1.0, 571.42857, 355.375, 2.33484, 21218.216, 3475033.596, 1.01818
349, 117.184, 1.0, 500.0, 343.33333, 2.29717, 20814.202, 3467897.234, 1.03922
350, 115.226, 1.0, 750.0, 352.66667, 2.28704, 20432.152, 3460753.876, 1.04348
351, 113.316, 1.0, 500.0, 341.0, 2.24533, 20039.118, 3453639.102, 1.04762
352, 111.436, 1.0, 800.0, 330.75, 2.17783, 19679.376, 3446510.042, 1.04545
353, 109.54, 1.0, 500.0, 342.57143, 2.32927, 19296.392, 3439434.08, 1.02222
354, 107.75, 1.0, 1000.0, 362.5, 2.15625, 18932.584, 3432337.47, 1.02273
355, 106.048, 1.0, 500.0, 310.0, 2.12376, 18587.156, 3425253.852, 1.02632
356, 104.386, 1.0, 500.0, 339.5, 2.0339, 18245.39, 3418170.418, 1.03226
357, 102.598, 0.0, 0.0, 0.0, 2.16425, 17891.624, 3411118.558, 1.03448
358, 100.944, 1.0, 750.0, 336.66667, 2.00481, 17563.398, 3404059.384, 1.0
359, 99.33, 1.0, 500.0, 341.75, 2.03509, 17255.438, 3396979.684, 1.0
360, 97.718, 1.0, 500.0, 329.8, 2.06107, 16960.78, 3389915.424, 1.0
361, 96.124, 1.0, 500.0, 345.0, 2.0, 16642.324, 3382885.24, 1.0
362, 94.512, 1.0, 500.0, 315.5, 1.9378, 16320.052, 3375881.646, 1.0
363, 92.964, 1.0, 500.0, 341.0, 1.97222, 16021.868, 3368870.13, 1.0
364, 91.354, 1.0, 666.66667, 354.0, 2.02005, 15701.158, 3361885.012, 1.0
365, 89.842, 1.0, 500.0, 302.0, 1.93862, 15398.206, 3354911.248, 1.0
366, 88.382, 1.0, 500.0, 336.33333, 1.83668, 15118.486, 3347929.736, 1.0
367, 86.916, 1.0, 500.0, 331.0, 1.90649, 14825.644, 3340970.41, 1.0
368, 85.492, 1.0, 500.0, 347.0, 1.91444, 14550.176, 3334015.214, 1.0
369, 84.18, 1.0, 500.0, 322.0, 1.77628, 14286.096, 3327061.558, 1.0
370, 82.758, 1.0, 1500.0, 348.5, 1.84278, 14006.936, 3320148.214, 1.0
371, 81.316, 1.0, 625.0, 339.8, 1.94355, 13739.994, 3313218.434, 1.0
372, 80.05, 1.0, 500.0, 328.0, 1.73497, 13500.782, 3306290.56, 1.0
373, 78.584, 0.0, 0.0, 0.0, 1.92895, 13219.466, 3299408.322, 1.0
374, 77.28, 1.0, 500.0, 343.0, 1.85028, 12972.166, 3292507.496, 1.0
375, 75.988, 0.0, 0.0, 0.0, 1.74263, 12721.89, 3285635.65, 1.0
376, 74.626, 0.0, 0.0, 0.0, 1.83871, 12470.136, 3278773.236, 1.0
377, 73.374, 1.0, 500.0, 360.5, 1.71311, 12233.932, 3271912.414, 1.0
378, 72.124, 1.0, 500.0, 343.0, 1.73684, 11997.652, 3265055.99, 1.0
379, 70.894, 0.0, 0.0, 0.0, 1.71468, 11763.02, 3258219.288, 1.0
380, 69.69, 0.0, 0.0, 0.0, 1.74783, 11547.134, 3251382.584, 1.0
381, 68.488, 1.0, 500.0, 322.0, 1.70056, 11334.508, 3244563.114, 1.0
382, 67.352, 1.0, 500.0, 340.0, 1.65889, 11104.198, 3237757.326, 1.0
383, 66.234, 0.0, 0.0, 0.0, 1.64897, 10903.532, 3230945.116, 1.0
384, 65.132, 1.0, 1000.0, 313.0, 1.72274, 10692.082, 3224175.662, 1.0
385, 63.97, 0.0, 0.0, 0.0, 1.66954, 10473.132, 3217409.154, 1.0
386, 62.9, 0.0, 0.0, 0.0, 1.64923, 10276.398, 3210648.318, 1.0
387, 61.844, 1.0, 500.0, 262.0, 1.66877, 10095.794, 3203879.604, 1.0
388, 60.774, 0.0, 0.0, 0.0, 1.62048, 9896.184, 3197138.45, 1.0
389, 59.67, 0.0, 0.0, 0.0, 1.6, 9700.532, 3190409.626, 1.0
390, 58.688, 0.0, 0.0, 0.0, 1.5538, 9524.196, 3183676.736, 1.0
391, 57.81, 1.0, 500.0, 322.5, 1.50171, 9361.83, 3176939.57, 1.0
392, 56.848, 1.0, 500.0, 347.0, 1.53503, 9181.514, 3170250.584, 1.0
393, 55.896, 0.0, 0.0, 0.0, 1.59197, 9012.834, 3163570.616, 1.0
394, 54.95, 0.0, 0.0, 0.0, 1.5906, 8843.494, 3156885.322, 1.0
395, 54.044, 1.0, 500.0, 310.5, 1.48525, 8684.154, 3150224.042, 1.0
396, 53.178, 1.0, 1000.0, 310.5, 1.43854, 8528.114, 3143575.038, 1.0
397, 52.282, 0.0, 0.0, 0.0, 1.5625, 8368.304, 3136941.856, 1.0
398, 51.504, 0.0, 0.0, 0.0, 1.51163, 8220.158, 3130305.474, 1.0
399, 50.656, 1.0, 500.0, 332.0, 1.41806, 8067.166, 3123685.008, 1.0
400, 49.852, 1.0, 1000.0, 318.0, 1.44604, 7930.152, 3117067.006, 1.0
401, 49.058, 0.0, 0.0, 0.0, 1.43682, 7788.944, 3110464.796, 1.0
402, 48.27, 1.0, 1000.0, 309.0, 1.42086, 7649.092, 3103882.832, 1.0
403, 47.366, 1.0, 750.0, 297.0, 1.55862, 7496.478, 3097326.094, 1.0
404, 46.55, 1.0, 2500.0, 312.8, 1.47826, 7356.032, 3090773.924, 1.0
405, 45.81, 0.0, 0.0, 0.0, 1.43629, 7215.362, 3084224.332, 1.0
406, 45.082, 0.0, 0.0, 0.0, 1.42023, 7085.814, 3077685.96, 1.0
407, 44.338, 0.0, 0.0, 0.0, 1.34783, 6955.074, 3071158.208, 1.0
408, 43.61, 1.0, 500.0, 238.0, 1.36842, 6832.862, 3064640.648, 1.0
409, 42.954, 1.0, 500.0, 275.0, 1.4181, 6717.956, 3058140.732, 1.0
410, 42.26, 0.0, 0.0, 0.0, 1.37549, 6600.04, 3051646.1, 1.0
411, 41.572, 0.0, 0.0, 0.0, 1.40408, 6482.808, 3045172.752, 1.0
412, 40.816, 0.0, 0.0, 0.0, 1.41418, 6354.178, 3038718.724, 1.0
413, 40.102, 0.0, 0.0, 0.0, 1.41897, 6230.678, 3032274.404, 1.0
414, 39.408, 0.0, 0.0, 0.0, 1.45, 6111.504, 3025844.846, 1.0
415, 38.746, 0.0, 0.0, 0.0, 1.36777, 5997.314, 3019425.144, 1.0
416, 38.078, 0.0, 0.0, 0.0, 1.32016, 5873.07, 3013019.928, 1.0
417, 37.482, 1.0, 1000.0, 279.5, 1.35455, 5770.202, 3006611.554, 1.0
418, 36.87, 0.0, 0.0, 0.0, 1.30638, 5664.468, 3000221.534, 1.0
419, 36.29, 0.0, 0.0, 0.0, 1.27632, 5558.64, 2993838.54, 1.0
420, 35.726, 0.0, 0.0, 0.0, 1.29954, 5464.65, 2987468.19, 1.0
421, 35.152, 0.0, 0.0, 0.0, 1.28125, 5367.134, 2981108.358, 1.0
422, 34.608, 1.0, 500.0, 296.0, 1.30769, 5271.782, 2974761.114, 1.0
423, 34.038, 0.0, 0.0, 0.0, 1.23377, 5173.632, 2968426.792, 1.0
424, 33.502, 0.0, 0.0, 0.0, 1.27014, 5080.19, 2962100.044, 1.0
425, 32.994, 0.0, 0.0, 0.0, 1.26368, 4989.722, 2955783.858, 1.0
426, 32.394, 0.0, 0.0, 0.0, 1.34529, 4897.22, 2949484.298, 1.0
427, 31.85, 0.0, 0.0, 0.0, 1.33824, 4796.454, 2943212.4, 1.0
428, 31.354, 0.0, 0.0, 0.0, 1.25253, 4713.93, 2936930.032, 1.0
429, 30.846, 0.0, 0.0, 0.0, 1.28934, 4623.868, 2930667.174, 1.0
430, 30.348, 0.0, 0.0, 0.0, 1.25758, 4534.718, 2924422.676, 1.0
431, 29.872, 1.0, 500.0, 369.0, 1.31492, 4454.506, 2918188.918, 1.0
432, 29.352, 1.0, 500.0, 291.0, 1.28571, 4365.772, 2911977.66, 1.0
433, 28.894, 0.0, 0.0, 0.0, 1.2246, 4292.986, 2905759.692, 1.0
434, 28.386, 0.0, 0.0, 0.0, 1.30102, 4196.646, 2899582.002, 1.0
435, 27.914, 1.0, 2000.0, 306.5, 1.24868, 4126.58, 2893383.814, 1.0
436, 27.43, 1.0, 500.0, 318.0, 1.23469, 4044.71, 2887224.44, 1.0
437, 26.962, 0.0, 0.0, 0.0, 1.26344, 3968.846, 2881060.52, 1.0
438, 26.538, 0.0, 0.0, 0.0, 1.23256, 3895.194, 2874906.818, 1.0
439, 26.114, 1.0, 2000.0, 283.25, 1.29268, 3825.81, 2868771.714, 1.0
440, 25.692, 0.0, 0.0, 0.0, 1.22674, 3752.286, 2862650.946, 1.0
441, 25.262, 1.0, 500.0, 270.0, 1.30909, 3689.194, 2856522.206, 1.0
442, 24.836, 1.0, 2500.0, 280.2, 1.20339, 3628.358, 2850413.598, 1.0
443, 24.402, 0.0, 0.0, 0.0, 1.26901, 3555.634, 2844331.5, 1.0
444, 24.016, 1.0, 1000.0, 266.0, 1.17683, 3493.824, 2838258.352, 1.0
445, 23.63, 1.0, 500.0, 303.0, 1.23567, 3429.068, 2832192.536, 1.0
446, 23.25, 0.0, 0.0, 0.0, 1.23226, 3366.96, 2826134.202, 1.0
447, 22.844, 1.0, 8000.0, 287.25, 1.21557, 3318.326, 2820094.702, 1.0
448, 22.474, 0.0, 0.0, 0.0, 1.22517, 3256.648, 2814059.706, 1.0
449, 22.114, 0.0, 0.0, 0.0, 1.15385, 3199.666, 2808032.884, 1.0
450, 21.74, 0.0, 0.0, 0.0, 1.14024, 3138.058, 2802034.19, 1.0
451, 21.414, 0.0, 0.0, 0.0, 1.15493, 3089.712, 2796038.044, 1.0
452, 21.044, 1.0, 4500.0, 270.33333, 1.20645, 3034.472, 2790065.618, 1.0
453, 20.72, 0.0, 0.0, 0.0, 1.16547, 2984.736, 2784092.89, 1.0
454, 20.374, 0.0, 0.0, 0.0, 1.2, 2931.294, 2778129.858, 1.0
455, 19.986, 0.0, 0.0, 0.0, 1.19632, 2863.742, 2772197.178, 1.0
456, 19.614, 0.0, 0.0, 0.0, 1.20779, 2802.79, 2766275.538, 1.0
457, 19.274, 1.0, 1500.0, 286.66667, 1.18881, 2750.26, 2760365.678, 1.0
458, 18.936, 0.0, 0.0, 0.0, 1.18056, 2696.272, 2754464.144, 1.0
459, 18.632, 0.0, 0.0, 0.0, 1.16923, 2640.196, 2748573.774, 1.0
460, 18.304, 0.0, 0.0, 0.0, 1.20438, 2585.112, 2742702.082, 0.0
461, 17.956, 1.0, 1000.0, 261.0, 1.2, 2536.23, 2736828.284, 1.0
462, 17.616, 0.0, 0.0, 0.0, 1.11111, 2482.256, 2730978.026, 1.0
463, 17.326, 0.0, 0.0, 0.0, 1.15079, 2425.898, 2725147.75, 1.0
464, 17.018, 0.0, 0.0, 0.0, 1.15789, 2381.132, 2719312.412, 1.0
465, 16.756, 0.0, 0.0, 0.0, 1.12931, 2339.754, 2713476.128, 1.0
466, 16.468, 0.0, 0.0, 0.0, 1.125, 2293.832, 2707660.622, 1.0
467, 16.196, 0.0, 0.0, 0.0, 1.088, 2251.406, 2701859.442, 1.0
468, 15.978, 0.0, 0.0, 0.0, 1.06863, 2215.266, 2696060.606, 1.0
469, 15.75, 1.0, 3250.0, 264.61538, 1.11765, 2190.214, 2690281.592, 1.0
470, 15.478, 0.0, 0.0, 0.0, 1.18103, 2141.508, 2684518.92, 1.0
471, 15.23, 0.0, 0.0, 0.0, 1.13636, 2100.742, 2678767.272, 1.0
472, 14.94, 0.0, 0.0, 0.0, 1.13281, 2060.78, 2673023.312, 1.0
473, 14.71, 0.0, 0.0, 0.0, 1.07477, 2024.146, 2667290.798, 1.0
474, 14.46, 0.0, 0.0, 0.0, 1.13636, 1986.14, 2661571.398, 1.0
475, 14.204, 0.0, 0.0, 0.0, 1.16364, 1946.632, 2655857.766, 1.0
476, 13.982, 0.0, 0.0, 0.0, 1.20652, 1911.844, 2650166.644, 1.0
477, 13.766, 0.0, 0.0, 0.0, 1.13684, 1881.4, 2644471.462, 1.0
478, 13.512, 0.0, 0.0, 0.0, 1.08547, 1843.456, 2638802.58, 1.0
479, 13.27, 0.0, 0.0, 0.0, 1.08929, 1809.452, 2633142.34, 0.0
480, 13.048, 0.0, 0.0, 0.0, 1.08824, 1778.136, 2627499.2, 0.0
481, 12.824, 0.0, 0.0, 0.0, 1.10891, 1744.674, 2621866.998, 0.0
482, 12.608, 0.0, 0.0, 0.0, 1.125, 1712.636, 2616238.21, 0.0
483, 12.414, 0.0, 0.0, 0.0, 1.08989, 1680.428, 2610621.014, 0.0
484, 12.212, 0.0, 0.0, 0.0, 1.13483, 1644.684, 2605027.068, 0.0
485, 12.036, 0.0, 0.0, 0.0, 1.04762, 1613.82, 2599440.704, 0.0
486, 11.794, 0.0, 0.0, 0.0, 1.16346, 1579.58, 2593865.322, 0.0
487, 11.65, 0.0, 0.0, 0.0, 1.02857, 1558.684, 2588293.414, 0.0
488, 11.446, 0.0, 0.0, 0.0, 1.07368, 1528.988, 2582740.846, 0.0
489, 11.238, 0.0, 0.0, 0.0, 1.09474, 1494.512, 2577203.104, 0.0
490, 11.06, 0.0, 0.0, 0.0, 1.05952, 1471.3, 2571658.974, 0.0
491, 10.884, 0.0, 0.0, 0.0, 1.11392, 1442.406, 2566133.73, 0.0
492, 10.694, 0.0, 0.0, 0.0, 1.07955, 1416.374, 2560628.134, 0.0
493, 10.472, 0.0, 0.0, 0.0, 1.12121, 1384.39, 2555134.716, 0.0
494, 10.276, 0.0, 0.0, 0.0, 1.27273, 1356.356, 2549650.554, 0.0
495, 10.106, 0.0, 0.0, 0.0, 1.07595, 1332.218, 2544171.068, 0.0
496, 9.938, 0.0, 0.0, 0.0, 1.10526, 1306.292, 2538715.938, 0.0
497, 9.788, 0.0, 0.0, 0.0, 1.05634, 1284.144, 2533262.376, 0.0
498, 9.606, 0.0, 0.0, 0.0, 1.09639, 1255.176, 2527832.916, 0.0
499, 9.454, 0.0, 0.0, 0.0, 1.0411, 1232.012, 2522398.88, 0.0
500, 9.318, 0.0, 0.0, 0.0, 1.0625, 1214.212, 2516977.26, 0.0
501, 9.168, 0.0, 0.0, 0.0, 1.08696, 1192.7, 2511571.844, 0.0
502, 9.012, 0.0, 0.0, 0.0, 1.09859, 1170.49, 2506176.796, 0.0
503, 8.868, 0.0, 0.0, 0.0, 1.05882, 1149.014, 2500791.442, 0.0
504, 8.678, 0.0, 0.0, 0.0, 1.06742, 1123.834, 2495415.312, 0.0
505, 8.552, 0.0, 0.0, 0.0, 1.10526, 1103.402, 2490056.906, 0.0
506, 8.384, 0.0, 0.0, 0.0, 1.12, 1079.432, 2484711.024, 0.0
507, 8.22, 0.0, 0.0, 0.0, 1.09333, 1055.73, 2479379.202, 0.0
508, 8.08, 0.0, 0.0, 0.0, 1.09375, 1028.514, 2474052.074, 0.0
509, 7.968, 0.0, 0.0, 0.0, 1.01818, 1012.192, 2468731.476, 0.0
510, 7.848, 0.0, 0.0, 0.0, 1.05263, 994.456, 2463423.81, 0.0
511, 7.742, 0.0, 0.0, 0.0, 1.08163, 978.546, 2458124.12, 0.0
512, 7.62, 0.0, 0.0, 0.0, 1.0339, 961.034, 2452842.05, 0.0
513, 7.518, 0.0, 0.0, 0.0, 1.04082, 944.836, 2447578.876, 0.0
514, 7.39, 0.0, 0.0, 0.0, 1.06667, 926.044, 2442315.232, 0.0
515, 7.266, 0.0, 0.0, 0.0, 1.08772, 905.63, 2437056.37, 0.0
516, 7.126, 0.0, 0.0, 0.0, 1.01449, 884.762, 2431813.45, 0.0
517, 7.016, 0.0, 0.0, 0.0, 1.03774, 868.95, 2426586.256, 0.0
518, 6.904, 0.0, 0.0, 0.0, 1.0566, 853.612, 2421365.902, 0.0
519, 6.792, 0.0, 0.0, 0.0, 1.0566, 839.136, 2416163.0, 0.0
520, 6.68, 0.0, 0.0, 0.0, 1.01818, 822.29, 2410963.382, 0.0
521, 6.57, 0.0, 0.0, 0.0, 1.1, 807.462, 2405784.172, 0.0
522, 6.442, 0.0, 0.0, 0.0, 1.14286, 789.176, 2400619.15, 0.0
523, 6.332, 0.0, 0.0, 0.0, 1.07843, 772.076, 2395464.01, 0.0
524, 6.26, 0.0, 0.0, 0.0, 1.09091, 761.584, 2390307.314, 0.0
525, 6.14629, 0.0, 0.0, 0.0, 1.05, 748.63126, 2385168.022, 0.0
526, 6.0481, 0.0, 0.0, 0.0, 1.0, 735.63126, 2380028.41683, 0.0
527, 5.91784, 0.0, 0.0, 0.0, 1.04839, 718.8497, 2374903.62525, 0.0
528, 5.83166, 0.0, 0.0, 0.0, 1.075, 706.1503, 2369789.16232, 0.0
529, 5.74699, 0.0, 0.0, 0.0, 1.14286, 694.88554, 2364700.8978, 0.0
530, 5.66667, 0.0, 0.0, 0.0, 1.02564, 683.75904, 2359591.50201, 0.0
531, 5.58635, 0.0, 0.0, 0.0, 1.0, 674.3755, 2354508.69076, 0.0
532, 5.50602, 0.0, 0.0, 0.0, 1.02564, 663.14859, 2349449.51205, 0.0
533, 5.42771, 0.0, 0.0, 0.0, 1.02632, 651.82329, 2344389.51807, 0.0
534, 5.34538, 0.0, 0.0, 0.0, 1.0, 641.44177, 2339342.86948, 0.0
535, 5.27309, 0.0, 0.0, 0.0, 1.05882, 631.79317, 2334309.01606, 0.0
536, 5.2008, 0.0, 0.0, 0.0, 1.0, 621.22691, 2329284.29719, 0.0
537, 5.11089, 0.0, 0.0, 0.0, 1.01852, 609.0, 2324272.34137, 0.0
538, 5.04839, 0.0, 0.0, 0.0, 1.03333, 599.06048, 2319312.8246, 0.0
539, 4.97581, 0.0, 0.0, 0.0, 1.02857, 589.77016, 2314315.89315, 0.0
540, 4.90524, 0.0, 0.0, 0.0, 1.02941, 579.59677, 2309321.34879, 0.0
541, 4.8202, 0.0, 0.0, 0.0, 1.04444, 565.88889, 2304361.24395, 0.0
542, 4.74545, 0.0, 0.0, 0.0, 1.02778, 555.93535, 2299400.52525, 0.0
543, 4.66599, 0.0, 0.0, 0.0, 1.0, 544.47571, 2294459.30303, 0.0
544, 4.58824, 0.0, 0.0, 0.0, 1.02381, 534.07505, 2289491.7753, 0.0
545, 4.51318, 0.0, 0.0, 0.0, 1.08824, 524.04057, 2284584.32454, 0.0
546, 4.42799, 0.0, 0.0, 0.0, 1.02439, 511.46856, 2279670.13996, 0.0
547, 4.35091, 0.0, 0.0, 0.0, 1.05556, 502.19878, 2274758.00609, 0.0
548, 4.27789, 0.0, 0.0, 0.0, 1.02857, 492.357, 2269855.45639, 0.0
549, 4.20528, 0.0, 0.0, 0.0, 1.02564, 481.89228, 2264967.23124, 0.0
550, 4.13442, 0.0, 0.0, 0.0, 1.02632, 471.6721, 2260056.5061, 0.0
551, 4.08367, 0.0, 0.0, 0.0, 1.0, 465.81837, 2255199.85132, 0.0
552, 4.01837, 0.0, 0.0, 0.0, 1.03226, 457.20612, 2250357.12449, 0.0
553, 3.95297, 0.0, 0.0, 0.0, 1.0, 448.88753, 2245517.42041, 0.0
554, 3.88525, 0.0, 0.0, 0.0, 1.05714, 441.21107, 2240719.38446, 0.0
555, 3.85041, 0.0, 0.0, 0.0, 1.0, 435.76844, 2235901.36066, 0.0
556, 3.78439, 0.0, 0.0, 0.0, 1.0, 427.3614, 2231092.71107, 0.0
557, 3.73868, 0.0, 0.0, 0.0, 1.0, 422.46708, 2226269.65092, 0.0
558, 3.69087, 0.0, 0.0, 0.0, 1.0, 415.19917, 2221468.45062, 0.0
559, 3.64523, 0.0, 0.0, 0.0, 1.0, 408.12448, 2216638.43983, 0.0
560, 3.57796, 0.0, 0.0, 0.0, 1.09091, 400.59459, 2211865.45228, 0.0
561, 3.51042, 0.0, 0.0, 0.0, 1.0, 394.67708, 2207098.79418, 0.0
562, 3.45417, 0.0, 0.0, 0.0, 1.08, 386.72292, 2202347.87917, 0.0
563, 3.4071, 0.0, 0.0, 0.0, 1.04, 381.6785, 2197615.70208, 0.0
564, 3.35699, 0.0, 0.0, 0.0, 1.04348, 373.87056, 2192842.79958, 0.0
565, 3.30063, 0.0, 0.0, 0.0, 1.0, 367.42171, 2188123.98956, 0.0
566, 3.2563, 0.0, 0.0, 0.0, 1.03333, 362.65546, 2183414.47808, 0.0
567, 3.20842, 0.0, 0.0, 0.0, 1.0, 356.71368, 2178709.48529, 0.0
568, 3.18143, 0.0, 0.0, 0.0, 1.0, 352.69409, 2174005.15368, 0.0
569, 3.13531, 0.0, 0.0, 0.0, 1.0, 348.10148, 2169344.66878, 0.0
570, 3.11441, 0.0, 0.0, 0.0, 1.08333, 345.52331, 2164705.53277, 0.0
571, 3.08493, 0.0, 0.0, 0.0, 1.0, 342.09554, 2160062.79237, 0.0
572, 3.04681, 0.0, 0.0, 0.0, 1.0, 337.01915, 2155425.4862, 0.0
573, 3.0064, 0.0, 0.0, 0.0, 1.0, 333.71642, 2150764.27234, 0.0
574, 2.96574, 0.0, 0.0, 0.0, 1.04167, 327.94433, 2146166.59701, 0.0
575, 2.95054, 0.0, 0.0, 0.0, 1.0, 325.8043, 2141550.73233, 0.0
576, 2.91577, 0.0, 0.0, 0.0, 1.0, 322.55508, 2136878.4086, 0.0
577, 2.87879, 0.0, 0.0, 0.0, 1.0, 317.04762, 2132289.473, 0.0
578, 2.83696, 0.0, 0.0, 0.0, 1.04167, 311.41304, 2127652.27056, 0.0
579, 2.79303, 0.0, 0.0, 0.0, 1.04545, 306.3159, 2123121.40217, 0.0
580, 2.76201, 0.0, 0.0, 0.0, 1.0, 302.83624, 2118523.93246, 0.0
581, 2.72429, 0.0, 0.0, 0.0, 1.05263, 297.87527, 2113939.84716, 0.0
582, 2.70241, 0.0, 0.0, 0.0, 1.0, 294.73742, 2109376.49453, 0.0
583, 2.67181, 0.0, 0.0, 0.0, 1.0, 290.69604, 2104856.94311, 0.0
584, 2.64302, 0.0, 0.0, 0.0, 1.0, 287.26608, 2100323.20705, 0.0
585, 2.61197, 0.0, 0.0, 0.0, 1.0, 282.90466, 2095803.44789, 0.0
586, 2.58929, 0.0, 0.0, 0.0, 1.0, 278.67634, 2091299.3459, 0.0
587, 2.54955, 0.0, 0.0, 0.0, 1.07692, 273.19595, 2086858.72321, 0.0
588, 2.53409, 0.0, 0.0, 0.0, 1.0625, 272.03409, 2082366.77928, 0.0
589, 2.5, 0.0, 0.0, 0.0, 1.04167, 267.50459, 2077850.84091, 0.0
590, 2.45747, 0.0, 0.0, 0.0, 1.0, 262.43448, 2073287.49771, 0.0
591, 2.41705, 0.0, 0.0, 0.0, 1.0, 255.59217, 2068816.42069, 0.0
592, 2.38889, 0.0, 0.0, 0.0, 1.0625, 251.53472, 2064328.52304, 0.0
593, 2.36215, 0.0, 0.0, 0.0, 1.05, 248.60514, 2059856.22222, 0.0
594, 2.34434, 0.0, 0.0, 0.0, 1.0, 247.03538, 2055469.33178, 0.0
595, 2.32151, 0.0, 0.0, 0.0, 1.0, 244.18676, 2051095.07075, 0.0
596, 2.31026, 0.0, 0.0, 0.0, 1.0, 241.3389, 2046652.3948, 0.0
597, 2.28297, 0.0, 0.0, 0.0, 1.0, 237.72422, 2042243.15513, 0.0
598, 2.2506, 0.0, 0.0, 0.0, 1.0, 234.61205, 2037794.70743, 0.0
599, 2.23114, 0.0, 0.0, 0.0, 1.0625, 233.46715, 2033381.71807, 0.0
600, 2.22059, 0.0, 0.0, 0.0, 1.0, 231.65196, 2028976.35523, 0.0
601, 2.18966, 0.0, 0.0, 0.0, 1.0625, 227.14532, 2024561.50735, 0.0
602, 2.16296, 0.0, 0.0, 0.0, 1.0, 222.9679, 2020160.84483, 0.0
603, 2.13217, 0.0, 0.0, 0.0, 1.05, 219.64339, 2015839.10864, 0.0
604, 2.11587, 0.0, 0.0, 0.0, 1.07143, 217.51637, 2011497.03491, 0.0
605, 2.08081, 0.0, 0.0, 0.0, 1.06667, 214.87879, 2007201.78589, 0.0
606, 2.05838, 0.0, 0.0, 0.0, 1.0, 212.44416, 2002876.2904, 0.0
607, 2.03827, 0.0, 0.0, 0.0, 1.0, 209.6301, 1998620.70051, 0.0
608, 2.01799, 0.0, 0.0, 0.0, 1.07692, 206.55013, 1994321.41071, 0.0
609, 2.0, 0.0, 0.0, 0.0, 1.0, 203.96144, 1990016.02057, 0.0
610, 1.98701, 0.0, 0.0, 0.0, 1.0, 203.46753, 1985752.64524, 0.0
611, 1.9765, 0.0, 0.0, 0.0, 1.0, 202.88773, 1981429.54805, 0.0
612, 1.96561, 0.0, 0.0, 0.0, 1.0, 201.25397, 1977128.43342, 0.0
613, 1.94652, 0.0, 0.0, 0.0, 1.0, 199.13636, 1972818.84656, 0.0
614, 1.91914, 0.0, 0.0, 0.0, 1.0, 196.26415, 1968634.24332, 0.0
615, 1.89488, 0.0, 0.0, 0.0, 1.0, 193.73854, 1964326.88679, 0.0
616, 1.88315, 0.0, 0.0, 0.0, 1.0, 193.05435, 1960123.04852, 0.0
617, 1.84741, 0.0, 0.0, 0.0, 1.0, 188.24251, 1955876.88315, 0.0
618, 1.83425, 0.0, 0.0, 0.0, 1.0, 185.68508, 1951693.36785, 0.0
619, 1.81894, 0.0, 0.0, 0.0, 1.0, 183.94708, 1947395.69613, 0.0
620, 1.81742, 0.0, 0.0, 0.0, 1.0, 184.01966, 1943167.06407, 0.0
621, 1.81089, 0.0, 0.0, 0.0, 1.0, 182.64183, 1939004.16011, 0.0
622, 1.8087, 0.0, 0.0, 0.0, 1.0, 182.09275, 1934660.0659, 0.0
623, 1.79532, 0.0, 0.0, 0.0, 1.0, 181.52632, 1930449.16812, 0.0
624, 1.78529, 0.0, 0.0, 0.0, 1.0, 180.18529, 1926370.15497, 0.0
625, 1.76991, 0.0, 0.0, 0.0, 1.0, 178.30678, 1922144.92353, 0.0
626, 1.75595, 0.0, 0.0, 0.0, 1.0, 175.20536, 1918017.941, 0.0
627, 1.74622, 0.0, 0.0, 0.0, 1.0, 174.1148, 1913886.15774, 0.0
628, 1.73333, 0.0, 0.0, 0.0, 1.0, 172.91515, 1909714.75529, 0.0
629, 1.71429, 0.0, 0.0, 0.0, 1.0, 171.62918, 1905605.55455, 0.0
630, 1.70859, 0.0, 0.0, 0.0, 1.0, 171.39264, 1901495.90881, 0.0
631, 1.69876, 0.0, 0.0, 0.0, 1.0, 169.75776, 1897383.15031, 0.0
632, 1.68671, 0.0, 0.0, 0.0, 1.0, 168.43671, 1893304.6677, 0.0
633, 1.67308, 0.0, 0.0, 0.0, 1.0, 166.67628, 1889157.83228, 0.0
634, 1.66667, 0.0, 0.0, 0.0, 1.0, 165.95793, 1885126.69231, 0.0
635, 1.66557, 0.0, 0.0, 0.0, 1.0, 165.14426, 1881093.92557, 0.0
636, 1.66667, 0.0, 0.0, 0.0, 1.0, 165.17, 1877044.51475, 0.0
637, 1.65886, 0.0, 0.0, 0.0, 1.0, 163.80602, 1872861.98, 0.0
638, 1.64068, 0.0, 0.0, 0.0, 1.0, 161.71864, 1868816.0903, 0.0
639, 1.64014, 0.0, 0.0, 0.0, 1.0, 162.25606, 1864777.2678, 0.0
640, 1.63322, 0.0, 0.0, 0.0, 1.0, 160.17301, 1860800.87197, 0.0
641, 1.62676, 0.0, 0.0, 0.0, 1.11111, 159.60563, 1856820.41522, 0.0
642, 1.61837, 0.0, 0.0, 0.0, 1.0, 158.82332, 1852702.3662, 0.0
643, 1.6129, 0.0, 0.0, 0.0, 1.0, 158.77061, 1848716.82686, 0.0
644, 1.60507, 0.0, 0.0, 0.0, 1.0, 158.78986, 1844696.68459, 0.0
645, 1.59707, 0.0, 0.0, 0.0, 1.0, 157.12454, 1840772.66667, 0.0
646, 1.57875, 0.0, 0.0, 0.0, 1.0, 154.82051, 1836707.41392, 0.0
647, 1.57353, 0.0, 0.0, 0.0, 1.0, 151.91912, 1832768.13553, 0.0
648, 1.56134, 0.0, 0.0, 0.0, 1.0, 151.10781, 1828858.41176, 0.0
649, 1.55224, 0.0, 0.0, 0.0, 1.0, 150.79478, 1824951.78067, 0.0
650, 1.52612, 0.0, 0.0, 0.0, 1.0, 144.37687, 1820962.20149, 0.0
651, 1.51698, 0.0, 0.0, 0.0, 1.0, 142.69057, 1817067.86194, 0.0
652, 1.51515, 0.0, 0.0, 0.0, 1.0, 142.95076, 1813180.59623, 0.0
653, 1.5057, 0.0, 0.0, 0.0, 1.0, 141.65779, 1809247.13258, 0.0
654, 1.51563, 0.0, 0.0, 0.0, 1.0, 144.53125, 1805412.81369, 0.0
655, 1.5, 0.0, 0.0, 0.0, 1.0, 142.15354, 1801503.64844, 0.0
656, 1.4881, 0.0, 0.0, 0.0, 1.0, 141.90476, 1797539.23228, 0.0
657, 1.49393, 0.0, 0.0, 0.0, 1.0, 142.23482, 1793747.97222, 0.0
658, 1.48571, 0.0, 0.0, 0.0, 1.0, 141.53469, 1789835.05668, 0.0
659, 1.47303, 0.0, 0.0, 0.0, 1.0, 139.14108, 1786026.81224, 0.0
660, 1.46862, 0.0, 0.0, 0.0, 1.0, 139.0251, 1782201.10373, 0.0
661, 1.46186, 0.0, 0.0, 0.0, 1.0, 138.02119, 1778337.5523, 0.0
662, 1.4569, 0.0, 0.0, 0.0, 1.0, 136.69397, 1774433.38559, 0.0
663, 1.45022, 0.0, 0.0, 0.0, 1.0, 135.18182, 1770665.0431, 0.0
664, 1.44493, 0.0, 0.0, 0.0, 1.0, 135.12335, 1766889.11255, 0.0
665, 1.44196, 0.0, 0.0, 0.0, 1.0, 135.0, 1762977.48018, 0.0
666, 1.43946, 0.0, 0.0, 0.0, 1.0, 134.69955, 1759122.73661, 0.0
667, 1.43636, 0.0, 0.0, 0.0, 1.0, 134.57273, 1755381.42152, 0.0
668, 1.42857, 0.0, 0.0, 0.0, 1.0, 134.2212, 1751539.43182, 0.0
669, 1.42593, 0.0, 0.0, 0.0, 1.0, 133.84259, 1747626.89401, 0.0
670, 1.42991, 0.0, 0.0, 0.0, 1.0, 133.4486, 1743868.25926, 0.0
671, 1.42453, 0.0, 0.0, 0.0, 1.0, 131.88208, 1740114.97664, 0.0
672, 1.41905, 0.0, 0.0, 0.0, 1.0, 130.90952, 1736408.50472, 0.0
673, 1.41627, 0.0, 0.0, 0.0, 1.0, 130.55502, 1732627.30476, 0.0
674, 1.42439, 0.0, 0.0, 0.0, 1.0, 131.06829, 1728925.55981, 0.0
675, 1.42714, 0.0, 0.0, 0.0, 1.0, 131.50754, 1725361.39024, 0.0
676, 1.41624, 0.0, 0.0, 0.0, 1.0, 129.38071, 1721611.32663, 0.0
677, 1.4, 0.0, 0.0, 0.0, 1.0, 126.21026, 1717935.63959, 0.0
678, 1.39896, 0.0, 0.0, 0.0, 1.0, 125.88083, 1714177.82051, 0.0
679, 1.37173, 0.0, 0.0, 0.0, 1.0, 122.86387, 1710538.45596, 0.0
680, 1.37566, 0.0, 0.0, 0.0, 1.0, 122.59788, 1706797.47644, 0.0
681, 1.3617, 0.0, 0.0, 0.0, 1.0, 120.84043, 1702990.79365, 0.0
682, 1.34759, 0.0, 0.0, 0.0, 1.0, 120.50267, 1699356.33511, 0.0
683, 1.33696, 0.0, 0.0, 0.0, 1.0, 118.88043, 1695636.8984, 0.0
684, 1.33516, 0.0, 0.0, 0.0, 1.0, 119.08242, 1691997.48913, 0.0
685, 1.33516, 0.0, 0.0, 0.0, 0.0, 118.82418, 1688310.74725, 0.0
686, 1.32222, 0.0, 0.0, 0.0, 1.0, 119.05556, 1684705.25275, 0.0
687, 1.32584, 0.0, 0.0, 0.0, 1.0, 120.14607, 1681015.36667, 0.0
688, 1.32768, 0.0, 0.0, 0.0, 1.0, 119.82486, 1677310.67416, 0.0
689, 1.31818, 0.0, 0.0, 0.0, 1.0, 118.64773, 1673722.20339, 0.0
690, 1.31977, 0.0, 0.0, 0.0, 1.0, 120.36628, 1670154.98295, 0.0
691, 1.30588, 0.0, 0.0, 0.0, 1.25, 118.01765, 1666497.30233, 0.0
692, 1.27976, 0.0, 0.0, 0.0, 1.0, 113.64286, 1662832.26471, 0.0
693, 1.2622, 0.0, 0.0, 0.0, 1.0, 111.89634, 1659252.98214, 0.0
694, 1.26087, 0.0, 0.0, 0.0, 1.0, 111.34783, 1655688.92683, 0.0
695, 1.26752, 0.0, 0.0, 0.0, 1.0, 112.31847, 1652205.01863, 0.0
696, 1.26923, 0.0, 0.0, 0.0, 1.0, 112.12179, 1648667.26752, 0.0
697, 1.26282, 0.0, 0.0, 0.0, 1.0, 111.87179, 1645093.22436, 0.0
698, 1.25658, 0.0, 0.0, 0.0, 1.0, 111.0, 1641603.92308, 0.0
699, 1.24503, 0.0, 0.0, 0.0, 1.0, 110.76821, 1638000.23684, 0.0
700, 1.23841, 0.0, 0.0, 0.0, 1.0, 110.54305, 1634381.16556, 0.0
701, 1.24, 0.0, 0.0, 0.0, 1.0, 111.04, 1630881.78146, 0.0
702, 1.23333, 0.0, 0.0, 0.0, 1.0, 109.93333, 1627317.96, 0.0
703, 1.22148, 0.0, 0.0, 0.0, 1.0, 107.15436, 1623833.79333, 0.0
704, 1.22297, 0.0, 0.0, 0.0, 1.0, 107.57432, 1620309.25503, 0.0
705, 1.22449, 0.0, 0.0, 0.0, 1.0, 108.13605, 1616811.04054, 0.0
706, 1.22069, 0.0, 0.0, 0.0, 1.0, 107.42759, 1613456.9932, 0.0
707, 1.20833, 0.0, 0.0, 0.0, 1.0, 105.42361, 1609865.31034, 0.0
708, 1.20423, 0.0, 0.0, 0.0, 1.0, 105.75352, 1606481.99306, 0.0
709, 1.20863, 0.0, 0.0, 0.0, 1.0, 105.95683, 1602928.45775, 0.0
710, 1.20438, 0.0, 0.0, 0.0, 1.0, 104.88321, 1599691.05036, 0.0
711, 1.2, 0.0, 0.0, 0.0, 1.0, 103.34074, 1596331.9927, 0.0
712, 1.18657, 0.0, 0.0, 0.0, 1.0, 102.23881, 1592803.3037, 0.0
713, 1.18657, 0.0, 0.0, 0.0, 0.0, 102.08209, 1589336.67164, 0.0
714, 1.17424, 0.0, 0.0, 0.0, 1.0, 101.0303, 1585937.90299, 0.0
715, 1.17054, 0.0, 0.0, 0.0, 1.0, 100.11628, 1582664.11364, 0.0
716, 1.168, 0.0, 0.0, 0.0, 1.0, 98.896, 1579231.07752, 0.0
717, 1.17355, 0.0, 0.0, 0.0, 1.0, 100.06612, 1575964.24, 0.0
718, 1.175, 0.0, 0.0, 0.0, 1.0, 100.65833, 1572218.1405, 0.0
719, 1.16239, 0.0, 0.0, 0.0, 1.0, 100.82051, 1568810.925, 0.0
720, 1.15652, 0.0, 0.0, 0.0, 1.0, 100.10435, 1565295.58974, 0.0
721, 1.13158, 0.0, 0.0, 0.0, 1.0, 98.37719, 1561869.97391, 0.0
722, 1.12389, 0.0, 0.0, 0.0, 1.0, 98.13274, 1558482.72807, 0.0
723, 1.12727, 0.0, 0.0, 0.0, 1.0, 98.6, 1555201.19469, 0.0
724, 1.12844, 0.0, 0.0, 0.0, 1.0, 98.3211, 1551688.58182, 0.0
725, 1.12963, 0.0, 0.0, 0.0, 1.0, 96.96296, 1548340.80734, 0.0
726, 1.13084, 0.0, 0.0, 0.0, 1.0, 97.57009, 1545036.74074, 0.0
727, 1.12264, 0.0, 0.0, 0.0, 1.0, 95.77358, 1541697.4486, 0.0
728, 1.125, 0.0, 0.0, 0.0, 1.0, 95.83654, 1538374.20755, 0.0
729, 1.12621, 0.0, 0.0, 0.0, 1.0, 95.00971, 1535126.61538, 0.0
730, 1.11881, 0.0, 0.0, 0.0, 1.0, 93.09901, 1531669.27184, 0.0
731, 1.11, 0.0, 0.0, 0.0, 1.0, 91.75, 1528546.44554, 0.0
732, 1.10101, 0.0, 0.0, 0.0, 1.0, 91.16162, 1525299.68, 0.0
733, 1.09091, 0.0, 0.0, 0.0, 1.0, 89.82828, 1521906.69697, 0.0
734, 1.09278, 0.0, 0.0, 0.0, 1.0, 90.43299, 1518637.63636, 0.0
735, 1.09278, 0.0, 0.0, 0.0, 0.0, 90.19588, 1515307.24742, 0.0
736, 1.09375, 0.0, 0.0, 0.0, 1.0, 89.45833, 1512051.69072, 0.0
737, 1.08602, 0.0, 0.0, 0.0, 1.0, 88.87097, 1508926.69792, 0.0
738, 1.08791, 0.0, 0.0, 0.0, 1.0, 88.26374, 1505585.21505, 0.0
739, 1.08889, 0.0, 0.0, 0.0, 1.0, 89.06667, 1502372.86813, 0.0
740, 1.09091, 0.0, 0.0, 0.0, 1.0, 89.38636, 1499197.36667, 0.0
741, 1.07059, 0.0, 0.0, 0.0, 1.0, 87.85882, 1496012.5, 0.0
742, 1.07317, 0.0, 0.0, 0.0, 1.0, 86.34146, 1492701.71765, 0.0
743, 1.07595, 0.0, 0.0, 0.0, 1.0, 84.93671, 1489414.30488, 0.0
744, 1.07692, 0.0, 0.0, 0.0, 1.0, 84.5641, 1486311.41772, 0.0
745, 1.07895, 0.0, 0.0, 0.0, 1.0, 85.17105, 1483214.12821, 0.0
746, 1.06579, 0.0, 0.0, 0.0, 1.0, 83.71053, 1480156.55263, 0.0
747, 1.06849, 0.0, 0.0, 0.0, 1.0, 84.08219, 1477020.51316, 0.0
748, 1.06849, 0.0, 0.0, 0.0, 0.0, 83.86301, 1473753.12329, 0.0
749, 1.06944, 0.0, 0.0, 0.0, 1.0, 81.98611, 1470586.60274, 0.0
750, 1.06944, 0.0, 0.0, 0.0, 0.0, 81.81944, 1467347.0, 0.0
751, 1.05634, 0.0, 0.0, 0.0, 1.0, 81.33803, 1464181.02778, 0.0
752, 1.04348, 0.0, 0.0, 0.0, 1.0, 81.73913, 1461083.71831, 0.0
753, 1.04478, 0.0, 0.0, 0.0, 1.0, 83.97015, 1458001.21739, 0.0
754, 1.04478, 0.0, 0.0, 0.0, 0.0, 83.8209, 1454863.65672, 0.0
755, 1.04478, 0.0, 0.0, 0.0, 0.0, 83.62687, 1451715.10448, 0.0
756, 1.04478, 0.0, 0.0, 0.0, 0.0, 83.44776, 1448566.41791, 0.0
757, 1.04688, 0.0, 0.0, 0.0, 1.0, 81.625, 1445538.8209, 0.0
758, 1.04762, 0.0, 0.0, 0.0, 1.0, 81.0, 1442597.28125, 0.0
759, 1.04839, 0.0, 0.0, 0.0, 1.0, 80.0, 1439471.8254, 0.0
760, 1.04839, 0.0, 0.0, 0.0, 0.0, 79.87097, 1436246.09677, 0.0
761, 1.04918, 0.0, 0.0, 0.0, 1.0, 79.34426, 1433211.91935, 0.0
762, 1.04918, 0.0, 0.0, 0.0, 0.0, 79.22951, 1430162.13115, 0.0
763, 1.05, 0.0, 0.0, 0.0, 1.0, 77.21667, 1427130.39344, 0.0
764, 1.05085, 0.0, 0.0, 0.0, 1.0, 78.25424, 1424115.38333, 0.0
765, 1.05085, 0.0, 0.0, 0.0, 0.0, 78.10169, 1421094.37288, 0.0
766, 1.05085, 0.0, 0.0, 0.0, 0.0, 77.91525, 1418037.81356, 0.0
767, 1.0339, 0.0, 0.0, 0.0, 1.0, 75.91525, 1414977.0678, 0.0
768, 1.03636, 0.0, 0.0, 0.0, 1.0, 79.29091, 1412037.67797, 0.0
769, 1.03636, 0.0, 0.0, 0.0, 0.0, 79.05455, 1408317.43636, 0.0
770, 1.03636, 0.0, 0.0, 0.0, 0.0, 78.85455, 1405291.21818, 0.0
771, 1.03704, 0.0, 0.0, 0.0, 1.0, 78.25926, 1402306.03636, 0.0
772, 1.03774, 0.0, 0.0, 0.0, 1.0, 77.77358, 1399120.27778, 0.0
773, 1.03774, 0.0, 0.0, 0.0, 0.0, 77.60377, 1396205.88679, 0.0
774, 1.03846, 0.0, 0.0, 0.0, 1.0, 78.92308, 1393230.81132, 0.0
775, 1.04, 0.0, 0.0, 0.0, 1.0, 78.38, 1390295.44231, 0.0
776, 1.04255, 0.0, 0.0, 0.0, 1.0, 76.06383, 1387464.36, 0.0
777, 1.04348, 0.0, 0.0, 0.0, 1.0, 77.63043, 1384296.42553, 0.0
778, 1.04444, 0.0, 0.0, 0.0, 1.0, 79.22222, 1381190.86957, 0.0
779, 1.04444, 0.0, 0.0, 0.0, 0.0, 79.0, 1378360.44444, 0.0
780, 1.04651, 0.0, 0.0, 0.0, 1.0, 79.69767, 1375477.68889, 0.0
781, 1.04651, 0.0, 0.0, 0.0, 0.0, 79.5814, 1372700.88372, 0.0
782, 1.04651, 0.0, 0.0, 0.0, 0.0, 79.37209, 1369726.7907, 0.0
783, 1.04651, 0.0, 0.0, 0.0, 0.0, 79.04651, 1366754.06977, 0.0
784, 1.04762, 0.0, 0.0, 0.0, 1.0, 80.80952, 1363837.23256, 0.0
785, 1.0, 0.0, 0.0, 0.0, 1.0, 80.56098, 1360991.92857, 0.0
786, 1.0, 0.0, 0.0, 0.0, 1.0, 81.34211, 1357984.53659, 0.0
787, 1.0, 0.0, 0.0, 0.0, 0.0, 81.21053, 1354964.13158, 0.0
788, 1.0, 0.0, 0.0, 0.0, 1.0, 83.24324, 1352031.26316, 0.0
789, 1.0, 0.0, 0.0, 0.0, 0.0, 83.0, 1348988.02703, 0.0
790, 1.0, 0.0, 0.0, 0.0, 1.0, 85.13889, 1346133.81081, 0.0
791, 1.0, 0.0, 0.0, 0.0, 0.0, 84.91667, 1343359.25, 0.0
792, 1.0, 0.0, 0.0, 0.0, 1.0, 84.52941, 1340574.61111, 0.0
793, 1.0, 0.0, 0.0, 0.0, 1.0, 83.78788, 1337999.70588, 0.0
794, 1.0, 0.0, 0.0, 0.0, 1.0, 86.3125, 1334824.24242, 0.0
795, 1.0, 0.0, 0.0, 0.0, 0.0, 86.15625, 1331937.03125, 0.0
796, 1.0, 0.0, 0.0, 0.0, 0.0, 85.9375, 1329067.1875, 0.0
797, 1.0, 0.0, 0.0, 0.0, 0.0, 85.78125, 1326211.46875, 0.0
798, 1.0, 0.0, 0.0, 0.0, 0.0, 85.59375, 1323352.9375, 0.0
799, 1.0, 0.0, 0.0, 0.0, 1.0, 83.48387, 1320538.875, 0.0
800, 1.0, 0.0, 0.0, 0.0, 1.0, 85.8, 1317607.67742, 0.0
801, 1.0, 0.0, 0.0, 0.0, 0.0, 85.6, 1314982.96667, 0.0
802, 1.0, 0.0, 0.0, 0.0, 1.0, 84.55172, 1312225.76667, 0.0
803, 1.0, 0.0, 0.0, 0.0, 0.0, 84.37931, 1309839.58621, 0.0
804, 1.0, 0.0, 0.0, 0.0, 0.0, 84.24138, 1307005.55172, 0.0
805, 1.0, 0.0, 0.0, 0.0, 1.0, 83.2963, 1304273.2069, 0.0
806, 1.0, 0.0, 0.0, 0.0, 0.0, 83.0, 1301302.48148, 0.0
807, 1.0, 0.0, 0.0, 0.0, 0.0, 82.85185, 1298498.7037, 0.0
808, 1.0, 0.0, 0.0, 0.0, 0.0, 82.62963, 1295688.51852, 0.0
809, 1.0, 0.0, 0.0, 0.0, 1.0, 81.76923, 1292976.55556, 0.0
810, 1.0, 0.0, 0.0, 0.0, 0.0, 81.53846, 1289980.26923, 0.0
811, 1.0, 0.0, 0.0, 0.0, 0.0, 81.23077, 1287205.69231, 0.0
812, 1.0, 0.0, 0.0, 0.0, 0.0, 81.19231, 1284435.69231, 0.0
813, 1.0, 0.0, 0.0, 0.0, 0.0, 80.96154, 1281643.07692, 0.0
814, 1.0, 0.0, 0.0, 0.0, 0.0, 80.88462, 1278895.30769, 0.0
815, 1.0, 0.0, 0.0, 0.0, 1.0, 79.125, 1276267.07692, 0.0
816, 1.0, 0.0, 0.0, 0.0, 1.0, 82.3913, 1273447.08333, 0.0
817, 1.0, 0.0, 0.0, 0.0, 1.0, 81.5, 1271223.6087, 0.0
818, 1.0, 0.0, 0.0, 0.0, 0.0, 81.22727, 1268662.81818, 0.0
819, 1.0, 0.0, 0.0, 0.0, 1.0, 77.35, 1266070.45455, 0.0
820, 1.0, 0.0, 0.0, 0.0, 1.0, 81.10526, 1262998.65, 0.0
821, 1.0, 0.0, 0.0, 0.0, 0.0, 80.89474, 1260405.0, 0.0
822, 1.0, 0.0, 0.0, 0.0, 0.0, 80.68421, 1257705.94737, 0.0
823, 1.0, 0.0, 0.0, 0.0, 0.0, 80.47368, 1255009.10526, 0.0
824, 1.0, 0.0, 0.0, 0.0, 1.0, 80.0, 1252361.47368, 0.0
825, 1.0, 0.0, 0.0, 0.0, 0.0, 80.0, 1250143.88889, 0.0
826, 1.0, 0.0, 0.0, 0.0, 0.0, 79.88889, 1247427.16667, 0.0
827, 1.0, 0.0, 0.0, 0.0, 1.0, 77.375, 1244860.33333, 0.0
828, 1.0, 0.0, 0.0, 0.0, 1.0, 76.13333, 1242401.8125, 0.0
829, 1.0, 0.0, 0.0, 0.0, 1.0, 76.07143, 1240120.26667, 0.0
830, 1.0, 0.0, 0.0, 0.0, 0.0, 75.85714, 1237627.78571, 0.0
831, 1.0, 0.0, 0.0, 0.0, 0.0, 75.85714, 1234981.92857, 0.0
832, 1.0, 0.0, 0.0, 0.0, 0.0, 75.57143, 1232298.5, 0.0
833, 1.0, 0.0, 0.0, 0.0, 0.0, 75.42857, 1229674.0, 0.0
834, 1.0, 0.0, 0.0, 0.0, 1.0, 72.58333, 1227150.07143, 0.0
835, 1.0, 0.0, 0.0, 0.0, 0.0, 72.41667, 1224593.83333, 0.0
836, 1.0, 0.0, 0.0, 0.0, 0.0, 72.33333, 1221984.66667, 0.0
837, 1.0, 0.0, 0.0, 0.0, 0.0, 72.16667, 1219336.0, 0.0
838, 1.0, 0.0, 0.0, 0.0, 0.0, 72.16667, 1216713.66667, 0.0
839, 1.0, 0.0, 0.0, 0.0, 0.0, 71.83333, 1214143.08333, 0.0
840, 1.0, 0.0, 0.0, 0.0, 0.0, 71.33333, 1211534.25, 0.0
841, 1.0, 0.0, 0.0, 0.0, 0.0, 71.25, 1208941.16667, 0.0
842, 1.0, 0.0, 0.0, 0.0, 0.0, 71.25, 1206362.0, 0.0
843, 1.0, 0.0, 0.0, 0.0, 0.0, 71.25, 1203769.41667, 0.0
844, 1.0, 0.0, 0.0, 0.0, 1.0, 69.54545, 1201290.08333, 0.0
845, 1.0, 0.0, 0.0, 0.0, 0.0, 69.27273, 1198598.0, 0.0
846, 1.0, 0.0, 0.0, 0.0, 0.0, 69.18182, 1196008.18182, 0.0
847, 1.0, 0.0, 0.0, 0.0, 0.0, 68.72727, 1193407.36364, 0.0
848, 1.0, 0.0, 0.0, 0.0, 0.0, 68.72727, 1190812.27273, 0.0
849, 1.0, 0.0, 0.0, 0.0, 0.0, 68.72727, 1188257.36364, 0.0
850, 1.0, 0.0, 0.0, 0.0, 0.0, 68.54545, 1185731.18182, 0.0
851, 1.0, 0.0, 0.0, 0.0, 0.0, 68.27273, 1183160.0, 0.0
852, 1.0, 0.0, 0.0, 0.0, 0.0, 68.27273, 1180622.81818, 0.0
853, 1.0, 0.0, 0.0, 0.0, 0.0, 68.09091, 1178102.45455, 0.0
854, 1.0, 0.0, 0.0, 0.0, 0.0, 68.0, 1175539.72727, 0.0
855, 1.0, 0.0, 0.0, 0.0, 1.0, 67.0, 1173009.54545, 0.0
856, 1.0, 0.0, 0.0, 0.0, 0.0, 66.7, 1169505.0, 0.0
857, 1.0, 0.0, 0.0, 0.0, 0.0, 66.5, 1166986.2, 0.0
858, 1.0, 0.0, 0.0, 0.0, 0.0, 66.4, 1164524.3, 0.0
859, 1.0, 0.0, 0.0, 0.0, 0.0, 66.3, 1162050.1, 0.0
860, 1.0, 0.0, 0.0, 0.0, 0.0, 66.2, 1159537.8, 0.0
861, 1.0, 0.0, 0.0, 0.0, 0.0, 66.2, 1157108.6, 0.0
862, 1.0, 0.0, 0.0, 0.0, 1.0, 73.44444, 1154653.6, 0.0
863, 1.0, 0.0, 0.0, 0.0, 1.0, 71.5, 1152486.33333, 0.0
864, 1.0, 0.0, 0.0, 0.0, 0.0, 71.5, 1148892.625, 0.0
865, 1.0, 0.0, 0.0, 0.0, 0.0, 71.5, 1146414.25, 0.0
866, 1.0, 0.0, 0.0, 0.0, 1.0, 71.28571, 1144261.0, 0.0
867, 1.0, 0.0, 0.0, 0.0, 0.0, 71.28571, 1142451.28571, 0.0
868, 1.0, 0.0, 0.0, 0.0, 1.0, 82.83333, 1140068.0, 0.0
869, 1.0, 0.0, 0.0, 0.0, 0.0, 82.83333, 1137546.33333, 0.0
870, 1.0, 0.0, 0.0, 0.0, 0.0, 82.83333, 1135115.16667, 0.0
871, 1.0, 0.0, 0.0, 0.0, 0.0, 82.83333, 1132667.0, 0.0
872, 1.0, 0.0, 0.0, 0.0, 0.0, 82.83333, 1130195.5, 0.0
873, 1.0, 0.0, 0.0, 0.0, 0.0, 82.33333, 1127764.66667, 0.0
874, 1.0, 0.0, 0.0, 0.0, 0.0, 81.83333, 1125335.33333, 0.0
875, 1.0, 0.0, 0.0, 0.0, 0.0, 81.66667, 1122957.83333, 0.0
876, 1.0, 0.0, 0.0, 0.0, 0.0, 81.33333, 1120516.83333, 0.0
877, 1.0, 0.0, 0.0, 0.0, 0.0, 81.16667, 1118094.5, 0.0
878, 1.0, 0.0, 0.0, 0.0, 0.0, 81.0, 1115648.83333, 0.0
879, 1.0, 0.0, 0.0, 0.0, 0.0, 81.0, 1113255.66667, 0.0
880, 1.0, 0.0, 0.0, 0.0, 0.0, 80.66667, 1110839.66667, 0.0
881, 1.0, 0.0, 0.0, 0.0, 0.0, 80.66667, 1108433.5, 0.0
882, 1.0, 0.0, 0.0, 0.0, 0.0, 80.5, 1105996.83333, 0.0
883, 1.0, 0.0, 0.0, 0.0, 0.0, 80.16667, 1103595.5, 0.0
884, 1.0, 0.0, 0.0, 0.0, 0.0, 79.83333, 1101242.0, 0.0
885, 1.0, 0.0, 0.0, 0.0, 0.0, 79.5, 1098857.5, 0.0
886, 1.0, 0.0, 0.0, 0.0, 0.0, 79.5, 1096498.83333, 0.0
887, 1.0, 0.0, 0.0, 0.0, 0.0, 79.5, 1094103.0, 0.0
888, 1.0, 0.0, 0.0, 0.0, 0.0, 79.5, 1091743.83333, 0.0
889, 1.0, 0.0, 0.0, 0.0, 1.0, 75.4, 1089514.0, 0.0
890, 1.0, 0.0, 0.0, 0.0, 0.0, 75.2, 1087686.2, 0.0
891, 1.0, 0.0, 0.0, 0.0, 0.0, 75.2, 1085346.4, 0.0
892, 1.0, 0.0, 0.0, 0.0, 0.0, 74.6, 1083070.6, 0.0
893, 1.0, 0.0, 0.0, 0.0, 0.0, 73.8, 1080714.2, 0.0
894, 1.0, 0.0, 0.0, 0.0, 0.0, 73.8, 1078410.6, 0.0
895, 1.0, 0.0, 0.0, 0.0, 0.0, 73.4, 1076119.8, 0.0
896, 1.0, 0.0, 0.0, 0.0, 0.0, 73.4, 1073728.8, 0.0
897, 1.0, 0.0, 0.0, 0.0, 1.0, 91.5, 1071455.6, 0.0
898, 1.0, 0.0, 0.0, 0.0, 1.0, 84.33333, 1068757.75, 0.0
899, 1.0, 0.0, 0.0, 0.0, 1.0, 87.0, 1068947.33333, 0.0
900, 1.0, 0.0, 0.0, 0.0, 0.0, 87.0, 1063913.5, 0.0
901, 1.0, 0.0, 0.0, 0.0, 0.0, 86.5, 1061601.5, 0.0
902, 1.0, 0.0, 0.0, 0.0, 0.0, 86.5, 1059325.5, 0.0
903, 1.0, 0.0, 0.0, 0.0, 0.0, 86.0, 1057038.0, 0.0
904, 1.0, 0.0, 0.0, 0.0, 0.0, 85.5, 1054711.5, 0.0
905, 1.0, 0.0, 0.0, 0.0, 0.0, 85.5, 1052421.5, 0.0
906, 1.0, 0.0, 0.0, 0.0, 0.0, 85.5, 1050194.5, 0.0
907, 1.0, 0.0, 0.0, 0.0, 0.0, 85.0, 1047953.5, 0.0
908, 1.0, 0.0, 0.0, 0.0, 0.0, 84.5, 1045638.0, 0.0
909, 1.0, 0.0, 0.0, 0.0, 0.0, 84.0, 1043339.0, 0.0
910, 1.0, 0.0, 0.0, 0.0, 0.0, 84.0, 1041036.0, 0.0
911, 1.0, 0.0, 0.0, 0.0, 0.0, 83.5, 1038785.5, 0.0
912, 1.0, 0.0, 0.0, 0.0, 0.0, 83.0, 1036498.5, 0.0
913, 1.0, 0.0, 0.0, 0.0, 0.0, 82.5, 1034280.0, 0.0
914, 1.0, 0.0, 0.0, 0.0, 0.0, 82.5, 1032066.5, 0.0
915, 1.0, 0.0, 0.0, 0.0, 0.0, 82.5, 1029826.5, 0.0
916, 1.0, 0.0, 0.0, 0.0, 0.0, 82.5, 1027558.5, 0.0
917, 1.0, 0.0, 0.0, 0.0, 0.0, 82.5, 1025343.0, 0.0
918, 1.0, 0.0, 0.0, 0.0, 0.0, 82.5, 1023118.5, 0.0
919, 1.0, 0.0, 0.0, 0.0, 0.0, 82.5, 1020841.5, 0.0
920, 1.0, 0.0, 0.0, 0.0, 0.0, 81.5, 1018625.0, 0.0
921, 1.0, 0.0, 0.0, 0.0, 0.0, 81.5, 1016456.0, 0.0
922, 1.0, 0.0, 0.0, 0.0, 0.0, 81.0, 1014153.5, 0.0
923, 1.0, 0.0, 0.0, 0.0, 0.0, 81.0, 1012010.0, 0.0
924, 1.0, 0.0, 0.0, 0.0, 0.0, 80.5, 1009868.0, 0.0
925, 1.0, 0.0, 0.0, 0.0, 0.0, 80.5, 1007759.0, 0.0
926, 1.0, 0.0, 0.0, 0.0, 0.0, 80.0, 1005529.5, 0.0
927, 1.0, 0.0, 0.0, 0.0, 0.0, 80.0, 1003413.5, 0.0
928, 1.0, 0.0, 0.0, 0.0, 0.0, 79.5, 1001157.0, 0.0
929, 1.0, 0.0, 0.0, 0.0, 0.0, 79.0, 998945.0, 0.0
930, 1.0, 0.0, 0.0, 0.0, 0.0, 78.5, 996788.0, 0.0
931, 1.0, 0.0, 0.0, 0.0, 0.0, 78.0, 994708.5, 0.0
932, 1.0, 0.0, 0.0, 0.0, 0.0, 78.0, 992580.0, 0.0
933, 1.0, 0.0, 0.0, 0.0, 0.0, 78.0, 990489.5, 0.0
934, 1.0, 0.0, 0.0, 0.0, 0.0, 78.0, 988415.0, 0.0
935, 1.0, 0.0, 0.0, 0.0, 0.0, 78.0, 986231.0, 0.0
936, 1.0, 0.0, 0.0, 0.0, 1.0, 80.0, 984457.5, 0.0
937, 1.0, 0.0, 0.0, 0.0, 0.0, 80.0, 988751.0, 0.0
938, 1.0, 0.0, 0.0, 0.0, 0.0, 80.0, 986598.0, 0.0
939, 1.0, 0.0, 0.0, 0.0, 0.0, 80.0, 984425.0, 0.0
940, 1.0, 0.0, 0.0, 0.0, 0.0, 80.0, 982385.0, 0.0
941, 1.0, 0.0, 0.0, 0.0, 0.0, 80.0, 980520.0, 0.0
942, 0.0, 0.0, 0.0, 0.0, 1.0, 0.0, 979520.0, 0.0
