time, seeders, joined, request_count, response_size, left, awareness, bad_data, leechers
0, 0.0, 0.0, 0.0, 0.0, 0.0, 1001.0, 0.0, 0.0
1, 0.0, 20.912, 980.77659, 0.79469, 0.0, 19410.832, 0.0, 20.912
2, 0.0, 9.722, 581.67044, 1.9496, 2.058, 23084.644, 1743.282, 29.576
3, 0.0, 9.452, 543.90605, 2.51196, 1.53106, 27378.4, 2534.704, 38.042
4, 0.0, 9.456, 529.61083, 2.95148, 1.62857, 31573.642, 3291.528, 46.358
5, 0.0, 8.942, 517.78126, 3.45119, 1.86162, 35161.884, 4264.782, 53.874
6, 0.0, 8.936, 508.95255, 3.90413, 1.91304, 38683.208, 5207.978, 61.314
7, 0.0, 8.246, 503.63813, 4.34626, 2.0439, 41634.954, 6312.912, 67.884
8, 0.0, 7.962, 502.51193, 4.74731, 2.27751, 44393.978, 7443.23, 73.942
9, 0.0, 7.94589, 500.75662, 5.08335, 2.38426, 46999.898, 8683.214, 79.812
10, 0.0, 7.698, 498.57106, 5.50182, 2.39545, 49490.494, 9889.484, 85.402
11, 16.262, 7.55, 498.80795, 5.77084, 2.21513, 51694.254, 10722.116, 74.816
12, 20.844, 7.076, 498.58677, 6.0788, 4.75356, 51185.41, 13995.512, 72.642
13, 25.752, 6.7976, 496.02005, 6.37682, 4.35628, 51392.948, 16400.888, 70.214
14, 30.052, 6.634, 497.2867, 6.57745, 4.84318, 51410.976, 18955.826, 67.792
15, 33.276, 6.482, 497.84017, 6.80911, 5.32394, 51103.402, 21790.686, 65.758
16, 36.434, 6.27255, 499.04153, 7.11108, 5.3996, 50878.052, 24460.742, 63.482
17, 39.004, 6.268, 499.84046, 7.34536, 5.408, 50665.674, 27147.852, 61.772
18, 40.996, 5.92771, 497.96748, 7.56122, 5.80561, 50151.794, 29963.64, 59.89
19, 42.826, 5.576, 498.92396, 7.75917, 5.83936, 49642.076, 32631.318, 57.82
20, 44.384, 5.70683, 496.12949, 8.09716, 6.00601, 49071.862, 35410.986, 55.952
21, 45.568, 5.25403, 499.80814, 8.23378, 6.216, 48187.108, 38252.882, 53.764
22, 46.188, 5.23139, 499.03846, 8.2948, 6.2004, 47417.888, 40926.016, 52.156
23, 46.648, 4.80282, 497.69585, 8.49242, 6.144, 46410.684, 43583.402, 50.326
24, 46.74, 4.97189, 500.0, 8.73627, 6.254, 45490.492, 46223.082, 48.932
25, 46.836, 4.71944, 500.21231, 8.91129, 6.016, 44612.934, 48675.34, 47.53
26, 46.878, 4.54379, 502.24115, 9.05667, 5.97, 43710.726, 51022.906, 45.98
27, 46.832, 4.43522, 502.28206, 9.19173, 6.17137, 42697.656, 53426.65, 44.286
28, 46.718, 4.14868, 501.47275, 9.39745, 5.85111, 41645.408, 55707.068, 42.658
29, 46.288, 3.92698, 506.45661, 9.42427, 5.83968, 40592.98, 57897.694, 41.132
30, 45.952, 4.00204, 508.14249, 9.55433, 5.77, 39571.45, 60092.928, 39.628
31, 45.134, 3.86066, 509.28875, 9.8223, 5.82966, 38559.994, 62194.63, 38.396
32, 44.542, 3.83333, 505.30223, 9.75026, 5.53414, 37666.51, 64156.564, 37.248
33, 43.874, 3.48033, 512.79001, 9.83991, 5.41483, 36636.644, 66067.534, 35.874
34, 43.148, 3.35537, 509.85222, 9.9372, 5.52906, 35536.02, 67973.508, 34.33
35, 42.38, 3.37344, 511.07011, 10.03189, 5.28485, 34581.278, 69727.934, 33.118
36, 41.544, 3.23918, 510.50286, 10.06983, 5.25709, 33577.176, 71471.296, 31.902
37, 40.63, 3.30316, 522.62588, 10.07561, 5.05835, 32717.134, 73093.784, 30.926
38, 39.688, 3.19068, 520.91633, 10.0376, 4.82129, 31867.364, 74628.288, 30.078
39, 38.568, 3.14712, 520.3252, 10.31055, 4.89537, 31005.044, 76135.938, 29.284
40, 37.778, 3.05274, 521.42364, 10.41286, 4.65992, 30225.576, 77528.86, 28.364
41, 36.824, 3.00425, 524.38163, 10.42385, 4.5935, 29463.996, 78871.58, 27.628
42, 35.868, 2.8556, 529.43396, 10.47042, 4.65385, 28589.534, 80242.478, 26.636
43, 34.81, 2.86928, 526.1959, 10.65584, 4.40574, 27854.918, 81453.226, 26.028
44, 33.866, 2.64859, 538.49304, 10.65627, 4.16836, 27140.04, 82570.388, 25.304
45, 32.96, 2.60909, 532.22997, 10.69804, 4.07362, 26411.734, 83609.122, 24.522
46, 32.012, 2.57395, 538.59348, 10.76752, 4.10101, 25674.7, 84684.108, 23.742
47, 31.242, 2.57528, 545.37522, 10.7256, 3.96509, 25007.468, 85678.704, 22.942
48, 30.396, 2.33772, 547.37336, 10.70694, 3.84948, 24336.25, 86594.266, 22.186
49, 29.526, 2.4388, 543.08712, 10.84656, 3.77664, 23647.772, 87503.35, 21.482
50, 28.828, 2.35867, 545.31722, 10.80425, 3.67355, 22955.918, 88350.064, 20.61
51, 28.016, 2.3, 553.85375, 10.85459, 3.61777, 22355.274, 89142.71, 19.944
52, 27.392, 2.11765, 566.11111, 10.71737, 3.40881, 21726.244, 89858.672, 19.116
53, 26.654, 2.21235, 575.33482, 10.71581, 3.29253, 21164.116, 90518.71, 18.472
54, 25.818, 2.12411, 581.46067, 10.96522, 3.34238, 20609.648, 91174.152, 17.886
55, 24.926, 2.13902, 572.97605, 11.03582, 3.26195, 20040.244, 91814.412, 17.394
56, 24.29, 2.00964, 592.92566, 10.87462, 3.08565, 19574.138, 92336.114, 16.816
57, 23.452, 2.115, 572.10402, 11.01343, 3.22059, 19007.952, 92937.858, 16.28
58, 22.732, 1.97113, 595.20639, 10.93512, 2.96146, 18483.528, 93419.724, 15.736
59, 21.984, 1.85279, 597.94521, 10.90378, 2.96368, 17913.354, 93926.33, 15.17
60, 21.348, 2.00278, 601.24827, 10.87543, 2.73504, 17476.77, 94294.224, 14.688
61, 20.712, 1.82337, 630.40238, 10.86879, 2.78118, 17026.04, 94657.72, 14.124
62, 20.076, 1.82586, 617.77457, 10.70409, 2.70288, 16634.588, 94968.718, 13.706
63, 19.57, 1.83243, 616.51917, 10.80622, 2.48132, 16289.752, 95215.238, 13.31
64, 18.898, 1.77151, 628.98331, 10.82509, 2.56061, 15903.864, 95499.304, 12.934
65, 18.298, 1.78237, 652.24111, 10.99763, 2.46491, 15566.702, 95749.858, 12.58
66, 17.774, 1.75272, 672.09302, 10.62976, 2.44898, 15293.114, 95961.268, 12.234
67, 17.256, 1.64348, 625.22046, 10.83921, 2.37642, 14884.266, 96152.006, 11.79
68, 16.734, 1.61337, 657.65766, 10.63836, 2.2761, 14544.814, 96294.428, 11.46
69, 16.102, 1.65075, 664.55696, 10.63401, 2.31891, 14197.898, 96451.296, 11.162
70, 15.614, 1.65269, 654.8913, 10.91286, 2.28806, 13861.814, 96587.412, 10.8
71, 14.992, 1.57655, 722.10744, 10.77969, 2.29567, 13513.938, 96712.322, 10.48
72, 14.518, 1.61994, 690.38462, 10.68524, 2.19856, 13220.012, 96803.502, 10.156
73, 14.16, 1.58642, 714.00778, 10.53406, 2.12152, 13025.662, 96812.188, 9.866
74, 13.674, 1.51439, 730.4038, 10.71057, 2.0625, 12662.776, 96872.066, 9.478
75, 13.228, 1.45818, 705.73566, 10.34276, 2.02716, 12292.628, 96893.23, 9.1022
76, 12.912, 1.44444, 717.94872, 10.61851, 2.01299, 12016.626, 96874.82, 8.708
77, 12.494, 1.47535, 760.1432, 10.64364, 1.92732, 11761.366, 96860.156, 8.426
78, 12.082, 1.41924, 707.02179, 10.7226, 1.93176, 11478.158, 96819.85, 8.192
79, 11.688, 1.36111, 784.25656, 10.56691, 1.92084, 11157.282, 96772.182, 7.816
80, 11.422, 1.47692, 734.375, 10.43617, 1.79459, 10888.55, 96703.898, 7.522
81, 11.046, 1.40496, 804.41176, 10.49909, 1.74933, 10621.56, 96621.902, 7.266
82, 10.716, 1.48963, 845.4039, 10.45634, 1.73585, 10455.96, 96499.248, 7.04008
83, 10.414, 1.34081, 760.86957, 10.58022, 1.78151, 10139.48, 96378.704, 6.66733
84, 10.042, 1.35743, 803.25444, 10.40516, 1.68103, 9969.986, 96201.376, 6.532
85, 9.656, 1.36752, 857.8125, 10.18944, 1.6716, 9798.492, 96034.772, 6.45382
86, 9.38, 1.32579, 861.77474, 10.43762, 1.66369, 9610.108, 95844.51, 6.19679
87, 9.026, 1.2735, 852.34899, 10.14567, 1.70118, 9404.076, 95677.454, 6.00805
88, 8.744, 1.33333, 856.66667, 10.16926, 1.59752, 9247.44, 95469.156, 5.84538
89, 8.452, 1.30256, 913.38583, 10.03233, 1.57878, 9084.046, 95223.882, 5.66265
90, 8.21242, 1.3, 886.53846, 9.90889, 1.56825, 8872.288, 95025.5, 5.428
91, 7.86974, 1.21028, 899.6139, 10.22747, 1.59736, 8703.546, 94792.334, 5.33066
92, 7.56914, 1.36634, 864.13043, 10.15933, 1.53526, 8526.36, 94583.948, 5.22445
93, 7.33267, 1.25269, 995.70815, 9.73707, 1.4404, 8402.824, 94312.652, 5.05611
94, 6.972, 1.18132, 953.48837, 9.82683, 1.52848, 8146.66, 94121.412, 4.86573
95, 6.68, 1.1989, 970.04608, 10.0095, 1.52143, 7991.462, 93842.944, 4.749
96, 6.48297, 1.26064, 909.2827, 10.10905, 1.44402, 7851.258, 93565.18, 4.68474
97, 6.29659, 1.18824, 1054.45545, 9.7723, 1.42007, 7728.91, 93268.818, 4.51911
98, 6.098, 1.22289, 963.05419, 9.71355, 1.35357, 7575.636, 92971.232, 4.3697
99, 5.92986, 1.16763, 1066.83168, 9.75406, 1.3875, 7511.974, 92627.784, 4.26962
100, 5.76162, 1.1227, 980.87432, 9.68245, 1.40458, 7310.148, 92352.408, 4.11268
101, 5.48485, 1.23881, 1117.46988, 9.62803, 1.37452, 7125.898, 92077.282, 4.01411
102, 5.32863, 1.22759, 1168.53933, 9.5024, 1.29461, 7071.846, 91718.868, 3.90486
103, 5.21095, 1.25, 1177.77778, 9.57783, 1.29091, 7028.378, 91360.658, 3.83636
104, 5.0061, 1.15862, 1104.16667, 9.36927, 1.31915, 6910.808, 91028.468, 3.75605
105, 4.81504, 1.22794, 1104.79042, 9.27642, 1.33624, 6789.868, 90702.87, 3.68016
106, 4.59714, 1.16935, 1044.82759, 9.55116, 1.36652, 6620.492, 90360.42, 3.64417
107, 4.45996, 1.13, 1300.88496, 9.65306, 1.27027, 6569.414, 89896.204, 3.5501
108, 4.28425, 1.15833, 1089.92806, 9.32673, 1.24257, 6453.984, 89509.776, 3.47143
109, 4.18351, 1.13333, 1189.07563, 9.16961, 1.17857, 6322.824, 89124.444, 3.37755
110, 4.05613, 1.15652, 1236.84211, 9.24012, 1.25758, 6224.854, 88758.272, 3.32033
111, 3.89583, 1.11348, 1308.9172, 9.3017, 1.26238, 6180.25, 88423.444, 3.28542
112, 3.70894, 1.04808, 1238.53211, 9.32222, 1.27807, 6067.674, 88015.476, 3.20825
113, 3.61263, 1.10435, 1240.15748, 8.91429, 1.27711, 5979.916, 87636.228, 3.18634
114, 3.45416, 1.12871, 1271.92982, 9.32759, 1.26667, 5863.386, 87261.124, 3.14256
115, 3.3547, 1.11905, 1351.06383, 8.93307, 1.14094, 5798.126, 86805.016, 3.08247
116, 3.26134, 1.08257, 1588.98305, 8.84533, 1.1875, 5810.78557, 86406.334, 3.05773
117, 3.16336, 1.12371, 1247.70642, 8.83088, 1.20606, 5692.48394, 86041.14228, 3.04979
118, 3.09354, 1.11628, 1244.79167, 9.12134, 1.19708, 5628.54418, 85565.48996, 3.00624
119, 3.00447, 1.03797, 1658.53659, 8.65074, 1.21642, 5585.29175, 85132.93373, 2.95807
120, 2.96339, 1.16495, 1256.63717, 9.05282, 1.1087, 5527.45272, 84708.57948, 2.98109
121, 2.89461, 1.12088, 1637.2549, 8.32335, 1.17021, 5567.13939, 84277.40845, 2.96025
122, 2.78487, 1.05, 1696.42857, 8.64211, 1.23664, 5537.93117, 83846.12121, 2.93684
123, 2.67542, 1.07792, 1801.20482, 8.66221, 1.21622, 5570.57201, 83366.17409, 2.95359
124, 2.59524, 1.04545, 1119.56522, 8.73301, 1.18421, 5495.36382, 82924.81339, 2.92211
125, 2.52311, 1.10714, 1510.75269, 8.49822, 1.2, 5471.10772, 82490.22561, 2.93249
126, 2.49879, 1.09589, 1468.75, 8.40426, 1.1215, 5415.75813, 82051.97561, 2.86469
127, 2.43781, 1.04225, 1412.16216, 8.32536, 1.20741, 5256.18902, 81693.30894, 2.78647
128, 2.39487, 1.125, 21666.66667, 8.05128, 1.18584, 8349.14868, 81284.32724, 2.80255
129, 2.3727, 1.11475, 1522.05882, 8.28019, 1.1068, 8251.87551, 80864.21589, 2.79229
130, 2.32888, 1.15, 1442.02899, 8.13568, 1.18868, 8168.68443, 80438.84694, 2.76458
131, 2.23978, 1.09524, 1572.46377, 8.447, 1.09167, 8063.22177, 80047.03893, 2.74837
132, 2.18852, 1.11111, 1687.5, 8.12222, 1.125, 8108.27423, 79565.41889, 2.7587
133, 2.13092, 1.11321, 1389.83051, 8.7439, 1.13, 7983.61157, 79146.38969, 2.71367
134, 2.13239, 1.08772, 2217.74194, 8.22182, 1.10667, 8033.78512, 78663.06612, 2.6913
135, 2.15029, 1.04348, 1614.58333, 7.69677, 1.1358, 7971.99793, 78196.1219, 2.64114
136, 2.14286, 1.03704, 1785.71429, 8.095, 1.12, 7922.24583, 77766.87344, 2.61693
137, 2.17612, 1.03846, 2703.7037, 8.16781, 1.15278, 7976.39875, 77320.08958, 2.4989
138, 2.0806, 1.08889, 2214.28571, 7.92166, 1.13684, 7823.49163, 77005.97077, 2.46667
139, 2.04587, 1.08824, 2418.91892, 7.58659, 1.1087, 7639.12762, 76670.21548, 2.39509
140, 1.98137, 1.04255, 2479.59184, 7.8107, 1.07292, 7622.98113, 76252.01046, 2.3702
141, 1.98058, 1.01961, 2903.84615, 7.60265, 1.07229, 7680.86498, 75848.32075, 2.37215
142, 1.94983, 1.05882, 2333.33333, 7.97619, 1.04054, 7669.862, 75367.88397, 2.33409
143, 1.93197, 1.12, 2107.14286, 7.6822, 1.125, 7705.2, 74980.05308, 2.375
144, 1.9078, 1.05128, 2487.80488, 7.51961, 1.1125, 7652.07127, 74586.86022, 2.33875
145, 1.8638, 1.0, 2562.5, 7.75122, 1.05, 7683.94794, 74105.64579, 2.32715
146, 1.77895, 1.03125, 2287.87879, 7.56954, 1.16667, 7666.53493, 73666.06291, 2.28205
147, 1.74912, 1.02632, 2141.02564, 7.34731, 1.04688, 7617.21444, 73195.48035, 2.25527
148, 1.72792, 1.0303, 2352.94118, 7.4, 1.06494, 7516.81319, 72825.89716, 2.19286
149, 1.70073, 1.0, 2485.29412, 7.28402, 1.0641, 7467.43488, 72342.98462, 2.15144
150, 1.68045, 1.0, 1847.22222, 8.1203, 1.03279, 7359.25055, 71954.07285, 2.15291
151, 1.62977, 1.06061, 2785.71429, 6.92821, 1.06349, 7351.52455, 71569.58758, 2.11864
152, 1.61686, 1.06452, 2166.66667, 7.39161, 1.14286, 7351.83857, 71084.17634, 2.09535
153, 1.60232, 1.0303, 2867.64706, 7.22051, 1.125, 7367.07256, 70700.88789, 2.05473
154, 1.552, 1.04, 2557.69231, 7.21053, 1.10448, 7320.12329, 70254.00907, 2.0125
155, 1.55285, 1.0, 3041.66667, 7.03425, 1.10909, 7306.55862, 69821.14155, 1.94962
156, 1.48347, 1.0, 3473.68421, 7.20455, 1.07407, 7330.16047, 69399.94483, 1.94359
157, 1.43697, 1.0, 4233.33333, 7.48819, 1.05357, 7274.63294, 69046.8093, 1.91864
158, 1.42857, 1.0, 3340.90909, 6.91156, 1.05357, 7225.02625, 68710.02353, 1.8877
159, 1.41364, 1.04167, 2880.0, 7.07639, 1.01613, 7212.74879, 68300.70167, 1.86179
160, 1.40094, 1.0, 2970.58824, 6.84158, 1.09302, 7237.11247, 67847.76812, 1.82337
161, 1.38835, 1.05882, 1750.0, 7.36508, 1.0, 7198.93827, 67351.48655, 1.81868
162, 1.345, 1.04167, 3320.0, 6.42169, 1.06667, 7139.68734, 67025.85926, 1.79726
163, 1.33838, 1.0, 3657.89474, 6.94964, 1.07692, 7126.10697, 66601.82134, 1.76454
164, 1.33511, 1.05556, 3473.68421, 6.71212, 1.0, 7138.32331, 66181.12935, 1.7493
165, 1.31868, 1.0, 2852.94118, 6.8866, 1.02222, 7115.0, 65775.74185, 1.69444
166, 1.30726, 1.0, 7236.84211, 6.50909, 1.0, 7378.38205, 65366.24242, 1.67887
167, 1.28409, 1.0, 1545.45455, 7.35294, 1.02941, 7290.31688, 64974.87436, 1.67147
168, 1.28313, 1.0, 3000.0, 6.56667, 1.02941, 7284.52231, 64501.56623, 1.65116
169, 1.26829, 1.0, 3578.94737, 6.83824, 1.06061, 7340.0, 64127.25984, 1.64307
170, 1.23871, 1.0, 2833.33333, 6.68235, 1.05263, 7329.51762, 63722.68267, 1.6506
171, 1.24342, 1.0, 3428.57143, 6.40625, 1.07895, 7389.06145, 63419.85908, 1.653
172, 1.25, 1.0, 1750.0, 6.12245, 1.03571, 7313.11331, 62926.33799, 1.63871
173, 1.25, 1.1, 2090.90909, 6.73913, 1.03448, 7306.31034, 62501.86119, 1.62581
174, 1.27206, 1.0, 1277.77778, 5.69565, 1.0, 7263.73746, 62159.84483, 1.60927
175, 1.29771, 1.0, 5083.33333, 5.57377, 1.03448, 7251.51057, 61816.0708, 1.56566
176, 1.29134, 1.0, 3708.33333, 6.0, 1.0, 7313.82569, 61273.13595, 1.56849
177, 1.33333, 1.0, 2875.0, 5.04348, 1.0, 7240.05556, 60824.91437, 1.54386
178, 1.30328, 1.0, 4625.0, 5.95946, 1.0, 7313.55, 60383.51235, 1.52113
179, 1.31356, 1.0, 1812.5, 6.89655, 1.0, 7286.25559, 60077.58438, 1.50725
180, 1.33884, 1.0, 2875.0, 5.52174, 1.0625, 7258.83226, 59639.42492, 1.45588
181, 1.30088, 1.0, 2142.85714, 5.86667, 1.0, 7239.40264, 59300.80645, 1.45318
182, 1.26364, 1.0, 2600.0, 5.32692, 1.03333, 7332.5661, 58903.46865, 1.44788
183, 1.27523, 1.0, 1083.33333, 5.92308, 1.0, 7277.23875, 58562.23729, 1.43478
184, 1.28037, 1.0, 6571.42857, 5.59783, 1.0, 7319.42456, 58203.11073, 1.41036
185, 1.22115, 1.0, 2857.14286, 6.05, 1.04, 7388.39427, 57799.04912, 1.40244
186, 1.21053, 1.0, 4600.0, 5.71739, 1.0, 7286.93478, 57406.54839, 1.37449
187, 1.15625, 1.0, 7333.33333, 5.82955, 1.0, 7374.50923, 57017.75362, 1.37021
188, 1.1978, 1.0, 3500.0, 5.17857, 1.0, 7372.02652, 56726.74908, 1.329
189, 1.1978, 1.0, 7833.33333, 5.93617, 1.0, 7642.33591, 56253.92045, 1.34071
190, 1.23529, 1.0, 3600.0, 5.80556, 1.0, 7911.22764, 55912.32819, 1.31651
191, 1.20238, 1.0, 500.0, 7.0, 1.125, 7876.7605, 55635.71545, 1.31579
192, 1.21333, 1.0, 2142.85714, 5.43333, 1.04, 8138.15044, 55154.51261, 1.33
193, 1.16418, 0.0, 0.0, 0.0, 1.0, 4310.91324, 58553.4115, 1.31472
194, 1.13636, 1.0, 5500.0, 5.22727, 1.0, 4252.99083, 58254.83105, 1.30928
195, 1.13115, 1.0, 500.0, 8.0, 1.0, 4210.25234, 57904.74312, 1.30366
196, 1.17857, 1.0, 5000.0, 5.95, 1.05556, 4333.12981, 57636.32243, 1.31694
197, 1.14, 1.0, 9166.66667, 5.21818, 1.10526, 4178.68, 57671.77885, 1.31818
198, 1.12766, 1.0, 10000.0, 5.8, 1.0, 4233.9898, 57217.485, 1.31214
199, 1.1087, 1.0, 5333.33333, 4.96875, 1.0, 4359.90576, 56822.76531, 1.31953
200, 1.10638, 1.0, 3000.0, 5.5, 1.0, 4447.21081, 56486.11518, 1.31902
201, 1.10417, 1.0, 2083.33333, 4.96, 1.0, 4343.27322, 56353.64324, 1.3522
202, 1.08333, 1.0, 1375.0, 4.36364, 1.0, 4374.85311, 55984.15847, 1.35714
203, 1.10638, 1.0, 500.0, 1.0, 1.0, 4226.86286, 55860.93785, 1.3557
204, 1.07692, 1.0, 8500.0, 4.73529, 1.0, 4118.75145, 55650.19429, 1.32639
205, 1.11765, 1.0, 5375.0, 5.2093, 1.0, 4103.27219, 55316.35838, 1.32624
206, 1.13043, 0.0, 0.0, 0.0, 1.0, 4057.94512, 55061.08876, 1.31884
207, 1.07692, 1.0, 1500.0, 2.66667, 1.0, 3990.9441, 54726.58537, 1.29008
208, 1.0566, 1.0, 1750.0, 5.71429, 1.0, 3935.54777, 54326.86335, 1.312
209, 1.08163, 1.0, 4000.0, 3.375, 1.09091, 3895.67114, 54138.53503, 1.31092
210, 1.10638, 1.0, 2500.0, 4.86667, 1.0, 3826.02759, 53937.57047, 1.26891
211, 1.08889, 0.0, 0.0, 0.0, 1.0, 3735.50704, 53785.42759, 1.28319
212, 1.09302, 1.0, 750.0, 5.33333, 1.0, 3735.45985, 53547.28873, 1.30275
213, 1.07895, 0.0, 0.0, 0.0, 1.0, 3779.89474, 53314.05839, 1.30556
214, 1.05714, 1.0, 29500.0, 4.25424, 1.0, 3749.9845, 53202.01504, 1.30769
215, 1.05882, 1.0, 500.0, 6.0, 1.0, 3879.5, 52925.55039, 1.30303
216, 1.05882, 1.0, 1250.0, 7.0, 1.0, 3841.02521, 52732.16393, 1.28125
217, 1.06061, 0.0, 0.0, 0.0, 1.0, 3804.01709, 52499.63025, 1.26596
218, 1.06452, 0.0, 0.0, 0.0, 1.0, 3781.39823, 52300.22222, 1.24444
219, 1.0, 0.0, 0.0, 0.0, 1.0, 3700.71963, 52313.35398, 1.22093
220, 1.0, 1.0, 4500.0, 2.44444, 1.0, 3836.86275, 52116.07477, 1.21687
221, 1.0, 0.0, 0.0, 0.0, 1.0, 3796.42157, 51957.28431, 1.19753
222, 1.0, 0.0, 0.0, 0.0, 1.2, 3757.23469, 51690.43137, 1.18421
223, 1.0, 0.0, 0.0, 0.0, 1.0, 3891.74194, 51555.41837, 1.19178
224, 1.03846, 0.0, 0.0, 0.0, 1.0, 4047.09091, 51358.3871, 1.18571
225, 1.04545, 0.0, 0.0, 0.0, 1.0, 3963.9881, 51588.5, 1.15942
226, 1.04545, 1.0, 5000.0, 4.1, 1.0, 4023.0122, 51366.77381, 1.15152
227, 1.04762, 0.0, 0.0, 0.0, 1.0, 4021.0641, 51141.86585, 1.14286
228, 1.05, 0.0, 0.0, 0.0, 1.0, 3977.11538, 51042.5641, 1.14286
229, 1.0, 0.0, 0.0, 0.0, 1.0, 3614.17333, 51092.60256, 1.09836
230, 1.0, 0.0, 0.0, 0.0, 1.0, 3668.65753, 50701.89333, 1.1
231, 1.0, 0.0, 0.0, 0.0, 1.0, 3713.07042, 50594.41096, 1.10169
232, 1.0, 0.0, 0.0, 0.0, 1.0, 3711.52239, 50662.15493, 1.10714
233, 1.0, 1.0, 20500.0, 4.21951, 1.0, 4093.29688, 50574.44776, 1.12963
234, 1.0, 1.0, 500.0, 4.0, 1.0, 4065.80952, 50555.34375, 1.12963
235, 1.0, 0.0, 0.0, 0.0, 1.0, 3710.70968, 50638.55556, 1.11538
236, 1.07143, 0.0, 0.0, 0.0, 1.0, 3633.47541, 50467.93548, 1.1
237, 1.125, 0.0, 0.0, 0.0, 1.0, 3646.61667, 50195.68852, 1.1087
238, 1.11111, 0.0, 0.0, 0.0, 1.0, 3611.1, 49929.8, 1.04348
239, 1.05882, 0.0, 0.0, 0.0, 1.5, 3693.96552, 49536.95, 1.04444
240, 1.06667, 0.0, 0.0, 0.0, 1.0, 3647.35185, 39983.44828, 1.04762
241, 1.07692, 0.0, 0.0, 0.0, 1.0, 3623.28302, 39725.68519, 1.04762
242, 1.08333, 0.0, 0.0, 0.0, 1.0, 3579.36, 39611.60377, 1.05
243, 1.0, 0.0, 0.0, 0.0, 1.0, 3642.0, 39332.76, 1.02703
244, 1.0, 0.0, 0.0, 0.0, 1.0, 3760.75, 39183.91667, 1.02778
245, 1.0, 0.0, 0.0, 0.0, 1.0, 3868.35714, 38963.20455, 1.03125
246, 1.0, 0.0, 0.0, 0.0, 1.0, 3991.41026, 38655.42857, 1.0
247, 1.0, 1.0, 20500.0, 3.07317, 1.0, 3714.32432, 39342.74359, 1.03448
248, 1.0, 0.0, 0.0, 0.0, 1.0, 3879.61765, 38461.54054, 1.03704
249, 1.0, 0.0, 0.0, 0.0, 0.0, 3847.38235, 38187.47059, 1.04
250, 1.0, 0.0, 0.0, 0.0, 1.0, 2996.18182, 38779.73529, 1.04
251, 1.0, 0.0, 0.0, 0.0, 0.0, 2971.57576, 37593.0303, 1.04
252, 1.0, 0.0, 0.0, 0.0, 1.0, 3154.36667, 37372.18182, 1.04348
253, 1.0, 0.0, 0.0, 0.0, 0.0, 3128.3, 36999.4, 1.04348
254, 1.0, 0.0, 0.0, 0.0, 1.0, 2837.36667, 36958.56667, 1.04348
255, 1.0, 0.0, 0.0, 0.0, 1.0, 2807.43333, 36658.2, 1.04348
256, 1.0, 0.0, 0.0, 0.0, 1.0, 2892.66667, 36541.13333, 1.05
257, 1.0, 0.0, 0.0, 0.0, 1.0, 3077.96, 36440.51852, 1.05
258, 1.0, 0.0, 0.0, 0.0, 0.0, 3052.08, 36296.24, 1.05263
259, 1.0, 0.0, 0.0, 0.0, 0.0, 3025.32, 35992.96, 1.05556
260, 1.0, 0.0, 0.0, 0.0, 1.0, 3037.375, 35780.04, 1.05556
261, 1.0, 0.0, 0.0, 0.0, 1.0, 3061.82609, 35554.25, 1.0
262, 1.0, 0.0, 0.0, 0.0, 0.0, 3037.56522, 35425.78261, 1.0
263, 1.0, 0.0, 0.0, 0.0, 1.0, 3055.68182, 35224.95652, 1.0
264, 1.0, 0.0, 0.0, 0.0, 0.0, 3030.63636, 35072.72727, 1.0
265, 1.0, 0.0, 0.0, 0.0, 1.0, 3119.14286, 34821.18182, 1.0
266, 1.0, 0.0, 0.0, 0.0, 0.0, 3093.52381, 34631.33333, 1.0
267, 1.0, 0.0, 0.0, 0.0, 0.0, 3068.0, 34336.33333, 1.0
268, 1.0, 0.0, 0.0, 0.0, 1.0, 3119.85, 34123.0, 1.0
269, 1.0, 0.0, 0.0, 0.0, 1.0, 3242.21053, 33945.9, 1.0
270, 1.0, 0.0, 0.0, 0.0, 1.0, 3514.41176, 33699.84211, 1.0
271, 1.0, 0.0, 0.0, 0.0, 0.0, 3486.23529, 32345.47059, 1.0
272, 1.0, 0.0, 0.0, 0.0, 0.0, 3459.05882, 32076.70588, 1.0
273, 1.0, 0.0, 0.0, 0.0, 1.0, 2465.11765, 32773.41176, 1.0
274, 1.0, 0.0, 0.0, 0.0, 0.0, 2443.64706, 32500.35294, 1.0
275, 1.0, 0.0, 0.0, 0.0, 1.0, 2555.8125, 32260.29412, 1.0
276, 1.0, 0.0, 0.0, 0.0, 0.0, 2533.75, 31198.3125, 1.0
277, 1.0, 0.0, 0.0, 0.0, 1.0, 2826.07143, 31000.8125, 1.0
278, 1.0, 0.0, 0.0, 0.0, 1.0, 3225.25, 30591.28571, 1.0
279, 1.0, 0.0, 0.0, 0.0, 1.0, 3448.36364, 30433.33333, 1.0
280, 1.0, 0.0, 0.0, 0.0, 0.0, 3421.63636, 30095.45455, 1.0
281, 1.0, 0.0, 0.0, 0.0, 1.0, 3967.11111, 30004.54545, 1.0
282, 1.0, 0.0, 0.0, 0.0, 1.0, 4092.375, 30113.44444, 1.0
283, 1.0, 0.0, 0.0, 0.0, 0.0, 4059.0, 29380.125, 1.0
284, 1.0, 0.0, 0.0, 0.0, 0.0, 4025.375, 29133.875, 1.0
285, 1.0, 0.0, 0.0, 0.0, 0.0, 3990.75, 28888.75, 1.0
286, 1.0, 0.0, 0.0, 0.0, 0.0, 3957.625, 28652.625, 1.0
287, 1.0, 0.0, 0.0, 0.0, 1.0, 2202.14286, 30418.75, 1.0
288, 1.0, 0.0, 0.0, 0.0, 1.0, 1468.33333, 29597.14286, 1.0
289, 1.0, 0.0, 0.0, 0.0, 1.0, 1690.0, 29351.66667, 1.0
290, 1.0, 0.0, 0.0, 0.0, 1.0, 1068.25, 30480.0, 1.0
291, 1.0, 0.0, 0.0, 0.0, 1.0, 1184.0, 30814.5, 1.0
292, 1.0, 0.0, 0.0, 0.0, 0.0, 1175.0, 26654.0, 1.0
293, 1.0, 0.0, 0.0, 0.0, 0.0, 1168.66667, 26440.66667, 1.0
294, 1.0, 0.0, 0.0, 0.0, 1.0, 1640.5, 26385.66667, 0.0
295, 1.0, 0.0, 0.0, 0.0, 0.0, 1624.0, 23419.5, 0.0
296, 1.0, 0.0, 0.0, 0.0, 0.0, 1612.5, 23230.0, 0.0
297, 1.0, 0.0, 0.0, 0.0, 0.0, 1597.5, 23027.0, 0.0
298, 1.0, 0.0, 0.0, 0.0, 0.0, 1582.5, 22823.5, 0.0
299, 1.0, 0.0, 0.0, 0.0, 1.0, 231.0, 24156.0, 0.0
300, 1.0, 0.0, 0.0, 0.0, 0.0, 229.0, 22502.0, 0.0
301, 1.0, 0.0, 0.0, 0.0, 0.0, 227.0, 22325.0, 0.0
302, 1.0, 0.0, 0.0, 0.0, 0.0, 226.0, 22148.0, 0.0
303, 1.0, 0.0, 0.0, 0.0, 0.0, 225.0, 21963.0, 0.0
304, 1.0, 0.0, 0.0, 0.0, 0.0, 222.0, 21786.0, 0.0
305, 1.0, 0.0, 0.0, 0.0, 0.0, 221.0, 21597.0, 0.0
306, 1.0, 0.0, 0.0, 0.0, 0.0, 215.0, 21407.0, 0.0
307, 1.0, 0.0, 0.0, 0.0, 0.0, 213.0, 21230.0, 0.0
308, 1.0, 0.0, 0.0, 0.0, 0.0, 212.0, 21042.0, 0.0
309, 1.0, 0.0, 0.0, 0.0, 0.0, 210.0, 20869.0, 0.0
310, 1.0, 0.0, 0.0, 0.0, 0.0, 207.0, 20702.0, 0.0
311, 1.0, 0.0, 0.0, 0.0, 0.0, 206.0, 20523.0, 0.0
312, 1.0, 0.0, 0.0, 0.0, 0.0, 206.0, 20374.0, 0.0
313, 1.0, 0.0, 0.0, 0.0, 0.0, 202.0, 20208.0, 0.0
314, 0.0, 0.0, 0.0, 0.0, 1.0, 0.0, 20265.0, 0.0
