time, seeders, joined, request_count, response_size, left, awareness, bad_data, leechers
0, 0.0, 0.0, 0.0, 0.0, 0.0, 1001.0, 0.0, 0.0
1, 0.0, 12.524, 1233.15235, 0.55109, 0.0, 14807.448, 0.0, 12.524
2, 0.0, 6.28657, 662.57571, 1.46524, 1.612, 17109.374, 1696.164, 18.186
3, 0.0, 6.04409, 604.77454, 1.81031, 1.31818, 20116.086, 2318.012, 23.638
4, 0.0, 5.59719, 572.6817, 2.11785, 1.39098, 22714.092, 2908.452, 28.484
5, 0.0, 5.59438, 554.91744, 2.43144, 1.43098, 25211.982, 3491.262, 33.206
6, 0.0, 5.23494, 535.67319, 2.69531, 1.56566, 27312.434, 4172.114, 37.49
7, 0.0, 5.07229, 530.28504, 3.03919, 1.6879, 29284.68, 4865.258, 41.482
8, 0.0, 5.11066, 524.01575, 3.25958, 1.68013, 31223.964, 5572.768, 45.564
9, 0.0, 4.92354, 520.22885, 3.51964, 1.77778, 32931.668, 6394.574, 49.178
10, 0.0, 4.91566, 517.76961, 3.73728, 1.77008, 34599.318, 7243.978, 52.796
11, 9.70954, 4.5511, 514.75121, 4.0278, 1.70809, 36201.198, 7924.34, 46.796
12, 14.544, 4.4787, 508.83152, 4.1798, 1.82402, 37579.152, 8732.574, 44.722
13, 19.066, 4.36948, 506.20404, 4.34589, 1.84759, 38961.246, 9489.206, 43.17
14, 23.252, 4.05112, 504.29076, 4.65966, 1.7973, 40181.852, 10200.766, 41.616
15, 27.46, 4.02024, 505.28701, 4.78874, 1.67674, 41507.794, 10812.988, 40.27
16, 31.19, 3.95492, 502.84974, 5.051, 1.71469, 42736.126, 11454.866, 39.186
17, 34.926, 3.62245, 499.43662, 5.07163, 1.73487, 43797.426, 12096.204, 37.796
18, 38.538, 3.69043, 499.44812, 5.4011, 1.78962, 44840.116, 12790.168, 36.498
19, 42.0, 3.59465, 500.2862, 5.47311, 1.74659, 45799.686, 13504.492, 35.248
20, 45.418, 3.53542, 499.11609, 5.64876, 1.65625, 46781.68, 14139.956, 34.058
21, 48.598, 3.48354, 501.47667, 5.8086, 1.66472, 47828.016, 14712.756, 33.122
22, 51.684, 3.37681, 500.61312, 5.96693, 1.72034, 48753.692, 15340.284, 32.08
23, 54.668, 3.21281, 498.71383, 6.08897, 1.69767, 49617.298, 15946.614, 31.038
24, 57.212, 3.10191, 499.31554, 6.1597, 1.75266, 50328.624, 16613.178, 30.098
25, 59.846, 2.89053, 498.54334, 6.44704, 1.70225, 50989.358, 17238.324, 28.998
26, 62.252, 2.98504, 496.06299, 6.5368, 1.73938, 51658.688, 17870.338, 28.158
27, 64.446, 2.73348, 496.09984, 6.75314, 1.74728, 52168.58, 18547.508, 27.242
28, 66.734, 2.63383, 495.52846, 6.68991, 1.74041, 52691.108, 19158.318, 26.234
29, 68.998, 2.62527, 498.36868, 6.82242, 1.68249, 53263.064, 19720.91, 25.288
30, 71.05, 2.64026, 497.56691, 6.97637, 1.63584, 53817.008, 20304.066, 24.57
31, 73.058, 2.64653, 497.46407, 7.07816, 1.69054, 54275.39, 20933.452, 23.748
32, 75.068, 2.55556, 498.26087, 7.20332, 1.65527, 54729.948, 21534.034, 22.876
33, 76.856, 2.47085, 498.18512, 7.16302, 1.72316, 55100.25, 22170.246, 22.072
34, 78.474, 2.41553, 494.32892, 7.47132, 1.75358, 55431.104, 22793.76, 21.346
35, 79.916, 2.36028, 499.51076, 7.55044, 1.69231, 55777.794, 23374.448, 20.76
36, 81.416, 2.27689, 495.9799, 7.59473, 1.67049, 56082.01, 23963.468, 20.084
37, 82.706, 2.29025, 493.06931, 7.69378, 1.68555, 56356.318, 24591.29, 19.624
38, 83.852, 2.13379, 493.6238, 7.82562, 1.75758, 56549.89, 25232.34, 19.084
39, 85.094, 2.08873, 496.55568, 7.7711, 1.63324, 56762.232, 25789.208, 18.444
40, 86.256, 2.00483, 496.98795, 7.94061, 1.76724, 56884.588, 26395.972, 17.712
41, 87.366, 2.10622, 499.38499, 7.88547, 1.65915, 57018.146, 26976.986, 17.05
42, 88.484, 2.08802, 495.31616, 8.18203, 1.65497, 57198.55, 27543.94, 16.508
43, 89.528, 2.03817, 496.8789, 8.14573, 1.63112, 57301.208, 28137.936, 15.934
44, 90.424, 2.0, 496.69312, 8.29028, 1.72561, 57407.588, 28683.024, 15.418
45, 91.2, 1.88312, 492.41379, 8.26331, 1.68451, 57432.198, 29272.65, 14.896
46, 91.988, 1.94359, 495.38259, 8.07057, 1.60472, 57562.586, 29792.348, 14.536
47, 92.802, 1.86979, 500.0, 8.36769, 1.67347, 57605.21, 30366.318, 14.01
48, 93.514, 1.75967, 495.29042, 8.44691, 1.56497, 57600.66, 30901.442, 13.464
49, 94.06, 1.78763, 499.24812, 8.70482, 1.70783, 57584.822, 31478.94, 13.114
50, 94.574, 1.71944, 491.1147, 8.34046, 1.67949, 57595.034, 31974.748, 12.79
51, 95.024, 1.66949, 493.23181, 8.48027, 1.6305, 57518.406, 32532.848, 12.41
52, 95.512, 1.66959, 500.0, 8.71454, 1.66867, 57434.02, 33085.842, 11.956
53, 96.02, 1.60241, 498.1203, 8.71132, 1.54908, 57351.536, 33594.332, 11.502
54, 96.432, 1.72477, 496.4539, 8.65179, 1.62651, 57214.806, 34187.758, 11.138
55, 96.742, 1.60061, 489.52381, 8.77043, 1.6729, 57124.136, 34688.462, 10.804
56, 97.066, 1.55096, 493.83984, 8.70894, 1.64706, 56963.156, 35226.762, 10.334
57, 97.364, 1.52288, 500.0, 8.8176, 1.63174, 56799.97, 35752.106, 9.878
58, 97.538, 1.52805, 495.68035, 8.84314, 1.70347, 56629.58, 36277.232, 9.55
59, 97.774, 1.50649, 497.84483, 8.54978, 1.62577, 56487.612, 36775.692, 9.182
60, 97.982, 1.55128, 493.80165, 8.84937, 1.54434, 56385.594, 37250.264, 8.932
61, 98.144, 1.4744, 494.21296, 9.08665, 1.5836, 56212.484, 37744.932, 8.64729
62, 98.16, 1.50735, 497.56098, 9.06127, 1.62611, 56005.38, 38254.66, 8.338
63, 98.234, 1.37801, 495.01247, 9.12091, 1.61856, 55868.412, 38682.83, 8.124
64, 98.29, 1.35271, 495.70201, 9.18497, 1.5875, 55591.102, 39200.696, 7.75
65, 98.192, 1.40667, 498.81517, 9.27078, 1.64848, 55357.698, 39748.792, 7.604
66, 98.094, 1.49174, 494.45983, 9.35854, 1.57944, 55127.12, 40230.12, 7.41
67, 97.994, 1.39163, 494.53552, 8.8232, 1.57053, 54901.568, 40710.45, 7.24
68, 97.816, 1.361, 498.47561, 9.15596, 1.60248, 54634.714, 41197.43, 7.042
69, 97.696, 1.35391, 489.3617, 8.96894, 1.53517, 54336.806, 41709.718, 6.816
70, 97.54, 1.2907, 490.99099, 9.09786, 1.62952, 54061.034, 42205.798, 6.556
71, 97.452, 1.31776, 501.77305, 9.30389, 1.55844, 53790.338, 42651.908, 6.26052
72, 97.256, 1.29114, 496.73203, 9.18092, 1.5746, 53532.322, 43104.918, 6.07615
73, 97.056, 1.39713, 501.71233, 9.26962, 1.54487, 53216.83, 43605.984, 5.89579
74, 96.856, 1.27962, 496.2963, 9.49627, 1.57143, 52943.174, 44039.634, 5.68938
75, 96.648, 1.30841, 494.64286, 9.17329, 1.55346, 52658.44, 44493.584, 5.46894
76, 96.432, 1.22549, 498.0, 9.18072, 1.54576, 52361.132, 44931.478, 5.27255
77, 96.242, 1.27027, 500.0, 9.14894, 1.52941, 52132.562, 45332.96, 5.15261
78, 95.988, 1.25121, 496.139, 9.37354, 1.51864, 51880.42, 45732.762, 5.06883
79, 95.658, 1.20942, 504.329, 9.27039, 1.59396, 51591.176, 46145.76, 4.86948
80, 95.356, 1.27684, 497.78761, 9.15111, 1.49524, 51268.896, 46584.08, 4.6996
81, 94.944, 1.17742, 497.71689, 9.55505, 1.52244, 50926.442, 47035.448, 4.60808
82, 94.592, 1.26627, 504.6729, 9.89352, 1.55305, 50606.878, 47462.594, 4.40241
83, 94.278, 1.20349, 487.92271, 9.14356, 1.51568, 50300.634, 47861.442, 4.28543
84, 93.902, 1.17007, 502.90698, 9.79769, 1.47302, 49936.544, 48289.73, 4.05847
85, 93.574, 1.17361, 502.95858, 9.16471, 1.47423, 49631.992, 48654.418, 3.85714
86, 93.202, 1.21854, 491.84783, 9.28177, 1.50526, 49329.088, 49028.296, 3.76113
87, 92.828, 1.22517, 497.2973, 9.32609, 1.55749, 49025.18, 49405.758, 3.60931
88, 92.446, 1.2549, 502.60417, 9.48187, 1.50515, 48740.962, 49773.016, 3.57025
89, 91.97, 1.15789, 493.50649, 9.50658, 1.55477, 48402.358, 50153.812, 3.47107
90, 91.57, 1.23077, 496.875, 9.45912, 1.46099, 48040.034, 50565.318, 3.38462
91, 91.168, 1.20863, 497.02381, 9.48503, 1.46931, 47746.93, 50914.966, 3.32636
92, 90.69, 1.13475, 503.125, 9.67702, 1.56989, 47395.912, 51315.998, 3.27907
93, 90.256, 1.14634, 489.3617, 9.26087, 1.48299, 47060.51, 51678.98, 3.12739
94, 89.77, 1.08929, 508.19672, 9.20161, 1.57252, 46709.298, 52044.638, 3.03404
95, 89.304, 1.18045, 500.0, 9.38217, 1.46617, 46427.882, 52372.524, 3.04701
96, 88.872, 1.19167, 503.4965, 9.74306, 1.49818, 46108.498, 52725.718, 2.94004
97, 88.402, 1.14286, 504.16667, 9.1405, 1.46886, 45790.08, 53054.494, 2.8234
98, 88.034, 1.125, 495.37037, 9.33645, 1.40458, 45486.896, 53354.452, 2.71367
99, 87.528, 1.12174, 500.0, 9.43411, 1.49248, 45159.456, 53700.24, 2.65806
100, 87.02, 1.1619, 500.0, 9.65574, 1.48551, 44829.51, 54041.68, 2.6302
101, 86.538, 1.10204, 518.51852, 9.30357, 1.39858, 44514.516, 54358.944, 2.55066
102, 86.072, 1.05263, 500.0, 9.36, 1.52778, 44190.86, 54672.11, 2.48539
103, 85.624, 1.16842, 500.0, 9.27027, 1.39313, 43893.14, 54969.474, 2.41256
104, 85.034, 1.05495, 500.0, 9.80208, 1.43509, 43543.794, 55304.442, 2.36161
105, 84.612, 1.11765, 508.77193, 9.34483, 1.30935, 43258.354, 55595.57, 2.31591
106, 84.082, 1.11842, 511.76471, 9.25287, 1.56274, 42910.322, 55919.72, 2.24356
107, 83.572, 1.10169, 500.0, 9.47692, 1.37594, 42565.946, 56218.49, 2.18182
108, 83.044, 1.07059, 489.01099, 9.41573, 1.39623, 42250.018, 56513.48, 2.13571
109, 82.586, 1.16092, 504.9505, 9.26471, 1.39184, 41983.856, 56770.448, 2.12981
110, 82.106, 1.07292, 514.56311, 9.4717, 1.45968, 41692.478, 57057.344, 2.08413
111, 81.574, 1.04225, 500.0, 9.28378, 1.35401, 41343.472, 57370.224, 2.02913
112, 81.01, 1.11667, 500.0, 9.41791, 1.39636, 40999.51, 57670.44, 2.00752
113, 80.496, 1.08571, 513.15789, 9.32051, 1.44706, 40666.546, 57970.302, 1.89356
114, 79.96, 1.07353, 506.84932, 9.54054, 1.39286, 40357.34, 58243.464, 1.90657
115, 79.504, 1.08333, 506.41026, 9.73418, 1.30116, 40064.408, 58504.378, 1.89034
116, 78.96, 1.11111, 505.55556, 9.3956, 1.40234, 39743.142, 58806.528, 1.89817
117, 78.414, 1.0597, 514.08451, 9.13699, 1.35547, 39408.352, 59104.654, 1.90526
118, 77.868, 1.03279, 531.74603, 9.47761, 1.46694, 39090.386, 59378.922, 1.88
119, 77.348, 1.01587, 515.625, 9.30303, 1.40476, 38780.516, 59645.558, 1.82432
120, 76.932, 1.09524, 514.49275, 9.80282, 1.38636, 38515.38, 59870.744, 1.81742
121, 76.482, 1.02041, 520.0, 10.11538, 1.28992, 38234.472, 60093.604, 1.72753
122, 75.942, 1.06383, 500.0, 8.78, 1.33992, 37917.996, 60350.356, 1.70774
123, 75.45, 1.01818, 508.92857, 9.64912, 1.34454, 37626.892, 60588.836, 1.63739
124, 74.962, 1.06349, 514.92537, 9.75362, 1.34728, 37347.222, 60827.398, 1.63873
125, 74.464, 1.04167, 510.0, 10.31373, 1.32245, 37050.694, 61064.054, 1.61791
126, 73.952, 1.09259, 542.37288, 8.89063, 1.42373, 36737.018, 61331.428, 1.59816
127, 73.396, 1.06818, 510.6383, 9.5, 1.36905, 36406.08, 61600.73, 1.54154
128, 72.896, 1.06061, 514.28571, 9.66667, 1.33191, 36057.946, 61874.714, 1.51118
129, 72.404, 1.09756, 511.11111, 9.17391, 1.35242, 35758.892, 62110.094, 1.52333
130, 71.836, 1.02632, 512.82051, 9.875, 1.33835, 35369.788, 62429.834, 1.47735
131, 71.302, 1.09524, 543.47826, 8.66, 1.35526, 35087.018, 62651.87, 1.48611
132, 70.798, 1.025, 573.17073, 8.29787, 1.32287, 34766.836, 62909.848, 1.5053
133, 70.248, 1.02632, 512.82051, 9.725, 1.30709, 34454.862, 63152.01, 1.47292
134, 69.758, 1.04348, 500.0, 9.16667, 1.30508, 34138.562, 63406.57, 1.42391
135, 69.238, 1.125, 511.11111, 9.6087, 1.35268, 33863.682, 63617.384, 1.41071
136, 68.79, 1.05714, 513.51351, 9.52632, 1.33493, 33588.532, 63820.884, 1.43346
137, 68.392, 1.0, 500.0, 8.67857, 1.31217, 33351.762, 63976.504, 1.43548
138, 67.88, 1.02778, 513.51351, 9.34211, 1.31507, 33074.256, 64181.742, 1.42688
139, 67.412, 1.0, 526.31579, 9.625, 1.35122, 32817.752, 64368.5, 1.39063
140, 66.96, 1.02632, 525.64103, 9.0, 1.24424, 32562.344, 64554.76, 1.38189
141, 66.44, 1.0, 517.24138, 8.63333, 1.35747, 32275.166, 64762.974, 1.37097
142, 65.968, 1.08, 518.51852, 8.5, 1.2844, 31983.834, 64973.088, 1.37447
143, 65.472, 1.0, 500.0, 9.61538, 1.32569, 31680.28, 65193.12, 1.33333
144, 65.036, 1.03226, 500.0, 9.625, 1.25472, 31437.89, 65358.114, 1.35185
145, 64.558, 1.0, 500.0, 9.75862, 1.36816, 31181.378, 65534.496, 1.33803
146, 64.114, 1.05556, 526.31579, 9.45, 1.23585, 30902.132, 65724.332, 1.30049
147, 63.61, 1.10526, 547.61905, 8.82609, 1.28571, 30614.168, 65926.25, 1.31633
148, 63.122, 1.0, 529.41176, 8.05556, 1.32227, 30334.832, 66113.792, 1.26316
149, 62.644, 1.0, 568.18182, 9.16, 1.25463, 30084.076, 66280.726, 1.22995
150, 62.144, 1.0, 538.46154, 9.0, 1.33971, 29789.49, 66494.222, 1.20856
151, 61.642, 1.0, 547.61905, 9.04348, 1.2844, 29525.708, 66672.26, 1.18478
152, 61.182, 1.0, 576.92308, 9.13333, 1.27228, 29264.714, 66839.422, 1.17919
153, 60.79, 1.0, 529.41176, 8.38889, 1.21196, 29040.828, 66972.244, 1.17576
154, 60.354, 1.05882, 527.77778, 8.68421, 1.30159, 28805.902, 67118.108, 1.19481
155, 59.872, 1.0, 529.41176, 8.72222, 1.29412, 28551.878, 67282.296, 1.17881
156, 59.394, 1.0, 555.55556, 8.2, 1.30964, 28293.392, 67442.126, 1.16667
157, 58.948, 1.0, 475.0, 10.26316, 1.22959, 28061.348, 67584.708, 1.19718
158, 58.518, 1.0, 541.66667, 9.73077, 1.24084, 27846.318, 67717.16, 1.17808
159, 58.102, 1.0, 500.0, 9.29412, 1.2459, 27614.62, 67857.534, 1.15753
160, 57.682, 1.0, 576.92308, 8.2, 1.29348, 27385.114, 67994.968, 1.13235
161, 57.2, 1.0, 583.33333, 8.71429, 1.27536, 27119.674, 68166.318, 1.144
162, 56.78, 1.0, 500.0, 9.125, 1.30233, 26905.78, 68296.24, 1.15909
163, 56.316, 1.21429, 500.0, 9.35294, 1.29167, 26630.588, 68480.318, 1.17557
164, 55.854, 1.0, 642.85714, 9.33333, 1.26396, 26364.132, 68648.426, 1.13492
165, 55.44, 1.0, 541.66667, 8.69231, 1.28249, 26119.594, 68798.18, 1.13445
166, 55.018, 1.0, 527.77778, 8.68421, 1.26554, 25890.104, 68938.5, 1.12
167, 54.578, 1.0, 576.92308, 8.93333, 1.26842, 25648.78, 69086.76, 1.13793
168, 54.192, 1.0, 500.0, 9.25, 1.25146, 25438.916, 69197.52, 1.16667
169, 53.806, 1.0, 590.90909, 9.15385, 1.26347, 25226.206, 69315.922, 1.2043
170, 53.35, 1.1, 500.0, 8.90909, 1.22959, 24989.348, 69457.318, 1.15789
171, 52.932, 1.0, 500.0, 9.66667, 1.24294, 24771.356, 69575.006, 1.1413
172, 52.468, 1.0, 625.0, 9.66667, 1.27778, 24531.452, 69722.794, 1.11628
173, 52.096, 1.0, 526.31579, 9.4, 1.23313, 24335.118, 69833.096, 1.0989
174, 51.678, 1.0, 500.0, 9.0, 1.27381, 24127.368, 69942.108, 1.11957
175, 51.238, 1.28571, 500.0, 7.77778, 1.22105, 23896.79, 70075.256, 1.16279
176, 50.86, 1.0, 500.0, 9.77778, 1.24699, 23664.358, 70209.774, 1.10976
177, 50.448, 1.0, 541.66667, 10.15385, 1.25843, 23449.488, 70331.454, 1.1039
178, 50.038, 1.0, 500.0, 9.0, 1.28313, 23241.556, 70440.782, 1.12
179, 49.61, 1.0, 666.66667, 8.08333, 1.19892, 23029.604, 70559.18, 1.09091
180, 49.23, 1.0, 562.5, 8.55556, 1.15698, 22826.206, 70665.412, 1.10667
181, 48.83, 1.0, 625.0, 9.7, 1.2093, 22614.646, 70781.482, 1.12162
182, 48.47, 1.0, 500.0, 10.33333, 1.24516, 22408.208, 70889.252, 1.11765
183, 48.056, 1.0, 625.0, 5.2, 1.2, 22149.366, 71047.588, 1.10169
184, 47.678, 1.0, 600.0, 9.16667, 1.23567, 21956.16, 71141.656, 1.08333
185, 47.268, 1.0, 500.0, 11.6, 1.25444, 21747.078, 71250.802, 1.0678
186, 46.868, 1.0, 500.0, 9.5, 1.24699, 21546.044, 71350.322, 1.05263
187, 46.536, 1.0, 500.0, 7.57143, 1.17105, 21347.206, 71451.186, 1.01852
188, 46.134, 1.0, 500.0, 14.0, 1.2093, 21130.954, 71567.034, 1.01961
189, 45.792, 1.0, 600.0, 8.33333, 1.17647, 20950.982, 71647.522, 1.0
190, 45.45, 1.0, 650.0, 9.15385, 1.16234, 20774.448, 71732.576, 1.0
191, 45.088, 1.0, 500.0, 8.5, 1.1962, 20583.02, 71821.352, 1.0
192, 44.718, 1.0, 500.0, 8.14286, 1.22293, 20395.454, 71911.574, 1.0
193, 44.344, 1.0, 700.0, 8.21429, 1.21656, 20217.526, 71998.322, 1.04167
194, 43.952, 1.0, 500.0, 8.71429, 1.23457, 20021.896, 72096.716, 1.03922
195, 43.552, 1.0, 500.0, 10.83333, 1.17416, 19808.578, 72211.174, 1.08696
196, 43.172, 1.0, 600.0, 9.66667, 1.27517, 19623.052, 72297.928, 1.07843
197, 42.78, 1.0, 600.0, 7.66667, 1.22086, 19434.138, 72389.092, 1.07547
198, 42.416, 1.0, 583.33333, 8.42857, 1.18868, 19238.402, 72487.826, 1.07692
199, 42.032, 1.0, 750.0, 7.83333, 1.19277, 19035.638, 72592.996, 1.08
200, 41.674, 1.0, 500.0, 9.0, 1.18239, 18853.4, 72674.782, 1.04348
201, 41.352, 1.0, 500.0, 9.66667, 1.18248, 18692.786, 72734.316, 1.04167
202, 41.0, 1.0, 625.0, 9.2, 1.18182, 18496.948, 72831.366, 1.06667
203, 40.72, 1.0, 583.33333, 8.71429, 1.13971, 18350.614, 72881.536, 1.08333
204, 40.38, 1.0, 1000.0, 8.625, 1.18243, 18181.762, 72955.508, 1.05556
205, 40.074, 1.0, 625.0, 9.8, 1.14493, 18021.534, 73017.748, 1.02778
206, 39.782, 1.0, 833.33333, 8.2, 1.19841, 17879.582, 73060.966, 1.02941
207, 39.456, 1.0, 500.0, 7.8, 1.19858, 17671.462, 73170.72, 1.0303
208, 39.142, 1.0, 500.0, 10.0, 1.15603, 17511.416, 73230.938, 1.0
209, 38.822, 1.0, 500.0, 12.0, 1.18248, 17329.434, 73312.118, 1.0
210, 38.53, 1.0, 500.0, 9.2, 1.20325, 17184.408, 73359.568, 1.0
211, 38.214, 1.0, 500.0, 8.33333, 1.24031, 17033.616, 73410.03, 1.0
212, 37.902, 1.0, 875.0, 7.28571, 1.19403, 16880.66, 73467.128, 1.0
213, 37.598, 1.0, 500.0, 9.5, 1.15217, 16727.856, 73520.068, 1.0
214, 37.322, 1.0, 500.0, 9.0, 1.16529, 16587.946, 73558.418, 1.0
215, 37.0, 1.0, 625.0, 10.4, 1.14583, 16403.49, 73645.348, 1.0
216, 36.72, 1.0, 500.0, 13.0, 1.15079, 16261.8, 73687.494, 1.0
217, 36.428, 1.0, 666.66667, 8.75, 1.12782, 16119.458, 73731.15, 1.0
218, 36.108, 1.0, 625.0, 8.4, 1.17266, 15949.544, 73803.618, 1.0
219, 35.834, 1.0, 500.0, 7.0, 1.16529, 15801.464, 73851.642, 1.0
220, 35.566, 1.0, 500.0, 7.0, 1.10484, 15672.438, 73882.524, 1.0
221, 35.29, 1.0, 1000.0, 8.25, 1.175, 15536.46, 73921.146, 1.0
222, 35.012, 1.0, 500.0, 10.5, 1.128, 15393.158, 73964.818, 1.0
223, 34.726, 1.0, 500.0, 10.33333, 1.14063, 15253.318, 74005.99, 1.0
224, 34.442, 1.0, 500.0, 7.0, 1.13492, 15118.164, 74040.438, 1.0
225, 34.15, 1.0, 666.66667, 8.75, 1.11194, 14969.386, 74092.006, 1.0
226, 33.806, 1.0, 500.0, 3.0, 1.15132, 14808.728, 74152.844, 1.0
227, 33.522, 1.0, 1500.0, 9.0, 1.2, 14672.76, 74191.61, 1.0
228, 33.214, 0.0, 0.0, 0.0, 1.17164, 14524.02, 74240.044, 1.0
229, 32.924, 1.0, 1000.0, 9.0, 1.19512, 14382.384, 74282.768, 1.0
230, 32.668, 1.0, 500.0, 7.0, 1.16814, 14253.284, 74312.026, 1.0
231, 32.4, 1.0, 500.0, 8.0, 1.14286, 14124.444, 74341.326, 1.0
232, 32.166, 1.0, 1000.0, 8.0, 1.11215, 14005.01, 74362.238, 1.0
233, 31.89, 1.0, 500.0, 11.0, 1.17647, 13875.342, 74392.238, 1.0
234, 31.572, 1.0, 500.0, 9.0, 1.18382, 13723.37, 74445.002, 1.0
235, 31.282, 1.0, 750.0, 6.33333, 1.0963, 13585.626, 74488.846, 1.0
236, 31.008, 1.0, 500.0, 13.0, 1.14876, 13444.306, 74530.524, 1.0
237, 30.76, 0.0, 0.0, 0.0, 1.14679, 13325.904, 74548.49, 1.0
238, 30.53, 1.0, 500.0, 6.0, 1.1165, 13217.39, 74557.58, 1.0
239, 30.324, 1.0, 500.0, 9.0, 1.16854, 13108.458, 74568.906, 1.0
240, 30.084, 1.0, 500.0, 14.0, 1.14151, 12996.654, 74581.788, 1.0
241, 29.84, 1.0, 1000.0, 9.5, 1.11818, 12876.324, 74604.36, 1.0
242, 29.624, 1.0, 500.0, 7.5, 1.08911, 12770.984, 74611.652, 1.0
243, 29.394, 0.0, 0.0, 0.0, 1.16, 12647.654, 74635.65, 1.0
244, 29.172, 1.0, 500.0, 8.0, 1.09804, 12542.684, 74642.164, 1.0
245, 28.966, 0.0, 0.0, 0.0, 1.12903, 12442.356, 74643.576, 1.0
246, 28.722, 1.0, 750.0, 7.33333, 1.09821, 12327.632, 74663.036, 1.0
247, 28.496, 1.0, 500.0, 6.0, 1.14141, 12225.168, 74667.096, 1.0
248, 28.28, 1.0, 500.0, 7.0, 1.09, 12113.118, 74680.794, 1.0
249, 28.092, 0.0, 0.0, 0.0, 1.10345, 12020.834, 74674.33, 1.0
250, 27.798, 1.0, 500.0, 6.0, 1.15748, 11881.652, 74715.848, 1.0
251, 27.566, 0.0, 0.0, 0.0, 1.10377, 11774.602, 74724.09, 1.0
252, 27.31, 1.0, 500.0, 11.0, 1.15044, 11657.574, 74743.324, 1.0
253, 27.142, 0.0, 0.0, 0.0, 1.13514, 11576.072, 74726.3, 1.0
254, 26.96, 1.0, 750.0, 7.66667, 1.09524, 11494.37, 74712.738, 1.0
255, 26.72, 0.0, 0.0, 0.0, 1.15385, 11375.654, 74733.994, 1.0
256, 26.506, 0.0, 0.0, 0.0, 1.14737, 11235.904, 74775.486, 1.0
257, 26.3, 1.0, 1000.0, 10.0, 1.09474, 11115.798, 74799.056, 1.0
258, 26.084, 0.0, 0.0, 0.0, 1.12371, 11017.46, 74800.102, 1.0
259, 25.862, 0.0, 0.0, 0.0, 1.09901, 10916.502, 74803.474, 1.0
260, 25.646, 0.0, 0.0, 0.0, 1.13542, 10813.162, 74809.254, 1.0
261, 25.432, 0.0, 0.0, 0.0, 1.11458, 10712.934, 74812.436, 1.0
262, 25.214, 0.0, 0.0, 0.0, 1.1828, 10614.108, 74813.814, 1.0
263, 24.996, 0.0, 0.0, 0.0, 1.11224, 10491.31, 74839.75, 1.0
264, 24.822, 0.0, 0.0, 0.0, 1.03488, 10403.984, 74830.09, 1.0
265, 24.594, 1.0, 500.0, 5.5, 1.17526, 10301.902, 74837.136, 1.0
266, 24.414, 0.0, 0.0, 0.0, 1.09756, 10206.196, 74836.304, 1.0
267, 24.19, 1.0, 1000.0, 8.0, 1.10784, 10104.312, 74843.02, 1.0
268, 24.004, 0.0, 0.0, 0.0, 1.09412, 10017.644, 74832.98, 1.0
269, 23.792, 1.0, 500.0, 8.0, 1.11579, 9918.976, 74836.3, 1.0
270, 23.57, 0.0, 0.0, 0.0, 1.09901, 9810.044, 74848.686, 1.0
271, 23.394, 1.0, 500.0, 9.5, 1.07317, 9729.86, 74834.52, 1.0
272, 23.2, 1.0, 833.33333, 10.2, 1.12791, 9625.046, 74848.18, 1.0
273, 23.02, 0.0, 0.0, 0.0, 1.09756, 9545.532, 74832.234, 1.0
274, 22.814, 1.0, 500.0, 11.0, 1.14444, 9451.2, 74831.696, 1.0
275, 22.64, 0.0, 0.0, 0.0, 1.03488, 9346.92, 74839.93, 1.0
276, 22.452, 0.0, 0.0, 0.0, 1.10588, 9250.258, 74840.776, 1.0
277, 22.284, 0.0, 0.0, 0.0, 1.075, 9167.786, 74826.952, 1.0
278, 22.108, 0.0, 0.0, 0.0, 1.14286, 9087.742, 74811.868, 1.0
279, 21.924, 0.0, 0.0, 0.0, 1.09412, 9003.07, 74800.598, 1.0
280, 21.732, 0.0, 0.0, 0.0, 1.06667, 8912.962, 74794.982, 1.0
281, 21.572, 0.0, 0.0, 0.0, 1.07792, 8838.912, 74773.796, 1.0
282, 21.422, 0.0, 0.0, 0.0, 1.05556, 8770.592, 74746.72, 1.0
283, 21.224, 1.0, 500.0, 9.0, 1.08791, 8686.758, 74736.536, 1.0
284, 21.042, 0.0, 0.0, 0.0, 1.10843, 8603.45, 74724.666, 1.0
285, 20.884, 0.0, 0.0, 0.0, 1.06667, 8526.344, 74707.002, 0.0
286, 20.724, 0.0, 0.0, 0.0, 1.08108, 8452.466, 74686.566, 0.0
287, 20.514, 0.0, 0.0, 0.0, 1.07143, 8361.496, 74682.41, 0.0
288, 20.326, 1.0, 500.0, 6.0, 1.06818, 8276.39, 74673.322, 1.0
289, 20.148, 0.0, 0.0, 0.0, 1.08537, 8186.196, 74669.534, 1.0
290, 19.976, 1.0, 500.0, 10.0, 1.075, 8103.264, 74659.31, 1.0
291, 19.81, 0.0, 0.0, 0.0, 1.05063, 8018.764, 74649.572, 1.0
292, 19.624, 0.0, 0.0, 0.0, 1.10714, 7935.786, 74637.836, 1.0
293, 19.484, 0.0, 0.0, 0.0, 1.06061, 7868.86, 74610.772, 1.0
294, 19.324, 0.0, 0.0, 0.0, 1.02564, 7795.188, 74589.78, 1.0
295, 19.14, 0.0, 0.0, 0.0, 1.15, 7708.286, 74583.508, 1.0
296, 18.98, 0.0, 0.0, 0.0, 1.125, 7634.976, 74562.77, 1.0
297, 18.81, 0.0, 0.0, 0.0, 1.18056, 7558.916, 74545.174, 1.0
298, 18.632, 0.0, 0.0, 0.0, 1.04706, 7484.218, 74525.182, 1.0
299, 18.498, 0.0, 0.0, 0.0, 1.09836, 7423.336, 74491.73, 1.0
300, 18.358, 0.0, 0.0, 0.0, 1.07576, 7358.408, 74463.462, 0.0
301, 18.202, 0.0, 0.0, 0.0, 1.09859, 7285.978, 74443.574, 0.0
302, 18.042, 0.0, 0.0, 0.0, 1.03896, 7211.688, 74424.41, 0.0
303, 17.89, 1.0, 1000.0, 6.0, 1.07042, 7148.122, 74397.352, 1.0
304, 17.76, 1.0, 1000.0, 5.5, 1.10169, 7093.194, 74361.896, 1.0
305, 17.64, 0.0, 0.0, 0.0, 1.07143, 7038.074, 74323.868, 1.0
306, 17.504, 0.0, 0.0, 0.0, 1.15254, 6981.252, 74288.474, 1.0
307, 17.346, 0.0, 0.0, 0.0, 1.08219, 6913.444, 74264.588, 1.0
308, 17.184, 0.0, 0.0, 0.0, 1.10959, 6840.538, 74245.086, 1.0
309, 17.068, 0.0, 0.0, 0.0, 1.03571, 6784.582, 74209.034, 1.0
310, 16.954, 0.0, 0.0, 0.0, 1.07547, 6732.074, 74168.908, 1.0
311, 16.818, 0.0, 0.0, 0.0, 1.11475, 6672.254, 74136.306, 1.0
312, 16.68, 0.0, 0.0, 0.0, 1.09524, 6610.584, 74105.676, 1.0
313, 16.55, 0.0, 0.0, 0.0, 1.04762, 6554.704, 74069.078, 1.0
314, 16.41, 0.0, 0.0, 0.0, 1.07576, 6493.33, 74038.292, 0.0
315, 16.276, 0.0, 0.0, 0.0, 1.13559, 6431.692, 74008.0, 0.0
316, 16.124, 0.0, 0.0, 0.0, 1.10145, 6369.14, 73978.754, 0.0
317, 15.984, 0.0, 0.0, 0.0, 1.04478, 6301.424, 73955.052, 0.0
318, 15.828, 0.0, 0.0, 0.0, 1.11429, 6228.446, 73936.716, 0.0
319, 15.714, 1.0, 500.0, 3.0, 1.11765, 6178.912, 73895.652, 1.0
320, 15.586, 0.0, 0.0, 0.0, 1.06667, 6124.206, 73859.236, 1.0
321, 15.448, 0.0, 0.0, 0.0, 1.04545, 6062.192, 73830.388, 1.0
322, 15.32, 0.0, 0.0, 0.0, 1.04918, 6007.592, 73793.74, 1.0
323, 15.172, 0.0, 0.0, 0.0, 1.05714, 5944.664, 73766.1, 1.0
324, 15.034, 0.0, 0.0, 0.0, 1.04545, 5885.45, 73734.496, 1.0
325, 14.914, 0.0, 0.0, 0.0, 1.05263, 5831.22, 73698.262, 1.0
326, 14.788, 0.0, 0.0, 0.0, 1.03279, 5776.672, 73661.636, 1.0
327, 14.648, 0.0, 0.0, 0.0, 1.07576, 5716.708, 73631.196, 0.0
328, 14.51, 0.0, 0.0, 0.0, 1.06154, 5660.566, 73597.194, 0.0
329, 14.41, 0.0, 0.0, 0.0, 1.06383, 5617.944, 73549.704, 0.0
330, 14.3, 0.0, 0.0, 0.0, 1.07843, 5572.348, 73505.248, 0.0
331, 14.18, 0.0, 0.0, 0.0, 1.07143, 5520.644, 73467.03, 0.0
332, 14.038, 0.0, 0.0, 0.0, 1.07576, 5459.62, 73439.106, 0.0
333, 13.9, 0.0, 0.0, 0.0, 1.07813, 5401.318, 73407.912, 0.0
334, 13.796, 0.0, 0.0, 0.0, 1.01961, 5353.808, 73365.206, 0.0
335, 13.67, 0.0, 0.0, 0.0, 1.03279, 5301.686, 73327.398, 0.0
336, 13.566, 0.0, 0.0, 0.0, 1.0, 5258.132, 73281.836, 0.0
337, 13.452, 0.0, 0.0, 0.0, 1.01786, 5205.96, 73244.272, 0.0
338, 13.346, 0.0, 0.0, 0.0, 1.08163, 5160.674, 73199.402, 0.0
339, 13.23, 0.0, 0.0, 0.0, 1.05455, 5112.502, 73158.12, 0.0
340, 13.124, 0.0, 0.0, 0.0, 1.01923, 5068.048, 73112.738, 0.0
341, 13.024, 0.0, 0.0, 0.0, 1.02041, 5023.704, 73067.696, 0.0
342, 12.898, 0.0, 0.0, 0.0, 1.10526, 4973.526, 73028.348, 0.0
343, 12.8, 0.0, 0.0, 0.0, 1.02083, 4922.8, 72990.08, 0.0
344, 12.72, 0.0, 0.0, 0.0, 1.05263, 4890.722, 72933.634, 0.0
345, 12.604, 0.0, 0.0, 0.0, 1.11538, 4840.636, 72894.192, 0.0
346, 12.506, 0.0, 0.0, 0.0, 1.02083, 4801.568, 72845.574, 0.0
347, 12.378, 1.0, 500.0, 11.0, 1.08475, 4750.724, 72809.096, 1.0
348, 12.276, 0.0, 0.0, 0.0, 1.0625, 4704.262, 72767.548, 1.0
349, 12.186, 0.0, 0.0, 0.0, 1.125, 4662.046, 72721.418, 1.0
350, 12.112, 0.0, 0.0, 0.0, 1.02778, 4629.27, 72665.706, 1.0
351, 12.004, 0.0, 0.0, 0.0, 1.05882, 4581.754, 72625.668, 1.0
352, 11.912, 0.0, 0.0, 0.0, 1.04545, 4542.732, 72576.476, 1.0
353, 11.796, 0.0, 0.0, 0.0, 1.01754, 4494.132, 72536.936, 1.0
354, 11.69, 0.0, 0.0, 0.0, 1.06, 4443.588, 72499.68, 1.0
355, 11.594, 0.0, 0.0, 0.0, 1.02128, 4403.714, 72451.79, 1.0
356, 11.502, 0.0, 0.0, 0.0, 1.06977, 4364.42, 72403.02, 1.0
357, 11.42, 0.0, 0.0, 0.0, 1.05, 4327.31, 72353.056, 0.0
358, 11.316, 0.0, 0.0, 0.0, 1.01961, 4284.348, 72308.356, 0.0
359, 11.23, 0.0, 0.0, 0.0, 1.02381, 4248.88, 72256.274, 0.0
360, 11.128, 0.0, 0.0, 0.0, 1.1087, 4207.436, 72210.152, 0.0
361, 11.028, 0.0, 0.0, 0.0, 1.04167, 4163.7, 72167.086, 0.0
362, 10.962, 0.0, 0.0, 0.0, 1.03125, 4129.5, 72114.722, 0.0
363, 10.88, 0.0, 0.0, 0.0, 1.025, 4090.654, 72066.166, 0.0
364, 10.788, 0.0, 0.0, 0.0, 1.02222, 4052.338, 72017.756, 0.0
365, 10.688, 0.0, 0.0, 0.0, 1.08696, 4009.262, 71973.9, 0.0
366, 10.622, 0.0, 0.0, 0.0, 1.03125, 3980.41, 71916.06, 0.0
367, 10.53, 0.0, 0.0, 0.0, 1.02222, 3940.766, 71869.05, 0.0
368, 10.432, 0.0, 0.0, 0.0, 1.06522, 3898.802, 71824.56, 0.0
369, 10.342, 0.0, 0.0, 0.0, 1.07143, 3861.416, 71775.532, 0.0
370, 10.28, 0.0, 0.0, 0.0, 1.03333, 3831.79, 71718.974, 0.0
371, 10.218, 0.0, 0.0, 0.0, 1.03333, 3803.464, 71661.292, 0.0
372, 10.15, 0.0, 0.0, 0.0, 1.0, 3773.236, 71605.398, 0.0
373, 10.078, 0.0, 0.0, 0.0, 1.05882, 3743.09, 71549.768, 0.0
374, 10.006, 0.0, 0.0, 0.0, 1.02857, 3712.402, 71494.294, 0.0
375, 9.912, 0.0, 0.0, 0.0, 1.06818, 3672.562, 71447.84, 0.0
376, 9.806, 0.0, 0.0, 0.0, 1.06, 3630.346, 71404.472, 0.0
377, 9.724, 0.0, 0.0, 0.0, 1.025, 3596.152, 71353.452, 0.0
378, 9.628, 0.0, 0.0, 0.0, 1.04348, 3555.804, 71308.452, 0.0
379, 9.558, 0.0, 0.0, 0.0, 1.12903, 3527.006, 71251.756, 0.0
380, 9.468, 0.0, 0.0, 0.0, 1.04651, 3491.806, 71201.76, 0.0
381, 9.394, 0.0, 0.0, 0.0, 1.05714, 3462.386, 71146.364, 0.0
382, 9.308, 0.0, 0.0, 0.0, 1.04878, 3427.164, 71096.192, 0.0
383, 9.242, 0.0, 0.0, 0.0, 1.1, 3399.986, 71037.956, 0.0
384, 9.164, 0.0, 0.0, 0.0, 1.11429, 3364.698, 70988.866, 0.0
385, 9.084, 0.0, 0.0, 0.0, 1.05263, 3334.248, 70933.962, 0.0
386, 8.992, 0.0, 0.0, 0.0, 1.0, 3296.41, 70886.658, 0.0
387, 8.916, 0.0, 0.0, 0.0, 1.02703, 3265.268, 70833.066, 0.0
388, 8.85, 0.0, 0.0, 0.0, 1.06452, 3238.348, 70776.288, 0.0
389, 8.774, 0.0, 0.0, 0.0, 1.0, 3209.638, 70720.258, 0.0
390, 8.702, 0.0, 0.0, 0.0, 1.02857, 3180.742, 70665.142, 0.0
391, 8.622, 0.0, 0.0, 0.0, 1.11111, 3150.52, 70611.368, 0.0
392, 8.55, 0.0, 0.0, 0.0, 1.02857, 3121.518, 70556.476, 0.0
393, 8.48, 0.0, 0.0, 0.0, 1.0, 3091.356, 70502.876, 0.0
394, 8.41, 0.0, 0.0, 0.0, 1.02941, 3064.284, 70446.152, 0.0
395, 8.34, 0.0, 0.0, 0.0, 1.02941, 3035.282, 70391.406, 0.0
396, 8.276, 0.0, 0.0, 0.0, 1.0, 3009.976, 70332.736, 0.0
397, 8.196, 0.0, 0.0, 0.0, 1.08108, 2980.048, 70278.406, 0.0
398, 8.136, 0.0, 0.0, 0.0, 1.07143, 2954.31, 70220.118, 0.0
399, 8.072, 0.0, 0.0, 0.0, 1.10345, 2929.534, 70161.01, 0.0
400, 8.006, 0.0, 0.0, 0.0, 1.03125, 2903.604, 70103.28, 0.0
401, 7.948, 0.0, 0.0, 0.0, 1.03571, 2869.322, 70053.892, 0.0
402, 7.894, 0.0, 0.0, 0.0, 1.03846, 2844.852, 69994.97, 0.0
403, 7.834, 0.0, 0.0, 0.0, 1.03448, 2820.876, 69936.012, 0.0
404, 7.788, 0.0, 0.0, 0.0, 1.04545, 2799.604, 69874.45, 0.0
405, 7.71, 0.0, 0.0, 0.0, 1.05405, 2768.892, 69822.316, 0.0
406, 7.634, 0.0, 0.0, 0.0, 1.0, 2739.43, 69767.908, 0.0
407, 7.566, 0.0, 0.0, 0.0, 1.0303, 2713.97, 69710.146, 0.0
408, 7.498, 0.0, 0.0, 0.0, 1.0, 2688.666, 69653.04, 0.0
409, 7.444, 0.0, 0.0, 0.0, 1.03846, 2667.232, 69591.784, 0.0
410, 7.376, 0.0, 0.0, 0.0, 1.09677, 2639.198, 69536.624, 0.0
411, 7.324, 0.0, 0.0, 0.0, 1.0, 2619.04, 69474.322, 0.0
412, 7.276, 0.0, 0.0, 0.0, 1.0, 2599.782, 69411.624, 0.0
413, 7.204, 0.0, 0.0, 0.0, 1.05882, 2573.22, 69355.568, 0.0
414, 7.152, 0.0, 0.0, 0.0, 1.0, 2553.49, 69293.376, 0.0
415, 7.088, 0.0, 0.0, 0.0, 1.03226, 2520.674, 69244.148, 0.0
416, 7.018, 0.0, 0.0, 0.0, 1.02941, 2495.792, 69187.132, 0.0
417, 6.96, 0.0, 0.0, 0.0, 1.0, 2472.602, 69128.472, 0.0
418, 6.908, 0.0, 0.0, 0.0, 1.0, 2451.836, 69067.528, 0.0
419, 6.848, 0.0, 0.0, 0.0, 1.15385, 2429.704, 69008.606, 0.0
420, 6.78, 0.0, 0.0, 0.0, 1.0625, 2403.648, 68952.686, 0.0
421, 6.712, 0.0, 0.0, 0.0, 1.0, 2369.726, 68905.98, 0.0
422, 6.642, 0.0, 0.0, 0.0, 1.09375, 2342.808, 68850.882, 0.0
423, 6.604, 0.0, 0.0, 0.0, 1.0, 2327.638, 68785.076, 0.0
424, 6.544, 0.0, 0.0, 0.0, 1.0, 2303.406, 68728.3, 0.0
425, 6.49, 0.0, 0.0, 0.0, 1.08, 2283.146, 68667.61, 0.0
426, 6.428, 0.0, 0.0, 0.0, 1.0, 2257.252, 68613.284, 0.0
427, 6.376, 0.0, 0.0, 0.0, 1.0, 2237.168, 68552.324, 0.0
428, 6.324, 0.0, 0.0, 0.0, 1.04, 2216.666, 68492.628, 0.0
429, 6.26, 0.0, 0.0, 0.0, 1.03226, 2192.398, 68436.956, 0.0
430, 6.218, 0.0, 0.0, 0.0, 1.0, 2176.018, 68373.214, 0.0
431, 6.162, 0.0, 0.0, 0.0, 1.0, 2153.738, 68314.946, 0.0
432, 6.108, 0.0, 0.0, 0.0, 1.0, 2133.708, 68254.654, 0.0
433, 6.056, 0.0, 0.0, 0.0, 1.0, 2114.784, 68192.93, 0.0
434, 5.99, 0.0, 0.0, 0.0, 1.0, 2090.632, 68136.772, 0.0
435, 5.946, 0.0, 0.0, 0.0, 1.0, 2073.798, 68073.406, 0.0
436, 5.9018, 0.0, 0.0, 0.0, 1.0, 2057.01002, 68014.606, 0.0
437, 5.8517, 0.0, 0.0, 0.0, 1.0, 2036.15832, 67953.79158, 0.0
438, 5.81563, 0.0, 0.0, 0.0, 1.0, 2020.48497, 67889.98798, 0.0
439, 5.78758, 0.0, 0.0, 0.0, 1.0, 2007.37475, 67823.1022, 0.0
440, 5.75752, 0.0, 0.0, 0.0, 1.0, 1995.53106, 67756.0481, 0.0
441, 5.69138, 0.0, 0.0, 0.0, 1.0, 1972.06814, 67700.7515, 0.0
442, 5.64056, 0.0, 0.0, 0.0, 1.03333, 1953.2008, 67643.98397, 0.0
443, 5.58835, 0.0, 0.0, 0.0, 1.0, 1930.29518, 67582.97189, 0.0
444, 5.54418, 0.0, 0.0, 0.0, 1.0, 1913.86948, 67519.84337, 0.0
445, 5.48394, 0.0, 0.0, 0.0, 1.03448, 1890.73092, 67464.11847, 0.0
446, 5.40763, 0.0, 0.0, 0.0, 1.02703, 1856.73896, 67418.58635, 0.0
447, 5.37149, 0.0, 0.0, 0.0, 1.0, 1842.5743, 67354.0743, 0.0
448, 5.3253, 0.0, 0.0, 0.0, 1.04545, 1824.2008, 67293.78514, 0.0
449, 5.27711, 0.0, 0.0, 0.0, 1.04348, 1806.37149, 67233.01004, 0.0
450, 5.24346, 0.0, 0.0, 0.0, 1.0, 1794.17706, 67169.93574, 0.0
451, 5.19316, 0.0, 0.0, 0.0, 1.0, 1776.14688, 67102.7505, 0.0
452, 5.16499, 0.0, 0.0, 0.0, 1.0, 1764.60161, 67035.64588, 0.0
453, 5.12877, 0.0, 0.0, 0.0, 1.0, 1750.85312, 66970.40241, 0.0
454, 5.07847, 0.0, 0.0, 0.0, 1.08696, 1732.66398, 66909.7827, 0.0
455, 5.04024, 0.0, 0.0, 0.0, 1.05556, 1708.75855, 66855.00604, 0.0
456, 4.98189, 0.0, 0.0, 0.0, 1.03571, 1687.8994, 66797.00604, 0.0
457, 4.93561, 0.0, 0.0, 0.0, 1.0, 1670.49899, 66736.86318, 0.0
458, 4.89537, 0.0, 0.0, 0.0, 1.0, 1656.16499, 66672.95976, 0.0
459, 4.85111, 0.0, 0.0, 0.0, 1.0, 1640.82093, 66609.93964, 0.0
460, 4.80483, 0.0, 0.0, 0.0, 1.0, 1624.68008, 66547.83099, 0.0
461, 4.76056, 0.0, 0.0, 0.0, 1.0, 1608.53119, 66485.87726, 0.0
462, 4.72233, 0.0, 0.0, 0.0, 1.0, 1594.89135, 66421.66197, 0.0
463, 4.69618, 0.0, 0.0, 0.0, 1.0, 1585.24547, 66353.39034, 0.0
464, 4.64789, 0.0, 0.0, 0.0, 1.0, 1568.88934, 66292.77264, 0.0
465, 4.62575, 0.0, 0.0, 0.0, 1.0, 1559.84708, 66224.74648, 0.0
466, 4.59759, 0.0, 0.0, 0.0, 1.0, 1549.39034, 66158.0664, 0.0
467, 4.55936, 0.0, 0.0, 0.0, 1.05556, 1535.72636, 66094.99799, 0.0
468, 4.52314, 0.0, 0.0, 0.0, 1.05882, 1522.61167, 66030.31791, 0.0
469, 4.48089, 0.0, 0.0, 0.0, 1.0, 1508.03018, 65967.99195, 0.0
470, 4.42052, 0.0, 0.0, 0.0, 1.0, 1487.89537, 65911.90342, 0.0
471, 4.39516, 0.0, 0.0, 0.0, 1.0, 1476.13508, 65850.00402, 0.0
472, 4.34879, 0.0, 0.0, 0.0, 1.04545, 1459.05444, 65788.58266, 0.0
473, 4.31452, 0.0, 0.0, 0.0, 1.0, 1447.38105, 65723.88306, 0.0
474, 4.27823, 0.0, 0.0, 0.0, 1.05882, 1434.56452, 65660.375, 0.0
475, 4.26667, 0.0, 0.0, 0.0, 1.0, 1429.79192, 65591.59274, 0.0
476, 4.23232, 0.0, 0.0, 0.0, 1.0625, 1413.92929, 65525.78182, 0.0
477, 4.2, 0.0, 0.0, 0.0, 1.0, 1402.14141, 65461.22222, 0.0
478, 4.16364, 0.0, 0.0, 0.0, 1.0, 1389.47879, 65398.52929, 0.0
479, 4.14747, 0.0, 0.0, 0.0, 1.0, 1383.0202, 65328.58586, 0.0
480, 4.13793, 0.0, 0.0, 0.0, 1.0, 1377.87221, 65263.53535, 0.0
481, 4.10569, 0.0, 0.0, 0.0, 1.05263, 1365.6748, 65202.30832, 0.0
482, 4.08333, 0.0, 0.0, 0.0, 1.0, 1356.93293, 65134.43089, 0.0
483, 4.08163, 0.0, 0.0, 0.0, 1.0, 1355.55918, 65065.84146, 0.0
484, 4.0551, 0.0, 0.0, 0.0, 1.0, 1346.20408, 64989.72041, 0.0
485, 4.00408, 0.0, 0.0, 0.0, 1.0, 1330.01224, 64929.97143, 0.0
486, 3.97959, 0.0, 0.0, 0.0, 1.0, 1320.76327, 64863.56327, 0.0
487, 3.96319, 0.0, 0.0, 0.0, 1.0, 1314.65031, 64796.84898, 0.0
488, 3.93456, 0.0, 0.0, 0.0, 1.0, 1304.86503, 64726.80164, 0.0
489, 3.90798, 0.0, 0.0, 0.0, 1.08333, 1293.70961, 64662.34356, 0.0
490, 3.87321, 0.0, 0.0, 0.0, 1.0, 1282.07362, 64599.11452, 0.0
491, 3.82822, 0.0, 0.0, 0.0, 1.0, 1264.47239, 64542.13497, 0.0
492, 3.80164, 0.0, 0.0, 0.0, 1.0, 1253.18405, 64478.21677, 0.0
493, 3.77254, 0.0, 0.0, 0.0, 1.0, 1242.92828, 64416.2454, 0.0
494, 3.71926, 0.0, 0.0, 0.0, 1.0, 1222.97951, 64361.50615, 0.0
495, 3.68443, 0.0, 0.0, 0.0, 1.0625, 1210.09836, 64300.36475, 0.0
496, 3.65503, 0.0, 0.0, 0.0, 1.05882, 1200.31211, 64238.42418, 0.0
497, 3.61396, 0.0, 0.0, 0.0, 1.0, 1185.58111, 64176.12526, 0.0
498, 3.59343, 0.0, 0.0, 0.0, 1.0, 1178.11704, 64108.91581, 0.0
499, 3.57084, 0.0, 0.0, 0.0, 1.0, 1169.43943, 64043.20739, 0.0
500, 3.54115, 0.0, 0.0, 0.0, 1.0, 1159.79424, 63981.35524, 0.0
501, 3.50823, 0.0, 0.0, 0.0, 1.0, 1148.13786, 63919.89918, 0.0
502, 3.47942, 0.0, 0.0, 0.0, 1.0, 1137.88066, 63855.83333, 0.0
503, 3.46091, 0.0, 0.0, 0.0, 1.0, 1131.0823, 63787.68519, 0.0
504, 3.42181, 0.0, 0.0, 0.0, 1.05556, 1115.81687, 63728.59877, 0.0
505, 3.393, 0.0, 0.0, 0.0, 1.0, 1105.35597, 63665.34568, 0.0
506, 3.36214, 0.0, 0.0, 0.0, 1.0, 1093.81481, 63602.88066, 0.0
507, 3.32716, 0.0, 0.0, 0.0, 1.0625, 1080.16667, 63542.76749, 0.0
508, 3.30453, 0.0, 0.0, 0.0, 1.0, 1073.53292, 63475.7037, 0.0
509, 3.28454, 0.0, 0.0, 0.0, 1.0, 1067.25361, 63410.51646, 0.0
510, 3.26186, 0.0, 0.0, 0.0, 1.0, 1059.11546, 63345.94021, 0.0
511, 3.23299, 0.0, 0.0, 0.0, 1.0, 1049.6433, 63282.09897, 0.0
512, 3.20825, 0.0, 0.0, 0.0, 1.0, 1039.12165, 63220.05773, 0.0
513, 3.19421, 0.0, 0.0, 0.0, 1.0, 1033.22727, 63154.68866, 0.0
514, 3.17975, 0.0, 0.0, 0.0, 1.0, 1027.82645, 63089.94215, 0.0
515, 3.14876, 0.0, 0.0, 0.0, 1.0, 1015.58058, 63029.6343, 0.0
516, 3.12422, 0.0, 0.0, 0.0, 1.0, 1007.19876, 62966.77066, 0.0
517, 3.10559, 0.0, 0.0, 0.0, 1.0, 1000.77019, 62900.08075, 0.0
518, 3.08714, 0.0, 0.0, 0.0, 1.0, 994.67427, 62835.54865, 0.0
519, 3.08108, 0.0, 0.0, 0.0, 1.0, 991.38046, 62769.41494, 0.0
520, 3.06276, 0.0, 0.0, 0.0, 1.0, 984.56485, 62712.5447, 0.0
521, 3.0272, 0.0, 0.0, 0.0, 1.0625, 973.30335, 62648.46025, 0.0
522, 2.99582, 0.0, 0.0, 0.0, 1.07143, 962.06695, 62586.60669, 0.0
523, 2.96436, 0.0, 0.0, 0.0, 1.125, 951.62264, 62526.99163, 0.0
524, 2.95158, 0.0, 0.0, 0.0, 1.0, 934.93684, 62479.2935, 0.0
525, 2.93249, 0.0, 0.0, 0.0, 1.0, 927.95359, 62416.73895, 0.0
526, 2.89873, 0.0, 0.0, 0.0, 1.0, 917.21308, 62354.82911, 0.0
527, 2.88161, 0.0, 0.0, 0.0, 1.0, 911.37421, 62290.74473, 0.0
528, 2.85775, 0.0, 0.0, 0.0, 1.0625, 901.01062, 62232.17125, 0.0
529, 2.85106, 0.0, 0.0, 0.0, 1.0, 898.22766, 62159.55202, 0.0
530, 2.82942, 0.0, 0.0, 0.0, 1.0, 891.07676, 62093.60426, 0.0
531, 2.82227, 0.0, 0.0, 0.0, 1.0, 888.38972, 62025.00426, 0.0
532, 2.8133, 0.0, 0.0, 0.0, 1.0, 884.91416, 61959.23983, 0.0
533, 2.80043, 0.0, 0.0, 0.0, 1.0, 880.41416, 61888.59442, 0.0
534, 2.78233, 0.0, 0.0, 0.0, 1.0, 873.87069, 61827.56867, 0.0
535, 2.76242, 0.0, 0.0, 0.0, 1.09091, 867.2959, 61758.52802, 0.0
536, 2.74892, 0.0, 0.0, 0.0, 1.0, 862.671, 61696.37365, 0.0
537, 2.73753, 0.0, 0.0, 0.0, 1.14286, 858.50108, 61634.70346, 0.0
538, 2.72234, 0.0, 0.0, 0.0, 1.0, 853.19957, 61568.27549, 0.0
539, 2.7, 0.0, 0.0, 0.0, 1.0, 845.95435, 61506.52711, 0.0
540, 2.67174, 0.0, 0.0, 0.0, 1.0, 836.85217, 61441.55, 0.0
541, 2.65795, 0.0, 0.0, 0.0, 1.0, 832.29194, 61377.21739, 0.0
542, 2.64192, 0.0, 0.0, 0.0, 1.0, 826.55895, 61312.24837, 0.0
543, 2.62801, 0.0, 0.0, 0.0, 1.0, 821.44639, 61246.49563, 0.0
544, 2.62611, 0.0, 0.0, 0.0, 1.0, 820.31858, 61186.1663, 0.0
545, 2.62444, 0.0, 0.0, 0.0, 1.0, 819.15111, 61104.50664, 0.0
546, 2.59111, 0.0, 0.0, 0.0, 1.0, 808.74889, 61049.52444, 0.0
547, 2.5657, 0.0, 0.0, 0.0, 1.0, 800.63697, 60989.22889, 0.0
548, 2.5558, 0.0, 0.0, 0.0, 1.0, 796.51563, 60922.90423, 0.0
549, 2.54586, 0.0, 0.0, 0.0, 1.0, 792.42729, 60854.96429, 0.0
550, 2.53258, 0.0, 0.0, 0.0, 1.0, 788.17753, 60790.85682, 0.0
551, 2.51011, 0.0, 0.0, 0.0, 1.0, 780.85393, 60722.2427, 0.0
552, 2.5079, 0.0, 0.0, 0.0, 1.0, 779.01806, 60657.55281, 0.0
553, 2.49321, 0.0, 0.0, 0.0, 1.125, 773.08145, 60593.5237, 0.0
554, 2.48416, 0.0, 0.0, 0.0, 1.0, 769.00452, 60529.25792, 0.0
555, 2.47392, 0.0, 0.0, 0.0, 1.0, 765.47166, 60464.44118, 0.0
556, 2.45682, 0.0, 0.0, 0.0, 1.0, 759.22955, 60403.01134, 0.0
557, 2.43836, 0.0, 0.0, 0.0, 1.0, 753.57534, 60333.86364, 0.0
558, 2.43249, 0.0, 0.0, 0.0, 1.0, 751.39817, 60269.79909, 0.0
559, 2.42202, 0.0, 0.0, 0.0, 1.0, 747.54817, 60203.19451, 0.0
560, 2.40826, 0.0, 0.0, 0.0, 1.2, 742.28211, 60136.99312, 0.0
561, 2.4, 0.0, 0.0, 0.0, 1.0, 739.31494, 60071.91055, 0.0
562, 2.37701, 0.0, 0.0, 0.0, 1.0, 730.75402, 60010.91264, 0.0
563, 2.36322, 0.0, 0.0, 0.0, 1.0, 725.91264, 59946.18621, 0.0
564, 2.34483, 0.0, 0.0, 0.0, 1.0, 719.90115, 59883.1908, 0.0
565, 2.33871, 0.0, 0.0, 0.0, 1.0, 716.90553, 59819.62989, 0.0
566, 2.3164, 0.0, 0.0, 0.0, 1.0, 699.30947, 59762.65207, 0.0
567, 2.30716, 0.0, 0.0, 0.0, 1.0, 695.10393, 59695.65127, 0.0
568, 2.30324, 0.0, 0.0, 0.0, 1.0, 693.44907, 59629.56582, 0.0
569, 2.28241, 0.0, 0.0, 0.0, 1.0, 684.04167, 59570.48148, 0.0
570, 2.26389, 0.0, 0.0, 0.0, 1.0, 677.72222, 59508.13194, 0.0
571, 2.24306, 0.0, 0.0, 0.0, 1.0, 652.53009, 59463.75463, 0.0
572, 2.22558, 0.0, 0.0, 0.0, 1.0, 647.52791, 59402.90278, 0.0
573, 2.20698, 0.0, 0.0, 0.0, 1.0, 641.76512, 59328.73488, 0.0
574, 2.19535, 0.0, 0.0, 0.0, 1.0, 636.39302, 59265.57209, 0.0
575, 2.19159, 0.0, 0.0, 0.0, 1.0, 634.84813, 59201.36512, 0.0
576, 2.17757, 0.0, 0.0, 0.0, 1.0, 630.3014, 59132.19393, 0.0
577, 2.16862, 0.0, 0.0, 0.0, 1.0, 626.03747, 59069.92523, 0.0
578, 2.15728, 0.0, 0.0, 0.0, 1.0, 622.29343, 59008.13583, 0.0
579, 2.1385, 0.0, 0.0, 0.0, 1.0, 616.25587, 58948.56573, 0.0
580, 2.12706, 0.0, 0.0, 0.0, 1.0, 612.49412, 58886.39437, 0.0
581, 2.11848, 0.0, 0.0, 0.0, 1.0, 609.67062, 58827.24235, 0.0
582, 2.11164, 0.0, 0.0, 0.0, 1.0, 606.79097, 58763.95735, 0.0
583, 2.10979, 0.0, 0.0, 0.0, 1.0, 605.59427, 58695.75534, 0.0
584, 2.09308, 0.0, 0.0, 0.0, 1.0, 600.47255, 58624.97375, 0.0
585, 2.08894, 0.0, 0.0, 0.0, 1.0, 598.98077, 58563.75656, 0.0
586, 2.06506, 0.0, 0.0, 0.0, 1.2, 591.5012, 58495.04327, 0.0
587, 2.04348, 0.0, 0.0, 0.0, 1.1, 584.6715, 58437.33012, 0.0
588, 2.03641, 0.0, 0.0, 0.0, 1.0, 582.1699, 58375.0628, 0.0
589, 2.03163, 0.0, 0.0, 0.0, 1.0, 580.21168, 58308.36165, 0.0
590, 2.022, 0.0, 0.0, 0.0, 1.0, 577.07579, 58247.78832, 0.0
591, 2.00737, 0.0, 0.0, 0.0, 1.0, 572.70516, 58188.04645, 0.0
592, 1.99506, 0.0, 0.0, 0.0, 1.0, 568.88642, 58120.48403, 0.0
593, 1.98765, 0.0, 0.0, 0.0, 1.0, 566.29877, 58053.33827, 0.0
594, 1.98015, 0.0, 0.0, 0.0, 1.0, 563.94789, 57991.35802, 0.0
595, 1.97015, 0.0, 0.0, 0.0, 1.0, 560.71891, 57918.18859, 0.0
596, 1.9725, 0.0, 0.0, 0.0, 1.0, 560.735, 57855.9204, 0.0
597, 1.9598, 0.0, 0.0, 0.0, 1.0, 556.78643, 57792.755, 0.0
598, 1.95178, 0.0, 0.0, 0.0, 1.0, 554.09137, 57737.26131, 0.0
599, 1.94148, 0.0, 0.0, 0.0, 1.0, 550.28499, 57677.06091, 0.0
600, 1.93639, 0.0, 0.0, 0.0, 1.0, 548.26972, 57610.12468, 0.0
601, 1.93367, 0.0, 0.0, 0.0, 1.0, 546.97194, 57546.61578, 0.0
602, 1.91795, 0.0, 0.0, 0.0, 1.0, 541.52051, 57485.4949, 0.0
603, 1.90464, 0.0, 0.0, 0.0, 1.125, 538.44588, 57430.32051, 0.0
604, 1.89378, 0.0, 0.0, 0.0, 1.0, 534.15544, 57360.45103, 0.0
605, 1.88083, 0.0, 0.0, 0.0, 1.0, 530.06995, 57302.29275, 0.0
606, 1.87532, 0.0, 0.0, 0.0, 1.0, 528.18182, 57239.36788, 0.0
607, 1.86234, 0.0, 0.0, 0.0, 1.0, 524.11688, 57181.08571, 0.0
608, 1.85938, 0.0, 0.0, 0.0, 1.0, 522.73177, 57118.12468, 0.0
609, 1.85901, 0.0, 0.0, 0.0, 1.0, 522.20366, 57046.8776, 0.0
610, 1.84211, 0.0, 0.0, 0.0, 1.09091, 517.11316, 56993.44909, 0.0
611, 1.83158, 0.0, 0.0, 0.0, 1.0, 513.72632, 56935.52632, 0.0
612, 1.82105, 0.0, 0.0, 0.0, 1.0, 510.29211, 56874.05, 0.0
613, 1.81746, 0.0, 0.0, 0.0, 1.0, 509.00529, 56813.27895, 0.0
614, 1.816, 0.0, 0.0, 0.0, 1.2, 508.40267, 56743.93386, 0.0
615, 1.81283, 0.0, 0.0, 0.0, 1.0, 507.1738, 56673.47467, 0.0
616, 1.81081, 0.0, 0.0, 0.0, 1.0, 506.44054, 56613.56417, 0.0
617, 1.8027, 0.0, 0.0, 0.0, 1.0, 503.83243, 56547.41351, 0.0
618, 1.79348, 0.0, 0.0, 0.0, 1.0, 501.05435, 56487.63514, 0.0
619, 1.79019, 0.0, 0.0, 0.0, 1.0, 499.58856, 56429.1413, 0.0
620, 1.77596, 0.0, 0.0, 0.0, 1.0, 495.35792, 56350.98093, 0.0
621, 1.77049, 0.0, 0.0, 0.0, 1.0, 493.34973, 56286.0847, 0.0
622, 1.76986, 0.0, 0.0, 0.0, 1.0, 492.81644, 56222.74317, 0.0
623, 1.77348, 0.0, 0.0, 0.0, 1.0, 493.5, 56141.76164, 0.0
624, 1.76243, 0.0, 0.0, 0.0, 1.0, 489.44199, 56082.66575, 0.0
625, 1.75414, 0.0, 0.0, 0.0, 1.0, 486.79006, 56020.39779, 0.0
626, 1.74444, 0.0, 0.0, 0.0, 1.0, 483.29444, 55962.21547, 0.0
627, 1.73538, 0.0, 0.0, 0.0, 1.0, 479.9415, 55904.89722, 0.0
628, 1.73464, 0.0, 0.0, 0.0, 1.0, 479.31844, 55841.18663, 0.0
629, 1.72829, 0.0, 0.0, 0.0, 1.0, 477.38095, 55782.39665, 0.0
630, 1.72472, 0.0, 0.0, 0.0, 1.0, 476.10674, 55721.89636, 0.0
631, 1.72805, 0.0, 0.0, 0.0, 1.0, 476.86119, 55658.83146, 0.0
632, 1.72493, 0.0, 0.0, 0.0, 1.0, 475.97708, 55604.14164, 0.0
633, 1.73256, 0.0, 0.0, 0.0, 1.0, 474.07849, 55538.39828, 0.0
634, 1.72515, 0.0, 0.0, 0.0, 1.0, 471.84503, 55483.80233, 0.0
635, 1.71261, 0.0, 0.0, 0.0, 1.0, 467.54839, 55417.30702, 0.0
636, 1.69912, 0.0, 0.0, 0.0, 1.0, 463.51917, 55355.56012, 0.0
637, 1.68935, 0.0, 0.0, 0.0, 1.0, 460.54142, 55275.00295, 0.0
638, 1.68343, 0.0, 0.0, 0.0, 1.0, 458.63314, 55210.71302, 0.0
639, 1.67964, 0.0, 0.0, 0.0, 1.0, 456.88623, 55154.4497, 0.0
640, 1.66366, 0.0, 0.0, 0.0, 1.0, 452.30631, 55097.52096, 0.0
641, 1.65766, 0.0, 0.0, 0.0, 1.0, 450.29129, 55031.5976, 0.0
642, 1.65663, 0.0, 0.0, 0.0, 1.0, 449.56627, 54970.42342, 0.0
643, 1.65152, 0.0, 0.0, 0.0, 1.25, 447.26667, 54910.42771, 0.0
644, 1.6383, 0.0, 0.0, 0.0, 1.0, 439.45289, 54854.07576, 0.0
645, 1.6358, 0.0, 0.0, 0.0, 1.0, 438.5463, 54795.89362, 0.0
646, 1.62539, 0.0, 0.0, 0.0, 1.0, 435.50464, 54737.34877, 0.0
647, 1.61563, 0.0, 0.0, 0.0, 1.0, 432.21875, 54678.3808, 0.0
648, 1.61006, 0.0, 0.0, 0.0, 1.0, 430.57233, 54608.8625, 0.0
649, 1.6127, 0.0, 0.0, 0.0, 1.0, 430.93968, 54536.33019, 0.0
650, 1.59295, 0.0, 0.0, 0.0, 1.0, 425.70192, 54487.91429, 0.0
651, 1.58333, 0.0, 0.0, 0.0, 1.0, 422.76923, 54402.57372, 0.0
652, 1.57419, 0.0, 0.0, 0.0, 1.0, 420.13548, 54345.19872, 0.0
653, 1.55987, 0.0, 0.0, 0.0, 1.0, 414.42718, 54287.00968, 0.0
654, 1.55375, 0.0, 0.0, 0.0, 1.0, 412.81433, 54225.71845, 0.0
655, 1.55375, 0.0, 0.0, 0.0, 0.0, 412.36808, 54147.72313, 0.0
656, 1.55556, 0.0, 0.0, 0.0, 1.0, 412.31373, 54086.57003, 0.0
657, 1.55082, 0.0, 0.0, 0.0, 1.0, 410.76393, 54028.71569, 0.0
658, 1.55446, 0.0, 0.0, 0.0, 1.0, 411.44224, 53976.71148, 0.0
659, 1.55298, 0.0, 0.0, 0.0, 1.0, 410.58278, 53912.15512, 0.0
660, 1.54817, 0.0, 0.0, 0.0, 1.0, 408.96013, 53853.0, 0.0
661, 1.54181, 0.0, 0.0, 0.0, 1.0, 407.24415, 53797.40864, 0.0
662, 1.53691, 0.0, 0.0, 0.0, 1.0, 405.52685, 53736.36455, 0.0
663, 1.52525, 0.0, 0.0, 0.0, 1.0, 402.19865, 53676.13758, 0.0
664, 1.51852, 0.0, 0.0, 0.0, 1.0, 400.14815, 53605.99327, 0.0
665, 1.50505, 0.0, 0.0, 0.0, 1.0, 396.3771, 53548.51515, 0.0
666, 1.48986, 0.0, 0.0, 0.0, 1.0, 391.53041, 53492.83165, 0.0
667, 1.48805, 0.0, 0.0, 0.0, 1.0, 390.35836, 53434.46959, 0.0
668, 1.48797, 0.0, 0.0, 0.0, 1.0, 390.18213, 53358.25939, 0.0
669, 1.48432, 0.0, 0.0, 0.0, 1.0, 389.0662, 53303.86942, 0.0
670, 1.48421, 0.0, 0.0, 0.0, 1.0, 388.95789, 53197.2892, 0.0
671, 1.47719, 0.0, 0.0, 0.0, 1.0, 387.02456, 53135.51228, 0.0
672, 1.47703, 0.0, 0.0, 0.0, 1.0, 386.70318, 53077.57544, 0.0
673, 1.46643, 0.0, 0.0, 0.0, 1.0, 383.80919, 53019.67491, 0.0
674, 1.45936, 0.0, 0.0, 0.0, 1.0, 380.82686, 52961.48763, 0.0
675, 1.44876, 0.0, 0.0, 0.0, 1.0, 377.84099, 52904.56184, 0.0
676, 1.44326, 0.0, 0.0, 0.0, 1.0, 376.11348, 52846.08834, 0.0
677, 1.44286, 0.0, 0.0, 0.0, 1.0, 375.63571, 52790.58156, 0.0
678, 1.43929, 0.0, 0.0, 0.0, 1.0, 374.3, 52732.68571, 0.0
679, 1.43525, 0.0, 0.0, 0.0, 1.0, 371.3741, 52677.72857, 0.0
680, 1.4296, 0.0, 0.0, 0.0, 1.0, 369.70036, 52615.78058, 0.0
681, 1.42599, 0.0, 0.0, 0.0, 1.0, 368.45126, 52552.75812, 0.0
682, 1.42391, 0.0, 0.0, 0.0, 1.0, 367.72826, 52495.46931, 0.0
683, 1.42182, 0.0, 0.0, 0.0, 1.0, 366.85091, 52433.19203, 0.0
684, 1.41026, 0.0, 0.0, 0.0, 1.0, 362.75824, 52383.43636, 0.0
685, 1.41328, 0.0, 0.0, 0.0, 1.0, 362.4059, 52332.30037, 0.0
686, 1.40959, 0.0, 0.0, 0.0, 1.0, 361.12177, 52275.98524, 0.0
687, 1.4, 0.0, 0.0, 0.0, 1.0, 357.64074, 52220.42804, 0.0
688, 1.39777, 0.0, 0.0, 0.0, 1.0, 356.71375, 52160.8963, 0.0
689, 1.397, 0.0, 0.0, 0.0, 1.0, 356.2809, 52107.8513, 0.0
690, 1.39326, 0.0, 0.0, 0.0, 1.0, 353.86142, 52057.59925, 0.0
691, 1.39098, 0.0, 0.0, 0.0, 1.0, 352.90602, 51999.58427, 0.0
692, 1.39163, 0.0, 0.0, 0.0, 1.0, 353.01141, 51948.8985, 0.0
693, 1.38697, 0.0, 0.0, 0.0, 1.0, 351.55939, 51877.12928, 0.0
694, 1.38462, 0.0, 0.0, 0.0, 1.0, 350.60385, 51827.05364, 0.0
695, 1.38911, 0.0, 0.0, 0.0, 1.0, 351.58366, 51772.04615, 0.0
696, 1.38521, 0.0, 0.0, 0.0, 1.0, 350.2607, 51725.38911, 0.0
697, 1.38281, 0.0, 0.0, 0.0, 1.0, 349.44922, 51668.56809, 0.0
698, 1.37647, 0.0, 0.0, 0.0, 1.0, 346.91765, 51613.30469, 0.0
699, 1.36471, 0.0, 0.0, 0.0, 1.0, 342.27451, 51561.2, 0.0
700, 1.36508, 0.0, 0.0, 0.0, 1.0, 342.25, 51506.41176, 0.0
701, 1.36111, 0.0, 0.0, 0.0, 1.0, 340.83333, 51450.09524, 0.0
702, 1.364, 0.0, 0.0, 0.0, 1.0, 341.416, 51392.61508, 0.0
703, 1.35887, 0.0, 0.0, 0.0, 1.0, 338.46774, 51341.892, 0.0
704, 1.34959, 0.0, 0.0, 0.0, 1.0, 336.23984, 51250.39113, 0.0
705, 1.34553, 0.0, 0.0, 0.0, 1.0, 335.02439, 51175.94309, 0.0
706, 1.34426, 0.0, 0.0, 0.0, 1.0, 334.43033, 51121.22358, 0.0
707, 1.33058, 0.0, 0.0, 0.0, 1.2, 327.69421, 51071.56148, 0.0
708, 1.32083, 0.0, 0.0, 0.0, 1.0, 324.48333, 51016.41736, 0.0
709, 1.32353, 0.0, 0.0, 0.0, 1.0, 324.78151, 50966.77917, 0.0
710, 1.32766, 0.0, 0.0, 0.0, 1.0, 325.59574, 50899.26891, 0.0
711, 1.31915, 0.0, 0.0, 0.0, 1.0, 323.19574, 50835.74468, 0.0
712, 1.31915, 0.0, 0.0, 0.0, 0.0, 322.87234, 50777.28936, 0.0
713, 1.32051, 0.0, 0.0, 0.0, 1.0, 322.80769, 50720.34894, 0.0
714, 1.31197, 0.0, 0.0, 0.0, 1.0, 320.5641, 50665.09829, 0.0
715, 1.31034, 0.0, 0.0, 0.0, 1.0, 320.18103, 50609.92308, 0.0
716, 1.31304, 0.0, 0.0, 0.0, 1.0, 320.73043, 50546.5819, 0.0
717, 1.31441, 0.0, 0.0, 0.0, 1.0, 320.86026, 50487.13913, 0.0
718, 1.3114, 0.0, 0.0, 0.0, 1.0, 319.96053, 50425.30568, 0.0
719, 1.30837, 0.0, 0.0, 0.0, 1.0, 318.80176, 50363.09211, 0.0
720, 1.30531, 0.0, 0.0, 0.0, 1.0, 316.67257, 50311.2467, 0.0
721, 1.30804, 0.0, 0.0, 0.0, 1.0, 317.17857, 50252.18142, 0.0
722, 1.30804, 0.0, 0.0, 0.0, 0.0, 316.81696, 50199.25446, 0.0
723, 1.30942, 0.0, 0.0, 0.0, 1.0, 316.72646, 50143.28125, 0.0
724, 1.30942, 0.0, 0.0, 0.0, 0.0, 316.32287, 50083.85202, 0.0
725, 1.31081, 0.0, 0.0, 0.0, 1.0, 316.2973, 50028.21525, 0.0
726, 1.31364, 0.0, 0.0, 0.0, 1.0, 316.73636, 49976.01351, 0.0
727, 1.31507, 0.0, 0.0, 0.0, 1.0, 315.81279, 49920.11818, 0.0
728, 1.30876, 0.0, 0.0, 0.0, 1.0, 314.14286, 49866.3516, 0.0
729, 1.30986, 0.0, 0.0, 0.0, 1.0, 314.5493, 49826.58986, 0.0
730, 1.30986, 0.0, 0.0, 0.0, 0.0, 314.19249, 49761.56808, 0.0
731, 1.30806, 0.0, 0.0, 0.0, 1.0, 313.46919, 49708.26291, 0.0
732, 1.30952, 0.0, 0.0, 0.0, 1.0, 312.61429, 49656.80569, 0.0
733, 1.29665, 0.0, 0.0, 0.0, 1.0, 309.4689, 49603.30476, 0.0
734, 1.30097, 0.0, 0.0, 0.0, 1.0, 310.28155, 49553.10526, 0.0
735, 1.30392, 0.0, 0.0, 0.0, 1.0, 310.61765, 49503.18447, 0.0
736, 1.30846, 0.0, 0.0, 0.0, 1.0, 311.58706, 49457.46569, 0.0
737, 1.31156, 0.0, 0.0, 0.0, 1.0, 312.09045, 49397.12438, 0.0
738, 1.31313, 0.0, 0.0, 0.0, 1.0, 311.99495, 49317.53266, 0.0
739, 1.31313, 0.0, 0.0, 0.0, 0.0, 311.52525, 49261.90404, 0.0
740, 1.31472, 0.0, 0.0, 0.0, 1.0, 311.67005, 49207.33838, 0.0
741, 1.30964, 0.0, 0.0, 0.0, 1.0, 310.34518, 49163.06599, 0.0
742, 1.30769, 0.0, 0.0, 0.0, 1.0, 309.76923, 49110.77157, 0.0
743, 1.3057, 0.0, 0.0, 0.0, 1.0, 309.03627, 49059.54359, 0.0
744, 1.3089, 0.0, 0.0, 0.0, 1.0, 308.36649, 48996.92746, 0.0
745, 1.30526, 0.0, 0.0, 0.0, 1.0, 307.37368, 48946.44503, 0.0
746, 1.29947, 0.0, 0.0, 0.0, 1.0, 305.06417, 48895.09474, 0.0
747, 1.2957, 0.0, 0.0, 0.0, 1.0, 304.03226, 48839.34225, 0.0
748, 1.29121, 0.0, 0.0, 0.0, 1.0, 302.84615, 48793.08602, 0.0
749, 1.29609, 0.0, 0.0, 0.0, 1.0, 303.92179, 48730.82418, 0.0
750, 1.29213, 0.0, 0.0, 0.0, 1.0, 302.84831, 48691.88268, 0.0
751, 1.28652, 0.0, 0.0, 0.0, 1.0, 301.38764, 48647.23596, 0.0
752, 1.28652, 0.0, 0.0, 0.0, 0.0, 301.07865, 48592.48315, 0.0
753, 1.2948, 0.0, 0.0, 0.0, 1.0, 297.93064, 48549.07303, 0.0
754, 1.29825, 0.0, 0.0, 0.0, 1.0, 298.4152, 48516.3815, 0.0
755, 1.3, 0.0, 0.0, 0.0, 1.0, 298.54118, 48474.07018, 0.0
756, 1.29412, 0.0, 0.0, 0.0, 1.0, 296.95294, 48410.94706, 0.0
757, 1.28402, 0.0, 0.0, 0.0, 1.0, 294.16568, 48360.38824, 0.0
758, 1.27811, 0.0, 0.0, 0.0, 1.0, 292.56213, 48310.00592, 0.0
759, 1.27219, 0.0, 0.0, 0.0, 1.0, 290.89349, 48256.39645, 0.0
760, 1.25444, 0.0, 0.0, 0.0, 1.0, 286.68639, 48205.13609, 0.0
761, 1.25444, 0.0, 0.0, 0.0, 0.0, 286.36095, 48150.66272, 0.0
762, 1.25595, 0.0, 0.0, 0.0, 1.0, 286.33333, 48096.14201, 0.0
763, 1.25904, 0.0, 0.0, 0.0, 1.0, 285.91566, 48051.69048, 0.0
764, 1.25904, 0.0, 0.0, 0.0, 0.0, 285.58434, 47990.96386, 0.0
765, 1.2638, 0.0, 0.0, 0.0, 1.0, 286.43558, 47940.68072, 0.0
766, 1.2638, 0.0, 0.0, 0.0, 0.0, 286.18405, 47889.84663, 0.0
767, 1.2638, 0.0, 0.0, 0.0, 0.0, 285.84663, 47834.72393, 0.0
768, 1.25926, 0.0, 0.0, 0.0, 1.0, 284.67284, 47782.71779, 0.0
769, 1.2625, 0.0, 0.0, 0.0, 1.0, 285.16875, 47729.88889, 0.0
770, 1.26582, 0.0, 0.0, 0.0, 1.0, 285.68354, 47685.03125, 0.0
771, 1.26923, 0.0, 0.0, 0.0, 1.0, 286.21795, 47611.3038, 0.0
772, 1.26623, 0.0, 0.0, 0.0, 1.0, 285.17532, 47553.83974, 0.0
773, 1.26974, 0.0, 0.0, 0.0, 1.0, 285.85526, 47508.37662, 0.0
774, 1.26974, 0.0, 0.0, 0.0, 0.0, 285.57237, 47450.78289, 0.0
775, 1.2649, 0.0, 0.0, 0.0, 1.0, 284.31126, 47400.27632, 0.0
776, 1.26, 0.0, 0.0, 0.0, 1.0, 282.97333, 47353.12583, 0.0
777, 1.26, 0.0, 0.0, 0.0, 0.0, 282.8, 47305.22667, 0.0
778, 1.26351, 0.0, 0.0, 0.0, 1.0, 283.28378, 47254.4, 0.0
779, 1.26207, 0.0, 0.0, 0.0, 1.0, 282.76552, 47209.99324, 0.0
780, 1.24828, 0.0, 0.0, 0.0, 1.0, 279.53103, 47172.22069, 0.0
781, 1.25175, 0.0, 0.0, 0.0, 1.0, 280.25175, 47122.42759, 0.0
782, 1.24823, 0.0, 0.0, 0.0, 1.0, 279.31915, 47073.59441, 0.0
783, 1.24823, 0.0, 0.0, 0.0, 0.0, 278.97163, 46989.75887, 0.0
784, 1.24286, 0.0, 0.0, 0.0, 1.0, 277.54286, 46940.24823, 0.0
785, 1.24286, 0.0, 0.0, 0.0, 0.0, 277.23571, 46890.72857, 0.0
786, 1.24286, 0.0, 0.0, 0.0, 0.0, 276.93571, 46838.04286, 0.0
787, 1.2446, 0.0, 0.0, 0.0, 1.0, 276.58273, 46787.14286, 0.0
788, 1.2446, 0.0, 0.0, 0.0, 0.0, 276.33813, 46735.35252, 0.0
789, 1.2446, 0.0, 0.0, 0.0, 0.0, 276.10072, 46682.41007, 0.0
790, 1.2446, 0.0, 0.0, 0.0, 0.0, 275.76978, 46629.56115, 0.0
791, 1.24638, 0.0, 0.0, 0.0, 1.0, 275.81884, 46578.81295, 0.0
792, 1.24818, 0.0, 0.0, 0.0, 1.0, 275.83212, 46526.26812, 0.0
793, 1.24265, 0.0, 0.0, 0.0, 1.0, 274.49265, 46482.64964, 0.0
794, 1.23308, 0.0, 0.0, 0.0, 1.0, 272.53383, 46426.70588, 0.0
795, 1.23308, 0.0, 0.0, 0.0, 0.0, 272.12782, 46370.85714, 0.0
796, 1.23664, 0.0, 0.0, 0.0, 1.0, 272.40458, 46321.64662, 0.0
797, 1.23256, 0.0, 0.0, 0.0, 1.0, 271.26357, 46278.33588, 0.0
798, 1.22481, 0.0, 0.0, 0.0, 1.0, 269.27907, 46209.44186, 0.0
799, 1.22835, 0.0, 0.0, 0.0, 1.0, 267.76378, 46162.75194, 0.0
800, 1.22835, 0.0, 0.0, 0.0, 0.0, 267.52756, 46098.1811, 0.0
801, 1.23016, 0.0, 0.0, 0.0, 1.0, 267.84921, 46047.40945, 0.0
802, 1.23016, 0.0, 0.0, 0.0, 0.0, 267.57937, 46005.34127, 0.0
803, 1.20635, 0.0, 0.0, 0.0, 1.0, 262.34127, 45957.05556, 0.0
804, 1.208, 0.0, 0.0, 0.0, 1.0, 262.472, 45905.79365, 0.0
805, 1.20161, 0.0, 0.0, 0.0, 1.0, 260.70968, 45848.056, 0.0
806, 1.20161, 0.0, 0.0, 0.0, 0.0, 260.37903, 45794.83871, 0.0
807, 1.20161, 0.0, 0.0, 0.0, 0.0, 260.1129, 45742.17742, 0.0
808, 1.19355, 0.0, 0.0, 0.0, 1.0, 258.1371, 45690.96774, 0.0
809, 1.19512, 0.0, 0.0, 0.0, 1.0, 258.13821, 45641.01613, 0.0
810, 1.19835, 0.0, 0.0, 0.0, 1.0, 258.68595, 45593.82927, 0.0
811, 1.19835, 0.0, 0.0, 0.0, 0.0, 258.42149, 45494.07438, 0.0
812, 1.19167, 0.0, 0.0, 0.0, 1.0, 257.025, 45445.67769, 0.0
813, 1.19328, 0.0, 0.0, 0.0, 1.0, 257.09244, 45400.11667, 0.0
814, 1.18487, 0.0, 0.0, 0.0, 1.0, 254.93277, 45344.47059, 0.0
815, 1.18803, 0.0, 0.0, 0.0, 1.0, 255.02564, 45296.92437, 0.0
816, 1.18803, 0.0, 0.0, 0.0, 0.0, 254.81197, 45252.22222, 0.0
817, 1.18966, 0.0, 0.0, 0.0, 1.0, 254.66379, 45201.67521, 0.0
818, 1.18584, 0.0, 0.0, 0.0, 1.0, 253.9646, 45138.93103, 0.0
819, 1.17857, 0.0, 0.0, 0.0, 1.0, 252.34821, 45108.32743, 0.0
820, 1.16964, 0.0, 0.0, 0.0, 1.0, 250.16964, 45048.55357, 0.0
821, 1.17273, 0.0, 0.0, 0.0, 1.0, 250.61818, 44999.58929, 0.0
822, 1.17273, 0.0, 0.0, 0.0, 0.0, 250.28182, 44978.20909, 0.0
823, 1.17431, 0.0, 0.0, 0.0, 1.0, 250.3578, 44930.08182, 0.0
824, 1.17431, 0.0, 0.0, 0.0, 0.0, 250.12844, 44865.07339, 0.0
825, 1.17431, 0.0, 0.0, 0.0, 0.0, 249.82569, 44815.19266, 0.0
826, 1.17593, 0.0, 0.0, 0.0, 1.0, 249.7037, 44766.81651, 0.0
827, 1.17593, 0.0, 0.0, 0.0, 0.0, 249.4537, 44714.69444, 0.0
828, 1.17925, 0.0, 0.0, 0.0, 1.0, 249.49057, 44668.80556, 0.0
829, 1.18269, 0.0, 0.0, 0.0, 1.0, 250.08654, 44545.74528, 0.0
830, 1.18447, 0.0, 0.0, 0.0, 1.0, 250.20388, 44515.16346, 0.0
831, 1.17822, 0.0, 0.0, 0.0, 1.0, 247.16832, 44475.85437, 0.0
832, 1.17822, 0.0, 0.0, 0.0, 0.0, 246.89109, 44445.15842, 0.0
833, 1.17822, 0.0, 0.0, 0.0, 0.0, 246.65347, 44393.91089, 0.0
834, 1.18182, 0.0, 0.0, 0.0, 1.0, 247.31313, 44349.0099, 0.0
835, 1.18182, 0.0, 0.0, 0.0, 0.0, 247.0202, 44293.43434, 0.0
836, 1.17172, 0.0, 0.0, 0.0, 1.0, 244.76768, 44245.19192, 0.0
837, 1.17172, 0.0, 0.0, 0.0, 0.0, 244.42424, 44194.60606, 0.0
838, 1.17526, 0.0, 0.0, 0.0, 1.0, 245.25773, 44149.17172, 0.0
839, 1.15625, 0.0, 0.0, 0.0, 1.0, 239.15625, 44112.27835, 0.0
840, 1.15625, 0.0, 0.0, 0.0, 0.0, 238.85417, 44066.48958, 0.0
841, 1.15789, 0.0, 0.0, 0.0, 1.0, 238.92632, 44018.0, 0.0
842, 1.15957, 0.0, 0.0, 0.0, 1.0, 239.18085, 43965.22105, 0.0
843, 1.14894, 0.0, 0.0, 0.0, 1.0, 236.67021, 43896.17021, 0.0
844, 1.14894, 0.0, 0.0, 0.0, 0.0, 236.46809, 43847.7766, 0.0
845, 1.15054, 0.0, 0.0, 0.0, 1.0, 236.47312, 43800.57447, 0.0
846, 1.15054, 0.0, 0.0, 0.0, 0.0, 236.21505, 43749.98925, 0.0
847, 1.15054, 0.0, 0.0, 0.0, 0.0, 235.87097, 43700.43011, 0.0
848, 1.15054, 0.0, 0.0, 0.0, 0.0, 235.6129, 43650.97849, 0.0
849, 1.13978, 0.0, 0.0, 0.0, 1.0, 233.1828, 43603.8172, 0.0
850, 1.1413, 0.0, 0.0, 0.0, 1.0, 233.58696, 43556.06452, 0.0
851, 1.14286, 0.0, 0.0, 0.0, 1.0, 233.58242, 43492.27174, 0.0
852, 1.14444, 0.0, 0.0, 0.0, 1.0, 233.87778, 43448.94505, 0.0
853, 1.14607, 0.0, 0.0, 0.0, 1.0, 234.32584, 43415.7, 0.0
854, 1.14607, 0.0, 0.0, 0.0, 0.0, 234.07865, 43356.91011, 0.0
855, 1.14943, 0.0, 0.0, 0.0, 1.0, 234.7931, 43311.89888, 0.0
856, 1.13793, 0.0, 0.0, 0.0, 1.0, 232.26437, 43233.33333, 0.0
857, 1.13793, 0.0, 0.0, 0.0, 0.0, 232.0, 43183.21839, 0.0
858, 1.13953, 0.0, 0.0, 0.0, 1.0, 232.27907, 43136.37931, 0.0
859, 1.14118, 0.0, 0.0, 0.0, 1.0, 232.44706, 43075.25581, 0.0
860, 1.14118, 0.0, 0.0, 0.0, 0.0, 232.17647, 43040.52941, 0.0
861, 1.14286, 0.0, 0.0, 0.0, 1.0, 232.16667, 42992.74118, 0.0
862, 1.14286, 0.0, 0.0, 0.0, 0.0, 231.92857, 42947.5, 0.0
863, 1.14286, 0.0, 0.0, 0.0, 0.0, 231.65476, 42898.89286, 0.0
864, 1.14286, 0.0, 0.0, 0.0, 0.0, 231.45238, 42849.07143, 0.0
865, 1.14286, 0.0, 0.0, 0.0, 0.0, 231.2381, 42800.9881, 0.0
866, 1.14458, 0.0, 0.0, 0.0, 1.0, 231.25301, 42753.7619, 0.0
867, 1.13253, 0.0, 0.0, 0.0, 1.0, 228.6747, 42720.28916, 0.0
868, 1.13253, 0.0, 0.0, 0.0, 0.0, 228.24096, 42671.28916, 0.0
869, 1.13415, 0.0, 0.0, 0.0, 1.0, 228.70732, 42624.44578, 0.0
870, 1.13415, 0.0, 0.0, 0.0, 0.0, 228.39024, 42551.20732, 0.0
871, 1.1358, 0.0, 0.0, 0.0, 1.0, 228.22222, 42504.76829, 0.0
872, 1.1358, 0.0, 0.0, 0.0, 0.0, 227.97531, 42445.06173, 0.0
873, 1.1358, 0.0, 0.0, 0.0, 0.0, 227.75309, 42396.90123, 0.0
874, 1.125, 0.0, 0.0, 0.0, 1.0, 221.5875, 42357.83951, 0.0
875, 1.12658, 0.0, 0.0, 0.0, 1.0, 221.74684, 42312.675, 0.0
876, 1.12658, 0.0, 0.0, 0.0, 0.0, 221.55696, 42261.68354, 0.0
877, 1.12658, 0.0, 0.0, 0.0, 0.0, 221.35443, 42214.62025, 0.0
878, 1.12821, 0.0, 0.0, 0.0, 1.0, 221.33333, 42170.02532, 0.0
879, 1.12987, 0.0, 0.0, 0.0, 1.0, 221.44156, 42110.94872, 0.0
880, 1.11688, 0.0, 0.0, 0.0, 1.0, 218.57143, 42082.20779, 0.0
881, 1.12, 0.0, 0.0, 0.0, 1.0, 219.09333, 42039.37662, 0.0
882, 1.12, 0.0, 0.0, 0.0, 0.0, 218.70667, 41972.76, 0.0
883, 1.12329, 0.0, 0.0, 0.0, 1.0, 219.31507, 41930.10667, 0.0
884, 1.12329, 0.0, 0.0, 0.0, 0.0, 219.08219, 41892.15068, 0.0
885, 1.12329, 0.0, 0.0, 0.0, 0.0, 218.91781, 41844.54795, 0.0
886, 1.125, 0.0, 0.0, 0.0, 1.0, 219.47222, 41799.49315, 0.0
887, 1.12857, 0.0, 0.0, 0.0, 1.0, 220.15714, 41767.41667, 0.0
888, 1.13043, 0.0, 0.0, 0.0, 1.0, 220.27536, 41698.37143, 0.0
889, 1.11594, 0.0, 0.0, 0.0, 1.0, 217.01449, 41662.30435, 0.0
890, 1.11765, 0.0, 0.0, 0.0, 1.0, 217.13235, 41619.04348, 0.0
891, 1.11765, 0.0, 0.0, 0.0, 0.0, 216.73529, 41555.02941, 0.0
892, 1.12121, 0.0, 0.0, 0.0, 1.0, 217.57576, 41512.75, 0.0
893, 1.12308, 0.0, 0.0, 0.0, 1.0, 218.10769, 41455.22727, 0.0
894, 1.125, 0.0, 0.0, 0.0, 1.0, 217.98438, 41401.15385, 0.0
895, 1.125, 0.0, 0.0, 0.0, 0.0, 217.71875, 41331.45313, 0.0
896, 1.125, 0.0, 0.0, 0.0, 0.0, 217.5, 41284.48438, 0.0
897, 1.125, 0.0, 0.0, 0.0, 0.0, 217.15625, 41238.65625, 0.0
898, 1.125, 0.0, 0.0, 0.0, 0.0, 216.9375, 41192.79688, 0.0
899, 1.125, 0.0, 0.0, 0.0, 0.0, 216.71875, 41145.4375, 0.0
900, 1.125, 0.0, 0.0, 0.0, 0.0, 216.45313, 41098.15625, 0.0
901, 1.125, 0.0, 0.0, 0.0, 0.0, 216.25, 41051.65625, 0.0
902, 1.125, 0.0, 0.0, 0.0, 0.0, 216.01563, 41005.57813, 0.0
903, 1.12698, 0.0, 0.0, 0.0, 1.0, 215.92063, 40962.35938, 0.0
904, 1.13115, 0.0, 0.0, 0.0, 1.0, 216.68852, 40927.25397, 0.0
905, 1.11475, 0.0, 0.0, 0.0, 1.0, 213.45902, 40898.32787, 0.0
906, 1.11475, 0.0, 0.0, 0.0, 0.0, 213.31148, 40851.55738, 0.0
907, 1.11475, 0.0, 0.0, 0.0, 0.0, 213.01639, 40805.45902, 0.0
908, 1.11475, 0.0, 0.0, 0.0, 0.0, 212.72131, 40758.55738, 0.0
909, 1.11667, 0.0, 0.0, 0.0, 1.0, 212.48333, 40715.95082, 0.0
910, 1.11667, 0.0, 0.0, 0.0, 0.0, 212.16667, 40673.05, 0.0
911, 1.1, 0.0, 0.0, 0.0, 1.0, 209.28333, 40629.8, 0.0
912, 1.1, 0.0, 0.0, 0.0, 0.0, 209.16667, 40583.18333, 0.0
913, 1.1, 0.0, 0.0, 0.0, 0.0, 209.03333, 40536.31667, 0.0
914, 1.10169, 0.0, 0.0, 0.0, 1.0, 209.15254, 40493.18333, 0.0
915, 1.08475, 0.0, 0.0, 0.0, 1.0, 205.64407, 40453.15254, 0.0
916, 1.08475, 0.0, 0.0, 0.0, 0.0, 205.35593, 40407.66102, 0.0
917, 1.08475, 0.0, 0.0, 0.0, 0.0, 205.16949, 40361.0, 0.0
918, 1.08475, 0.0, 0.0, 0.0, 0.0, 204.91525, 40314.64407, 0.0
919, 1.08772, 0.0, 0.0, 0.0, 1.0, 205.24561, 40275.91525, 0.0
920, 1.08772, 0.0, 0.0, 0.0, 0.0, 204.96491, 40229.84211, 0.0
921, 1.08929, 0.0, 0.0, 0.0, 1.0, 203.08929, 40190.63158, 0.0
922, 1.09091, 0.0, 0.0, 0.0, 1.0, 203.34545, 40162.07143, 0.0
923, 1.09259, 0.0, 0.0, 0.0, 1.0, 203.66667, 40137.85455, 0.0
924, 1.09259, 0.0, 0.0, 0.0, 0.0, 203.40741, 40099.81481, 0.0
925, 1.09259, 0.0, 0.0, 0.0, 0.0, 203.12963, 40053.7963, 0.0
926, 1.09259, 0.0, 0.0, 0.0, 0.0, 202.88889, 40008.64815, 0.0
927, 1.09434, 0.0, 0.0, 0.0, 1.0, 200.37736, 39970.61111, 0.0
928, 1.07547, 0.0, 0.0, 0.0, 1.0, 196.9434, 39902.18868, 0.0
929, 1.07547, 0.0, 0.0, 0.0, 0.0, 196.69811, 39855.9434, 0.0
930, 1.07547, 0.0, 0.0, 0.0, 0.0, 196.45283, 39809.41509, 0.0
931, 1.07692, 0.0, 0.0, 0.0, 1.0, 196.57692, 39769.35849, 0.0
932, 1.07692, 0.0, 0.0, 0.0, 0.0, 196.40385, 39651.59615, 0.0
933, 1.07843, 0.0, 0.0, 0.0, 1.0, 196.21569, 39612.78846, 0.0
934, 1.05882, 0.0, 0.0, 0.0, 1.0, 192.58824, 39506.82353, 0.0
935, 1.06, 0.0, 0.0, 0.0, 1.0, 192.74, 39464.21569, 0.0
936, 1.06, 0.0, 0.0, 0.0, 0.0, 192.52, 39432.1, 0.0
937, 1.06122, 0.0, 0.0, 0.0, 1.0, 192.77551, 39390.94, 0.0
938, 1.06122, 0.0, 0.0, 0.0, 0.0, 192.61224, 39379.0, 0.0
939, 1.06122, 0.0, 0.0, 0.0, 0.0, 192.40816, 39335.36735, 0.0
940, 1.0625, 0.0, 0.0, 0.0, 1.0, 192.33333, 39294.81633, 0.0
941, 1.0625, 0.0, 0.0, 0.0, 0.0, 192.125, 39265.1875, 0.0
942, 1.0625, 0.0, 0.0, 0.0, 0.0, 191.9375, 39219.83333, 0.0
943, 1.0625, 0.0, 0.0, 0.0, 0.0, 191.70833, 39173.91667, 0.0
944, 1.04167, 0.0, 0.0, 0.0, 1.0, 187.58333, 39130.79167, 0.0
945, 1.04167, 0.0, 0.0, 0.0, 0.0, 187.4375, 39087.3125, 0.0
946, 1.04167, 0.0, 0.0, 0.0, 0.0, 187.20833, 39042.25, 0.0
947, 1.04255, 0.0, 0.0, 0.0, 1.0, 187.38298, 39001.16667, 0.0
948, 1.04545, 0.0, 0.0, 0.0, 1.0, 188.11364, 38967.55319, 0.0
949, 1.04545, 0.0, 0.0, 0.0, 0.0, 187.93182, 38932.86364, 0.0
950, 1.04545, 0.0, 0.0, 0.0, 0.0, 187.63636, 38889.59091, 0.0
951, 1.04651, 0.0, 0.0, 0.0, 1.0, 187.23256, 38850.15909, 0.0
952, 1.05, 0.0, 0.0, 0.0, 1.0, 186.475, 38842.72093, 0.0
953, 1.05, 0.0, 0.0, 0.0, 0.0, 186.25, 38834.7, 0.0
954, 1.05, 0.0, 0.0, 0.0, 0.0, 186.1, 38790.7, 0.0
955, 1.05, 0.0, 0.0, 0.0, 0.0, 185.825, 38747.375, 0.0
956, 1.05128, 0.0, 0.0, 0.0, 1.0, 185.84615, 38709.275, 0.0
957, 1.05128, 0.0, 0.0, 0.0, 0.0, 185.5641, 38681.5641, 0.0
958, 1.05128, 0.0, 0.0, 0.0, 0.0, 185.35897, 38637.79487, 0.0
959, 1.05128, 0.0, 0.0, 0.0, 0.0, 185.20513, 38593.20513, 0.0
960, 1.05128, 0.0, 0.0, 0.0, 0.0, 184.92308, 38548.12821, 0.0
961, 1.05128, 0.0, 0.0, 0.0, 0.0, 184.76923, 38503.76923, 0.0
962, 1.05128, 0.0, 0.0, 0.0, 0.0, 184.66667, 38459.87179, 0.0
963, 1.05128, 0.0, 0.0, 0.0, 0.0, 184.5641, 38415.10256, 0.0
964, 1.05128, 0.0, 0.0, 0.0, 0.0, 184.35897, 38371.0, 0.0
965, 1.05128, 0.0, 0.0, 0.0, 0.0, 184.07692, 38327.02564, 0.0
966, 1.05128, 0.0, 0.0, 0.0, 0.0, 183.84615, 38284.76923, 0.0
967, 1.05405, 0.0, 0.0, 0.0, 1.0, 184.24324, 38251.41026, 0.0
968, 1.05405, 0.0, 0.0, 0.0, 0.0, 184.10811, 38221.24324, 0.0
969, 1.05405, 0.0, 0.0, 0.0, 0.0, 184.0, 38178.18919, 0.0
970, 1.05556, 0.0, 0.0, 0.0, 1.0, 184.44444, 38138.67568, 0.0
971, 1.05556, 0.0, 0.0, 0.0, 0.0, 184.22222, 38129.22222, 0.0
972, 1.05556, 0.0, 0.0, 0.0, 0.0, 184.08333, 38082.69444, 0.0
973, 1.05556, 0.0, 0.0, 0.0, 0.0, 183.86111, 38040.38889, 0.0
974, 1.05556, 0.0, 0.0, 0.0, 0.0, 183.66667, 37996.41667, 0.0
975, 1.05556, 0.0, 0.0, 0.0, 0.0, 183.44444, 37952.61111, 0.0
976, 1.05556, 0.0, 0.0, 0.0, 0.0, 183.11111, 37907.88889, 0.0
977, 1.05556, 0.0, 0.0, 0.0, 0.0, 182.86111, 37865.88889, 0.0
978, 1.05714, 0.0, 0.0, 0.0, 1.0, 183.14286, 37827.66667, 0.0
979, 1.05714, 0.0, 0.0, 0.0, 0.0, 182.91429, 37689.05714, 0.0
980, 1.05882, 0.0, 0.0, 0.0, 1.0, 183.41176, 37650.11429, 0.0
981, 1.06061, 0.0, 0.0, 0.0, 1.0, 183.30303, 37597.58824, 0.0
982, 1.0303, 0.0, 0.0, 0.0, 1.0, 173.45455, 37564.84848, 0.0
983, 1.0303, 0.0, 0.0, 0.0, 0.0, 173.30303, 37521.72727, 0.0
984, 1.0303, 0.0, 0.0, 0.0, 0.0, 173.0303, 37478.39394, 0.0
985, 1.03125, 0.0, 0.0, 0.0, 1.0, 173.125, 37442.57576, 0.0
986, 1.03125, 0.0, 0.0, 0.0, 0.0, 172.875, 37411.96875, 0.0
987, 1.03125, 0.0, 0.0, 0.0, 0.0, 172.6875, 37369.84375, 0.0
988, 1.03125, 0.0, 0.0, 0.0, 0.0, 172.59375, 37328.84375, 0.0
989, 1.03125, 0.0, 0.0, 0.0, 0.0, 172.4375, 37284.5, 0.0
990, 1.03125, 0.0, 0.0, 0.0, 0.0, 172.25, 37241.6875, 0.0
991, 1.03333, 0.0, 0.0, 0.0, 1.0, 171.83333, 37212.40625, 0.0
992, 1.03571, 0.0, 0.0, 0.0, 1.0, 171.67857, 37189.4, 0.0
993, 1.03571, 0.0, 0.0, 0.0, 0.0, 171.53571, 37183.35714, 0.0
994, 1.03571, 0.0, 0.0, 0.0, 0.0, 171.46429, 37140.64286, 0.0
995, 1.03571, 0.0, 0.0, 0.0, 0.0, 171.28571, 37096.32143, 0.0
996, 1.03704, 0.0, 0.0, 0.0, 1.0, 171.51852, 37060.10714, 0.0
997, 1.03704, 0.0, 0.0, 0.0, 0.0, 171.37037, 37012.44444, 0.0
998, 1.03704, 0.0, 0.0, 0.0, 0.0, 171.25926, 36970.03704, 0.0
999, 1.03704, 0.0, 0.0, 0.0, 0.0, 170.96296, 36925.07407, 0.0
1000, 1.03704, 0.0, 0.0, 0.0, 0.0, 170.7037, 36881.59259, 0.0
1001, 1.03704, 0.0, 0.0, 0.0, 0.0, 170.51852, 36840.0, 0.0
1002, 1.03704, 0.0, 0.0, 0.0, 0.0, 170.22222, 36799.59259, 0.0
1003, 1.03704, 0.0, 0.0, 0.0, 0.0, 169.92593, 36755.96296, 0.0
1004, 1.03704, 0.0, 0.0, 0.0, 0.0, 169.7037, 36711.62963, 0.0
1005, 1.03704, 0.0, 0.0, 0.0, 0.0, 169.51852, 36669.51852, 0.0
1006, 1.04, 0.0, 0.0, 0.0, 1.0, 168.64, 36644.03704, 0.0
1007, 1.04, 0.0, 0.0, 0.0, 0.0, 168.32, 36603.2, 0.0
1008, 1.04, 0.0, 0.0, 0.0, 0.0, 168.12, 36560.8, 0.0
1009, 1.04, 0.0, 0.0, 0.0, 0.0, 168.04, 36517.24, 0.0
1010, 1.04, 0.0, 0.0, 0.0, 0.0, 167.92, 36475.56, 0.0
1011, 1.04, 0.0, 0.0, 0.0, 0.0, 167.8, 36434.44, 0.0
1012, 1.04, 0.0, 0.0, 0.0, 0.0, 167.64, 36393.76, 0.0
1013, 1.04, 0.0, 0.0, 0.0, 0.0, 167.44, 36351.6, 0.0
1014, 1.04, 0.0, 0.0, 0.0, 0.0, 167.28, 36308.08, 0.0
1015, 1.04, 0.0, 0.0, 0.0, 0.0, 167.0, 36266.52, 0.0
1016, 1.04167, 0.0, 0.0, 0.0, 1.0, 167.83333, 36231.44, 0.0
1017, 1.04167, 0.0, 0.0, 0.0, 0.0, 167.70833, 36222.75, 0.0
1018, 1.04167, 0.0, 0.0, 0.0, 0.0, 167.625, 36182.125, 0.0
1019, 1.04167, 0.0, 0.0, 0.0, 0.0, 167.41667, 36142.08333, 0.0
1020, 1.04348, 0.0, 0.0, 0.0, 1.0, 167.73913, 36105.70833, 0.0
1021, 1.04348, 0.0, 0.0, 0.0, 0.0, 167.6087, 35880.86957, 0.0
1022, 1.04348, 0.0, 0.0, 0.0, 0.0, 167.3913, 35842.52174, 0.0
1023, 1.04348, 0.0, 0.0, 0.0, 0.0, 167.13043, 35801.43478, 0.0
1024, 1.04348, 0.0, 0.0, 0.0, 0.0, 167.0, 35761.0, 0.0
1025, 1.04348, 0.0, 0.0, 0.0, 0.0, 166.82609, 35721.47826, 0.0
1026, 1.04348, 0.0, 0.0, 0.0, 0.0, 166.69565, 35679.95652, 0.0
1027, 1.04348, 0.0, 0.0, 0.0, 0.0, 166.3913, 35639.78261, 0.0
1028, 1.04348, 0.0, 0.0, 0.0, 0.0, 166.08696, 35600.86957, 0.0
1029, 1.04348, 0.0, 0.0, 0.0, 0.0, 165.78261, 35558.08696, 0.0
1030, 1.04348, 0.0, 0.0, 0.0, 0.0, 165.69565, 35517.08696, 0.0
1031, 1.04348, 0.0, 0.0, 0.0, 0.0, 165.43478, 35477.17391, 0.0
1032, 1.04348, 0.0, 0.0, 0.0, 0.0, 165.26087, 35436.47826, 0.0
1033, 1.04348, 0.0, 0.0, 0.0, 0.0, 165.08696, 35395.69565, 0.0
1034, 1.04348, 0.0, 0.0, 0.0, 0.0, 164.95652, 35352.91304, 0.0
1035, 1.04348, 0.0, 0.0, 0.0, 0.0, 164.82609, 35312.65217, 0.0
1036, 1.04348, 0.0, 0.0, 0.0, 0.0, 164.65217, 35273.21739, 0.0
1037, 1.04545, 0.0, 0.0, 0.0, 1.0, 163.68182, 35240.95652, 0.0
1038, 1.04545, 0.0, 0.0, 0.0, 0.0, 163.36364, 35254.04545, 0.0
1039, 1.0, 0.0, 0.0, 0.0, 1.0, 154.71429, 35229.27273, 0.0
1040, 1.0, 0.0, 0.0, 0.0, 0.0, 154.61905, 35139.95238, 0.0
1041, 1.0, 0.0, 0.0, 0.0, 1.0, 153.75, 35107.52381, 0.0
1042, 1.0, 0.0, 0.0, 0.0, 0.0, 153.65, 35015.0, 0.0
1043, 1.0, 0.0, 0.0, 0.0, 0.0, 153.3, 34972.85, 0.0
1044, 1.0, 0.0, 0.0, 0.0, 0.0, 153.15, 34931.75, 0.0
1045, 1.0, 0.0, 0.0, 0.0, 0.0, 153.05, 34889.15, 0.0
1046, 1.0, 0.0, 0.0, 0.0, 0.0, 152.9, 34845.9, 0.0
1047, 1.0, 0.0, 0.0, 0.0, 1.0, 160.73684, 34805.35, 0.0
1048, 1.0, 0.0, 0.0, 0.0, 0.0, 160.42105, 34729.26316, 0.0
1049, 1.0, 0.0, 0.0, 0.0, 0.0, 160.26316, 34688.31579, 0.0
1050, 1.0, 0.0, 0.0, 0.0, 0.0, 160.05263, 34648.0, 0.0
1051, 1.0, 0.0, 0.0, 0.0, 0.0, 159.68421, 34610.05263, 0.0
1052, 1.0, 0.0, 0.0, 0.0, 0.0, 159.36842, 34569.26316, 0.0
1053, 1.0, 0.0, 0.0, 0.0, 0.0, 159.10526, 34530.42105, 0.0
1054, 1.0, 0.0, 0.0, 0.0, 0.0, 158.84211, 34489.42105, 0.0
1055, 1.0, 0.0, 0.0, 0.0, 0.0, 158.52632, 34448.57895, 0.0
1056, 1.0, 0.0, 0.0, 0.0, 0.0, 158.36842, 34411.63158, 0.0
1057, 1.0, 0.0, 0.0, 0.0, 0.0, 158.21053, 34371.05263, 0.0
1058, 1.0, 0.0, 0.0, 0.0, 0.0, 158.10526, 34333.31579, 0.0
1059, 1.0, 0.0, 0.0, 0.0, 0.0, 158.05263, 34295.52632, 0.0
1060, 1.0, 0.0, 0.0, 0.0, 0.0, 157.73684, 34257.89474, 0.0
1061, 1.0, 0.0, 0.0, 0.0, 0.0, 157.42105, 34220.05263, 0.0
1062, 1.0, 0.0, 0.0, 0.0, 0.0, 157.31579, 34182.89474, 0.0
1063, 1.0, 0.0, 0.0, 0.0, 0.0, 157.10526, 34142.89474, 0.0
1064, 1.0, 0.0, 0.0, 0.0, 1.0, 156.72222, 34113.15789, 0.0
1065, 1.0, 0.0, 0.0, 0.0, 0.0, 156.55556, 34060.27778, 0.0
1066, 1.0, 0.0, 0.0, 0.0, 0.0, 156.44444, 34020.0, 0.0
1067, 1.0, 0.0, 0.0, 0.0, 1.0, 155.05882, 33988.61111, 0.0
1068, 1.0, 0.0, 0.0, 0.0, 0.0, 155.0, 34004.52941, 0.0
1069, 1.0, 0.0, 0.0, 0.0, 0.0, 154.82353, 33967.41176, 0.0
1070, 1.0, 0.0, 0.0, 0.0, 1.0, 154.25, 33936.47059, 0.0
1071, 1.0, 0.0, 0.0, 0.0, 0.0, 153.875, 33823.0, 0.0
1072, 1.0, 0.0, 0.0, 0.0, 0.0, 153.75, 33785.5625, 0.0
1073, 1.0, 0.0, 0.0, 0.0, 0.0, 153.4375, 33748.375, 0.0
1074, 1.0, 0.0, 0.0, 0.0, 1.0, 153.8, 33723.25, 0.0
1075, 1.0, 0.0, 0.0, 0.0, 0.0, 153.73333, 33576.33333, 0.0
1076, 1.0, 0.0, 0.0, 0.0, 0.0, 153.46667, 33540.4, 0.0
1077, 1.0, 0.0, 0.0, 0.0, 0.0, 153.33333, 33501.93333, 0.0
1078, 1.0, 0.0, 0.0, 0.0, 0.0, 152.8, 33461.73333, 0.0
1079, 1.0, 0.0, 0.0, 0.0, 0.0, 152.4, 33424.4, 0.0
1080, 1.0, 0.0, 0.0, 0.0, 0.0, 152.26667, 33388.6, 0.0
1081, 1.0, 0.0, 0.0, 0.0, 1.0, 151.92857, 33359.4, 0.0
1082, 1.0, 0.0, 0.0, 0.0, 0.0, 151.78571, 33262.42857, 0.0
1083, 1.0, 0.0, 0.0, 0.0, 0.0, 151.78571, 33223.35714, 0.0
1084, 1.0, 0.0, 0.0, 0.0, 0.0, 151.71429, 33185.07143, 0.0
1085, 1.0, 0.0, 0.0, 0.0, 0.0, 151.57143, 33147.92857, 0.0
1086, 1.0, 0.0, 0.0, 0.0, 1.0, 151.07692, 33123.71429, 0.0
1087, 1.0, 0.0, 0.0, 0.0, 0.0, 150.84615, 33054.38462, 0.0
1088, 1.0, 0.0, 0.0, 0.0, 0.0, 150.53846, 33015.46154, 0.0
1089, 1.0, 0.0, 0.0, 0.0, 0.0, 150.30769, 32975.76923, 0.0
1090, 1.0, 0.0, 0.0, 0.0, 0.0, 150.07692, 32938.15385, 0.0
1091, 1.0, 0.0, 0.0, 0.0, 0.0, 149.46154, 32900.92308, 0.0
1092, 1.0, 0.0, 0.0, 0.0, 0.0, 149.38462, 32859.30769, 0.0
1093, 1.0, 0.0, 0.0, 0.0, 0.0, 149.30769, 32822.23077, 0.0
1094, 1.0, 0.0, 0.0, 0.0, 0.0, 149.23077, 32785.0, 0.0
1095, 1.0, 0.0, 0.0, 0.0, 1.0, 147.66667, 32763.15385, 0.0
1096, 1.0, 0.0, 0.0, 0.0, 0.0, 147.5, 32787.58333, 0.0
1097, 1.0, 0.0, 0.0, 0.0, 0.0, 147.25, 32749.91667, 0.0
1098, 1.0, 0.0, 0.0, 0.0, 0.0, 147.16667, 32712.41667, 0.0
1099, 1.0, 0.0, 0.0, 0.0, 0.0, 147.08333, 32674.58333, 0.0
1100, 1.0, 0.0, 0.0, 0.0, 0.0, 146.58333, 32636.66667, 0.0
1101, 1.0, 0.0, 0.0, 0.0, 0.0, 146.33333, 32596.83333, 0.0
1102, 1.0, 0.0, 0.0, 0.0, 0.0, 146.25, 32560.08333, 0.0
1103, 1.0, 0.0, 0.0, 0.0, 0.0, 146.16667, 32524.16667, 0.0
1104, 1.0, 0.0, 0.0, 0.0, 0.0, 145.91667, 32487.5, 0.0
1105, 1.0, 0.0, 0.0, 0.0, 0.0, 145.83333, 32449.66667, 0.0
1106, 1.0, 0.0, 0.0, 0.0, 0.0, 145.58333, 32414.5, 0.0
1107, 1.0, 0.0, 0.0, 0.0, 0.0, 145.33333, 32375.08333, 0.0
1108, 1.0, 0.0, 0.0, 0.0, 0.0, 145.16667, 32338.58333, 0.0
1109, 1.0, 0.0, 0.0, 0.0, 0.0, 144.91667, 32305.16667, 0.0
1110, 1.0, 0.0, 0.0, 0.0, 1.0, 143.27273, 32283.91667, 0.0
1111, 1.0, 0.0, 0.0, 0.0, 0.0, 143.27273, 32279.27273, 0.0
1112, 1.0, 0.0, 0.0, 0.0, 0.0, 142.81818, 32241.90909, 0.0
1113, 1.0, 0.0, 0.0, 0.0, 0.0, 142.81818, 32204.09091, 0.0
1114, 1.0, 0.0, 0.0, 0.0, 0.0, 142.63636, 32165.63636, 0.0
1115, 1.0, 0.0, 0.0, 0.0, 0.0, 142.63636, 32130.27273, 0.0
1116, 1.0, 0.0, 0.0, 0.0, 0.0, 142.45455, 32093.81818, 0.0
1117, 1.0, 0.0, 0.0, 0.0, 0.0, 142.27273, 32058.90909, 0.0
1118, 1.0, 0.0, 0.0, 0.0, 0.0, 142.09091, 32019.81818, 0.0
1119, 1.0, 0.0, 0.0, 0.0, 0.0, 142.0, 31981.72727, 0.0
1120, 1.0, 0.0, 0.0, 0.0, 1.0, 142.6, 31959.81818, 0.0
1121, 1.0, 0.0, 0.0, 0.0, 0.0, 142.3, 31756.9, 0.0
1122, 1.0, 0.0, 0.0, 0.0, 0.0, 142.2, 31720.4, 0.0
1123, 1.0, 0.0, 0.0, 0.0, 0.0, 142.0, 31682.3, 0.0
1124, 1.0, 0.0, 0.0, 0.0, 0.0, 141.9, 31645.9, 0.0
1125, 1.0, 0.0, 0.0, 0.0, 0.0, 141.8, 31609.7, 0.0
1126, 1.0, 0.0, 0.0, 0.0, 1.0, 141.11111, 31590.4, 0.0
1127, 1.0, 0.0, 0.0, 0.0, 0.0, 141.0, 31437.88889, 0.0
1128, 1.0, 0.0, 0.0, 0.0, 0.0, 140.77778, 31403.22222, 0.0
1129, 1.0, 0.0, 0.0, 0.0, 0.0, 140.33333, 31368.22222, 0.0
1130, 1.0, 0.0, 0.0, 0.0, 0.0, 140.22222, 31333.11111, 0.0
1131, 1.0, 0.0, 0.0, 0.0, 0.0, 140.22222, 31297.66667, 0.0
1132, 1.0, 0.0, 0.0, 0.0, 0.0, 140.11111, 31259.44444, 0.0
1133, 1.0, 0.0, 0.0, 0.0, 0.0, 139.88889, 31222.66667, 0.0
1134, 1.0, 0.0, 0.0, 0.0, 0.0, 139.66667, 31187.0, 0.0
1135, 1.0, 0.0, 0.0, 0.0, 0.0, 139.55556, 31147.88889, 0.0
1136, 1.0, 0.0, 0.0, 0.0, 0.0, 139.55556, 31111.66667, 0.0
1137, 1.0, 0.0, 0.0, 0.0, 0.0, 139.55556, 31077.44444, 0.0
1138, 1.0, 0.0, 0.0, 0.0, 0.0, 139.44444, 31042.77778, 0.0
1139, 1.0, 0.0, 0.0, 0.0, 0.0, 139.33333, 31009.77778, 0.0
1140, 1.0, 0.0, 0.0, 0.0, 0.0, 139.33333, 30968.88889, 0.0
1141, 1.0, 0.0, 0.0, 0.0, 0.0, 139.22222, 30935.66667, 0.0
1142, 1.0, 0.0, 0.0, 0.0, 0.0, 139.22222, 30898.88889, 0.0
1143, 1.0, 0.0, 0.0, 0.0, 0.0, 139.22222, 30866.22222, 0.0
1144, 1.0, 0.0, 0.0, 0.0, 0.0, 138.88889, 30831.11111, 0.0
1145, 1.0, 0.0, 0.0, 0.0, 0.0, 138.88889, 30797.22222, 0.0
1146, 1.0, 0.0, 0.0, 0.0, 1.0, 137.25, 30777.11111, 0.0
1147, 1.0, 0.0, 0.0, 0.0, 0.0, 137.0, 30744.5, 0.0
1148, 1.0, 0.0, 0.0, 0.0, 0.0, 136.875, 30715.0, 0.0
1149, 1.0, 0.0, 0.0, 0.0, 0.0, 136.625, 30683.75, 0.0
1150, 1.0, 0.0, 0.0, 0.0, 0.0, 136.5, 30648.75, 0.0
1151, 1.0, 0.0, 0.0, 0.0, 0.0, 136.5, 30614.625, 0.0
1152, 1.0, 0.0, 0.0, 0.0, 0.0, 136.375, 30581.75, 0.0
1153, 1.0, 0.0, 0.0, 0.0, 0.0, 136.125, 30547.375, 0.0
1154, 1.0, 0.0, 0.0, 0.0, 0.0, 136.0, 30515.625, 0.0
1155, 1.0, 0.0, 0.0, 0.0, 0.0, 135.875, 30484.875, 0.0
1156, 1.0, 0.0, 0.0, 0.0, 0.0, 135.375, 30449.125, 0.0
1157, 1.0, 0.0, 0.0, 0.0, 0.0, 135.0, 30413.75, 0.0
1158, 1.0, 0.0, 0.0, 0.0, 0.0, 134.75, 30379.25, 0.0
1159, 1.0, 0.0, 0.0, 0.0, 0.0, 134.625, 30345.875, 0.0
1160, 1.0, 0.0, 0.0, 0.0, 0.0, 134.5, 30311.5, 0.0
1161, 1.0, 0.0, 0.0, 0.0, 0.0, 134.25, 30276.75, 0.0
1162, 1.0, 0.0, 0.0, 0.0, 0.0, 134.0, 30241.375, 0.0
1163, 1.0, 0.0, 0.0, 0.0, 0.0, 133.875, 30204.5, 0.0
1164, 1.0, 0.0, 0.0, 0.0, 0.0, 133.625, 30169.375, 0.0
1165, 1.0, 0.0, 0.0, 0.0, 0.0, 133.5, 30133.75, 0.0
1166, 1.0, 0.0, 0.0, 0.0, 1.0, 133.14286, 30114.0, 0.0
1167, 1.0, 0.0, 0.0, 0.0, 0.0, 132.71429, 30069.42857, 0.0
1168, 1.0, 0.0, 0.0, 0.0, 0.0, 132.71429, 30037.28571, 0.0
1169, 1.0, 0.0, 0.0, 0.0, 1.0, 134.5, 30022.85714, 0.0
1170, 1.0, 0.0, 0.0, 0.0, 0.0, 134.16667, 29897.0, 0.0
1171, 1.0, 0.0, 0.0, 0.0, 0.0, 134.0, 29862.5, 0.0
1172, 1.0, 0.0, 0.0, 0.0, 0.0, 133.5, 29827.0, 0.0
1173, 1.0, 0.0, 0.0, 0.0, 0.0, 133.0, 29795.66667, 0.0
1174, 1.0, 0.0, 0.0, 0.0, 0.0, 132.66667, 29762.66667, 0.0
1175, 1.0, 0.0, 0.0, 0.0, 0.0, 132.5, 29730.16667, 0.0
1176, 1.0, 0.0, 0.0, 0.0, 0.0, 132.5, 29692.83333, 0.0
1177, 1.0, 0.0, 0.0, 0.0, 0.0, 132.16667, 29658.5, 0.0
1178, 1.0, 0.0, 0.0, 0.0, 0.0, 132.0, 29625.33333, 0.0
1179, 1.0, 0.0, 0.0, 0.0, 0.0, 131.83333, 29591.33333, 0.0
1180, 1.0, 0.0, 0.0, 0.0, 0.0, 131.66667, 29558.16667, 0.0
1181, 1.0, 0.0, 0.0, 0.0, 0.0, 131.5, 29528.0, 0.0
1182, 1.0, 0.0, 0.0, 0.0, 0.0, 131.16667, 29494.66667, 0.0
1183, 1.0, 0.0, 0.0, 0.0, 0.0, 131.0, 29459.33333, 0.0
1184, 1.0, 0.0, 0.0, 0.0, 0.0, 130.83333, 29421.83333, 0.0
1185, 1.0, 0.0, 0.0, 0.0, 0.0, 130.66667, 29391.33333, 0.0
1186, 1.0, 0.0, 0.0, 0.0, 0.0, 130.66667, 29358.83333, 0.0
1187, 1.0, 0.0, 0.0, 0.0, 0.0, 130.5, 29323.33333, 0.0
1188, 1.0, 0.0, 0.0, 0.0, 0.0, 130.5, 29290.16667, 0.0
1189, 1.0, 0.0, 0.0, 0.0, 0.0, 130.33333, 29250.83333, 0.0
1190, 1.0, 0.0, 0.0, 0.0, 0.0, 130.0, 29215.16667, 0.0
1191, 1.0, 0.0, 0.0, 0.0, 0.0, 129.83333, 29177.83333, 0.0
1192, 1.0, 0.0, 0.0, 0.0, 0.0, 129.83333, 29147.16667, 0.0
1193, 1.0, 0.0, 0.0, 0.0, 0.0, 129.66667, 29117.83333, 0.0
1194, 1.0, 0.0, 0.0, 0.0, 0.0, 129.66667, 29084.83333, 0.0
1195, 1.0, 0.0, 0.0, 0.0, 0.0, 129.66667, 29048.5, 0.0
1196, 1.0, 0.0, 0.0, 0.0, 0.0, 129.66667, 29017.66667, 0.0
1197, 1.0, 0.0, 0.0, 0.0, 0.0, 129.66667, 28988.33333, 0.0
1198, 1.0, 0.0, 0.0, 0.0, 0.0, 129.5, 28955.16667, 0.0
1199, 1.0, 0.0, 0.0, 0.0, 0.0, 129.5, 28923.5, 0.0
1200, 1.0, 0.0, 0.0, 0.0, 0.0, 129.33333, 28891.66667, 0.0
1201, 1.0, 0.0, 0.0, 0.0, 0.0, 129.16667, 28859.5, 0.0
1202, 1.0, 0.0, 0.0, 0.0, 0.0, 128.83333, 28828.66667, 0.0
1203, 1.0, 0.0, 0.0, 0.0, 0.0, 128.66667, 28795.16667, 0.0
1204, 1.0, 0.0, 0.0, 0.0, 0.0, 128.33333, 28760.33333, 0.0
1205, 1.0, 0.0, 0.0, 0.0, 0.0, 128.0, 28729.0, 0.0
1206, 1.0, 0.0, 0.0, 0.0, 0.0, 127.83333, 28699.66667, 0.0
1207, 1.0, 0.0, 0.0, 0.0, 0.0, 127.83333, 28669.66667, 0.0
1208, 1.0, 0.0, 0.0, 0.0, 0.0, 127.66667, 28635.0, 0.0
1209, 1.0, 0.0, 0.0, 0.0, 0.0, 127.0, 28603.33333, 0.0
1210, 1.0, 0.0, 0.0, 0.0, 0.0, 126.83333, 28570.66667, 0.0
1211, 1.0, 0.0, 0.0, 0.0, 0.0, 126.66667, 28534.33333, 0.0
1212, 1.0, 0.0, 0.0, 0.0, 0.0, 126.66667, 28503.83333, 0.0
1213, 1.0, 0.0, 0.0, 0.0, 0.0, 126.5, 28472.33333, 0.0
1214, 1.0, 0.0, 0.0, 0.0, 0.0, 126.33333, 28443.66667, 0.0
1215, 1.0, 0.0, 0.0, 0.0, 1.0, 125.0, 28435.83333, 0.0
1216, 1.0, 0.0, 0.0, 0.0, 0.0, 124.8, 28410.8, 0.0
1217, 1.0, 0.0, 0.0, 0.0, 1.0, 128.5, 28398.6, 0.0
1218, 1.0, 0.0, 0.0, 0.0, 0.0, 128.25, 28166.75, 0.0
1219, 1.0, 0.0, 0.0, 0.0, 0.0, 128.25, 28133.5, 0.0
1220, 1.0, 0.0, 0.0, 0.0, 0.0, 128.25, 28104.25, 0.0
1221, 1.0, 0.0, 0.0, 0.0, 0.0, 128.25, 28071.25, 0.0
1222, 1.0, 0.0, 0.0, 0.0, 0.0, 127.5, 28036.25, 0.0
1223, 1.0, 0.0, 0.0, 0.0, 0.0, 127.5, 28004.5, 0.0
1224, 1.0, 0.0, 0.0, 0.0, 0.0, 127.5, 27971.5, 0.0
1225, 1.0, 0.0, 0.0, 0.0, 0.0, 127.5, 27943.0, 0.0
1226, 1.0, 0.0, 0.0, 0.0, 0.0, 127.25, 27910.25, 0.0
1227, 1.0, 0.0, 0.0, 0.0, 0.0, 127.25, 27876.0, 0.0
1228, 1.0, 0.0, 0.0, 0.0, 0.0, 127.0, 27842.25, 0.0
1229, 1.0, 0.0, 0.0, 0.0, 0.0, 126.25, 27816.0, 0.0
1230, 1.0, 0.0, 0.0, 0.0, 0.0, 126.25, 27787.5, 0.0
1231, 1.0, 0.0, 0.0, 0.0, 0.0, 126.25, 27753.0, 0.0
1232, 1.0, 0.0, 0.0, 0.0, 0.0, 125.75, 27723.5, 0.0
1233, 1.0, 0.0, 0.0, 0.0, 0.0, 125.75, 27693.5, 0.0
1234, 1.0, 0.0, 0.0, 0.0, 0.0, 125.5, 27665.5, 0.0
1235, 1.0, 0.0, 0.0, 0.0, 0.0, 125.25, 27631.25, 0.0
1236, 1.0, 0.0, 0.0, 0.0, 0.0, 125.25, 27597.5, 0.0
1237, 1.0, 0.0, 0.0, 0.0, 0.0, 125.25, 27568.5, 0.0
1238, 1.0, 0.0, 0.0, 0.0, 0.0, 125.25, 27536.25, 0.0
1239, 1.0, 0.0, 0.0, 0.0, 0.0, 124.75, 27505.75, 0.0
1240, 1.0, 0.0, 0.0, 0.0, 0.0, 124.75, 27472.5, 0.0
1241, 1.0, 0.0, 0.0, 0.0, 0.0, 124.75, 27443.25, 0.0
1242, 1.0, 0.0, 0.0, 0.0, 0.0, 124.5, 27410.75, 0.0
1243, 1.0, 0.0, 0.0, 0.0, 0.0, 124.5, 27377.5, 0.0
1244, 1.0, 0.0, 0.0, 0.0, 0.0, 124.5, 27346.25, 0.0
1245, 1.0, 0.0, 0.0, 0.0, 0.0, 124.5, 27315.0, 0.0
1246, 1.0, 0.0, 0.0, 0.0, 0.0, 124.25, 27283.25, 0.0
1247, 1.0, 0.0, 0.0, 0.0, 0.0, 124.25, 27250.25, 0.0
1248, 1.0, 0.0, 0.0, 0.0, 0.0, 123.75, 27220.0, 0.0
1249, 1.0, 0.0, 0.0, 0.0, 0.0, 123.5, 27182.0, 0.0
1250, 1.0, 0.0, 0.0, 0.0, 0.0, 123.0, 27156.75, 0.0
1251, 1.0, 0.0, 0.0, 0.0, 0.0, 122.75, 27127.75, 0.0
1252, 1.0, 0.0, 0.0, 0.0, 0.0, 122.5, 27093.0, 0.0
1253, 1.0, 0.0, 0.0, 0.0, 0.0, 122.25, 27062.75, 0.0
1254, 1.0, 0.0, 0.0, 0.0, 0.0, 122.25, 27033.25, 0.0
1255, 1.0, 0.0, 0.0, 0.0, 0.0, 122.25, 27002.25, 0.0
1256, 1.0, 0.0, 0.0, 0.0, 0.0, 121.75, 26969.5, 0.0
1257, 1.0, 0.0, 0.0, 0.0, 0.0, 121.25, 26934.5, 0.0
1258, 1.0, 0.0, 0.0, 0.0, 0.0, 121.25, 26904.25, 0.0
1259, 1.0, 0.0, 0.0, 0.0, 0.0, 121.25, 26873.75, 0.0
1260, 1.0, 0.0, 0.0, 0.0, 0.0, 121.0, 26846.25, 0.0
1261, 1.0, 0.0, 0.0, 0.0, 0.0, 120.5, 26812.25, 0.0
1262, 1.0, 0.0, 0.0, 0.0, 0.0, 120.5, 26776.25, 0.0
1263, 1.0, 0.0, 0.0, 0.0, 0.0, 120.5, 26747.0, 0.0
1264, 1.0, 0.0, 0.0, 0.0, 0.0, 120.25, 26714.0, 0.0
1265, 1.0, 0.0, 0.0, 0.0, 0.0, 120.0, 26687.0, 0.0
1266, 1.0, 0.0, 0.0, 0.0, 0.0, 120.0, 26652.5, 0.0
1267, 1.0, 0.0, 0.0, 0.0, 0.0, 119.75, 26624.25, 0.0
1268, 1.0, 0.0, 0.0, 0.0, 0.0, 119.75, 26595.0, 0.0
1269, 1.0, 0.0, 0.0, 0.0, 0.0, 119.0, 26568.5, 0.0
1270, 1.0, 0.0, 0.0, 0.0, 0.0, 118.75, 26545.0, 0.0
1271, 1.0, 0.0, 0.0, 0.0, 0.0, 118.75, 26518.5, 0.0
1272, 1.0, 0.0, 0.0, 0.0, 1.0, 117.33333, 26518.25, 0.0
1273, 1.0, 0.0, 0.0, 0.0, 0.0, 117.0, 26391.0, 0.0
1274, 1.0, 0.0, 0.0, 0.0, 0.0, 117.0, 26367.0, 0.0
1275, 1.0, 0.0, 0.0, 0.0, 0.0, 116.66667, 26336.66667, 0.0
1276, 1.0, 0.0, 0.0, 0.0, 0.0, 116.66667, 26305.33333, 0.0
1277, 1.0, 0.0, 0.0, 0.0, 0.0, 116.66667, 26278.0, 0.0
1278, 1.0, 0.0, 0.0, 0.0, 0.0, 116.66667, 26249.33333, 0.0
1279, 1.0, 0.0, 0.0, 0.0, 0.0, 116.33333, 26217.66667, 0.0
1280, 1.0, 0.0, 0.0, 0.0, 0.0, 116.33333, 26187.0, 0.0
1281, 1.0, 0.0, 0.0, 0.0, 0.0, 116.33333, 26155.33333, 0.0
1282, 1.0, 0.0, 0.0, 0.0, 0.0, 116.33333, 26127.0, 0.0
1283, 1.0, 0.0, 0.0, 0.0, 0.0, 116.0, 26097.66667, 0.0
1284, 1.0, 0.0, 0.0, 0.0, 0.0, 116.0, 26070.33333, 0.0
1285, 1.0, 0.0, 0.0, 0.0, 0.0, 115.66667, 26042.33333, 0.0
1286, 1.0, 0.0, 0.0, 0.0, 0.0, 115.33333, 26016.33333, 0.0
1287, 1.0, 0.0, 0.0, 0.0, 0.0, 115.33333, 25981.0, 0.0
1288, 1.0, 0.0, 0.0, 0.0, 0.0, 115.33333, 25947.0, 0.0
1289, 1.0, 0.0, 0.0, 0.0, 0.0, 115.33333, 25916.33333, 0.0
1290, 1.0, 0.0, 0.0, 0.0, 0.0, 115.33333, 25891.33333, 0.0
1291, 1.0, 0.0, 0.0, 0.0, 0.0, 115.33333, 25862.33333, 0.0
1292, 1.0, 0.0, 0.0, 0.0, 0.0, 115.0, 25832.33333, 0.0
1293, 1.0, 0.0, 0.0, 0.0, 0.0, 114.66667, 25807.0, 0.0
1294, 1.0, 0.0, 0.0, 0.0, 0.0, 114.66667, 25774.66667, 0.0
1295, 1.0, 0.0, 0.0, 0.0, 0.0, 114.33333, 25741.66667, 0.0
1296, 1.0, 0.0, 0.0, 0.0, 0.0, 114.33333, 25710.66667, 0.0
1297, 1.0, 0.0, 0.0, 0.0, 0.0, 114.0, 25677.66667, 0.0
1298, 1.0, 0.0, 0.0, 0.0, 0.0, 113.66667, 25650.66667, 0.0
1299, 1.0, 0.0, 0.0, 0.0, 1.0, 109.0, 25668.0, 0.0
1300, 1.0, 0.0, 0.0, 0.0, 0.0, 109.0, 25265.0, 0.0
1301, 1.0, 0.0, 0.0, 0.0, 0.0, 109.0, 25238.0, 0.0
1302, 1.0, 0.0, 0.0, 0.0, 0.0, 109.0, 25209.5, 0.0
1303, 1.0, 0.0, 0.0, 0.0, 0.0, 108.5, 25180.5, 0.0
1304, 1.0, 0.0, 0.0, 0.0, 0.0, 108.5, 25151.0, 0.0
1305, 1.0, 0.0, 0.0, 0.0, 0.0, 108.5, 25119.5, 0.0
1306, 1.0, 0.0, 0.0, 0.0, 0.0, 108.5, 25094.5, 0.0
1307, 1.0, 0.0, 0.0, 0.0, 0.0, 108.5, 25069.5, 0.0
1308, 1.0, 0.0, 0.0, 0.0, 0.0, 108.5, 25039.0, 0.0
1309, 1.0, 0.0, 0.0, 0.0, 0.0, 108.5, 25009.5, 0.0
1310, 1.0, 0.0, 0.0, 0.0, 0.0, 108.0, 24981.5, 0.0
1311, 1.0, 0.0, 0.0, 0.0, 0.0, 108.0, 24948.0, 0.0
1312, 1.0, 0.0, 0.0, 0.0, 0.0, 107.0, 24918.0, 0.0
1313, 1.0, 0.0, 0.0, 0.0, 0.0, 107.0, 24889.5, 0.0
1314, 1.0, 0.0, 0.0, 0.0, 0.0, 106.0, 24859.0, 0.0
1315, 1.0, 0.0, 0.0, 0.0, 0.0, 106.0, 24827.5, 0.0
1316, 1.0, 0.0, 0.0, 0.0, 0.0, 106.0, 24800.0, 0.0
1317, 1.0, 0.0, 0.0, 0.0, 0.0, 105.5, 24777.5, 0.0
1318, 1.0, 0.0, 0.0, 0.0, 0.0, 105.0, 24749.5, 0.0
1319, 1.0, 0.0, 0.0, 0.0, 0.0, 105.0, 24724.0, 0.0
1320, 1.0, 0.0, 0.0, 0.0, 0.0, 104.5, 24696.5, 0.0
1321, 1.0, 0.0, 0.0, 0.0, 0.0, 104.5, 24668.5, 0.0
1322, 1.0, 0.0, 0.0, 0.0, 0.0, 104.5, 24647.0, 0.0
1323, 1.0, 0.0, 0.0, 0.0, 0.0, 104.0, 24620.5, 0.0
1324, 1.0, 0.0, 0.0, 0.0, 0.0, 104.0, 24590.5, 0.0
1325, 1.0, 0.0, 0.0, 0.0, 0.0, 104.0, 24559.5, 0.0
1326, 1.0, 0.0, 0.0, 0.0, 0.0, 104.0, 24523.5, 0.0
1327, 1.0, 0.0, 0.0, 0.0, 0.0, 104.0, 24497.0, 0.0
1328, 1.0, 0.0, 0.0, 0.0, 0.0, 104.0, 24469.5, 0.0
1329, 1.0, 0.0, 0.0, 0.0, 0.0, 103.5, 24441.0, 0.0
1330, 1.0, 0.0, 0.0, 0.0, 0.0, 103.5, 24417.5, 0.0
1331, 1.0, 0.0, 0.0, 0.0, 0.0, 103.5, 24391.5, 0.0
1332, 1.0, 0.0, 0.0, 0.0, 0.0, 103.5, 24363.0, 0.0
1333, 1.0, 0.0, 0.0, 0.0, 0.0, 103.5, 24325.0, 0.0
1334, 1.0, 0.0, 0.0, 0.0, 0.0, 103.5, 24296.0, 0.0
1335, 1.0, 0.0, 0.0, 0.0, 0.0, 103.5, 24267.5, 0.0
1336, 1.0, 0.0, 0.0, 0.0, 0.0, 103.5, 24234.5, 0.0
1337, 1.0, 0.0, 0.0, 0.0, 0.0, 102.5, 24205.0, 0.0
1338, 1.0, 0.0, 0.0, 0.0, 0.0, 102.5, 24177.0, 0.0
1339, 1.0, 0.0, 0.0, 0.0, 0.0, 102.5, 24152.5, 0.0
1340, 1.0, 0.0, 0.0, 0.0, 0.0, 102.5, 24122.0, 0.0
1341, 1.0, 0.0, 0.0, 0.0, 0.0, 102.5, 24096.0, 0.0
1342, 1.0, 0.0, 0.0, 0.0, 0.0, 102.0, 24066.0, 0.0
1343, 1.0, 0.0, 0.0, 0.0, 0.0, 102.0, 24039.5, 0.0
1344, 1.0, 0.0, 0.0, 0.0, 0.0, 102.0, 24017.5, 0.0
1345, 1.0, 0.0, 0.0, 0.0, 0.0, 102.0, 23990.5, 0.0
1346, 1.0, 0.0, 0.0, 0.0, 0.0, 102.0, 23962.5, 0.0
1347, 1.0, 0.0, 0.0, 0.0, 0.0, 102.0, 23940.0, 0.0
1348, 1.0, 0.0, 0.0, 0.0, 0.0, 102.0, 23909.0, 0.0
1349, 1.0, 0.0, 0.0, 0.0, 0.0, 102.0, 23884.0, 0.0
1350, 1.0, 0.0, 0.0, 0.0, 0.0, 102.0, 23863.5, 0.0
1351, 1.0, 0.0, 0.0, 0.0, 0.0, 101.5, 23840.5, 0.0
1352, 1.0, 0.0, 0.0, 0.0, 0.0, 101.5, 23811.5, 0.0
1353, 1.0, 0.0, 0.0, 0.0, 0.0, 101.5, 23782.5, 0.0
1354, 1.0, 0.0, 0.0, 0.0, 0.0, 101.0, 23757.0, 0.0
1355, 1.0, 0.0, 0.0, 0.0, 0.0, 100.5, 23733.0, 0.0
1356, 1.0, 0.0, 0.0, 0.0, 0.0, 100.5, 23709.5, 0.0
1357, 1.0, 0.0, 0.0, 0.0, 0.0, 100.0, 23679.5, 0.0
1358, 1.0, 0.0, 0.0, 0.0, 0.0, 99.5, 23648.5, 0.0
1359, 1.0, 0.0, 0.0, 0.0, 0.0, 99.5, 23629.5, 0.0
1360, 1.0, 0.0, 0.0, 0.0, 0.0, 99.5, 23597.5, 0.0
1361, 1.0, 0.0, 0.0, 0.0, 0.0, 99.5, 23572.0, 0.0
1362, 1.0, 0.0, 0.0, 0.0, 0.0, 99.5, 23541.0, 0.0
1363, 1.0, 0.0, 0.0, 0.0, 0.0, 99.5, 23517.0, 0.0
1364, 1.0, 0.0, 0.0, 0.0, 0.0, 99.5, 23489.0, 0.0
1365, 1.0, 0.0, 0.0, 0.0, 0.0, 99.5, 23463.5, 0.0
1366, 1.0, 0.0, 0.0, 0.0, 0.0, 99.5, 23440.0, 0.0
1367, 1.0, 0.0, 0.0, 0.0, 0.0, 99.5, 23412.5, 0.0
1368, 1.0, 0.0, 0.0, 0.0, 0.0, 99.5, 23389.0, 0.0
1369, 1.0, 0.0, 0.0, 0.0, 0.0, 99.5, 23359.5, 0.0
1370, 1.0, 0.0, 0.0, 0.0, 0.0, 99.5, 23329.5, 0.0
1371, 1.0, 0.0, 0.0, 0.0, 0.0, 99.0, 23306.0, 0.0
1372, 1.0, 0.0, 0.0, 0.0, 0.0, 99.0, 23275.5, 0.0
1373, 1.0, 0.0, 0.0, 0.0, 0.0, 99.0, 23254.5, 0.0
1374, 1.0, 0.0, 0.0, 0.0, 0.0, 98.5, 23219.0, 0.0
1375, 1.0, 0.0, 0.0, 0.0, 0.0, 98.5, 23196.0, 0.0
1376, 1.0, 0.0, 0.0, 0.0, 0.0, 98.5, 23164.5, 0.0
1377, 1.0, 0.0, 0.0, 0.0, 0.0, 98.5, 23142.0, 0.0
1378, 1.0, 0.0, 0.0, 0.0, 1.0, 112.0, 23161.0, 0.0
1379, 1.0, 0.0, 0.0, 0.0, 0.0, 112.0, 22603.0, 0.0
1380, 1.0, 0.0, 0.0, 0.0, 0.0, 112.0, 22567.0, 0.0
1381, 1.0, 0.0, 0.0, 0.0, 0.0, 112.0, 22538.0, 0.0
1382, 0.0, 0.0, 0.0, 0.0, 1.0, 0.0, 22647.0, 0.0
