time, seeders, joined, request_count, response_size, left, awareness, bad_data, leechers
0, 1.0, 0.0, 0.0, 0.0, 0.0, 1001.0, 0.0, 0.0
1, 1000.0, 999.0, 486.84585, 22.49283, 0.0, 430834.346, 0.0, 0.0
2, 1000.0, 0.0, 0.0, 0.0, 0.0, 426010.744, 0.0, 0.0
3, 1000.0, 0.0, 0.0, 0.0, 0.0, 425937.808, 0.0, 0.0
4, 1000.0, 0.0, 0.0, 0.0, 0.0, 425844.912, 0.0, 0.0
5, 1000.0, 0.0, 0.0, 0.0, 0.0, 425730.432, 0.0, 0.0
6, 1000.0, 0.0, 0.0, 0.0, 0.0, 425594.812, 0.0, 0.0
7, 1000.0, 0.0, 0.0, 0.0, 0.0, 425441.256, 0.0, 0.0
8, 1000.0, 0.0, 0.0, 0.0, 0.0, 425267.846, 0.0, 0.0
9, 1000.0, 0.0, 0.0, 0.0, 0.0, 425076.024, 0.0, 0.0
10, 1000.0, 0.0, 0.0, 0.0, 0.0, 424866.588, 0.0, 0.0
11, 1000.0, 0.0, 0.0, 0.0, 0.0, 423920.69, 0.0, 0.0
12, 1000.0, 0.0, 0.0, 0.0, 0.0, 422932.586, 0.0, 0.0
13, 1000.0, 0.0, 0.0, 0.0, 0.0, 421960.79, 0.0, 0.0
14, 1000.0, 0.0, 0.0, 0.0, 0.0, 421001.532, 0.0, 0.0
15, 1000.0, 0.0, 0.0, 0.0, 0.0, 420056.56, 0.0, 0.0
16, 1000.0, 0.0, 0.0, 0.0, 0.0, 419120.39, 0.0, 0.0
17, 1000.0, 0.0, 0.0, 0.0, 0.0, 418199.546, 0.0, 0.0
18, 1000.0, 0.0, 0.0, 0.0, 0.0, 417287.62, 0.0, 0.0
19, 1000.0, 0.0, 0.0, 0.0, 0.0, 416386.494, 0.0, 0.0
20, 1000.0, 0.0, 0.0, 0.0, 0.0, 415496.044, 0.0, 0.0
21, 1000.0, 0.0, 0.0, 0.0, 0.0, 414605.372, 0.0, 0.0
22, 1000.0, 0.0, 0.0, 0.0, 0.0, 413714.978, 0.0, 0.0
23, 1000.0, 0.0, 0.0, 0.0, 0.0, 412828.144, 0.0, 0.0
24, 1000.0, 0.0, 0.0, 0.0, 0.0, 411940.248, 0.0, 0.0
25, 1000.0, 0.0, 0.0, 0.0, 0.0, 411055.044, 0.0, 0.0
26, 1000.0, 0.0, 0.0, 0.0, 0.0, 410169.486, 0.0, 0.0
27, 1000.0, 0.0, 0.0, 0.0, 0.0, 409286.854, 0.0, 0.0
28, 1000.0, 0.0, 0.0, 0.0, 0.0, 408406.62, 0.0, 0.0
29, 1000.0, 0.0, 0.0, 0.0, 0.0, 407526.554, 0.0, 0.0
30, 1000.0, 0.0, 0.0, 0.0, 0.0, 406650.306, 0.0, 0.0
31, 1000.0, 0.0, 0.0, 0.0, 0.0, 405775.07, 0.0, 0.0
32, 1000.0, 0.0, 0.0, 0.0, 0.0, 404900.012, 0.0, 0.0
33, 1000.0, 0.0, 0.0, 0.0, 0.0, 404028.62, 0.0, 0.0
34, 1000.0, 0.0, 0.0, 0.0, 0.0, 403160.706, 0.0, 0.0
35, 1000.0, 0.0, 0.0, 0.0, 0.0, 402294.096, 0.0, 0.0
36, 1000.0, 0.0, 0.0, 0.0, 0.0, 401429.374, 0.0, 0.0
37, 1000.0, 0.0, 0.0, 0.0, 0.0, 400567.47, 0.0, 0.0
38, 1000.0, 0.0, 0.0, 0.0, 0.0, 399703.908, 0.0, 0.0
39, 1000.0, 0.0, 0.0, 0.0, 0.0, 398844.5, 0.0, 0.0
40, 1000.0, 0.0, 0.0, 0.0, 0.0, 397988.194, 0.0, 0.0
41, 1000.0, 0.0, 0.0, 0.0, 0.0, 397131.174, 0.0, 0.0
42, 1000.0, 0.0, 0.0, 0.0, 0.0, 396278.518, 0.0, 0.0
43, 1000.0, 0.0, 0.0, 0.0, 0.0, 395426.068, 0.0, 0.0
44, 1000.0, 0.0, 0.0, 0.0, 0.0, 394574.88, 0.0, 0.0
45, 1000.0, 0.0, 0.0, 0.0, 0.0, 393725.528, 0.0, 0.0
46, 1000.0, 0.0, 0.0, 0.0, 0.0, 392878.466, 0.0, 0.0
47, 1000.0, 0.0, 0.0, 0.0, 0.0, 392037.238, 0.0, 0.0
48, 1000.0, 0.0, 0.0, 0.0, 0.0, 391196.112, 0.0, 0.0
49, 1000.0, 0.0, 0.0, 0.0, 0.0, 390357.124, 0.0, 0.0
50, 1000.0, 0.0, 0.0, 0.0, 0.0, 389516.62, 0.0, 0.0
51, 1000.0, 0.0, 0.0, 0.0, 0.0, 388676.254, 0.0, 0.0
52, 1000.0, 0.0, 0.0, 0.0, 0.0, 387840.204, 0.0, 0.0
53, 1000.0, 0.0, 0.0, 0.0, 0.0, 387005.41, 0.0, 0.0
54, 1000.0, 0.0, 0.0, 0.0, 0.0, 386174.07, 0.0, 0.0
55, 1000.0, 0.0, 0.0, 0.0, 0.0, 385344.938, 0.0, 0.0
56, 1000.0, 0.0, 0.0, 0.0, 0.0, 384516.064, 0.0, 0.0
57, 1000.0, 0.0, 0.0, 0.0, 0.0, 383686.788, 0.0, 0.0
58, 1000.0, 0.0, 0.0, 0.0, 0.0, 382861.602, 0.0, 0.0
59, 1000.0, 0.0, 0.0, 0.0, 0.0, 382037.202, 0.0, 0.0
60, 1000.0, 0.0, 0.0, 0.0, 0.0, 381215.96, 0.0, 0.0
61, 1000.0, 0.0, 0.0, 0.0, 0.0, 380398.384, 0.0, 0.0
62, 1000.0, 0.0, 0.0, 0.0, 0.0, 379580.328, 0.0, 0.0
63, 1000.0, 0.0, 0.0, 0.0, 0.0, 378764.014, 0.0, 0.0
64, 1000.0, 0.0, 0.0, 0.0, 0.0, 377948.624, 0.0, 0.0
65, 1000.0, 0.0, 0.0, 0.0, 0.0, 377133.882, 0.0, 0.0
66, 1000.0, 0.0, 0.0, 0.0, 0.0, 376323.118, 0.0, 0.0
67, 1000.0, 0.0, 0.0, 0.0, 0.0, 375513.362, 0.0, 0.0
68, 1000.0, 0.0, 0.0, 0.0, 0.0, 374706.072, 0.0, 0.0
69, 1000.0, 0.0, 0.0, 0.0, 0.0, 373900.672, 0.0, 0.0
70, 1000.0, 0.0, 0.0, 0.0, 0.0, 373098.858, 0.0, 0.0
71, 1000.0, 0.0, 0.0, 0.0, 0.0, 372297.394, 0.0, 0.0
72, 1000.0, 0.0, 0.0, 0.0, 0.0, 371495.964, 0.0, 0.0
73, 1000.0, 0.0, 0.0, 0.0, 0.0, 370698.77, 0.0, 0.0
74, 1000.0, 0.0, 0.0, 0.0, 0.0, 369899.23, 0.0, 0.0
75, 1000.0, 0.0, 0.0, 0.0, 0.0, 369103.034, 0.0, 0.0
76, 1000.0, 0.0, 0.0, 0.0, 0.0, 368311.51, 0.0, 0.0
77, 1000.0, 0.0, 0.0, 0.0, 0.0, 367518.746, 0.0, 0.0
78, 1000.0, 0.0, 0.0, 0.0, 0.0, 366729.908, 0.0, 0.0
79, 1000.0, 0.0, 0.0, 0.0, 0.0, 365941.266, 0.0, 0.0
80, 1000.0, 0.0, 0.0, 0.0, 0.0, 365153.516, 0.0, 0.0
81, 1000.0, 0.0, 0.0, 0.0, 0.0, 364368.252, 0.0, 0.0
82, 1000.0, 0.0, 0.0, 0.0, 0.0, 363585.808, 0.0, 0.0
83, 1000.0, 0.0, 0.0, 0.0, 0.0, 362803.116, 0.0, 0.0
84, 1000.0, 0.0, 0.0, 0.0, 0.0, 362022.97, 0.0, 0.0
85, 1000.0, 0.0, 0.0, 0.0, 0.0, 361243.298, 0.0, 0.0
86, 1000.0, 0.0, 0.0, 0.0, 0.0, 360465.696, 0.0, 0.0
87, 1000.0, 0.0, 0.0, 0.0, 0.0, 359689.734, 0.0, 0.0
88, 1000.0, 0.0, 0.0, 0.0, 0.0, 358914.462, 0.0, 0.0
89, 1000.0, 0.0, 0.0, 0.0, 0.0, 358141.792, 0.0, 0.0
90, 1000.0, 0.0, 0.0, 0.0, 0.0, 357370.72, 0.0, 0.0
91, 1000.0, 0.0, 0.0, 0.0, 0.0, 356600.766, 0.0, 0.0
92, 1000.0, 0.0, 0.0, 0.0, 0.0, 355833.03, 0.0, 0.0
93, 1000.0, 0.0, 0.0, 0.0, 0.0, 355066.334, 0.0, 0.0
94, 1000.0, 0.0, 0.0, 0.0, 0.0, 354303.724, 0.0, 0.0
95, 1000.0, 0.0, 0.0, 0.0, 0.0, 353541.172, 0.0, 0.0
96, 1000.0, 0.0, 0.0, 0.0, 0.0, 352782.152, 0.0, 0.0
97, 1000.0, 0.0, 0.0, 0.0, 0.0, 352023.538, 0.0, 0.0
98, 1000.0, 0.0, 0.0, 0.0, 0.0, 351267.85, 0.0, 0.0
99, 1000.0, 0.0, 0.0, 0.0, 0.0, 350513.138, 0.0, 0.0
100, 1000.0, 0.0, 0.0, 0.0, 0.0, 349760.6, 0.0, 0.0
101, 1000.0, 0.0, 0.0, 0.0, 0.0, 349008.162, 0.0, 0.0
102, 1000.0, 0.0, 0.0, 0.0, 0.0, 348255.396, 0.0, 0.0
103, 1000.0, 0.0, 0.0, 0.0, 0.0, 347507.64, 0.0, 0.0
104, 1000.0, 0.0, 0.0, 0.0, 0.0, 346760.062, 0.0, 0.0
105, 1000.0, 0.0, 0.0, 0.0, 0.0, 346014.088, 0.0, 0.0
106, 1000.0, 0.0, 0.0, 0.0, 0.0, 345270.32, 0.0, 0.0
107, 1000.0, 0.0, 0.0, 0.0, 0.0, 344528.368, 0.0, 0.0
108, 1000.0, 0.0, 0.0, 0.0, 0.0, 343786.202, 0.0, 0.0
109, 1000.0, 0.0, 0.0, 0.0, 0.0, 343048.156, 0.0, 0.0
110, 1000.0, 0.0, 0.0, 0.0, 0.0, 342309.946, 0.0, 0.0
111, 1000.0, 0.0, 0.0, 0.0, 0.0, 341573.216, 0.0, 0.0
112, 1000.0, 0.0, 0.0, 0.0, 0.0, 340840.932, 0.0, 0.0
113, 1000.0, 0.0, 0.0, 0.0, 0.0, 340109.068, 0.0, 0.0
114, 1000.0, 0.0, 0.0, 0.0, 0.0, 339377.566, 0.0, 0.0
115, 1000.0, 0.0, 0.0, 0.0, 0.0, 338647.82, 0.0, 0.0
116, 1000.0, 0.0, 0.0, 0.0, 0.0, 337920.246, 0.0, 0.0
117, 1000.0, 0.0, 0.0, 0.0, 0.0, 337194.004, 0.0, 0.0
118, 1000.0, 0.0, 0.0, 0.0, 0.0, 336470.84, 0.0, 0.0
119, 1000.0, 0.0, 0.0, 0.0, 0.0, 335748.878, 0.0, 0.0
120, 1000.0, 0.0, 0.0, 0.0, 0.0, 335027.894, 0.0, 0.0
121, 1000.0, 0.0, 0.0, 0.0, 0.0, 334306.594, 0.0, 0.0
122, 1000.0, 0.0, 0.0, 0.0, 0.0, 333588.442, 0.0, 0.0
123, 1000.0, 0.0, 0.0, 0.0, 0.0, 332873.442, 0.0, 0.0
124, 1000.0, 0.0, 0.0, 0.0, 0.0, 332158.042, 0.0, 0.0
125, 1000.0, 0.0, 0.0, 0.0, 0.0, 331445.982, 0.0, 0.0
126, 1000.0, 0.0, 0.0, 0.0, 0.0, 330735.04, 0.0, 0.0
127, 1000.0, 0.0, 0.0, 0.0, 0.0, 330024.5, 0.0, 0.0
128, 1000.0, 0.0, 0.0, 0.0, 0.0, 329315.94, 0.0, 0.0
129, 1000.0, 0.0, 0.0, 0.0, 0.0, 328606.548, 0.0, 0.0
130, 1000.0, 0.0, 0.0, 0.0, 0.0, 327901.698, 0.0, 0.0
131, 1000.0, 0.0, 0.0, 0.0, 0.0, 327197.346, 0.0, 0.0
132, 1000.0, 0.0, 0.0, 0.0, 0.0, 326493.748, 0.0, 0.0
133, 1000.0, 0.0, 0.0, 0.0, 0.0, 325791.57, 0.0, 0.0
134, 1000.0, 0.0, 0.0, 0.0, 0.0, 325090.612, 0.0, 0.0
135, 1000.0, 0.0, 0.0, 0.0, 0.0, 324391.306, 0.0, 0.0
136, 1000.0, 0.0, 0.0, 0.0, 0.0, 323691.776, 0.0, 0.0
137, 1000.0, 0.0, 0.0, 0.0, 0.0, 322997.226, 0.0, 0.0
138, 1000.0, 0.0, 0.0, 0.0, 0.0, 322303.178, 0.0, 0.0
139, 1000.0, 0.0, 0.0, 0.0, 0.0, 321610.606, 0.0, 0.0
140, 1000.0, 0.0, 0.0, 0.0, 0.0, 320918.578, 0.0, 0.0
141, 1000.0, 0.0, 0.0, 0.0, 0.0, 320227.484, 0.0, 0.0
142, 1000.0, 0.0, 0.0, 0.0, 0.0, 319539.236, 0.0, 0.0
143, 1000.0, 0.0, 0.0, 0.0, 0.0, 318850.202, 0.0, 0.0
144, 1000.0, 0.0, 0.0, 0.0, 0.0, 318164.692, 0.0, 0.0
145, 1000.0, 0.0, 0.0, 0.0, 0.0, 317479.998, 0.0, 0.0
146, 1000.0, 0.0, 0.0, 0.0, 0.0, 316796.916, 0.0, 0.0
147, 1000.0, 0.0, 0.0, 0.0, 0.0, 316115.96, 0.0, 0.0
148, 1000.0, 0.0, 0.0, 0.0, 0.0, 315437.464, 0.0, 0.0
149, 1000.0, 0.0, 0.0, 0.0, 0.0, 314760.11, 0.0, 0.0
150, 1000.0, 0.0, 0.0, 0.0, 0.0, 314081.96, 0.0, 0.0
151, 1000.0, 0.0, 0.0, 0.0, 0.0, 313408.998, 0.0, 0.0
152, 1000.0, 0.0, 0.0, 0.0, 0.0, 312736.324, 0.0, 0.0
153, 1000.0, 0.0, 0.0, 0.0, 0.0, 312064.64, 0.0, 0.0
154, 1000.0, 0.0, 0.0, 0.0, 0.0, 311393.354, 0.0, 0.0
155, 1000.0, 0.0, 0.0, 0.0, 0.0, 310724.722, 0.0, 0.0
156, 1000.0, 0.0, 0.0, 0.0, 0.0, 310058.374, 0.0, 0.0
157, 1000.0, 0.0, 0.0, 0.0, 0.0, 309392.3, 0.0, 0.0
158, 1000.0, 0.0, 0.0, 0.0, 0.0, 308728.14, 0.0, 0.0
159, 1000.0, 0.0, 0.0, 0.0, 0.0, 308063.656, 0.0, 0.0
160, 1000.0, 0.0, 0.0, 0.0, 0.0, 307402.326, 0.0, 0.0
161, 1000.0, 0.0, 0.0, 0.0, 0.0, 306740.944, 0.0, 0.0
162, 1000.0, 0.0, 0.0, 0.0, 0.0, 306082.228, 0.0, 0.0
163, 1000.0, 0.0, 0.0, 0.0, 0.0, 305424.276, 0.0, 0.0
164, 1000.0, 0.0, 0.0, 0.0, 0.0, 304769.008, 0.0, 0.0
165, 1000.0, 0.0, 0.0, 0.0, 0.0, 304112.534, 0.0, 0.0
166, 1000.0, 0.0, 0.0, 0.0, 0.0, 303459.598, 0.0, 0.0
167, 1000.0, 0.0, 0.0, 0.0, 0.0, 302806.374, 0.0, 0.0
168, 1000.0, 0.0, 0.0, 0.0, 0.0, 302154.164, 0.0, 0.0
169, 1000.0, 0.0, 0.0, 0.0, 0.0, 301506.218, 0.0, 0.0
170, 1000.0, 0.0, 0.0, 0.0, 0.0, 300858.328, 0.0, 0.0
171, 1000.0, 0.0, 0.0, 0.0, 0.0, 300212.072, 0.0, 0.0
172, 1000.0, 0.0, 0.0, 0.0, 0.0, 299566.888, 0.0, 0.0
173, 1000.0, 0.0, 0.0, 0.0, 0.0, 298923.426, 0.0, 0.0
174, 1000.0, 0.0, 0.0, 0.0, 0.0, 298280.78, 0.0, 0.0
175, 1000.0, 0.0, 0.0, 0.0, 0.0, 297638.726, 0.0, 0.0
176, 1000.0, 0.0, 0.0, 0.0, 0.0, 296997.858, 0.0, 0.0
177, 1000.0, 0.0, 0.0, 0.0, 0.0, 296359.128, 0.0, 0.0
178, 1000.0, 0.0, 0.0, 0.0, 0.0, 295722.11, 0.0, 0.0
179, 1000.0, 0.0, 0.0, 0.0, 0.0, 295087.056, 0.0, 0.0
180, 1000.0, 0.0, 0.0, 0.0, 0.0, 294453.456, 0.0, 0.0
181, 1000.0, 0.0, 0.0, 0.0, 0.0, 293820.902, 0.0, 0.0
182, 1000.0, 0.0, 0.0, 0.0, 0.0, 293189.118, 0.0, 0.0
183, 1000.0, 0.0, 0.0, 0.0, 0.0, 292557.984, 0.0, 0.0
184, 1000.0, 0.0, 0.0, 0.0, 0.0, 291932.064, 0.0, 0.0
185, 1000.0, 0.0, 0.0, 0.0, 0.0, 291304.816, 0.0, 0.0
186, 1000.0, 0.0, 0.0, 0.0, 0.0, 290676.726, 0.0, 0.0
187, 1000.0, 0.0, 0.0, 0.0, 0.0, 290050.516, 0.0, 0.0
188, 1000.0, 0.0, 0.0, 0.0, 0.0, 289428.158, 0.0, 0.0
189, 1000.0, 0.0, 0.0, 0.0, 0.0, 288804.758, 0.0, 0.0
190, 1000.0, 0.0, 0.0, 0.0, 0.0, 288185.098, 0.0, 0.0
191, 1000.0, 0.0, 0.0, 0.0, 0.0, 287568.446, 0.0, 0.0
192, 1000.0, 0.0, 0.0, 0.0, 0.0, 286950.954, 0.0, 0.0
193, 1000.0, 0.0, 0.0, 0.0, 0.0, 286335.76, 0.0, 0.0
194, 1000.0, 0.0, 0.0, 0.0, 0.0, 285721.322, 0.0, 0.0
195, 1000.0, 0.0, 0.0, 0.0, 0.0, 285105.03, 0.0, 0.0
196, 1000.0, 0.0, 0.0, 0.0, 0.0, 284493.758, 0.0, 0.0
197, 1000.0, 0.0, 0.0, 0.0, 0.0, 283885.314, 0.0, 0.0
198, 1000.0, 0.0, 0.0, 0.0, 0.0, 283275.456, 0.0, 0.0
199, 1000.0, 0.0, 0.0, 0.0, 0.0, 282665.538, 0.0, 0.0
200, 1000.0, 0.0, 0.0, 0.0, 0.0, 282055.706, 0.0, 0.0
201, 1000.0, 0.0, 0.0, 0.0, 0.0, 281450.432, 0.0, 0.0
202, 1000.0, 0.0, 0.0, 0.0, 0.0, 280846.266, 0.0, 0.0
203, 1000.0, 0.0, 0.0, 0.0, 0.0, 280245.118, 0.0, 0.0
204, 1000.0, 0.0, 0.0, 0.0, 0.0, 279641.02, 0.0, 0.0
205, 1000.0, 0.0, 0.0, 0.0, 0.0, 279038.158, 0.0, 0.0
206, 1000.0, 0.0, 0.0, 0.0, 0.0, 278438.514, 0.0, 0.0
207, 1000.0, 0.0, 0.0, 0.0, 0.0, 277838.784, 0.0, 0.0
208, 1000.0, 0.0, 0.0, 0.0, 0.0, 277242.514, 0.0, 0.0
209, 1000.0, 0.0, 0.0, 0.0, 0.0, 276648.784, 0.0, 0.0
210, 1000.0, 0.0, 0.0, 0.0, 0.0, 276053.142, 0.0, 0.0
211, 1000.0, 0.0, 0.0, 0.0, 0.0, 275460.006, 0.0, 0.0
212, 1000.0, 0.0, 0.0, 0.0, 0.0, 274868.602, 0.0, 0.0
213, 1000.0, 0.0, 0.0, 0.0, 0.0, 274276.586, 0.0, 0.0
214, 1000.0, 0.0, 0.0, 0.0, 0.0, 273687.566, 0.0, 0.0
215, 1000.0, 0.0, 0.0, 0.0, 0.0, 273099.678, 0.0, 0.0
216, 1000.0, 0.0, 0.0, 0.0, 0.0, 272512.548, 0.0, 0.0
217, 1000.0, 0.0, 0.0, 0.0, 0.0, 271926.798, 0.0, 0.0
218, 1000.0, 0.0, 0.0, 0.0, 0.0, 271344.242, 0.0, 0.0
219, 1000.0, 0.0, 0.0, 0.0, 0.0, 270761.782, 0.0, 0.0
220, 1000.0, 0.0, 0.0, 0.0, 0.0, 270180.362, 0.0, 0.0
221, 1000.0, 0.0, 0.0, 0.0, 0.0, 269599.554, 0.0, 0.0
222, 1000.0, 0.0, 0.0, 0.0, 0.0, 269019.324, 0.0, 0.0
223, 1000.0, 0.0, 0.0, 0.0, 0.0, 268440.754, 0.0, 0.0
224, 1000.0, 0.0, 0.0, 0.0, 0.0, 267863.728, 0.0, 0.0
225, 1000.0, 0.0, 0.0, 0.0, 0.0, 267287.23, 0.0, 0.0
226, 1000.0, 0.0, 0.0, 0.0, 0.0, 266712.372, 0.0, 0.0
227, 1000.0, 0.0, 0.0, 0.0, 0.0, 266139.67, 0.0, 0.0
228, 1000.0, 0.0, 0.0, 0.0, 0.0, 265566.968, 0.0, 0.0
229, 1000.0, 0.0, 0.0, 0.0, 0.0, 264997.626, 0.0, 0.0
230, 1000.0, 0.0, 0.0, 0.0, 0.0, 264427.324, 0.0, 0.0
231, 1000.0, 0.0, 0.0, 0.0, 0.0, 263857.422, 0.0, 0.0
232, 1000.0, 0.0, 0.0, 0.0, 0.0, 263289.474, 0.0, 0.0
233, 1000.0, 0.0, 0.0, 0.0, 0.0, 262723.574, 0.0, 0.0
234, 1000.0, 0.0, 0.0, 0.0, 0.0, 262159.678, 0.0, 0.0
235, 1000.0, 0.0, 0.0, 0.0, 0.0, 261597.906, 0.0, 0.0
236, 1000.0, 0.0, 0.0, 0.0, 0.0, 261037.262, 0.0, 0.0
237, 1000.0, 0.0, 0.0, 0.0, 0.0, 260475.492, 0.0, 0.0
238, 1000.0, 0.0, 0.0, 0.0, 0.0, 259916.956, 0.0, 0.0
239, 1000.0, 0.0, 0.0, 0.0, 0.0, 259358.636, 0.0, 0.0
240, 1000.0, 0.0, 0.0, 0.0, 0.0, 258800.4, 0.0, 0.0
241, 1000.0, 0.0, 0.0, 0.0, 0.0, 258246.662, 0.0, 0.0
242, 1000.0, 0.0, 0.0, 0.0, 0.0, 257691.24, 0.0, 0.0
243, 1000.0, 0.0, 0.0, 0.0, 0.0, 257135.298, 0.0, 0.0
244, 1000.0, 0.0, 0.0, 0.0, 0.0, 256583.088, 0.0, 0.0
245, 1000.0, 0.0, 0.0, 0.0, 0.0, 256031.076, 0.0, 0.0
246, 1000.0, 0.0, 0.0, 0.0, 0.0, 255481.858, 0.0, 0.0
247, 1000.0, 0.0, 0.0, 0.0, 0.0, 254933.334, 0.0, 0.0
248, 1000.0, 0.0, 0.0, 0.0, 0.0, 254385.738, 0.0, 0.0
249, 1000.0, 0.0, 0.0, 0.0, 0.0, 253838.948, 0.0, 0.0
250, 1000.0, 0.0, 0.0, 0.0, 0.0, 253293.924, 0.0, 0.0
251, 1000.0, 0.0, 0.0, 0.0, 0.0, 252748.78, 0.0, 0.0
252, 1000.0, 0.0, 0.0, 0.0, 0.0, 252205.398, 0.0, 0.0
253, 1000.0, 0.0, 0.0, 0.0, 0.0, 251664.136, 0.0, 0.0
254, 1000.0, 0.0, 0.0, 0.0, 0.0, 251124.688, 0.0, 0.0
255, 1000.0, 0.0, 0.0, 0.0, 0.0, 250586.594, 0.0, 0.0
256, 1000.0, 0.0, 0.0, 0.0, 0.0, 250051.5, 0.0, 0.0
257, 1000.0, 0.0, 0.0, 0.0, 0.0, 249513.808, 0.0, 0.0
258, 1000.0, 0.0, 0.0, 0.0, 0.0, 248978.202, 0.0, 0.0
259, 1000.0, 0.0, 0.0, 0.0, 0.0, 248441.414, 0.0, 0.0
260, 1000.0, 0.0, 0.0, 0.0, 0.0, 247907.634, 0.0, 0.0
261, 1000.0, 0.0, 0.0, 0.0, 0.0, 247376.234, 0.0, 0.0
262, 1000.0, 0.0, 0.0, 0.0, 0.0, 246842.918, 0.0, 0.0
263, 1000.0, 0.0, 0.0, 0.0, 0.0, 246312.602, 0.0, 0.0
264, 1000.0, 0.0, 0.0, 0.0, 0.0, 245785.528, 0.0, 0.0
265, 1000.0, 0.0, 0.0, 0.0, 0.0, 245257.472, 0.0, 0.0
266, 1000.0, 0.0, 0.0, 0.0, 0.0, 244731.194, 0.0, 0.0
267, 1000.0, 0.0, 0.0, 0.0, 0.0, 244206.048, 0.0, 0.0
268, 1000.0, 0.0, 0.0, 0.0, 0.0, 243681.076, 0.0, 0.0
269, 1000.0, 0.0, 0.0, 0.0, 0.0, 243159.494, 0.0, 0.0
270, 1000.0, 0.0, 0.0, 0.0, 0.0, 242635.812, 0.0, 0.0
271, 1000.0, 0.0, 0.0, 0.0, 0.0, 242114.78, 0.0, 0.0
272, 1000.0, 0.0, 0.0, 0.0, 0.0, 241594.472, 0.0, 0.0
273, 1000.0, 0.0, 0.0, 0.0, 0.0, 241075.634, 0.0, 0.0
274, 1000.0, 0.0, 0.0, 0.0, 0.0, 240556.198, 0.0, 0.0
275, 1000.0, 0.0, 0.0, 0.0, 0.0, 240039.186, 0.0, 0.0
276, 1000.0, 0.0, 0.0, 0.0, 0.0, 239523.674, 0.0, 0.0
277, 1000.0, 0.0, 0.0, 0.0, 0.0, 239011.398, 0.0, 0.0
278, 1000.0, 0.0, 0.0, 0.0, 0.0, 238499.036, 0.0, 0.0
279, 1000.0, 0.0, 0.0, 0.0, 0.0, 237985.72, 0.0, 0.0
280, 1000.0, 0.0, 0.0, 0.0, 0.0, 237474.664, 0.0, 0.0
281, 1000.0, 0.0, 0.0, 0.0, 0.0, 236965.926, 0.0, 0.0
282, 1000.0, 0.0, 0.0, 0.0, 0.0, 236458.258, 0.0, 0.0
283, 1000.0, 0.0, 0.0, 0.0, 0.0, 235950.586, 0.0, 0.0
284, 1000.0, 0.0, 0.0, 0.0, 0.0, 235443.148, 0.0, 0.0
285, 1000.0, 0.0, 0.0, 0.0, 0.0, 234935.892, 0.0, 0.0
286, 1000.0, 0.0, 0.0, 0.0, 0.0, 234432.478, 0.0, 0.0
287, 1000.0, 0.0, 0.0, 0.0, 0.0, 233929.4, 0.0, 0.0
288, 1000.0, 0.0, 0.0, 0.0, 0.0, 233427.126, 0.0, 0.0
289, 1000.0, 0.0, 0.0, 0.0, 0.0, 232925.838, 0.0, 0.0
290, 1000.0, 0.0, 0.0, 0.0, 0.0, 232425.78, 0.0, 0.0
291, 1000.0, 0.0, 0.0, 0.0, 0.0, 231928.07, 0.0, 0.0
292, 1000.0, 0.0, 0.0, 0.0, 0.0, 231430.978, 0.0, 0.0
293, 1000.0, 0.0, 0.0, 0.0, 0.0, 230934.336, 0.0, 0.0
294, 1000.0, 0.0, 0.0, 0.0, 0.0, 230437.898, 0.0, 0.0
295, 1000.0, 0.0, 0.0, 0.0, 0.0, 229944.006, 0.0, 0.0
296, 1000.0, 0.0, 0.0, 0.0, 0.0, 229450.886, 0.0, 0.0
297, 1000.0, 0.0, 0.0, 0.0, 0.0, 228958.714, 0.0, 0.0
298, 1000.0, 0.0, 0.0, 0.0, 0.0, 228467.6, 0.0, 0.0
299, 1000.0, 0.0, 0.0, 0.0, 0.0, 227976.746, 0.0, 0.0
300, 1000.0, 0.0, 0.0, 0.0, 0.0, 227488.126, 0.0, 0.0
301, 1000.0, 0.0, 0.0, 0.0, 0.0, 227000.362, 0.0, 0.0
302, 1000.0, 0.0, 0.0, 0.0, 0.0, 226511.8, 0.0, 0.0
303, 1000.0, 0.0, 0.0, 0.0, 0.0, 226024.206, 0.0, 0.0
304, 1000.0, 0.0, 0.0, 0.0, 0.0, 225539.182, 0.0, 0.0
305, 1000.0, 0.0, 0.0, 0.0, 0.0, 225051.56, 0.0, 0.0
306, 1000.0, 0.0, 0.0, 0.0, 0.0, 224569.892, 0.0, 0.0
307, 1000.0, 0.0, 0.0, 0.0, 0.0, 224088.984, 0.0, 0.0
308, 1000.0, 0.0, 0.0, 0.0, 0.0, 223608.094, 0.0, 0.0
309, 1000.0, 0.0, 0.0, 0.0, 0.0, 223131.164, 0.0, 0.0
310, 1000.0, 0.0, 0.0, 0.0, 0.0, 222649.98, 0.0, 0.0
311, 1000.0, 0.0, 0.0, 0.0, 0.0, 222171.006, 0.0, 0.0
312, 1000.0, 0.0, 0.0, 0.0, 0.0, 221693.296, 0.0, 0.0
313, 1000.0, 0.0, 0.0, 0.0, 0.0, 221216.796, 0.0, 0.0
314, 1000.0, 0.0, 0.0, 0.0, 0.0, 220741.808, 0.0, 0.0
315, 1000.0, 0.0, 0.0, 0.0, 0.0, 220268.232, 0.0, 0.0
316, 1000.0, 0.0, 0.0, 0.0, 0.0, 219795.076, 0.0, 0.0
317, 1000.0, 0.0, 0.0, 0.0, 0.0, 219321.386, 0.0, 0.0
318, 1000.0, 0.0, 0.0, 0.0, 0.0, 218850.42, 0.0, 0.0
319, 1000.0, 0.0, 0.0, 0.0, 0.0, 218380.136, 0.0, 0.0
320, 1000.0, 0.0, 0.0, 0.0, 0.0, 217910.958, 0.0, 0.0
321, 1000.0, 0.0, 0.0, 0.0, 0.0, 217442.228, 0.0, 0.0
322, 1000.0, 0.0, 0.0, 0.0, 0.0, 216974.204, 0.0, 0.0
323, 1000.0, 0.0, 0.0, 0.0, 0.0, 216508.074, 0.0, 0.0
324, 1000.0, 0.0, 0.0, 0.0, 0.0, 216041.36, 0.0, 0.0
325, 1000.0, 0.0, 0.0, 0.0, 0.0, 215577.178, 0.0, 0.0
326, 1000.0, 0.0, 0.0, 0.0, 0.0, 215113.706, 0.0, 0.0
327, 1000.0, 0.0, 0.0, 0.0, 0.0, 214652.222, 0.0, 0.0
328, 1000.0, 0.0, 0.0, 0.0, 0.0, 214193.012, 0.0, 0.0
329, 1000.0, 0.0, 0.0, 0.0, 0.0, 213732.968, 0.0, 0.0
330, 1000.0, 0.0, 0.0, 0.0, 0.0, 213273.504, 0.0, 0.0
331, 1000.0, 0.0, 0.0, 0.0, 0.0, 212814.936, 0.0, 0.0
332, 1000.0, 0.0, 0.0, 0.0, 0.0, 212356.53, 0.0, 0.0
333, 1000.0, 0.0, 0.0, 0.0, 0.0, 211902.732, 0.0, 0.0
334, 1000.0, 0.0, 0.0, 0.0, 0.0, 211447.65, 0.0, 0.0
335, 1000.0, 0.0, 0.0, 0.0, 0.0, 210992.848, 0.0, 0.0
336, 1000.0, 0.0, 0.0, 0.0, 0.0, 210540.346, 0.0, 0.0
337, 1000.0, 0.0, 0.0, 0.0, 0.0, 210088.904, 0.0, 0.0
338, 1000.0, 0.0, 0.0, 0.0, 0.0, 209636.772, 0.0, 0.0
339, 1000.0, 0.0, 0.0, 0.0, 0.0, 209186.812, 0.0, 0.0
340, 1000.0, 0.0, 0.0, 0.0, 0.0, 208736.604, 0.0, 0.0
341, 1000.0, 0.0, 0.0, 0.0, 0.0, 208288.208, 0.0, 0.0
342, 1000.0, 0.0, 0.0, 0.0, 0.0, 207839.57, 0.0, 0.0
343, 1000.0, 0.0, 0.0, 0.0, 0.0, 207392.76, 0.0, 0.0
344, 1000.0, 0.0, 0.0, 0.0, 0.0, 206947.33, 0.0, 0.0
345, 1000.0, 0.0, 0.0, 0.0, 0.0, 206503.442, 0.0, 0.0
346, 1000.0, 0.0, 0.0, 0.0, 0.0, 206057.936, 0.0, 0.0
347, 1000.0, 0.0, 0.0, 0.0, 0.0, 205616.452, 0.0, 0.0
348, 1000.0, 0.0, 0.0, 0.0, 0.0, 205175.582, 0.0, 0.0
349, 1000.0, 0.0, 0.0, 0.0, 0.0, 204734.278, 0.0, 0.0
350, 1000.0, 0.0, 0.0, 0.0, 0.0, 204295.552, 0.0, 0.0
351, 1000.0, 0.0, 0.0, 0.0, 0.0, 203856.612, 0.0, 0.0
352, 1000.0, 0.0, 0.0, 0.0, 0.0, 203417.922, 0.0, 0.0
353, 1000.0, 0.0, 0.0, 0.0, 0.0, 202981.85, 0.0, 0.0
354, 1000.0, 0.0, 0.0, 0.0, 0.0, 202547.378, 0.0, 0.0
355, 1000.0, 0.0, 0.0, 0.0, 0.0, 202113.188, 0.0, 0.0
356, 1000.0, 0.0, 0.0, 0.0, 0.0, 201679.786, 0.0, 0.0
357, 1000.0, 0.0, 0.0, 0.0, 0.0, 201248.452, 0.0, 0.0
358, 1000.0, 0.0, 0.0, 0.0, 0.0, 200816.524, 0.0, 0.0
359, 1000.0, 0.0, 0.0, 0.0, 0.0, 200385.536, 0.0, 0.0
360, 1000.0, 0.0, 0.0, 0.0, 0.0, 199955.496, 0.0, 0.0
361, 1000.0, 0.0, 0.0, 0.0, 0.0, 199526.232, 0.0, 0.0
362, 1000.0, 0.0, 0.0, 0.0, 0.0, 199097.932, 0.0, 0.0
363, 1000.0, 0.0, 0.0, 0.0, 0.0, 198671.04, 0.0, 0.0
364, 1000.0, 0.0, 0.0, 0.0, 0.0, 198245.09, 0.0, 0.0
365, 1000.0, 0.0, 0.0, 0.0, 0.0, 197818.094, 0.0, 0.0
366, 1000.0, 0.0, 0.0, 0.0, 0.0, 197392.242, 0.0, 0.0
367, 1000.0, 0.0, 0.0, 0.0, 0.0, 196968.52, 0.0, 0.0
368, 1000.0, 0.0, 0.0, 0.0, 0.0, 196546.842, 0.0, 0.0
369, 1000.0, 0.0, 0.0, 0.0, 0.0, 196125.736, 0.0, 0.0
370, 1000.0, 0.0, 0.0, 0.0, 0.0, 195705.846, 0.0, 0.0
371, 1000.0, 0.0, 0.0, 0.0, 0.0, 195286.026, 0.0, 0.0
372, 1000.0, 0.0, 0.0, 0.0, 0.0, 194867.482, 0.0, 0.0
373, 1000.0, 0.0, 0.0, 0.0, 0.0, 194450.586, 0.0, 0.0
374, 1000.0, 0.0, 0.0, 0.0, 0.0, 194032.876, 0.0, 0.0
375, 1000.0, 0.0, 0.0, 0.0, 0.0, 193617.294, 0.0, 0.0
376, 1000.0, 0.0, 0.0, 0.0, 0.0, 193202.052, 0.0, 0.0
377, 1000.0, 0.0, 0.0, 0.0, 0.0, 192787.814, 0.0, 0.0
378, 1000.0, 0.0, 0.0, 0.0, 0.0, 192374.554, 0.0, 0.0
379, 1000.0, 0.0, 0.0, 0.0, 0.0, 191963.14, 0.0, 0.0
380, 1000.0, 0.0, 0.0, 0.0, 0.0, 191552.788, 0.0, 0.0
381, 1000.0, 0.0, 0.0, 0.0, 0.0, 191141.598, 0.0, 0.0
382, 1000.0, 0.0, 0.0, 0.0, 0.0, 190731.382, 0.0, 0.0
383, 1000.0, 0.0, 0.0, 0.0, 0.0, 190321.692, 0.0, 0.0
384, 1000.0, 0.0, 0.0, 0.0, 0.0, 189913.88, 0.0, 0.0
385, 1000.0, 0.0, 0.0, 0.0, 0.0, 189507.436, 0.0, 0.0
386, 1000.0, 0.0, 0.0, 0.0, 0.0, 189100.738, 0.0, 0.0
387, 1000.0, 0.0, 0.0, 0.0, 0.0, 188693.62, 0.0, 0.0
388, 1000.0, 0.0, 0.0, 0.0, 0.0, 188289.746, 0.0, 0.0
389, 1000.0, 0.0, 0.0, 0.0, 0.0, 187886.076, 0.0, 0.0
390, 1000.0, 0.0, 0.0, 0.0, 0.0, 187483.234, 0.0, 0.0
391, 1000.0, 0.0, 0.0, 0.0, 0.0, 187081.182, 0.0, 0.0
392, 1000.0, 0.0, 0.0, 0.0, 0.0, 186678.87, 0.0, 0.0
393, 1000.0, 0.0, 0.0, 0.0, 0.0, 186279.332, 0.0, 0.0
394, 1000.0, 0.0, 0.0, 0.0, 0.0, 185879.196, 0.0, 0.0
395, 1000.0, 0.0, 0.0, 0.0, 0.0, 185480.514, 0.0, 0.0
396, 1000.0, 0.0, 0.0, 0.0, 0.0, 185082.572, 0.0, 0.0
397, 1000.0, 0.0, 0.0, 0.0, 0.0, 184685.334, 0.0, 0.0
398, 1000.0, 0.0, 0.0, 0.0, 0.0, 184290.304, 0.0, 0.0
399, 1000.0, 0.0, 0.0, 0.0, 0.0, 183894.276, 0.0, 0.0
400, 1000.0, 0.0, 0.0, 0.0, 0.0, 183498.808, 0.0, 0.0
401, 1000.0, 0.0, 0.0, 0.0, 0.0, 183107.056, 0.0, 0.0
402, 1000.0, 0.0, 0.0, 0.0, 0.0, 182713.786, 0.0, 0.0
403, 1000.0, 0.0, 0.0, 0.0, 0.0, 182321.208, 0.0, 0.0
404, 1000.0, 0.0, 0.0, 0.0, 0.0, 181930.452, 0.0, 0.0
405, 1000.0, 0.0, 0.0, 0.0, 0.0, 181539.96, 0.0, 0.0
406, 1000.0, 0.0, 0.0, 0.0, 0.0, 181149.98, 0.0, 0.0
407, 1000.0, 0.0, 0.0, 0.0, 0.0, 180761.412, 0.0, 0.0
408, 1000.0, 0.0, 0.0, 0.0, 0.0, 180373.57, 0.0, 0.0
409, 1000.0, 0.0, 0.0, 0.0, 0.0, 179986.974, 0.0, 0.0
410, 1000.0, 0.0, 0.0, 0.0, 0.0, 179601.302, 0.0, 0.0
411, 1000.0, 0.0, 0.0, 0.0, 0.0, 179218.02, 0.0, 0.0
412, 1000.0, 0.0, 0.0, 0.0, 0.0, 178833.738, 0.0, 0.0
413, 1000.0, 0.0, 0.0, 0.0, 0.0, 178450.762, 0.0, 0.0
414, 1000.0, 0.0, 0.0, 0.0, 0.0, 178068.54, 0.0, 0.0
415, 1000.0, 0.0, 0.0, 0.0, 0.0, 177687.122, 0.0, 0.0
416, 1000.0, 0.0, 0.0, 0.0, 0.0, 177305.456, 0.0, 0.0
417, 1000.0, 0.0, 0.0, 0.0, 0.0, 176923.638, 0.0, 0.0
418, 1000.0, 0.0, 0.0, 0.0, 0.0, 176542.952, 0.0, 0.0
419, 1000.0, 0.0, 0.0, 0.0, 0.0, 176165.33, 0.0, 0.0
420, 1000.0, 0.0, 0.0, 0.0, 0.0, 175786.658, 0.0, 0.0
421, 1000.0, 0.0, 0.0, 0.0, 0.0, 175409.536, 0.0, 0.0
422, 1000.0, 0.0, 0.0, 0.0, 0.0, 175033.586, 0.0, 0.0
423, 1000.0, 0.0, 0.0, 0.0, 0.0, 174658.39, 0.0, 0.0
424, 1000.0, 0.0, 0.0, 0.0, 0.0, 174284.862, 0.0, 0.0
425, 1000.0, 0.0, 0.0, 0.0, 0.0, 173911.168, 0.0, 0.0
426, 1000.0, 0.0, 0.0, 0.0, 0.0, 173539.032, 0.0, 0.0
427, 1000.0, 0.0, 0.0, 0.0, 0.0, 173166.982, 0.0, 0.0
428, 1000.0, 0.0, 0.0, 0.0, 0.0, 172793.616, 0.0, 0.0
429, 1000.0, 0.0, 0.0, 0.0, 0.0, 172424.46, 0.0, 0.0
430, 1000.0, 0.0, 0.0, 0.0, 0.0, 172055.12, 0.0, 0.0
431, 1000.0, 0.0, 0.0, 0.0, 0.0, 171686.53, 0.0, 0.0
432, 1000.0, 0.0, 0.0, 0.0, 0.0, 171317.712, 0.0, 0.0
433, 1000.0, 0.0, 0.0, 0.0, 0.0, 170949.99, 0.0, 0.0
434, 1000.0, 0.0, 0.0, 0.0, 0.0, 170582.148, 0.0, 0.0
435, 1000.0, 0.0, 0.0, 0.0, 0.0, 170215.11, 0.0, 0.0
436, 1000.0, 0.0, 0.0, 0.0, 0.0, 169851.228, 0.0, 0.0
437, 1000.0, 0.0, 0.0, 0.0, 0.0, 169485.812, 0.0, 0.0
438, 1000.0, 0.0, 0.0, 0.0, 0.0, 169123.932, 0.0, 0.0
439, 1000.0, 0.0, 0.0, 0.0, 0.0, 168761.992, 0.0, 0.0
440, 1000.0, 0.0, 0.0, 0.0, 0.0, 168399.536, 0.0, 0.0
441, 1000.0, 0.0, 0.0, 0.0, 0.0, 168038.5, 0.0, 0.0
442, 1000.0, 0.0, 0.0, 0.0, 0.0, 167677.27, 0.0, 0.0
443, 1000.0, 0.0, 0.0, 0.0, 0.0, 167317.78, 0.0, 0.0
444, 1000.0, 0.0, 0.0, 0.0, 0.0, 166959.68, 0.0, 0.0
445, 1000.0, 0.0, 0.0, 0.0, 0.0, 166602.106, 0.0, 0.0
446, 1000.0, 0.0, 0.0, 0.0, 0.0, 166245.952, 0.0, 0.0
447, 1000.0, 0.0, 0.0, 0.0, 0.0, 165889.51, 0.0, 0.0
448, 1000.0, 0.0, 0.0, 0.0, 0.0, 165534.548, 0.0, 0.0
449, 1000.0, 0.0, 0.0, 0.0, 0.0, 165179.868, 0.0, 0.0
450, 1000.0, 0.0, 0.0, 0.0, 0.0, 164825.372, 0.0, 0.0
451, 1000.0, 0.0, 0.0, 0.0, 0.0, 164471.732, 0.0, 0.0
452, 1000.0, 0.0, 0.0, 0.0, 0.0, 164118.18, 0.0, 0.0
453, 1000.0, 0.0, 0.0, 0.0, 0.0, 163767.344, 0.0, 0.0
454, 1000.0, 0.0, 0.0, 0.0, 0.0, 163416.23, 0.0, 0.0
455, 1000.0, 0.0, 0.0, 0.0, 0.0, 163065.32, 0.0, 0.0
456, 1000.0, 0.0, 0.0, 0.0, 0.0, 162716.356, 0.0, 0.0
457, 1000.0, 0.0, 0.0, 0.0, 0.0, 162367.234, 0.0, 0.0
458, 1000.0, 0.0, 0.0, 0.0, 0.0, 162019.892, 0.0, 0.0
459, 1000.0, 0.0, 0.0, 0.0, 0.0, 161672.472, 0.0, 0.0
460, 1000.0, 0.0, 0.0, 0.0, 0.0, 161326.822, 0.0, 0.0
461, 1000.0, 0.0, 0.0, 0.0, 0.0, 160980.794, 0.0, 0.0
462, 1000.0, 0.0, 0.0, 0.0, 0.0, 160635.186, 0.0, 0.0
463, 1000.0, 0.0, 0.0, 0.0, 0.0, 160290.812, 0.0, 0.0
464, 1000.0, 0.0, 0.0, 0.0, 0.0, 159948.2, 0.0, 0.0
465, 1000.0, 0.0, 0.0, 0.0, 0.0, 159606.832, 0.0, 0.0
466, 1000.0, 0.0, 0.0, 0.0, 0.0, 159266.642, 0.0, 0.0
467, 1000.0, 0.0, 0.0, 0.0, 0.0, 158926.414, 0.0, 0.0
468, 1000.0, 0.0, 0.0, 0.0, 0.0, 158585.774, 0.0, 0.0
469, 1000.0, 0.0, 0.0, 0.0, 0.0, 158245.272, 0.0, 0.0
470, 1000.0, 0.0, 0.0, 0.0, 0.0, 157905.586, 0.0, 0.0
471, 1000.0, 0.0, 0.0, 0.0, 0.0, 157566.972, 0.0, 0.0
472, 1000.0, 0.0, 0.0, 0.0, 0.0, 157229.296, 0.0, 0.0
473, 1000.0, 0.0, 0.0, 0.0, 0.0, 156891.724, 0.0, 0.0
474, 1000.0, 0.0, 0.0, 0.0, 0.0, 156555.328, 0.0, 0.0
475, 1000.0, 0.0, 0.0, 0.0, 0.0, 156220.764, 0.0, 0.0
476, 1000.0, 0.0, 0.0, 0.0, 0.0, 155886.376, 0.0, 0.0
477, 1000.0, 0.0, 0.0, 0.0, 0.0, 155552.048, 0.0, 0.0
478, 1000.0, 0.0, 0.0, 0.0, 0.0, 155218.288, 0.0, 0.0
479, 1000.0, 0.0, 0.0, 0.0, 0.0, 154885.042, 0.0, 0.0
480, 1000.0, 0.0, 0.0, 0.0, 0.0, 154552.608, 0.0, 0.0
