time, seeders, joined, request_count, response_size, left, awareness, bad_data, leechers
0, 1.0, 0.0, 0.0, 0.0, 0.0, 5000.996, 0.0, 0.0
1, 10.0, 9.0, 1218.44444, 1.40562, 0.0, 14385.564, 0.0, 0.0
2, 10.0, 0.0, 0.0, 0.0, 0.0, 14275.398, 0.0, 0.0
3, 10.0, 0.0, 0.0, 0.0, 0.0, 14272.812, 0.0, 0.0
4, 10.0, 0.0, 0.0, 0.0, 0.0, 14269.718, 0.0, 0.0
5, 10.0, 0.0, 0.0, 0.0, 0.0, 14265.816, 0.0, 0.0
6, 10.0, 0.0, 0.0, 0.0, 0.0, 14261.11, 0.0, 0.0
7, 10.0, 0.0, 0.0, 0.0, 0.0, 14255.662, 0.0, 0.0
8, 10.0, 0.0, 0.0, 0.0, 0.0, 14249.638, 0.0, 0.0
9, 10.0, 0.0, 0.0, 0.0, 0.0, 14243.236, 0.0, 0.0
10, 10.0, 0.0, 0.0, 0.0, 0.0, 14236.186, 0.0, 0.0
11, 10.0, 0.0, 0.0, 0.0, 0.0, 14204.178, 0.0, 0.0
12, 10.0, 0.0, 0.0, 0.0, 0.0, 14170.882, 0.0, 0.0
13, 10.0, 0.0, 0.0, 0.0, 0.0, 14138.408, 0.0, 0.0
14, 10.0, 0.0, 0.0, 0.0, 0.0, 14106.33, 0.0, 0.0
15, 10.0, 0.0, 0.0, 0.0, 0.0, 14074.692, 0.0, 0.0
16, 10.0, 0.0, 0.0, 0.0, 0.0, 14043.438, 0.0, 0.0
17, 10.0, 0.0, 0.0, 0.0, 0.0, 14012.464, 0.0, 0.0
18, 10.0, 0.0, 0.0, 0.0, 0.0, 13982.194, 0.0, 0.0
19, 10.0, 0.0, 0.0, 0.0, 0.0, 13952.314, 0.0, 0.0
20, 10.0, 0.0, 0.0, 0.0, 0.0, 13922.606, 0.0, 0.0
21, 10.0, 0.0, 0.0, 0.0, 0.0, 13892.934, 0.0, 0.0
22, 10.0, 0.0, 0.0, 0.0, 0.0, 13863.224, 0.0, 0.0
23, 10.0, 0.0, 0.0, 0.0, 0.0, 13833.384, 0.0, 0.0
24, 10.0, 0.0, 0.0, 0.0, 0.0, 13804.05, 0.0, 0.0
25, 10.0, 0.0, 0.0, 0.0, 0.0, 13774.474, 0.0, 0.0
26, 10.0, 0.0, 0.0, 0.0, 0.0, 13744.646, 0.0, 0.0
27, 10.0, 0.0, 0.0, 0.0, 0.0, 13715.38, 0.0, 0.0
28, 10.0, 0.0, 0.0, 0.0, 0.0, 13686.266, 0.0, 0.0
29, 10.0, 0.0, 0.0, 0.0, 0.0, 13656.712, 0.0, 0.0
30, 10.0, 0.0, 0.0, 0.0, 0.0, 13627.406, 0.0, 0.0
31, 10.0, 0.0, 0.0, 0.0, 0.0, 13597.96, 0.0, 0.0
32, 10.0, 0.0, 0.0, 0.0, 0.0, 13568.924, 0.0, 0.0
33, 10.0, 0.0, 0.0, 0.0, 0.0, 13539.272, 0.0, 0.0
34, 10.0, 0.0, 0.0, 0.0, 0.0, 13509.652, 0.0, 0.0
35, 10.0, 0.0, 0.0, 0.0, 0.0, 13480.67, 0.0, 0.0
36, 10.0, 0.0, 0.0, 0.0, 0.0, 13451.958, 0.0, 0.0
37, 10.0, 0.0, 0.0, 0.0, 0.0, 13423.25, 0.0, 0.0
38, 10.0, 0.0, 0.0, 0.0, 0.0, 13394.338, 0.0, 0.0
39, 10.0, 0.0, 0.0, 0.0, 0.0, 13365.394, 0.0, 0.0
40, 10.0, 0.0, 0.0, 0.0, 0.0, 13337.304, 0.0, 0.0
41, 10.0, 0.0, 0.0, 0.0, 0.0, 13308.428, 0.0, 0.0
42, 10.0, 0.0, 0.0, 0.0, 0.0, 13279.648, 0.0, 0.0
43, 10.0, 0.0, 0.0, 0.0, 0.0, 13251.046, 0.0, 0.0
44, 10.0, 0.0, 0.0, 0.0, 0.0, 13222.8, 0.0, 0.0
45, 10.0, 0.0, 0.0, 0.0, 0.0, 13194.522, 0.0, 0.0
46, 10.0, 0.0, 0.0, 0.0, 0.0, 13166.288, 0.0, 0.0
47, 10.0, 0.0, 0.0, 0.0, 0.0, 13137.89, 0.0, 0.0
48, 10.0, 0.0, 0.0, 0.0, 0.0, 13109.158, 0.0, 0.0
49, 10.0, 0.0, 0.0, 0.0, 0.0, 13081.436, 0.0, 0.0
50, 10.0, 0.0, 0.0, 0.0, 0.0, 13053.234, 0.0, 0.0
51, 10.0, 0.0, 0.0, 0.0, 0.0, 13024.92, 0.0, 0.0
52, 10.0, 0.0, 0.0, 0.0, 0.0, 12996.29, 0.0, 0.0
53, 10.0, 0.0, 0.0, 0.0, 0.0, 12967.86, 0.0, 0.0
54, 10.0, 0.0, 0.0, 0.0, 0.0, 12940.206, 0.0, 0.0
55, 10.0, 0.0, 0.0, 0.0, 0.0, 12912.062, 0.0, 0.0
56, 10.0, 0.0, 0.0, 0.0, 0.0, 12884.116, 0.0, 0.0
57, 10.0, 0.0, 0.0, 0.0, 0.0, 12856.224, 0.0, 0.0
58, 10.0, 0.0, 0.0, 0.0, 0.0, 12828.85, 0.0, 0.0
59, 10.0, 0.0, 0.0, 0.0, 0.0, 12800.954, 0.0, 0.0
60, 10.0, 0.0, 0.0, 0.0, 0.0, 12772.996, 0.0, 0.0
61, 10.0, 0.0, 0.0, 0.0, 0.0, 12745.228, 0.0, 0.0
62, 10.0, 0.0, 0.0, 0.0, 0.0, 12717.66, 0.0, 0.0
63, 10.0, 0.0, 0.0, 0.0, 0.0, 12690.612, 0.0, 0.0
64, 10.0, 0.0, 0.0, 0.0, 0.0, 12663.366, 0.0, 0.0
65, 10.0, 0.0, 0.0, 0.0, 0.0, 12635.78, 0.0, 0.0
66, 10.0, 0.0, 0.0, 0.0, 0.0, 12608.34, 0.0, 0.0
67, 10.0, 0.0, 0.0, 0.0, 0.0, 12581.18, 0.0, 0.0
68, 10.0, 0.0, 0.0, 0.0, 0.0, 12553.952, 0.0, 0.0
69, 10.0, 0.0, 0.0, 0.0, 0.0, 12527.156, 0.0, 0.0
70, 10.0, 0.0, 0.0, 0.0, 0.0, 12500.656, 0.0, 0.0
71, 10.0, 0.0, 0.0, 0.0, 0.0, 12473.888, 0.0, 0.0
72, 10.0, 0.0, 0.0, 0.0, 0.0, 12447.21, 0.0, 0.0
73, 10.0, 0.0, 0.0, 0.0, 0.0, 12420.596, 0.0, 0.0
74, 10.0, 0.0, 0.0, 0.0, 0.0, 12393.912, 0.0, 0.0
75, 10.0, 0.0, 0.0, 0.0, 0.0, 12367.388, 0.0, 0.0
76, 10.0, 0.0, 0.0, 0.0, 0.0, 12340.566, 0.0, 0.0
77, 10.0, 0.0, 0.0, 0.0, 0.0, 12313.276, 0.0, 0.0
78, 10.0, 0.0, 0.0, 0.0, 0.0, 12286.786, 0.0, 0.0
79, 10.0, 0.0, 0.0, 0.0, 0.0, 12260.78, 0.0, 0.0
80, 10.0, 0.0, 0.0, 0.0, 0.0, 12234.69, 0.0, 0.0
81, 10.0, 0.0, 0.0, 0.0, 0.0, 12208.33, 0.0, 0.0
82, 10.0, 0.0, 0.0, 0.0, 0.0, 12181.51, 0.0, 0.0
83, 10.0, 0.0, 0.0, 0.0, 0.0, 12155.078, 0.0, 0.0
84, 10.0, 0.0, 0.0, 0.0, 0.0, 12128.804, 0.0, 0.0
85, 10.0, 0.0, 0.0, 0.0, 0.0, 12102.656, 0.0, 0.0
86, 10.0, 0.0, 0.0, 0.0, 0.0, 12076.878, 0.0, 0.0
87, 10.0, 0.0, 0.0, 0.0, 0.0, 12050.802, 0.0, 0.0
88, 10.0, 0.0, 0.0, 0.0, 0.0, 12025.02, 0.0, 0.0
89, 10.0, 0.0, 0.0, 0.0, 0.0, 11999.048, 0.0, 0.0
90, 10.0, 0.0, 0.0, 0.0, 0.0, 11973.058, 0.0, 0.0
91, 10.0, 0.0, 0.0, 0.0, 0.0, 11947.128, 0.0, 0.0
92, 10.0, 0.0, 0.0, 0.0, 0.0, 11921.27, 0.0, 0.0
93, 10.0, 0.0, 0.0, 0.0, 0.0, 11895.49, 0.0, 0.0
94, 10.0, 0.0, 0.0, 0.0, 0.0, 11870.028, 0.0, 0.0
95, 10.0, 0.0, 0.0, 0.0, 0.0, 11844.356, 0.0, 0.0
96, 10.0, 0.0, 0.0, 0.0, 0.0, 11818.964, 0.0, 0.0
97, 10.0, 0.0, 0.0, 0.0, 0.0, 11793.914, 0.0, 0.0
98, 10.0, 0.0, 0.0, 0.0, 0.0, 11768.516, 0.0, 0.0
99, 10.0, 0.0, 0.0, 0.0, 0.0, 11743.482, 0.0, 0.0
100, 10.0, 0.0, 0.0, 0.0, 0.0, 11718.322, 0.0, 0.0
101, 10.0, 0.0, 0.0, 0.0, 0.0, 11693.09, 0.0, 0.0
102, 10.0, 0.0, 0.0, 0.0, 0.0, 11668.004, 0.0, 0.0
103, 10.0, 0.0, 0.0, 0.0, 0.0, 11642.454, 0.0, 0.0
104, 10.0, 0.0, 0.0, 0.0, 0.0, 11617.56, 0.0, 0.0
105, 10.0, 0.0, 0.0, 0.0, 0.0, 11592.322, 0.0, 0.0
106, 10.0, 0.0, 0.0, 0.0, 0.0, 11567.21, 0.0, 0.0
107, 10.0, 0.0, 0.0, 0.0, 0.0, 11542.272, 0.0, 0.0
108, 10.0, 0.0, 0.0, 0.0, 0.0, 11517.478, 0.0, 0.0
109, 10.0, 0.0, 0.0, 0.0, 0.0, 11492.924, 0.0, 0.0
110, 10.0, 0.0, 0.0, 0.0, 0.0, 11468.076, 0.0, 0.0
111, 10.0, 0.0, 0.0, 0.0, 0.0, 11443.396, 0.0, 0.0
112, 10.0, 0.0, 0.0, 0.0, 0.0, 11418.864, 0.0, 0.0
113, 10.0, 0.0, 0.0, 0.0, 0.0, 11394.3, 0.0, 0.0
114, 10.0, 0.0, 0.0, 0.0, 0.0, 11369.538, 0.0, 0.0
115, 10.0, 0.0, 0.0, 0.0, 0.0, 11345.126, 0.0, 0.0
116, 10.0, 0.0, 0.0, 0.0, 0.0, 11320.522, 0.0, 0.0
117, 10.0, 0.0, 0.0, 0.0, 0.0, 11296.21, 0.0, 0.0
118, 10.0, 0.0, 0.0, 0.0, 0.0, 11271.924, 0.0, 0.0
119, 10.0, 0.0, 0.0, 0.0, 0.0, 11247.678, 0.0, 0.0
120, 10.0, 0.0, 0.0, 0.0, 0.0, 11223.408, 0.0, 0.0
121, 10.0, 0.0, 0.0, 0.0, 0.0, 11199.492, 0.0, 0.0
122, 10.0, 0.0, 0.0, 0.0, 0.0, 11175.204, 0.0, 0.0
123, 10.0, 0.0, 0.0, 0.0, 0.0, 11151.356, 0.0, 0.0
124, 10.0, 0.0, 0.0, 0.0, 0.0, 11127.222, 0.0, 0.0
125, 10.0, 0.0, 0.0, 0.0, 0.0, 11103.162, 0.0, 0.0
126, 10.0, 0.0, 0.0, 0.0, 0.0, 11079.208, 0.0, 0.0
127, 10.0, 0.0, 0.0, 0.0, 0.0, 11055.314, 0.0, 0.0
128, 10.0, 0.0, 0.0, 0.0, 0.0, 11031.714, 0.0, 0.0
129, 10.0, 0.0, 0.0, 0.0, 0.0, 11008.05, 0.0, 0.0
130, 10.0, 0.0, 0.0, 0.0, 0.0, 10984.44, 0.0, 0.0
131, 10.0, 0.0, 0.0, 0.0, 0.0, 10961.266, 0.0, 0.0
132, 10.0, 0.0, 0.0, 0.0, 0.0, 10937.61, 0.0, 0.0
133, 10.0, 0.0, 0.0, 0.0, 0.0, 10914.034, 0.0, 0.0
134, 10.0, 0.0, 0.0, 0.0, 0.0, 10890.404, 0.0, 0.0
135, 10.0, 0.0, 0.0, 0.0, 0.0, 10866.934, 0.0, 0.0
136, 10.0, 0.0, 0.0, 0.0, 0.0, 10843.398, 0.0, 0.0
137, 10.0, 0.0, 0.0, 0.0, 0.0, 10820.222, 0.0, 0.0
138, 10.0, 0.0, 0.0, 0.0, 0.0, 10796.802, 0.0, 0.0
139, 10.0, 0.0, 0.0, 0.0, 0.0, 10773.486, 0.0, 0.0
140, 10.0, 0.0, 0.0, 0.0, 0.0, 10750.13, 0.0, 0.0
141, 10.0, 0.0, 0.0, 0.0, 0.0, 10726.658, 0.0, 0.0
142, 10.0, 0.0, 0.0, 0.0, 0.0, 10703.756, 0.0, 0.0
143, 10.0, 0.0, 0.0, 0.0, 0.0, 10680.496, 0.0, 0.0
144, 10.0, 0.0, 0.0, 0.0, 0.0, 10657.252, 0.0, 0.0
145, 10.0, 0.0, 0.0, 0.0, 0.0, 10634.322, 0.0, 0.0
146, 10.0, 0.0, 0.0, 0.0, 0.0, 10611.104, 0.0, 0.0
147, 10.0, 0.0, 0.0, 0.0, 0.0, 10588.252, 0.0, 0.0
148, 10.0, 0.0, 0.0, 0.0, 0.0, 10565.34, 0.0, 0.0
149, 10.0, 0.0, 0.0, 0.0, 0.0, 10542.564, 0.0, 0.0
150, 10.0, 0.0, 0.0, 0.0, 0.0, 10519.904, 0.0, 0.0
151, 10.0, 0.0, 0.0, 0.0, 0.0, 10496.794, 0.0, 0.0
152, 10.0, 0.0, 0.0, 0.0, 0.0, 10474.438, 0.0, 0.0
153, 10.0, 0.0, 0.0, 0.0, 0.0, 10451.886, 0.0, 0.0
154, 10.0, 0.0, 0.0, 0.0, 0.0, 10429.666, 0.0, 0.0
155, 10.0, 0.0, 0.0, 0.0, 0.0, 10406.908, 0.0, 0.0
156, 10.0, 0.0, 0.0, 0.0, 0.0, 10384.564, 0.0, 0.0
157, 10.0, 0.0, 0.0, 0.0, 0.0, 10362.28, 0.0, 0.0
158, 10.0, 0.0, 0.0, 0.0, 0.0, 10339.878, 0.0, 0.0
159, 10.0, 0.0, 0.0, 0.0, 0.0, 10317.436, 0.0, 0.0
160, 10.0, 0.0, 0.0, 0.0, 0.0, 10295.28, 0.0, 0.0
161, 10.0, 0.0, 0.0, 0.0, 0.0, 10273.048, 0.0, 0.0
162, 10.0, 0.0, 0.0, 0.0, 0.0, 10250.8, 0.0, 0.0
163, 10.0, 0.0, 0.0, 0.0, 0.0, 10228.512, 0.0, 0.0
164, 10.0, 0.0, 0.0, 0.0, 0.0, 10206.252, 0.0, 0.0
165, 10.0, 0.0, 0.0, 0.0, 0.0, 10184.396, 0.0, 0.0
166, 10.0, 0.0, 0.0, 0.0, 0.0, 10162.542, 0.0, 0.0
167, 10.0, 0.0, 0.0, 0.0, 0.0, 10141.07, 0.0, 0.0
168, 10.0, 0.0, 0.0, 0.0, 0.0, 10119.462, 0.0, 0.0
169, 10.0, 0.0, 0.0, 0.0, 0.0, 10097.816, 0.0, 0.0
170, 10.0, 0.0, 0.0, 0.0, 0.0, 10076.208, 0.0, 0.0
171, 10.0, 0.0, 0.0, 0.0, 0.0, 10054.5, 0.0, 0.0
172, 10.0, 0.0, 0.0, 0.0, 0.0, 10032.714, 0.0, 0.0
173, 10.0, 0.0, 0.0, 0.0, 0.0, 10011.064, 0.0, 0.0
174, 10.0, 0.0, 0.0, 0.0, 0.0, 9989.424, 0.0, 0.0
175, 10.0, 0.0, 0.0, 0.0, 0.0, 9967.864, 0.0, 0.0
176, 10.0, 0.0, 0.0, 0.0, 0.0, 9946.144, 0.0, 0.0
177, 10.0, 0.0, 0.0, 0.0, 0.0, 9924.704, 0.0, 0.0
178, 10.0, 0.0, 0.0, 0.0, 0.0, 9903.602, 0.0, 0.0
179, 10.0, 0.0, 0.0, 0.0, 0.0, 9882.26, 0.0, 0.0
180, 10.0, 0.0, 0.0, 0.0, 0.0, 9861.304, 0.0, 0.0
181, 10.0, 0.0, 0.0, 0.0, 0.0, 9840.424, 0.0, 0.0
182, 10.0, 0.0, 0.0, 0.0, 0.0, 9819.134, 0.0, 0.0
183, 10.0, 0.0, 0.0, 0.0, 0.0, 9797.726, 0.0, 0.0
184, 10.0, 0.0, 0.0, 0.0, 0.0, 9776.502, 0.0, 0.0
185, 10.0, 0.0, 0.0, 0.0, 0.0, 9755.344, 0.0, 0.0
186, 10.0, 0.0, 0.0, 0.0, 0.0, 9734.176, 0.0, 0.0
187, 10.0, 0.0, 0.0, 0.0, 0.0, 9713.46, 0.0, 0.0
188, 10.0, 0.0, 0.0, 0.0, 0.0, 9692.44, 0.0, 0.0
189, 10.0, 0.0, 0.0, 0.0, 0.0, 9671.632, 0.0, 0.0
190, 10.0, 0.0, 0.0, 0.0, 0.0, 9650.46, 0.0, 0.0
191, 10.0, 0.0, 0.0, 0.0, 0.0, 9629.492, 0.0, 0.0
192, 10.0, 0.0, 0.0, 0.0, 0.0, 9608.724, 0.0, 0.0
193, 10.0, 0.0, 0.0, 0.0, 0.0, 9588.496, 0.0, 0.0
194, 10.0, 0.0, 0.0, 0.0, 0.0, 9567.51, 0.0, 0.0
195, 10.0, 0.0, 0.0, 0.0, 0.0, 9546.796, 0.0, 0.0
196, 10.0, 0.0, 0.0, 0.0, 0.0, 9526.242, 0.0, 0.0
197, 10.0, 0.0, 0.0, 0.0, 0.0, 9505.586, 0.0, 0.0
198, 10.0, 0.0, 0.0, 0.0, 0.0, 9484.978, 0.0, 0.0
199, 10.0, 0.0, 0.0, 0.0, 0.0, 9464.254, 0.0, 0.0
200, 10.0, 0.0, 0.0, 0.0, 0.0, 9444.02, 0.0, 0.0
201, 10.0, 0.0, 0.0, 0.0, 0.0, 9423.294, 0.0, 0.0
202, 10.0, 0.0, 0.0, 0.0, 0.0, 9402.81, 0.0, 0.0
203, 10.0, 0.0, 0.0, 0.0, 0.0, 9382.412, 0.0, 0.0
204, 10.0, 0.0, 0.0, 0.0, 0.0, 9362.136, 0.0, 0.0
205, 10.0, 0.0, 0.0, 0.0, 0.0, 9341.98, 0.0, 0.0
206, 10.0, 0.0, 0.0, 0.0, 0.0, 9321.94, 0.0, 0.0
207, 10.0, 0.0, 0.0, 0.0, 0.0, 9301.48, 0.0, 0.0
208, 10.0, 0.0, 0.0, 0.0, 0.0, 9281.558, 0.0, 0.0
209, 10.0, 0.0, 0.0, 0.0, 0.0, 9261.76, 0.0, 0.0
210, 10.0, 0.0, 0.0, 0.0, 0.0, 9241.62, 0.0, 0.0
211, 10.0, 0.0, 0.0, 0.0, 0.0, 9221.364, 0.0, 0.0
212, 10.0, 0.0, 0.0, 0.0, 0.0, 9201.524, 0.0, 0.0
213, 10.0, 0.0, 0.0, 0.0, 0.0, 9181.942, 0.0, 0.0
214, 10.0, 0.0, 0.0, 0.0, 0.0, 9162.83, 0.0, 0.0
215, 10.0, 0.0, 0.0, 0.0, 0.0, 9142.962, 0.0, 0.0
216, 10.0, 0.0, 0.0, 0.0, 0.0, 9123.33, 0.0, 0.0
217, 10.0, 0.0, 0.0, 0.0, 0.0, 9103.978, 0.0, 0.0
218, 10.0, 0.0, 0.0, 0.0, 0.0, 9084.204, 0.0, 0.0
219, 10.0, 0.0, 0.0, 0.0, 0.0, 9064.718, 0.0, 0.0
220, 10.0, 0.0, 0.0, 0.0, 0.0, 9045.056, 0.0, 0.0
221, 10.0, 0.0, 0.0, 0.0, 0.0, 9025.646, 0.0, 0.0
222, 10.0, 0.0, 0.0, 0.0, 0.0, 9006.036, 0.0, 0.0
223, 10.0, 0.0, 0.0, 0.0, 0.0, 8986.842, 0.0, 0.0
224, 10.0, 0.0, 0.0, 0.0, 0.0, 8967.82, 0.0, 0.0
225, 10.0, 0.0, 0.0, 0.0, 0.0, 8948.25, 0.0, 0.0
226, 10.0, 0.0, 0.0, 0.0, 0.0, 8928.748, 0.0, 0.0
227, 10.0, 0.0, 0.0, 0.0, 0.0, 8909.288, 0.0, 0.0
228, 10.0, 0.0, 0.0, 0.0, 0.0, 8890.39, 0.0, 0.0
229, 10.0, 0.0, 0.0, 0.0, 0.0, 8871.594, 0.0, 0.0
230, 10.0, 0.0, 0.0, 0.0, 0.0, 8852.196, 0.0, 0.0
231, 10.0, 0.0, 0.0, 0.0, 0.0, 8833.358, 0.0, 0.0
232, 10.0, 0.0, 0.0, 0.0, 0.0, 8814.434, 0.0, 0.0
233, 10.0, 0.0, 0.0, 0.0, 0.0, 8795.354, 0.0, 0.0
234, 10.0, 0.0, 0.0, 0.0, 0.0, 8776.468, 0.0, 0.0
235, 10.0, 0.0, 0.0, 0.0, 0.0, 8757.644, 0.0, 0.0
236, 10.0, 0.0, 0.0, 0.0, 0.0, 8738.808, 0.0, 0.0
237, 10.0, 0.0, 0.0, 0.0, 0.0, 8719.834, 0.0, 0.0
238, 10.0, 0.0, 0.0, 0.0, 0.0, 8701.108, 0.0, 0.0
239, 10.0, 0.0, 0.0, 0.0, 0.0, 8682.286, 0.0, 0.0
240, 10.0, 0.0, 0.0, 0.0, 0.0, 8663.926, 0.0, 0.0
241, 10.0, 0.0, 0.0, 0.0, 0.0, 8644.974, 0.0, 0.0
242, 10.0, 0.0, 0.0, 0.0, 0.0, 8626.352, 0.0, 0.0
243, 10.0, 0.0, 0.0, 0.0, 0.0, 8607.734, 0.0, 0.0
244, 10.0, 0.0, 0.0, 0.0, 0.0, 8589.11, 0.0, 0.0
245, 10.0, 0.0, 0.0, 0.0, 0.0, 8570.674, 0.0, 0.0
246, 10.0, 0.0, 0.0, 0.0, 0.0, 8552.59, 0.0, 0.0
247, 10.0, 0.0, 0.0, 0.0, 0.0, 8533.866, 0.0, 0.0
248, 10.0, 0.0, 0.0, 0.0, 0.0, 8515.576, 0.0, 0.0
249, 10.0, 0.0, 0.0, 0.0, 0.0, 8496.852, 0.0, 0.0
250, 10.0, 0.0, 0.0, 0.0, 0.0, 8478.766, 0.0, 0.0
251, 10.0, 0.0, 0.0, 0.0, 0.0, 8460.486, 0.0, 0.0
252, 10.0, 0.0, 0.0, 0.0, 0.0, 8442.3, 0.0, 0.0
253, 10.0, 0.0, 0.0, 0.0, 0.0, 8424.416, 0.0, 0.0
254, 10.0, 0.0, 0.0, 0.0, 0.0, 8405.934, 0.0, 0.0
255, 10.0, 0.0, 0.0, 0.0, 0.0, 8387.824, 0.0, 0.0
256, 10.0, 0.0, 0.0, 0.0, 0.0, 8369.576, 0.0, 0.0
257, 10.0, 0.0, 0.0, 0.0, 0.0, 8351.554, 0.0, 0.0
258, 10.0, 0.0, 0.0, 0.0, 0.0, 8333.404, 0.0, 0.0
259, 10.0, 0.0, 0.0, 0.0, 0.0, 8315.628, 0.0, 0.0
260, 10.0, 0.0, 0.0, 0.0, 0.0, 8297.586, 0.0, 0.0
261, 10.0, 0.0, 0.0, 0.0, 0.0, 8279.992, 0.0, 0.0
262, 10.0, 0.0, 0.0, 0.0, 0.0, 8262.126, 0.0, 0.0
263, 10.0, 0.0, 0.0, 0.0, 0.0, 8244.35, 0.0, 0.0
264, 10.0, 0.0, 0.0, 0.0, 0.0, 8226.552, 0.0, 0.0
265, 10.0, 0.0, 0.0, 0.0, 0.0, 8208.668, 0.0, 0.0
266, 10.0, 0.0, 0.0, 0.0, 0.0, 8191.174, 0.0, 0.0
267, 10.0, 0.0, 0.0, 0.0, 0.0, 8173.434, 0.0, 0.0
268, 10.0, 0.0, 0.0, 0.0, 0.0, 8155.9, 0.0, 0.0
269, 10.0, 0.0, 0.0, 0.0, 0.0, 8138.53, 0.0, 0.0
270, 10.0, 0.0, 0.0, 0.0, 0.0, 8120.91, 0.0, 0.0
271, 10.0, 0.0, 0.0, 0.0, 0.0, 8103.408, 0.0, 0.0
272, 10.0, 0.0, 0.0, 0.0, 0.0, 8086.046, 0.0, 0.0
273, 10.0, 0.0, 0.0, 0.0, 0.0, 8068.682, 0.0, 0.0
274, 10.0, 0.0, 0.0, 0.0, 0.0, 8051.094, 0.0, 0.0
275, 10.0, 0.0, 0.0, 0.0, 0.0, 8033.98, 0.0, 0.0
276, 10.0, 0.0, 0.0, 0.0, 0.0, 8016.526, 0.0, 0.0
277, 10.0, 0.0, 0.0, 0.0, 0.0, 7999.156, 0.0, 0.0
278, 10.0, 0.0, 0.0, 0.0, 0.0, 7982.052, 0.0, 0.0
279, 10.0, 0.0, 0.0, 0.0, 0.0, 7965.236, 0.0, 0.0
280, 10.0, 0.0, 0.0, 0.0, 0.0, 7947.844, 0.0, 0.0
281, 10.0, 0.0, 0.0, 0.0, 0.0, 7930.37, 0.0, 0.0
282, 10.0, 0.0, 0.0, 0.0, 0.0, 7913.474, 0.0, 0.0
283, 10.0, 0.0, 0.0, 0.0, 0.0, 7896.558, 0.0, 0.0
284, 10.0, 0.0, 0.0, 0.0, 0.0, 7879.418, 0.0, 0.0
285, 10.0, 0.0, 0.0, 0.0, 0.0, 7862.38, 0.0, 0.0
286, 10.0, 0.0, 0.0, 0.0, 0.0, 7845.59, 0.0, 0.0
287, 10.0, 0.0, 0.0, 0.0, 0.0, 7828.752, 0.0, 0.0
288, 10.0, 0.0, 0.0, 0.0, 0.0, 7811.794, 0.0, 0.0
289, 10.0, 0.0, 0.0, 0.0, 0.0, 7795.158, 0.0, 0.0
290, 10.0, 0.0, 0.0, 0.0, 0.0, 7778.402, 0.0, 0.0
291, 10.0, 0.0, 0.0, 0.0, 0.0, 7761.798, 0.0, 0.0
292, 10.0, 0.0, 0.0, 0.0, 0.0, 7745.06, 0.0, 0.0
293, 10.0, 0.0, 0.0, 0.0, 0.0, 7728.468, 0.0, 0.0
294, 10.0, 0.0, 0.0, 0.0, 0.0, 7711.828, 0.0, 0.0
295, 10.0, 0.0, 0.0, 0.0, 0.0, 7695.322, 0.0, 0.0
296, 10.0, 0.0, 0.0, 0.0, 0.0, 7678.716, 0.0, 0.0
297, 10.0, 0.0, 0.0, 0.0, 0.0, 7661.67, 0.0, 0.0
298, 10.0, 0.0, 0.0, 0.0, 0.0, 7645.09, 0.0, 0.0
299, 10.0, 0.0, 0.0, 0.0, 0.0, 7628.712, 0.0, 0.0
300, 10.0, 0.0, 0.0, 0.0, 0.0, 7612.148, 0.0, 0.0
301, 10.0, 0.0, 0.0, 0.0, 0.0, 7595.772, 0.0, 0.0
302, 10.0, 0.0, 0.0, 0.0, 0.0, 7579.396, 0.0, 0.0
303, 10.0, 0.0, 0.0, 0.0, 0.0, 7562.66, 0.0, 0.0
304, 10.0, 0.0, 0.0, 0.0, 0.0, 7545.95, 0.0, 0.0
305, 10.0, 0.0, 0.0, 0.0, 0.0, 7529.67, 0.0, 0.0
306, 10.0, 0.0, 0.0, 0.0, 0.0, 7513.14, 0.0, 0.0
307, 10.0, 0.0, 0.0, 0.0, 0.0, 7497.2, 0.0, 0.0
308, 10.0, 0.0, 0.0, 0.0, 0.0, 7481.204, 0.0, 0.0
309, 10.0, 0.0, 0.0, 0.0, 0.0, 7464.848, 0.0, 0.0
310, 10.0, 0.0, 0.0, 0.0, 0.0, 7448.784, 0.0, 0.0
311, 10.0, 0.0, 0.0, 0.0, 0.0, 7432.674, 0.0, 0.0
312, 10.0, 0.0, 0.0, 0.0, 0.0, 7416.396, 0.0, 0.0
313, 10.0, 0.0, 0.0, 0.0, 0.0, 7400.23, 0.0, 0.0
314, 10.0, 0.0, 0.0, 0.0, 0.0, 7384.278, 0.0, 0.0
315, 10.0, 0.0, 0.0, 0.0, 0.0, 7367.972, 0.0, 0.0
316, 10.0, 0.0, 0.0, 0.0, 0.0, 7352.38, 0.0, 0.0
317, 10.0, 0.0, 0.0, 0.0, 0.0, 7336.618, 0.0, 0.0
318, 10.0, 0.0, 0.0, 0.0, 0.0, 7320.772, 0.0, 0.0
319, 10.0, 0.0, 0.0, 0.0, 0.0, 7304.762, 0.0, 0.0
320, 10.0, 0.0, 0.0, 0.0, 0.0, 7288.768, 0.0, 0.0
321, 10.0, 0.0, 0.0, 0.0, 0.0, 7272.844, 0.0, 0.0
322, 10.0, 0.0, 0.0, 0.0, 0.0, 7257.24, 0.0, 0.0
323, 10.0, 0.0, 0.0, 0.0, 0.0, 7241.626, 0.0, 0.0
324, 10.0, 0.0, 0.0, 0.0, 0.0, 7226.058, 0.0, 0.0
325, 10.0, 0.0, 0.0, 0.0, 0.0, 7210.528, 0.0, 0.0
326, 10.0, 0.0, 0.0, 0.0, 0.0, 7195.236, 0.0, 0.0
327, 10.0, 0.0, 0.0, 0.0, 0.0, 7179.95, 0.0, 0.0
328, 10.0, 0.0, 0.0, 0.0, 0.0, 7164.33, 0.0, 0.0
329, 10.0, 0.0, 0.0, 0.0, 0.0, 7148.892, 0.0, 0.0
330, 10.0, 0.0, 0.0, 0.0, 0.0, 7133.506, 0.0, 0.0
331, 10.0, 0.0, 0.0, 0.0, 0.0, 7118.182, 0.0, 0.0
332, 10.0, 0.0, 0.0, 0.0, 0.0, 7102.69, 0.0, 0.0
333, 10.0, 0.0, 0.0, 0.0, 0.0, 7087.306, 0.0, 0.0
334, 10.0, 0.0, 0.0, 0.0, 0.0, 7072.052, 0.0, 0.0
335, 10.0, 0.0, 0.0, 0.0, 0.0, 7056.258, 0.0, 0.0
336, 10.0, 0.0, 0.0, 0.0, 0.0, 7041.132, 0.0, 0.0
337, 10.0, 0.0, 0.0, 0.0, 0.0, 7025.944, 0.0, 0.0
338, 10.0, 0.0, 0.0, 0.0, 0.0, 7010.744, 0.0, 0.0
339, 10.0, 0.0, 0.0, 0.0, 0.0, 6995.532, 0.0, 0.0
340, 10.0, 0.0, 0.0, 0.0, 0.0, 6980.374, 0.0, 0.0
341, 10.0, 0.0, 0.0, 0.0, 0.0, 6965.54, 0.0, 0.0
342, 10.0, 0.0, 0.0, 0.0, 0.0, 6950.792, 0.0, 0.0
343, 10.0, 0.0, 0.0, 0.0, 0.0, 6935.85, 0.0, 0.0
344, 10.0, 0.0, 0.0, 0.0, 0.0, 6920.898, 0.0, 0.0
345, 10.0, 0.0, 0.0, 0.0, 0.0, 6906.134, 0.0, 0.0
346, 10.0, 0.0, 0.0, 0.0, 0.0, 6890.988, 0.0, 0.0
347, 10.0, 0.0, 0.0, 0.0, 0.0, 6876.148, 0.0, 0.0
348, 10.0, 0.0, 0.0, 0.0, 0.0, 6861.138, 0.0, 0.0
349, 10.0, 0.0, 0.0, 0.0, 0.0, 6846.582, 0.0, 0.0
350, 10.0, 0.0, 0.0, 0.0, 0.0, 6832.098, 0.0, 0.0
351, 10.0, 0.0, 0.0, 0.0, 0.0, 6817.024, 0.0, 0.0
352, 10.0, 0.0, 0.0, 0.0, 0.0, 6802.43, 0.0, 0.0
353, 10.0, 0.0, 0.0, 0.0, 0.0, 6788.082, 0.0, 0.0
354, 10.0, 0.0, 0.0, 0.0, 0.0, 6773.286, 0.0, 0.0
355, 10.0, 0.0, 0.0, 0.0, 0.0, 6758.732, 0.0, 0.0
356, 10.0, 0.0, 0.0, 0.0, 0.0, 6744.54, 0.0, 0.0
357, 10.0, 0.0, 0.0, 0.0, 0.0, 6730.188, 0.0, 0.0
358, 10.0, 0.0, 0.0, 0.0, 0.0, 6715.578, 0.0, 0.0
359, 10.0, 0.0, 0.0, 0.0, 0.0, 6701.224, 0.0, 0.0
360, 10.0, 0.0, 0.0, 0.0, 0.0, 6686.834, 0.0, 0.0
361, 10.0, 0.0, 0.0, 0.0, 0.0, 6672.424, 0.0, 0.0
362, 10.0, 0.0, 0.0, 0.0, 0.0, 6658.098, 0.0, 0.0
363, 10.0, 0.0, 0.0, 0.0, 0.0, 6643.724, 0.0, 0.0
364, 10.0, 0.0, 0.0, 0.0, 0.0, 6629.582, 0.0, 0.0
365, 10.0, 0.0, 0.0, 0.0, 0.0, 6615.364, 0.0, 0.0
366, 10.0, 0.0, 0.0, 0.0, 0.0, 6601.464, 0.0, 0.0
367, 10.0, 0.0, 0.0, 0.0, 0.0, 6587.298, 0.0, 0.0
368, 10.0, 0.0, 0.0, 0.0, 0.0, 6573.236, 0.0, 0.0
369, 10.0, 0.0, 0.0, 0.0, 0.0, 6558.918, 0.0, 0.0
370, 10.0, 0.0, 0.0, 0.0, 0.0, 6544.936, 0.0, 0.0
371, 10.0, 0.0, 0.0, 0.0, 0.0, 6530.938, 0.0, 0.0
372, 10.0, 0.0, 0.0, 0.0, 0.0, 6516.356, 0.0, 0.0
373, 10.0, 0.0, 0.0, 0.0, 0.0, 6502.072, 0.0, 0.0
374, 10.0, 0.0, 0.0, 0.0, 0.0, 6488.382, 0.0, 0.0
375, 10.0, 0.0, 0.0, 0.0, 0.0, 6474.454, 0.0, 0.0
376, 10.0, 0.0, 0.0, 0.0, 0.0, 6460.648, 0.0, 0.0
377, 10.0, 0.0, 0.0, 0.0, 0.0, 6446.684, 0.0, 0.0
378, 10.0, 0.0, 0.0, 0.0, 0.0, 6432.996, 0.0, 0.0
379, 10.0, 0.0, 0.0, 0.0, 0.0, 6419.196, 0.0, 0.0
380, 10.0, 0.0, 0.0, 0.0, 0.0, 6405.24, 0.0, 0.0
381, 10.0, 0.0, 0.0, 0.0, 0.0, 6391.362, 0.0, 0.0
382, 10.0, 0.0, 0.0, 0.0, 0.0, 6377.678, 0.0, 0.0
383, 10.0, 0.0, 0.0, 0.0, 0.0, 6363.796, 0.0, 0.0
384, 10.0, 0.0, 0.0, 0.0, 0.0, 6350.742, 0.0, 0.0
385, 10.0, 0.0, 0.0, 0.0, 0.0, 6336.828, 0.0, 0.0
386, 10.0, 0.0, 0.0, 0.0, 0.0, 6323.042, 0.0, 0.0
387, 10.0, 0.0, 0.0, 0.0, 0.0, 6309.476, 0.0, 0.0
388, 10.0, 0.0, 0.0, 0.0, 0.0, 6296.18, 0.0, 0.0
389, 10.0, 0.0, 0.0, 0.0, 0.0, 6282.732, 0.0, 0.0
390, 10.0, 0.0, 0.0, 0.0, 0.0, 6268.932, 0.0, 0.0
391, 10.0, 0.0, 0.0, 0.0, 0.0, 6255.404, 0.0, 0.0
392, 10.0, 0.0, 0.0, 0.0, 0.0, 6242.096, 0.0, 0.0
393, 10.0, 0.0, 0.0, 0.0, 0.0, 6228.586, 0.0, 0.0
394, 10.0, 0.0, 0.0, 0.0, 0.0, 6215.47, 0.0, 0.0
395, 10.0, 0.0, 0.0, 0.0, 0.0, 6201.938, 0.0, 0.0
396, 10.0, 0.0, 0.0, 0.0, 0.0, 6188.568, 0.0, 0.0
397, 10.0, 0.0, 0.0, 0.0, 0.0, 6175.318, 0.0, 0.0
398, 10.0, 0.0, 0.0, 0.0, 0.0, 6162.288, 0.0, 0.0
399, 10.0, 0.0, 0.0, 0.0, 0.0, 6149.436, 0.0, 0.0
400, 10.0, 0.0, 0.0, 0.0, 0.0, 6136.28, 0.0, 0.0
401, 10.0, 0.0, 0.0, 0.0, 0.0, 6122.894, 0.0, 0.0
402, 10.0, 0.0, 0.0, 0.0, 0.0, 6109.656, 0.0, 0.0
403, 10.0, 0.0, 0.0, 0.0, 0.0, 6096.324, 0.0, 0.0
404, 10.0, 0.0, 0.0, 0.0, 0.0, 6083.484, 0.0, 0.0
405, 10.0, 0.0, 0.0, 0.0, 0.0, 6070.552, 0.0, 0.0
406, 10.0, 0.0, 0.0, 0.0, 0.0, 6057.552, 0.0, 0.0
407, 10.0, 0.0, 0.0, 0.0, 0.0, 6044.788, 0.0, 0.0
408, 10.0, 0.0, 0.0, 0.0, 0.0, 6031.492, 0.0, 0.0
409, 10.0, 0.0, 0.0, 0.0, 0.0, 6018.23, 0.0, 0.0
410, 10.0, 0.0, 0.0, 0.0, 0.0, 6005.588, 0.0, 0.0
411, 10.0, 0.0, 0.0, 0.0, 0.0, 5992.844, 0.0, 0.0
412, 10.0, 0.0, 0.0, 0.0, 0.0, 5979.996, 0.0, 0.0
413, 10.0, 0.0, 0.0, 0.0, 0.0, 5967.158, 0.0, 0.0
414, 10.0, 0.0, 0.0, 0.0, 0.0, 5954.412, 0.0, 0.0
415, 10.0, 0.0, 0.0, 0.0, 0.0, 5941.5, 0.0, 0.0
416, 10.0, 0.0, 0.0, 0.0, 0.0, 5928.646, 0.0, 0.0
417, 10.0, 0.0, 0.0, 0.0, 0.0, 5915.908, 0.0, 0.0
418, 10.0, 0.0, 0.0, 0.0, 0.0, 5903.46, 0.0, 0.0
419, 10.0, 0.0, 0.0, 0.0, 0.0, 5891.032, 0.0, 0.0
420, 10.0, 0.0, 0.0, 0.0, 0.0, 5878.242, 0.0, 0.0
421, 10.0, 0.0, 0.0, 0.0, 0.0, 5865.702, 0.0, 0.0
422, 10.0, 0.0, 0.0, 0.0, 0.0, 5853.372, 0.0, 0.0
423, 10.0, 0.0, 0.0, 0.0, 0.0, 5840.584, 0.0, 0.0
424, 10.0, 0.0, 0.0, 0.0, 0.0, 5827.868, 0.0, 0.0
425, 10.0, 0.0, 0.0, 0.0, 0.0, 5815.232, 0.0, 0.0
426, 10.0, 0.0, 0.0, 0.0, 0.0, 5802.766, 0.0, 0.0
427, 10.0, 0.0, 0.0, 0.0, 0.0, 5790.494, 0.0, 0.0
428, 10.0, 0.0, 0.0, 0.0, 0.0, 5778.162, 0.0, 0.0
429, 10.0, 0.0, 0.0, 0.0, 0.0, 5765.718, 0.0, 0.0
430, 10.0, 0.0, 0.0, 0.0, 0.0, 5753.154, 0.0, 0.0
431, 10.0, 0.0, 0.0, 0.0, 0.0, 5740.578, 0.0, 0.0
432, 10.0, 0.0, 0.0, 0.0, 0.0, 5728.4, 0.0, 0.0
433, 10.0, 0.0, 0.0, 0.0, 0.0, 5716.034, 0.0, 0.0
434, 10.0, 0.0, 0.0, 0.0, 0.0, 5703.762, 0.0, 0.0
435, 10.0, 0.0, 0.0, 0.0, 0.0, 5691.69, 0.0, 0.0
436, 10.0, 0.0, 0.0, 0.0, 0.0, 5679.52, 0.0, 0.0
437, 10.0, 0.0, 0.0, 0.0, 0.0, 5667.026, 0.0, 0.0
438, 10.0, 0.0, 0.0, 0.0, 0.0, 5654.734, 0.0, 0.0
439, 10.0, 0.0, 0.0, 0.0, 0.0, 5642.756, 0.0, 0.0
440, 10.0, 0.0, 0.0, 0.0, 0.0, 5630.506, 0.0, 0.0
441, 10.0, 0.0, 0.0, 0.0, 0.0, 5618.194, 0.0, 0.0
442, 10.0, 0.0, 0.0, 0.0, 0.0, 5606.076, 0.0, 0.0
443, 10.0, 0.0, 0.0, 0.0, 0.0, 5593.89, 0.0, 0.0
444, 10.0, 0.0, 0.0, 0.0, 0.0, 5581.878, 0.0, 0.0
445, 10.0, 0.0, 0.0, 0.0, 0.0, 5569.956, 0.0, 0.0
446, 10.0, 0.0, 0.0, 0.0, 0.0, 5558.064, 0.0, 0.0
447, 10.0, 0.0, 0.0, 0.0, 0.0, 5545.998, 0.0, 0.0
448, 10.0, 0.0, 0.0, 0.0, 0.0, 5534.188, 0.0, 0.0
449, 10.0, 0.0, 0.0, 0.0, 0.0, 5522.246, 0.0, 0.0
450, 10.0, 0.0, 0.0, 0.0, 0.0, 5510.376, 0.0, 0.0
451, 10.0, 0.0, 0.0, 0.0, 0.0, 5498.406, 0.0, 0.0
452, 10.0, 0.0, 0.0, 0.0, 0.0, 5486.812, 0.0, 0.0
453, 10.0, 0.0, 0.0, 0.0, 0.0, 5475.004, 0.0, 0.0
454, 10.0, 0.0, 0.0, 0.0, 0.0, 5463.022, 0.0, 0.0
455, 10.0, 0.0, 0.0, 0.0, 0.0, 5451.402, 0.0, 0.0
456, 10.0, 0.0, 0.0, 0.0, 0.0, 5439.91, 0.0, 0.0
457, 10.0, 0.0, 0.0, 0.0, 0.0, 5428.038, 0.0, 0.0
458, 10.0, 0.0, 0.0, 0.0, 0.0, 5416.458, 0.0, 0.0
459, 10.0, 0.0, 0.0, 0.0, 0.0, 5404.86, 0.0, 0.0
460, 10.0, 0.0, 0.0, 0.0, 0.0, 5393.362, 0.0, 0.0
461, 10.0, 0.0, 0.0, 0.0, 0.0, 5381.556, 0.0, 0.0
462, 10.0, 0.0, 0.0, 0.0, 0.0, 5369.988, 0.0, 0.0
463, 10.0, 0.0, 0.0, 0.0, 0.0, 5358.412, 0.0, 0.0
464, 10.0, 0.0, 0.0, 0.0, 0.0, 5346.944, 0.0, 0.0
465, 10.0, 0.0, 0.0, 0.0, 0.0, 5335.218, 0.0, 0.0
466, 10.0, 0.0, 0.0, 0.0, 0.0, 5323.656, 0.0, 0.0
467, 10.0, 0.0, 0.0, 0.0, 0.0, 5312.454, 0.0, 0.0
468, 10.0, 0.0, 0.0, 0.0, 0.0, 5301.036, 0.0, 0.0
469, 10.0, 0.0, 0.0, 0.0, 0.0, 5289.662, 0.0, 0.0
470, 10.0, 0.0, 0.0, 0.0, 0.0, 5278.036, 0.0, 0.0
471, 10.0, 0.0, 0.0, 0.0, 0.0, 5266.948, 0.0, 0.0
472, 10.0, 0.0, 0.0, 0.0, 0.0, 5255.554, 0.0, 0.0
473, 10.0, 0.0, 0.0, 0.0, 0.0, 5244.092, 0.0, 0.0
474, 10.0, 0.0, 0.0, 0.0, 0.0, 5232.702, 0.0, 0.0
475, 10.0, 0.0, 0.0, 0.0, 0.0, 5221.482, 0.0, 0.0
476, 10.0, 0.0, 0.0, 0.0, 0.0, 5210.412, 0.0, 0.0
477, 10.0, 0.0, 0.0, 0.0, 0.0, 5199.16, 0.0, 0.0
478, 10.0, 0.0, 0.0, 0.0, 0.0, 5188.044, 0.0, 0.0
479, 10.0, 0.0, 0.0, 0.0, 0.0, 5176.886, 0.0, 0.0
480, 10.0, 0.0, 0.0, 0.0, 0.0, 5165.392, 0.0, 0.0
