time, seeders, joined, request_count, response_size, left, awareness, bad_data, leechers
0, 0.0, 0.0, 0.0, 0.0, 0.0, 5001.0, 0.0, 0.0
1, 0.0, 12.882, 836.0503, 0.82461, 0.0, 14180.652, 0.0, 12.882
2, 0.0, 6.2, 741.45161, 1.44224, 1.6, 13901.894, 4726.918, 18.482
3, 0.0, 6.11022, 635.78222, 1.84137, 1.3125, 17368.344, 5117.484, 24.034
4, 0.0, 5.85542, 587.7915, 2.22637, 1.41818, 20207.394, 5696.606, 29.086
5, 0.0, 5.576, 569.76327, 2.5395, 1.44444, 22846.118, 6224.16, 33.856
6, 0.0, 5.41884, 547.52219, 2.85241, 1.51393, 25162.432, 6857.19, 38.286
7, 0.0, 5.04217, 537.43528, 3.14672, 1.59554, 27192.358, 7513.042, 42.306
8, 0.0, 5.09438, 527.98581, 3.42068, 1.75, 29099.442, 8270.18, 46.134
9, 0.0, 4.90707, 525.73075, 3.63626, 1.68852, 30919.03, 8988.346, 49.756
10, 0.0, 4.79518, 523.24121, 3.87395, 1.85638, 32552.68, 9836.008, 53.136
11, 9.92638, 4.60282, 513.57862, 4.05714, 1.75989, 34153.716, 10525.138, 46.748
12, 14.784, 4.35425, 510.46025, 4.35109, 1.74124, 35553.822, 11259.826, 44.682
13, 19.316, 4.42254, 509.55414, 4.55536, 1.7515, 37061.038, 11927.216, 43.376
14, 23.732, 4.24898, 508.40538, 4.77185, 1.81534, 38392.716, 12646.022, 41.846
15, 27.75, 3.94694, 509.8242, 4.87221, 1.71111, 39626.538, 13316.014, 40.464
16, 31.694, 3.86354, 503.69004, 5.2292, 1.75793, 40798.908, 13983.956, 39.094
17, 35.3, 3.68024, 503.32042, 5.25124, 1.80845, 41884.302, 14645.76, 37.818
18, 38.994, 3.5942, 503.1682, 5.42873, 1.79539, 42906.938, 15297.056, 36.35
19, 42.49, 3.64092, 503.15367, 5.71852, 1.73056, 43930.932, 15953.39, 35.096
20, 45.918, 3.34362, 500.92308, 5.89251, 1.73011, 44849.436, 16587.428, 33.7
21, 48.97, 3.57026, 500.28523, 5.98005, 1.69972, 45859.916, 17252.284, 32.92
22, 51.86, 3.31646, 499.0458, 6.05226, 1.76353, 46701.902, 17900.8, 31.936
23, 54.858, 3.31568, 503.19489, 6.21079, 1.70968, 47596.386, 18500.028, 30.902
24, 57.528, 3.14681, 500.67613, 6.27144, 1.83014, 48310.882, 19184.088, 29.854
25, 60.006, 3.07643, 498.27467, 6.60942, 1.8, 48980.076, 19874.658, 28.96
26, 62.386, 2.96603, 499.64209, 6.62822, 1.82044, 49619.768, 20546.128, 28.056
27, 64.578, 2.81013, 500.37538, 6.8162, 1.78689, 50198.998, 21213.798, 27.22
28, 66.792, 2.80942, 495.04573, 7.00077, 1.65282, 50850.352, 21773.598, 26.516
29, 69.008, 2.64502, 498.7725, 6.97375, 1.68857, 51385.42, 22369.618, 25.562
30, 71.042, 2.52863, 498.69338, 7.04279, 1.59944, 51868.082, 22943.032, 24.682
31, 73.106, 2.62227, 495.42048, 7.0437, 1.71955, 52374.058, 23536.144, 23.806
32, 75.026, 2.55556, 498.29497, 7.39607, 1.64327, 52884.91, 24102.638, 23.108
33, 76.81, 2.48758, 497.7314, 7.65725, 1.68524, 53273.646, 24718.67, 22.318
34, 78.488, 2.48736, 498.15157, 7.43599, 1.76471, 53650.056, 25327.494, 21.604
35, 80.104, 2.25282, 499.499, 7.61284, 1.66572, 53969.724, 25911.098, 20.808
36, 81.616, 2.40189, 496.06299, 7.82639, 1.67449, 54312.048, 26481.742, 20.186
37, 82.962, 2.29762, 499.48187, 7.84232, 1.75714, 54550.048, 27112.61, 19.54
38, 84.276, 2.16585, 494.93243, 8.03868, 1.77429, 54706.23, 27740.392, 18.76
39, 85.466, 2.28501, 495.69892, 7.93818, 1.66382, 54949.766, 28322.024, 18.262
40, 86.556, 2.03186, 500.0, 8.04825, 1.64773, 55118.35, 28884.904, 17.67
41, 87.798, 1.94724, 496.77419, 8.17143, 1.67901, 55258.676, 29416.876, 16.89
42, 88.882, 2.05808, 497.54601, 8.12947, 1.62248, 55413.912, 29974.426, 16.31
43, 89.864, 1.89031, 496.62618, 8.24592, 1.7027, 55495.612, 30529.212, 15.676
44, 90.818, 1.93703, 494.79844, 8.41787, 1.69412, 55598.688, 31087.174, 15.108
45, 91.672, 1.87234, 497.86932, 8.34522, 1.61194, 55664.702, 31622.076, 14.582
46, 92.424, 1.82278, 497.22222, 8.46508, 1.68033, 55682.282, 32220.646, 14.04
47, 93.162, 1.8294, 494.97848, 8.43768, 1.67273, 55736.02, 32755.17, 13.592
48, 93.732, 1.80161, 495.53571, 8.57808, 1.71125, 55735.35, 33319.52, 13.24
49, 94.362, 1.72507, 490.625, 8.59395, 1.6597, 55715.604, 33865.732, 12.778
50, 94.8, 1.67778, 498.34437, 8.61628, 1.67164, 55681.712, 34398.864, 12.428
51, 95.214, 1.72394, 495.09804, 8.65677, 1.59706, 55665.81, 34917.364, 12.152
52, 95.668, 1.66761, 498.29642, 8.68718, 1.60976, 55650.106, 35414.346, 11.816
53, 95.98, 1.68997, 495.5036, 8.88929, 1.69643, 55548.86, 35963.12, 11.476
54, 96.372, 1.66877, 498.10964, 8.75712, 1.60303, 55481.73, 36453.51, 11.084
55, 96.66, 1.53274, 492.23301, 8.81262, 1.63303, 55370.918, 36967.286, 10.758
56, 97.034, 1.61639, 498.9858, 8.96545, 1.62701, 55288.796, 37436.264, 10.358
57, 97.358, 1.60066, 496.90722, 8.78423, 1.64198, 55178.698, 37922.518, 9.94
58, 97.676, 1.51645, 495.66161, 9.14004, 1.55828, 55053.696, 38398.812, 9.528
59, 97.85, 1.52548, 494.78079, 9.19831, 1.66871, 54908.33, 38912.644, 9.224
60, 97.962, 1.49329, 495.50562, 9.0839, 1.54464, 54764.27, 39391.366, 8.964
61, 98.036, 1.52303, 502.15983, 9.02581, 1.64134, 54612.194, 39901.614, 8.736
62, 98.146, 1.44074, 503.85604, 8.95918, 1.60127, 54432.276, 40367.346, 8.392
63, 98.19, 1.40636, 497.48744, 9.16919, 1.61656, 54214.43, 40875.294, 8.09
64, 98.136, 1.38849, 498.70466, 9.20519, 1.625, 53989.786, 41377.996, 7.824
65, 98.164, 1.43796, 498.73096, 9.45547, 1.56129, 53828.114, 41824.168, 7.616
66, 98.112, 1.43852, 497.151, 9.30659, 1.60828, 53609.712, 42283.984, 7.36
67, 98.082, 1.31405, 493.71069, 9.42357, 1.58689, 53370.386, 42730.016, 7.07214
68, 98.02, 1.44541, 498.48943, 9.2697, 1.55414, 53139.64, 43183.264, 6.806
69, 97.884, 1.31579, 496.66667, 9.15436, 1.60429, 52849.746, 43663.658, 6.496
70, 97.776, 1.35965, 500.0, 9.42903, 1.57643, 52607.568, 44106.684, 6.234
71, 97.698, 1.34956, 500.0, 9.57049, 1.54232, 52359.77, 44551.058, 5.938
72, 97.422, 1.35747, 496.66667, 9.42953, 1.63455, 52087.194, 45013.234, 5.84168
73, 97.136, 1.34906, 500.0, 9.5, 1.54545, 51809.618, 45467.838, 5.69076
74, 96.862, 1.33184, 498.3165, 9.54392, 1.54037, 51548.652, 45916.366, 5.56627
75, 96.668, 1.3125, 498.29932, 9.48464, 1.5623, 51291.644, 46356.512, 5.36948
76, 96.366, 1.36139, 500.0, 9.32364, 1.5627, 51015.922, 46797.414, 5.27016
77, 95.988, 1.23316, 495.79832, 9.83475, 1.57188, 50672.038, 47267.858, 5.11694
78, 95.64, 1.2766, 497.91667, 9.24686, 1.5873, 50358.534, 47710.904, 4.94355
79, 95.326, 1.26178, 504.14938, 9.41975, 1.51827, 50092.72, 48109.644, 4.80522
80, 94.992, 1.21858, 500.0, 9.55157, 1.56209, 49788.764, 48526.218, 4.61
81, 94.69, 1.27528, 495.59471, 9.47556, 1.47766, 49535.974, 48893.6, 4.5332
82, 94.32, 1.19318, 497.61905, 9.5933, 1.46965, 49230.406, 49297.498, 4.41129
83, 93.978, 1.22981, 494.94949, 9.61224, 1.48097, 48945.466, 49668.982, 4.30972
84, 93.69, 1.20779, 502.68817, 9.55615, 1.47518, 48664.914, 50025.53, 4.1609
85, 93.37, 1.16667, 494.70899, 9.57219, 1.47667, 48358.412, 50408.932, 3.98569
86, 92.966, 1.18902, 487.17949, 9.81053, 1.57679, 48046.728, 50800.046, 3.86066
87, 92.532, 1.23881, 500.0, 9.24699, 1.50492, 47705.978, 51196.512, 3.72784
88, 92.218, 1.22047, 493.54839, 9.37908, 1.48077, 47412.08, 51532.66, 3.62213
89, 91.846, 1.17778, 496.85535, 9.74051, 1.46392, 47088.28, 51903.428, 3.48211
90, 91.366, 1.13287, 496.91358, 10.24224, 1.46104, 46756.306, 52285.156, 3.35983
91, 90.988, 1.225, 513.60544, 9.71523, 1.48496, 46467.368, 52614.618, 3.26371
92, 90.524, 1.10169, 488.46154, 9.30709, 1.4965, 46115.5, 52983.042, 3.10482
93, 90.086, 1.10606, 496.57534, 9.6, 1.50923, 45808.288, 53323.76, 3.02526
94, 89.63, 1.15873, 503.42466, 9.63946, 1.45683, 45507.29, 53661.326, 2.92917
95, 89.15, 1.13514, 496.03175, 9.56, 1.45791, 45160.274, 54022.116, 2.84289
96, 88.716, 1.10744, 507.46269, 9.93382, 1.44689, 44847.146, 54360.738, 2.77302
97, 88.302, 1.13559, 496.26866, 10.23308, 1.45, 44555.606, 54672.722, 2.71336
98, 87.85, 1.14286, 500.0, 9.85833, 1.45455, 44253.8, 54983.44, 2.68352
99, 87.358, 1.05926, 503.4965, 9.40278, 1.44891, 43955.436, 55315.246, 2.63696
100, 86.852, 1.11215, 500.0, 8.90756, 1.46207, 43620.712, 55657.654, 2.56291
101, 86.326, 1.11429, 500.0, 9.80342, 1.39655, 43289.298, 55994.398, 2.48578
102, 85.744, 1.14286, 505.68182, 9.47191, 1.4657, 42928.628, 56333.942, 2.44273
103, 85.196, 1.07955, 494.73684, 9.17021, 1.43158, 42570.312, 56675.43, 2.38307
104, 84.704, 1.1, 489.89899, 9.95876, 1.43704, 42236.916, 56995.068, 2.29241
105, 84.15, 1.1215, 504.16667, 9.45455, 1.48148, 41919.754, 57322.222, 2.29083
106, 83.678, 1.05195, 506.17284, 9.9878, 1.37736, 41607.422, 57604.972, 2.22831
107, 83.218, 1.10843, 494.56522, 9.53846, 1.48971, 41307.848, 57884.95, 2.19718
108, 82.684, 1.07895, 500.0, 9.4878, 1.45594, 40979.072, 58185.72, 2.18599
109, 82.288, 1.15116, 500.0, 9.83838, 1.40084, 40723.192, 58428.864, 2.14815
110, 81.814, 1.14286, 493.05556, 9.16901, 1.36863, 40412.068, 58698.968, 2.06983
111, 81.264, 1.14493, 500.0, 9.40506, 1.41328, 40065.46, 59013.75, 2.03299
112, 80.7, 1.07143, 520.0, 8.9359, 1.42248, 39742.492, 59303.922, 1.99244
113, 80.218, 1.05797, 493.15068, 9.40278, 1.36948, 39435.538, 59570.92, 1.96907
114, 79.768, 1.09231, 500.0, 10.01408, 1.36555, 39130.332, 59835.542, 1.90909
115, 79.266, 1.06757, 506.32911, 9.0375, 1.3321, 38828.344, 60106.0, 1.89757
116, 78.824, 1.09722, 550.63291, 8.89655, 1.27778, 38585.738, 60324.244, 1.87003
117, 78.262, 1.04839, 507.69231, 9.33333, 1.42085, 38251.914, 60613.578, 1.82133
118, 77.828, 1.08451, 519.48052, 9.775, 1.29787, 37991.872, 60842.484, 1.85124
119, 77.368, 1.05556, 493.42105, 9.54667, 1.36287, 37707.488, 61091.03, 1.79452
120, 76.886, 1.07547, 508.77193, 9.36207, 1.3102, 37398.42, 61347.74, 1.76536
121, 76.376, 1.03279, 500.0, 9.22222, 1.35341, 37092.776, 61605.49, 1.73164
122, 75.834, 1.01754, 508.62069, 9.89831, 1.38, 36788.364, 61857.548, 1.70571
123, 75.308, 1.06383, 520.0, 9.25, 1.36475, 36481.542, 62105.962, 1.67733
124, 74.804, 1.04082, 519.60784, 9.43396, 1.38362, 36187.476, 62342.512, 1.625
125, 74.27, 1.05556, 500.0, 9.75439, 1.35714, 35887.386, 62589.286, 1.65443
126, 73.728, 1.10909, 532.78689, 10.06154, 1.376, 35579.468, 62851.006, 1.66352
127, 73.206, 1.04444, 500.0, 9.65957, 1.40444, 35286.134, 63080.486, 1.61801
128, 72.688, 1.02273, 511.11111, 10.41304, 1.37705, 34977.652, 63324.78, 1.55238
129, 72.184, 1.08511, 500.0, 9.52941, 1.3251, 34677.866, 63564.936, 1.52597
130, 71.642, 1.07143, 533.33333, 9.9375, 1.3361, 34361.546, 63802.98, 1.50167
131, 71.172, 1.11429, 500.0, 9.53846, 1.25541, 34087.668, 64004.488, 1.46284
132, 70.596, 1.02222, 500.0, 9.76087, 1.33721, 33769.206, 64258.312, 1.42088
133, 70.056, 1.0, 511.62791, 9.65909, 1.34016, 33468.522, 64493.03, 1.45714
134, 69.532, 1.02941, 500.0, 8.94286, 1.32189, 33175.76, 64710.058, 1.45956
135, 68.99, 1.11364, 530.61224, 9.51923, 1.35246, 32869.396, 64958.186, 1.43866
136, 68.486, 1.0, 500.0, 9.34483, 1.35714, 32569.026, 65177.39, 1.38403
137, 68.008, 1.02778, 513.51351, 8.92105, 1.24561, 32299.992, 65374.554, 1.4127
138, 67.478, 1.03448, 533.33333, 9.1875, 1.34199, 32008.158, 65588.306, 1.36948
139, 67.06, 1.0, 514.28571, 9.66667, 1.27723, 31768.916, 65752.89, 1.35685
140, 66.52, 1.03125, 530.30303, 9.31429, 1.4619, 31482.932, 65963.218, 1.35146
141, 66.026, 1.02632, 525.64103, 9.2439, 1.25652, 31216.394, 66160.608, 1.31687
142, 65.606, 1.04, 519.23077, 9.51852, 1.2266, 30973.348, 66320.432, 1.31197
143, 65.144, 1.0, 500.0, 10.5, 1.2783, 30718.748, 66492.65, 1.31111
144, 64.626, 1.0, 500.0, 9.46875, 1.28384, 30450.046, 66683.962, 1.27511
145, 64.16, 1.0, 534.48276, 8.41935, 1.33333, 30185.56, 66869.548, 1.26941
146, 63.674, 1.05263, 500.0, 8.45, 1.33495, 29912.212, 67052.7, 1.29126
147, 63.208, 1.0, 500.0, 9.85, 1.29126, 29649.08, 67226.432, 1.29744
148, 62.736, 1.0, 500.0, 10.56522, 1.24186, 29393.8, 67394.768, 1.31016
149, 62.32, 1.04, 538.46154, 10.14286, 1.20202, 29164.058, 67543.716, 1.32418
150, 61.846, 1.05263, 525.0, 9.42857, 1.2823, 28896.518, 67723.034, 1.29944
151, 61.384, 1.04348, 541.66667, 9.42308, 1.32828, 28642.97, 67894.43, 1.31361
152, 60.868, 1.0, 519.23077, 8.37037, 1.26991, 28366.856, 68088.036, 1.2807
153, 60.41, 1.0, 500.0, 7.6875, 1.27, 28110.206, 68250.628, 1.2426
154, 59.94, 1.07143, 633.33333, 9.63158, 1.28571, 27847.07, 68424.32, 1.24183
155, 59.502, 1.0, 535.71429, 10.33333, 1.2266, 27603.39, 68575.332, 1.20833
156, 59.1, 1.08333, 538.46154, 8.78571, 1.21667, 27384.862, 68699.004, 1.17361
157, 58.602, 1.06667, 531.25, 8.11765, 1.26887, 27121.744, 68870.506, 1.13793
158, 58.146, 1.09091, 541.66667, 10.38462, 1.28866, 26874.626, 69022.748, 1.09929
159, 57.73, 1.0, 558.82353, 9.15789, 1.28814, 26657.192, 69150.288, 1.16031
160, 57.24, 1.0, 500.0, 8.875, 1.29268, 26392.454, 69315.01, 1.16667
161, 56.836, 1.0, 647.05882, 7.77273, 1.2514, 26185.378, 69435.012, 1.16379
162, 56.398, 1.0, 578.94737, 8.54545, 1.28877, 25965.594, 69567.972, 1.14783
163, 55.936, 1.0, 535.71429, 9.66667, 1.24747, 25729.028, 69710.762, 1.12069
164, 55.574, 1.07692, 535.71429, 8.93333, 1.24528, 25534.58, 69812.46, 1.16514
165, 55.134, 1.0, 615.38462, 9.75, 1.24468, 25313.902, 69940.902, 1.17757
166, 54.708, 1.0, 500.0, 10.14286, 1.23118, 25088.052, 70072.558, 1.18095
167, 54.304, 1.0, 545.45455, 9.25, 1.2033, 24875.894, 70189.146, 1.12381
168, 53.832, 1.0, 500.0, 8.54545, 1.25373, 24622.364, 70345.86, 1.11881
169, 53.382, 1.0, 600.0, 9.5, 1.22798, 24391.006, 70481.278, 1.14433
170, 52.966, 1.11111, 500.0, 9.2, 1.22472, 24171.742, 70603.492, 1.13265
171, 52.566, 1.0, 500.0, 9.16667, 1.27976, 23954.766, 70718.51, 1.09677
172, 52.138, 1.0, 500.0, 8.7, 1.23118, 23726.566, 70849.66, 1.11494
173, 51.744, 1.0, 500.0, 8.2, 1.2069, 23522.48, 70951.842, 1.1125
174, 51.36, 1.0, 600.0, 8.25, 1.18857, 23323.346, 71055.73, 1.09211
175, 50.988, 1.0, 500.0, 7.66667, 1.21472, 23120.032, 71157.882, 1.13235
176, 50.55, 1.0, 611.11111, 9.54545, 1.29609, 22904.464, 71278.114, 1.08955
177, 50.16, 1.0, 500.0, 9.7, 1.26994, 22697.12, 71387.982, 1.04412
178, 49.768, 1.0, 500.0, 11.125, 1.22024, 22505.01, 71481.574, 1.06061
179, 49.348, 1.0, 666.66667, 8.125, 1.23429, 22290.098, 71598.052, 1.07692
180, 48.914, 1.0, 545.45455, 8.75, 1.24044, 22079.852, 71714.244, 1.02899
181, 48.532, 1.0, 500.0, 8.625, 1.21341, 21886.262, 71809.176, 1.04412
182, 48.152, 1.0, 500.0, 10.0, 1.20606, 21690.29, 71905.088, 1.04615
183, 47.736, 1.0, 625.0, 9.2, 1.26786, 21486.77, 72006.708, 1.06349
184, 47.326, 1.0, 583.33333, 8.28571, 1.25882, 21290.932, 72110.422, 1.04478
185, 46.954, 1.0, 500.0, 9.5, 1.16364, 21103.184, 72194.026, 1.03125
186, 46.582, 1.0, 642.85714, 10.33333, 1.19632, 20913.196, 72287.394, 1.0
187, 46.234, 1.0, 500.0, 7.28571, 1.18065, 20729.78, 72371.202, 1.03333
188, 45.898, 1.0, 700.0, 8.28571, 1.15789, 20556.822, 72445.532, 1.03509
189, 45.54, 1.0, 666.66667, 9.0, 1.22876, 20368.466, 72537.148, 1.03704
190, 45.17, 1.0, 571.42857, 8.5, 1.16867, 20179.742, 72628.73, 1.03846
191, 44.726, 1.0, 500.0, 6.0, 1.26519, 19956.07, 72752.976, 1.04
192, 44.368, 1.0, 666.66667, 9.16667, 1.19355, 19786.138, 72829.506, 1.05769
193, 44.014, 1.0, 500.0, 10.0, 1.2, 19611.806, 72900.114, 1.06
194, 43.674, 1.0, 750.0, 10.0, 1.16883, 19424.318, 72986.536, 1.04651
195, 43.372, 1.0, 611.11111, 6.09091, 1.12593, 19277.882, 73039.3, 1.06
196, 42.988, 1.0, 500.0, 6.0, 1.22086, 19081.982, 73131.364, 1.04444
197, 42.642, 1.0, 750.0, 11.0, 1.16993, 18896.798, 73215.492, 1.04878
198, 42.338, 1.0, 500.0, 8.25, 1.10563, 18740.756, 73271.468, 1.05
199, 42.004, 1.0, 500.0, 10.14286, 1.24286, 18566.85, 73347.256, 1.02439
200, 41.674, 1.0, 500.0, 9.0, 1.21127, 18389.006, 73421.548, 1.02778
201, 41.35, 1.0, 500.0, 12.0, 1.14384, 18222.39, 73485.138, 1.0
202, 41.046, 1.0, 800.0, 9.375, 1.15714, 18071.886, 73539.77, 1.0
203, 40.744, 1.0, 500.0, 9.0, 1.13333, 17917.998, 73591.166, 1.0
204, 40.422, 1.0, 500.0, 8.5, 1.17266, 17760.924, 73649.604, 1.0
205, 40.07, 1.0, 500.0, 8.0, 1.13665, 17581.522, 73726.528, 1.0
206, 39.746, 1.0, 500.0, 14.0, 1.18248, 17416.452, 73791.03, 1.0
207, 39.418, 1.0, 500.0, 7.0, 1.21014, 17256.618, 73850.656, 1.0
208, 39.12, 1.0, 500.0, 9.0, 1.12687, 17104.568, 73899.956, 1.0
209, 38.798, 0.0, 0.0, 0.0, 1.22302, 16940.672, 73959.51, 1.0
210, 38.48, 1.0, 500.0, 7.0, 1.19259, 16784.296, 74014.402, 1.05263
211, 38.188, 1.0, 500.0, 11.0, 1.13077, 16640.568, 74057.146, 1.05
212, 37.876, 1.0, 500.0, 9.0, 1.18657, 16481.118, 74115.274, 1.05263
213, 37.61, 1.0, 500.0, 9.33333, 1.09836, 16344.56, 74151.708, 1.04762
214, 37.37, 1.0, 500.0, 10.0, 1.11504, 16220.946, 74177.338, 1.05
215, 37.03, 1.0, 500.0, 7.0, 1.18621, 16056.922, 74243.478, 1.04348
216, 36.734, 1.0, 500.0, 10.8, 1.1194, 15912.384, 74290.846, 1.03846
217, 36.434, 1.0, 875.0, 7.57143, 1.16541, 15768.318, 74339.468, 1.0
218, 36.154, 1.0, 666.66667, 10.5, 1.128, 15622.654, 74386.34, 1.0
219, 35.86, 1.0, 500.0, 10.0, 1.14729, 15480.946, 74425.844, 1.0
220, 35.56, 1.0, 800.0, 9.25, 1.12687, 15343.038, 74469.344, 1.0
221, 35.256, 1.0, 500.0, 9.5, 1.16541, 15190.252, 74521.7, 1.0
222, 34.976, 1.0, 500.0, 11.5, 1.13492, 15050.652, 74561.684, 1.0
223, 34.682, 1.0, 500.0, 12.0, 1.16794, 14903.608, 74607.99, 1.04167
224, 34.418, 1.0, 625.0, 9.4, 1.17391, 14778.662, 74636.194, 1.04
225, 34.128, 0.0, 0.0, 0.0, 1.16535, 14635.248, 74677.906, 1.0
226, 33.878, 0.0, 0.0, 0.0, 1.15455, 14508.384, 74702.8, 1.0
227, 33.62, 1.0, 500.0, 10.0, 1.16522, 14372.878, 74737.372, 1.0
228, 33.346, 1.0, 500.0, 11.0, 1.13821, 14238.87, 74771.142, 1.0
229, 33.046, 1.0, 500.0, 11.66667, 1.13534, 14095.602, 74816.426, 1.0
230, 32.818, 1.0, 1000.0, 9.5, 1.13462, 13984.046, 74828.594, 1.0
231, 32.554, 1.0, 500.0, 7.0, 1.12605, 13857.276, 74855.568, 1.0
232, 32.272, 0.0, 0.0, 0.0, 1.144, 13722.972, 74888.498, 1.0
233, 32.062, 1.0, 750.0, 6.66667, 1.09278, 13616.788, 74896.492, 1.0
234, 31.784, 1.0, 1000.0, 7.0, 1.19167, 13480.742, 74934.132, 1.0
235, 31.522, 1.0, 750.0, 8.0, 1.16814, 13355.406, 74961.94, 1.0
236, 31.254, 1.0, 666.66667, 6.75, 1.17544, 13230.694, 74990.176, 1.0
237, 30.972, 1.0, 750.0, 6.66667, 1.16393, 13093.438, 75030.264, 1.0
238, 30.694, 0.0, 0.0, 0.0, 1.13008, 12962.622, 75060.612, 1.0
239, 30.484, 1.0, 500.0, 7.0, 1.1134, 12855.656, 75068.104, 1.0
240, 30.234, 1.0, 500.0, 10.0, 1.14414, 12729.288, 75094.896, 1.0
241, 29.984, 0.0, 0.0, 0.0, 1.125, 12609.502, 75114.68, 1.0
242, 29.772, 1.0, 750.0, 7.66667, 1.15217, 12510.41, 75116.668, 1.0
243, 29.516, 0.0, 0.0, 0.0, 1.14035, 12393.094, 75134.056, 1.0
244, 29.298, 1.0, 1000.0, 10.0, 1.14737, 12277.456, 75152.19, 1.0
245, 29.014, 1.0, 500.0, 7.0, 1.13386, 12145.594, 75186.358, 1.0
246, 28.796, 1.0, 500.0, 12.0, 1.10891, 12039.928, 75193.262, 1.0
247, 28.564, 1.0, 500.0, 10.0, 1.19388, 11932.134, 75203.834, 1.0
248, 28.344, 1.0, 500.0, 10.0, 1.15789, 11829.87, 75208.836, 1.0
249, 28.134, 0.0, 0.0, 0.0, 1.09278, 11730.404, 75209.634, 1.0
250, 27.928, 1.0, 500.0, 9.0, 1.09474, 11631.332, 75209.812, 1.0
251, 27.706, 1.0, 500.0, 8.0, 1.18085, 11524.448, 75219.004, 1.0
252, 27.49, 1.0, 1000.0, 8.5, 1.06796, 11427.044, 75221.432, 1.0
253, 27.264, 1.0, 1000.0, 8.5, 1.06604, 11324.402, 75227.476, 1.0
254, 27.02, 0.0, 0.0, 0.0, 1.08772, 11212.778, 75240.822, 1.0
255, 26.806, 0.0, 0.0, 0.0, 1.125, 11114.054, 75240.576, 1.0
256, 26.628, 0.0, 0.0, 0.0, 1.13924, 11028.074, 75228.634, 1.0
257, 26.404, 0.0, 0.0, 0.0, 1.16327, 10908.908, 75250.08, 1.0
258, 26.204, 0.0, 0.0, 0.0, 1.12088, 10813.41, 75247.744, 1.0
259, 25.982, 1.0, 750.0, 8.33333, 1.11, 10711.414, 75254.024, 1.0
260, 25.776, 0.0, 0.0, 0.0, 1.15556, 10616.672, 75250.154, 1.0
261, 25.574, 1.0, 1000.0, 11.0, 1.1087, 10522.706, 75248.484, 1.0
262, 25.364, 0.0, 0.0, 0.0, 1.07071, 10422.878, 75250.91, 1.0
263, 25.186, 1.0, 500.0, 3.0, 1.11111, 10338.826, 75238.394, 1.0
264, 24.95, 1.0, 500.0, 8.0, 1.13462, 10234.066, 75247.188, 1.0
265, 24.746, 0.0, 0.0, 0.0, 1.13333, 10136.782, 75247.706, 1.0
266, 24.574, 0.0, 0.0, 0.0, 1.11688, 10056.876, 75229.922, 1.0
267, 24.384, 0.0, 0.0, 0.0, 1.09195, 9969.49, 75219.98, 1.0
268, 24.208, 1.0, 500.0, 5.0, 1.08537, 9882.082, 75210.57, 1.0
269, 23.996, 0.0, 0.0, 0.0, 1.06931, 9787.116, 75208.496, 1.0
270, 23.792, 1.0, 500.0, 13.0, 1.13333, 9693.184, 75206.13, 1.0
271, 23.588, 1.0, 500.0, 6.0, 1.15909, 9604.17, 75199.44, 1.0
272, 23.4, 0.0, 0.0, 0.0, 1.08046, 9519.472, 75186.868, 1.0
273, 23.172, 0.0, 0.0, 0.0, 1.12745, 9417.024, 75193.2, 1.0
274, 22.972, 0.0, 0.0, 0.0, 1.16092, 9325.99, 75188.452, 1.0
275, 22.792, 1.0, 500.0, 15.0, 1.11111, 9245.302, 75174.38, 1.0
276, 22.59, 1.0, 500.0, 12.0, 1.08602, 9156.316, 75168.346, 1.0
277, 22.412, 0.0, 0.0, 0.0, 1.09877, 9073.554, 75155.666, 1.0
278, 22.204, 1.0, 1500.0, 9.0, 1.09375, 8981.994, 75154.162, 1.0
279, 22.044, 0.0, 0.0, 0.0, 1.09589, 8901.674, 75138.914, 1.0
280, 21.886, 0.0, 0.0, 0.0, 1.06667, 8829.934, 75115.138, 1.0
281, 21.708, 1.0, 2000.0, 6.75, 1.09639, 8751.378, 75102.574, 1.0
282, 21.506, 1.0, 1500.0, 10.0, 1.13483, 8662.234, 75099.64, 1.0
283, 21.35, 0.0, 0.0, 0.0, 1.05405, 8588.596, 75076.914, 1.0
284, 21.124, 0.0, 0.0, 0.0, 1.10784, 8488.462, 75081.728, 1.0
285, 20.934, 0.0, 0.0, 0.0, 1.07955, 8400.182, 75074.556, 1.0
286, 20.776, 1.0, 1500.0, 8.0, 1.11111, 8332.294, 75050.056, 1.0
287, 20.598, 0.0, 0.0, 0.0, 1.09756, 8249.768, 75037.404, 1.0
288, 20.45, 0.0, 0.0, 0.0, 1.08696, 8180.488, 75011.778, 1.0
289, 20.322, 0.0, 0.0, 0.0, 1.06667, 8123.612, 74974.366, 1.0
290, 20.156, 1.0, 500.0, 12.0, 1.0375, 8047.984, 74956.318, 1.0
291, 19.976, 0.0, 0.0, 0.0, 1.10976, 7963.866, 74945.696, 1.0
292, 19.828, 0.0, 0.0, 0.0, 1.10294, 7897.912, 74917.332, 1.0
293, 19.662, 0.0, 0.0, 0.0, 1.09211, 7820.596, 74900.098, 1.0
294, 19.482, 0.0, 0.0, 0.0, 1.08434, 7741.842, 74885.048, 1.0
295, 19.338, 0.0, 0.0, 0.0, 1.05882, 7670.274, 74862.102, 1.0
296, 19.148, 0.0, 0.0, 0.0, 1.07955, 7583.284, 74855.07, 1.0
297, 18.992, 1.0, 500.0, 10.0, 1.09859, 7516.242, 74829.584, 1.0
298, 18.836, 1.0, 1000.0, 7.0, 1.16176, 7446.544, 74807.47, 1.0
299, 18.646, 0.0, 0.0, 0.0, 1.10465, 7365.96, 74795.064, 1.0
300, 18.51, 0.0, 0.0, 0.0, 1.06154, 7306.55, 74761.286, 1.0
301, 18.378, 0.0, 0.0, 0.0, 1.06452, 7248.08, 74726.474, 1.0
302, 18.19, 0.0, 0.0, 0.0, 1.09302, 7166.012, 74715.206, 1.0
303, 18.042, 1.0, 750.0, 9.66667, 1.04225, 7104.266, 74687.024, 1.0
304, 17.88, 1.0, 1000.0, 8.0, 1.10959, 7033.162, 74666.228, 1.0
305, 17.736, 0.0, 0.0, 0.0, 1.08955, 6964.004, 74642.672, 1.0
306, 17.616, 0.0, 0.0, 0.0, 1.01695, 6910.482, 74603.14, 1.0
307, 17.48, 0.0, 0.0, 0.0, 1.0625, 6849.29, 74571.748, 1.0
308, 17.366, 1.0, 500.0, 11.0, 1.07407, 6799.454, 74529.902, 1.0
309, 17.228, 0.0, 0.0, 0.0, 1.04478, 6739.75, 74496.668, 1.0
310, 17.086, 1.0, 500.0, 7.0, 1.02899, 6678.318, 74466.32, 1.0
311, 16.934, 0.0, 0.0, 0.0, 1.10145, 6604.666, 74447.062, 1.0
312, 16.802, 0.0, 0.0, 0.0, 1.06452, 6542.168, 74417.182, 1.0
313, 16.646, 0.0, 0.0, 0.0, 1.12857, 6473.744, 74393.2, 1.0
314, 16.536, 0.0, 0.0, 0.0, 1.07692, 6422.006, 74353.482, 1.0
315, 16.4, 0.0, 0.0, 0.0, 1.0625, 6364.584, 74318.534, 1.0
316, 16.266, 0.0, 0.0, 0.0, 1.04688, 6302.856, 74288.028, 1.0
317, 16.142, 0.0, 0.0, 0.0, 1.05085, 6249.124, 74250.35, 1.0
318, 15.99, 0.0, 0.0, 0.0, 1.08571, 6185.734, 74222.114, 1.0
319, 15.862, 0.0, 0.0, 0.0, 1.08475, 6131.722, 74184.822, 1.0
320, 15.72, 0.0, 0.0, 0.0, 1.125, 6067.784, 74157.528, 0.0
321, 15.602, 0.0, 0.0, 0.0, 1.0, 6016.796, 74116.584, 0.0
322, 15.456, 0.0, 0.0, 0.0, 1.02817, 5949.256, 74093.436, 0.0
323, 15.324, 0.0, 0.0, 0.0, 1.06452, 5892.796, 74058.628, 0.0
324, 15.194, 1.0, 1000.0, 10.0, 1.18182, 5838.586, 74023.902, 1.0
325, 15.042, 0.0, 0.0, 0.0, 1.07042, 5769.884, 74000.922, 1.0
326, 14.912, 1.0, 500.0, 8.0, 1.12069, 5713.22, 73967.148, 1.0
327, 14.802, 0.0, 0.0, 0.0, 1.07843, 5665.414, 73924.858, 1.0
328, 14.672, 0.0, 0.0, 0.0, 1.04762, 5606.846, 73892.29, 1.0
329, 14.546, 0.0, 0.0, 0.0, 1.16667, 5553.944, 73854.346, 1.0
330, 14.43, 0.0, 0.0, 0.0, 1.07407, 5504.712, 73813.284, 1.0
331, 14.312, 0.0, 0.0, 0.0, 1.03509, 5451.888, 73775.39, 1.0
332, 14.216, 0.0, 0.0, 0.0, 1.09091, 5406.298, 73730.33, 1.0
333, 14.098, 0.0, 0.0, 0.0, 1.01724, 5353.88, 73692.526, 1.0
334, 13.966, 0.0, 0.0, 0.0, 1.08065, 5294.694, 73661.95, 0.0
335, 13.862, 0.0, 0.0, 0.0, 1.08333, 5245.914, 73620.364, 0.0
336, 13.742, 0.0, 0.0, 0.0, 1.05263, 5193.882, 73582.678, 0.0
337, 13.618, 0.0, 0.0, 0.0, 1.05085, 5141.44, 73545.034, 0.0
338, 13.494, 0.0, 0.0, 0.0, 1.03333, 5092.704, 73503.708, 0.0
339, 13.358, 1.0, 500.0, 5.0, 1.07937, 5037.476, 73470.776, 1.0
340, 13.246, 0.0, 0.0, 0.0, 1.01818, 4991.286, 73427.452, 1.0
341, 13.17, 0.0, 0.0, 0.0, 1.05556, 4957.672, 73371.748, 1.0
342, 13.07, 0.0, 0.0, 0.0, 1.02041, 4914.552, 73325.184, 1.0
343, 12.972, 0.0, 0.0, 0.0, 1.06522, 4873.738, 73277.162, 1.0
344, 12.852, 0.0, 0.0, 0.0, 1.05263, 4825.24, 73236.52, 1.0
345, 12.742, 0.0, 0.0, 0.0, 1.05769, 4779.386, 73194.018, 1.0
346, 12.634, 0.0, 0.0, 0.0, 1.03846, 4734.904, 73149.672, 1.0
347, 12.526, 0.0, 0.0, 0.0, 1.05882, 4689.216, 73106.55, 1.0
348, 12.416, 0.0, 0.0, 0.0, 1.07843, 4644.246, 73063.076, 1.0
349, 12.302, 0.0, 0.0, 0.0, 1.07407, 4588.754, 73029.318, 0.0
350, 12.186, 0.0, 0.0, 0.0, 1.09434, 4542.236, 72987.074, 0.0
351, 12.076, 0.0, 0.0, 0.0, 1.12245, 4496.408, 72944.492, 0.0
352, 11.976, 0.0, 0.0, 0.0, 1.04167, 4451.688, 72900.766, 0.0
353, 11.904, 0.0, 0.0, 0.0, 1.0, 4418.25, 72846.452, 0.0
354, 11.794, 0.0, 0.0, 0.0, 1.01852, 4370.39, 72805.248, 0.0
355, 11.702, 0.0, 0.0, 0.0, 1.06977, 4329.772, 72758.086, 0.0
356, 11.588, 0.0, 0.0, 0.0, 1.05556, 4281.546, 72718.012, 0.0
357, 11.512, 0.0, 0.0, 0.0, 1.08571, 4247.832, 72664.178, 0.0
358, 11.43, 0.0, 0.0, 0.0, 1.05128, 4213.134, 72610.802, 0.0
359, 11.332, 0.0, 0.0, 0.0, 1.04255, 4173.394, 72562.836, 0.0
360, 11.248, 0.0, 0.0, 0.0, 1.05, 4137.13, 72511.784, 0.0
361, 11.17, 0.0, 0.0, 0.0, 1.02632, 4104.216, 72457.466, 0.0
362, 11.064, 0.0, 0.0, 0.0, 1.10417, 4063.106, 72411.042, 0.0
363, 10.966, 0.0, 0.0, 0.0, 1.02083, 4017.252, 72369.098, 0.0
364, 10.878, 0.0, 0.0, 0.0, 1.02326, 3979.778, 72318.972, 0.0
365, 10.784, 0.0, 0.0, 0.0, 1.11905, 3942.16, 72269.312, 0.0
366, 10.688, 0.0, 0.0, 0.0, 1.02128, 3905.384, 72219.208, 0.0
367, 10.59, 0.0, 0.0, 0.0, 1.08889, 3867.714, 72170.594, 0.0
368, 10.512, 0.0, 0.0, 0.0, 1.0, 3834.408, 72117.024, 0.0
369, 10.436, 0.0, 0.0, 0.0, 1.0, 3802.904, 72061.838, 0.0
370, 10.36, 0.0, 0.0, 0.0, 1.05556, 3771.95, 72006.514, 0.0
371, 10.26, 0.0, 0.0, 0.0, 1.02041, 3730.764, 71962.048, 0.0
372, 10.154, 0.0, 0.0, 0.0, 1.0, 3689.52, 71916.966, 0.0
373, 10.07, 0.0, 0.0, 0.0, 1.02439, 3653.756, 71866.838, 0.0
374, 9.994, 0.0, 0.0, 0.0, 1.0, 3622.45, 71812.272, 0.0
375, 9.912, 0.0, 0.0, 0.0, 1.05128, 3588.75, 71760.234, 0.0
376, 9.82, 0.0, 0.0, 0.0, 1.0, 3552.906, 71710.062, 0.0
377, 9.734, 0.0, 0.0, 0.0, 1.0, 3517.05, 71659.386, 0.0
378, 9.654, 0.0, 0.0, 0.0, 1.11111, 3483.614, 71607.078, 0.0
379, 9.596, 0.0, 0.0, 0.0, 1.0, 3460.134, 71544.68, 0.0
380, 9.526, 0.0, 0.0, 0.0, 1.09375, 3429.662, 71489.276, 0.0
381, 9.44, 0.0, 0.0, 0.0, 1.04878, 3394.786, 71438.232, 0.0
382, 9.364, 0.0, 0.0, 0.0, 1.08571, 3361.666, 71385.476, 0.0
383, 9.286, 0.0, 0.0, 0.0, 1.02632, 3333.17, 71328.824, 0.0
384, 9.206, 0.0, 0.0, 0.0, 1.0, 3299.23, 71277.452, 0.0
385, 9.13, 0.0, 0.0, 0.0, 1.08571, 3269.282, 71222.38, 0.0
386, 9.052, 0.0, 0.0, 0.0, 1.02632, 3239.748, 71167.064, 0.0
387, 8.98, 1.0, 4500.0, 7.0, 1.0, 3219.614, 71111.478, 1.0
388, 8.908, 0.0, 0.0, 0.0, 1.09091, 3191.84, 71053.848, 1.0
389, 8.838, 0.0, 0.0, 0.0, 1.06061, 3164.678, 70996.33, 1.0
390, 8.748, 0.0, 0.0, 0.0, 1.02273, 3127.92, 70948.446, 1.0
391, 8.676, 0.0, 0.0, 0.0, 1.0, 3098.832, 70893.41, 1.0
392, 8.616, 0.0, 0.0, 0.0, 1.0, 3074.124, 70834.372, 1.0
393, 8.546, 0.0, 0.0, 0.0, 1.06061, 3045.638, 70778.94, 1.0
394, 8.47, 0.0, 0.0, 0.0, 1.0, 3014.438, 70725.6, 1.0
395, 8.382, 0.0, 0.0, 0.0, 1.07317, 2981.41, 70674.024, 1.0
396, 8.308, 0.0, 0.0, 0.0, 1.0, 2950.586, 70620.7, 1.0
397, 8.248, 0.0, 0.0, 0.0, 1.03448, 2923.454, 70563.336, 1.0
398, 8.196, 0.0, 0.0, 0.0, 1.0, 2901.566, 70501.638, 1.0
399, 8.132, 0.0, 0.0, 0.0, 1.03226, 2875.202, 70444.272, 1.0
400, 8.064, 0.0, 0.0, 0.0, 1.0303, 2846.264, 70388.926, 1.0
401, 8.02, 0.0, 0.0, 0.0, 1.04762, 2826.486, 70325.326, 1.0
402, 7.946, 0.0, 0.0, 0.0, 1.02778, 2798.966, 70268.886, 1.0
403, 7.882, 0.0, 0.0, 0.0, 1.0, 2770.296, 70214.08, 1.0
404, 7.824, 0.0, 0.0, 0.0, 1.03571, 2748.408, 70153.098, 1.0
405, 7.758, 0.0, 0.0, 0.0, 1.0, 2723.058, 70095.668, 1.0
406, 7.684, 0.0, 0.0, 0.0, 1.05714, 2692.702, 70043.278, 1.0
407, 7.628, 0.0, 0.0, 0.0, 1.07692, 2669.626, 69984.302, 1.0
408, 7.572, 0.0, 0.0, 0.0, 1.03704, 2646.42, 69924.618, 1.0
409, 7.508, 0.0, 0.0, 0.0, 1.0, 2621.71, 69866.088, 1.0
410, 7.454, 0.0, 0.0, 0.0, 1.03846, 2600.468, 69804.272, 1.0
411, 7.398, 0.0, 0.0, 0.0, 1.03704, 2576.538, 69746.038, 1.0
412, 7.332, 0.0, 0.0, 0.0, 1.06452, 2550.804, 69688.874, 1.0
413, 7.272, 0.0, 0.0, 0.0, 1.0, 2527.512, 69629.594, 1.0
414, 7.206, 0.0, 0.0, 0.0, 1.0, 2501.156, 69573.732, 1.0
415, 7.156, 0.0, 0.0, 0.0, 1.08696, 2481.086, 69511.094, 1.0
416, 7.124, 0.0, 0.0, 0.0, 1.0, 2468.074, 69442.05, 1.0
417, 7.08016, 0.0, 0.0, 0.0, 1.03571, 2450.26653, 69382.89, 1.0
418, 7.0481, 0.0, 0.0, 0.0, 1.0, 2437.00601, 69309.37876, 1.0
419, 6.99198, 0.0, 0.0, 0.0, 1.07407, 2407.18036, 69257.45291, 0.0
420, 6.94589, 0.0, 0.0, 0.0, 1.0, 2389.24449, 69193.69339, 0.0
421, 6.86774, 0.0, 0.0, 0.0, 1.02632, 2360.51703, 69141.24649, 0.0
422, 6.80561, 0.0, 0.0, 0.0, 1.06897, 2336.1503, 69083.62725, 0.0
423, 6.73948, 0.0, 0.0, 0.0, 1.03125, 2311.2485, 69027.26854, 0.0
424, 6.67335, 0.0, 0.0, 0.0, 1.06452, 2285.95992, 68971.32064, 0.0
425, 6.62325, 0.0, 0.0, 0.0, 1.0, 2265.28657, 68910.27455, 0.0
426, 6.57515, 0.0, 0.0, 0.0, 1.0, 2247.002, 68846.44689, 0.0
427, 6.52906, 0.0, 0.0, 0.0, 1.0, 2229.99198, 68782.23246, 0.0
428, 6.46693, 0.0, 0.0, 0.0, 1.03333, 2208.23046, 68722.69339, 0.0
429, 6.40681, 0.0, 0.0, 0.0, 1.0, 2185.87174, 68664.48697, 0.0
430, 6.33467, 0.0, 0.0, 0.0, 1.0, 2157.46693, 68611.47695, 0.0
431, 6.28657, 0.0, 0.0, 0.0, 1.0, 2138.47295, 68549.63527, 0.0
432, 6.25651, 0.0, 0.0, 0.0, 1.0, 2126.65932, 68481.12425, 0.0
433, 6.20641, 0.0, 0.0, 0.0, 1.04167, 2108.19038, 68419.50301, 0.0
434, 6.1483, 0.0, 0.0, 0.0, 1.03571, 2083.67335, 68363.73347, 0.0
435, 6.09018, 0.0, 0.0, 0.0, 1.0, 2063.26453, 68304.42084, 0.0
436, 6.05611, 0.0, 0.0, 0.0, 1.0, 2048.6493, 68239.33667, 0.0
437, 6.01002, 0.0, 0.0, 0.0, 1.0, 2028.64128, 68179.2024, 0.0
438, 5.9479, 0.0, 0.0, 0.0, 1.06897, 2005.22244, 68122.3988, 0.0
439, 5.88377, 0.0, 0.0, 0.0, 1.03226, 1980.49299, 68067.7515, 0.0
440, 5.83768, 0.0, 0.0, 0.0, 1.0, 1962.87575, 68005.08216, 0.0
441, 5.79158, 0.0, 0.0, 0.0, 1.0, 1945.22846, 67942.89579, 0.0
442, 5.73347, 0.0, 0.0, 0.0, 1.03571, 1923.4509, 67884.83968, 0.0
443, 5.67936, 0.0, 0.0, 0.0, 1.0, 1903.13226, 67824.89579, 0.0
444, 5.63126, 0.0, 0.0, 0.0, 1.0, 1886.37675, 67762.16633, 0.0
445, 5.57715, 0.0, 0.0, 0.0, 1.125, 1866.99399, 67701.81162, 0.0
446, 5.53908, 0.0, 0.0, 0.0, 1.0, 1852.39078, 67637.501, 0.0
447, 5.501, 0.0, 0.0, 0.0, 1.05556, 1832.28257, 67578.57916, 0.0
448, 5.45291, 0.0, 0.0, 0.0, 1.04348, 1813.85972, 67517.33467, 0.0
449, 5.40882, 0.0, 0.0, 0.0, 1.0, 1796.05611, 67456.08617, 0.0
450, 5.34669, 0.0, 0.0, 0.0, 1.03333, 1773.79158, 67399.21242, 0.0
451, 5.3006, 0.0, 0.0, 0.0, 1.09524, 1757.25451, 67336.79559, 0.0
452, 5.25251, 0.0, 0.0, 0.0, 1.04348, 1738.07816, 67277.12826, 0.0
453, 5.19238, 0.0, 0.0, 0.0, 1.03448, 1715.70341, 67220.69339, 0.0
454, 5.15431, 0.0, 0.0, 0.0, 1.0, 1700.68136, 67157.34068, 0.0
455, 5.11222, 0.0, 0.0, 0.0, 1.0, 1684.83567, 67094.38477, 0.0
456, 5.07214, 0.0, 0.0, 0.0, 1.11111, 1669.39078, 67031.08417, 0.0
457, 5.04217, 0.0, 0.0, 0.0, 1.05263, 1656.60442, 66969.40882, 0.0
458, 4.99598, 0.0, 0.0, 0.0, 1.04545, 1639.27711, 66911.01004, 0.0
459, 4.93976, 0.0, 0.0, 0.0, 1.0, 1619.71285, 66852.00602, 0.0
460, 4.91348, 0.0, 0.0, 0.0, 1.0, 1609.02616, 66787.95582, 0.0
461, 4.87928, 0.0, 0.0, 0.0, 1.0, 1596.26761, 66720.3662, 0.0
462, 4.84507, 0.0, 0.0, 0.0, 1.0, 1583.93763, 66655.42857, 0.0
463, 4.78672, 0.0, 0.0, 0.0, 1.0, 1562.60161, 66599.76056, 0.0
464, 4.73843, 0.0, 0.0, 0.0, 1.0, 1545.01408, 66539.32394, 0.0
465, 4.68008, 0.0, 0.0, 0.0, 1.0, 1523.90543, 66482.78873, 0.0
466, 4.65795, 0.0, 0.0, 0.0, 1.0, 1515.30986, 66414.23541, 0.0
467, 4.62575, 0.0, 0.0, 0.0, 1.0, 1502.34608, 66350.24346, 0.0
468, 4.5835, 0.0, 0.0, 0.0, 1.0, 1485.99195, 66289.42857, 0.0
469, 4.54839, 0.0, 0.0, 0.0, 1.1, 1472.71371, 66228.42254, 0.0
470, 4.51411, 0.0, 0.0, 0.0, 1.0, 1459.84677, 66160.24194, 0.0
471, 4.47071, 0.0, 0.0, 0.0, 1.0, 1445.17576, 66101.34274, 0.0
472, 4.43636, 0.0, 0.0, 0.0, 1.0, 1433.15758, 66032.07879, 0.0
473, 4.4, 0.0, 0.0, 0.0, 1.0, 1420.68081, 65967.41818, 0.0
474, 4.37778, 0.0, 0.0, 0.0, 1.0, 1410.47879, 65900.19596, 0.0
475, 4.33333, 0.0, 0.0, 0.0, 1.04762, 1395.0202, 65839.07879, 0.0
476, 4.29091, 0.0, 0.0, 0.0, 1.0, 1380.22424, 65776.64848, 0.0
477, 4.24242, 0.0, 0.0, 0.0, 1.04348, 1361.50303, 65718.31515, 0.0
478, 4.2101, 0.0, 0.0, 0.0, 1.0, 1348.45859, 65654.61212, 0.0
479, 4.1697, 0.0, 0.0, 0.0, 1.0, 1333.95556, 65592.94747, 0.0
480, 4.12727, 0.0, 0.0, 0.0, 1.0, 1317.12323, 65533.17778, 0.0
481, 4.09495, 0.0, 0.0, 0.0, 1.0, 1304.78586, 65469.16768, 0.0
482, 4.07071, 0.0, 0.0, 0.0, 1.0, 1296.12525, 65401.95556, 0.0
483, 4.0303, 0.0, 0.0, 0.0, 1.0, 1280.55354, 65341.5596, 0.0
484, 4.01212, 0.0, 0.0, 0.0, 1.0, 1273.17172, 65273.06061, 0.0
485, 3.96364, 0.0, 0.0, 0.0, 1.0, 1256.30505, 65214.52929, 0.0
486, 3.92713, 0.0, 0.0, 0.0, 1.04762, 1243.55668, 65154.55556, 0.0
487, 3.88462, 0.0, 0.0, 0.0, 1.0, 1229.38462, 65087.34615, 0.0
488, 3.85223, 0.0, 0.0, 0.0, 1.0, 1218.36437, 65022.93725, 0.0
489, 3.82389, 0.0, 0.0, 0.0, 1.0, 1208.52632, 64956.71862, 0.0
490, 3.80855, 0.0, 0.0, 0.0, 1.0, 1202.22607, 64894.80769, 0.0
491, 3.78367, 0.0, 0.0, 0.0, 1.0, 1191.08163, 64821.20367, 0.0
492, 3.7546, 0.0, 0.0, 0.0, 1.05882, 1181.16564, 64755.45918, 0.0
493, 3.72188, 0.0, 0.0, 0.0, 1.0, 1170.15133, 64689.3272, 0.0
494, 3.69672, 0.0, 0.0, 0.0, 1.0, 1161.30533, 64625.06135, 0.0
495, 3.67146, 0.0, 0.0, 0.0, 1.0, 1151.87064, 64558.14549, 0.0
496, 3.65155, 0.0, 0.0, 0.0, 1.0, 1145.58557, 64496.16838, 0.0
497, 3.62474, 0.0, 0.0, 0.0, 1.0, 1137.03093, 64427.32165, 0.0
498, 3.60825, 0.0, 0.0, 0.0, 1.0, 1130.78557, 64358.70309, 0.0
499, 3.58969, 0.0, 0.0, 0.0, 1.0, 1123.6701, 64291.4866, 0.0
500, 3.56701, 0.0, 0.0, 0.0, 1.0, 1113.73814, 64226.99794, 0.0
501, 3.53608, 0.0, 0.0, 0.0, 1.0, 1103.4433, 64162.83918, 0.0
502, 3.51653, 0.0, 0.0, 0.0, 1.08333, 1096.51446, 64097.57526, 0.0
503, 3.49174, 0.0, 0.0, 0.0, 1.0, 1087.3595, 64031.70041, 0.0
504, 3.46901, 0.0, 0.0, 0.0, 1.1, 1079.43388, 63965.43595, 0.0
505, 3.44008, 0.0, 0.0, 0.0, 1.0, 1068.59298, 63901.66116, 0.0
506, 3.39669, 0.0, 0.0, 0.0, 1.16667, 1054.43182, 63841.72521, 0.0
507, 3.3595, 0.0, 0.0, 0.0, 1.0, 1042.34917, 63779.42975, 0.0
508, 3.33058, 0.0, 0.0, 0.0, 1.0, 1032.83471, 63715.07851, 0.0
509, 3.30165, 0.0, 0.0, 0.0, 1.0, 1021.8843, 63652.17769, 0.0
510, 3.27479, 0.0, 0.0, 0.0, 1.0, 1012.96488, 63587.20868, 0.0
511, 3.25466, 0.0, 0.0, 0.0, 1.0, 1004.95031, 63523.00413, 0.0
512, 3.23602, 0.0, 0.0, 0.0, 1.0, 998.2381, 63451.50518, 0.0
513, 3.21325, 0.0, 0.0, 0.0, 1.0, 990.18427, 63386.06211, 0.0
514, 3.18219, 0.0, 0.0, 0.0, 1.0, 978.56729, 63323.9234, 0.0
515, 3.1677, 0.0, 0.0, 0.0, 1.0, 973.10559, 63256.12836, 0.0
516, 3.13872, 0.0, 0.0, 0.0, 1.0, 963.41615, 63192.12629, 0.0
517, 3.12448, 0.0, 0.0, 0.0, 1.0, 958.52282, 63126.15528, 0.0
518, 3.10603, 0.0, 0.0, 0.0, 1.0, 952.35759, 63060.79668, 0.0
519, 3.0875, 0.0, 0.0, 0.0, 1.0, 945.80417, 62988.36175, 0.0
520, 3.06889, 0.0, 0.0, 0.0, 1.2, 939.35908, 62920.67708, 0.0
521, 3.03758, 0.0, 0.0, 0.0, 1.0, 929.17119, 62853.08768, 0.0
522, 3.01879, 0.0, 0.0, 0.0, 1.0, 921.79123, 62787.44676, 0.0
523, 2.99582, 0.0, 0.0, 0.0, 1.0, 914.17537, 62722.19833, 0.0
524, 2.98742, 0.0, 0.0, 0.0, 1.0, 910.88679, 62657.11482, 0.0
525, 2.97899, 0.0, 0.0, 0.0, 1.0, 907.12185, 62581.69811, 0.0
526, 2.95168, 0.0, 0.0, 0.0, 1.0, 898.2479, 62513.51891, 0.0
527, 2.93067, 0.0, 0.0, 0.0, 1.0, 888.71008, 62450.56303, 0.0
528, 2.90947, 0.0, 0.0, 0.0, 1.0, 881.29474, 62387.82143, 0.0
529, 2.90678, 0.0, 0.0, 0.0, 1.0, 879.11653, 62322.10526, 0.0
530, 2.89552, 0.0, 0.0, 0.0, 1.0, 875.46055, 62255.17585, 0.0
531, 2.89056, 0.0, 0.0, 0.0, 1.0, 871.79614, 62185.75053, 0.0
532, 2.87339, 0.0, 0.0, 0.0, 1.0, 865.90558, 62110.2103, 0.0
533, 2.84764, 0.0, 0.0, 0.0, 1.0, 853.14378, 62051.65236, 0.0
534, 2.83226, 0.0, 0.0, 0.0, 1.0, 847.28387, 61987.22318, 0.0
535, 2.82543, 0.0, 0.0, 0.0, 1.0, 844.41379, 61918.8129, 0.0
536, 2.8121, 0.0, 0.0, 0.0, 1.0, 840.22246, 61847.69181, 0.0
537, 2.79914, 0.0, 0.0, 0.0, 1.0, 835.7365, 61777.19438, 0.0
538, 2.78355, 0.0, 0.0, 0.0, 1.0, 830.44156, 61712.93305, 0.0
539, 2.77609, 0.0, 0.0, 0.0, 1.0, 827.63696, 61648.51948, 0.0
540, 2.76035, 0.0, 0.0, 0.0, 1.0, 822.48584, 61582.82174, 0.0
541, 2.74836, 0.0, 0.0, 0.0, 1.0, 815.98031, 61519.84314, 0.0
542, 2.73026, 0.0, 0.0, 0.0, 1.0, 810.40132, 61455.46827, 0.0
543, 2.70614, 0.0, 0.0, 0.0, 1.0, 801.11842, 61386.46491, 0.0
544, 2.68352, 0.0, 0.0, 0.0, 1.0, 793.85275, 61324.69298, 0.0
545, 2.66079, 0.0, 0.0, 0.0, 1.0, 784.46696, 61262.43516, 0.0
546, 2.63797, 0.0, 0.0, 0.0, 1.0, 778.00883, 61198.38767, 0.0
547, 2.62168, 0.0, 0.0, 0.0, 1.0, 772.69027, 61135.29139, 0.0
548, 2.6183, 0.0, 0.0, 0.0, 1.0, 771.07813, 61069.68363, 0.0
549, 2.60626, 0.0, 0.0, 0.0, 1.0, 766.88591, 60995.85268, 0.0
550, 2.58389, 0.0, 0.0, 0.0, 1.0, 759.69128, 60930.87919, 0.0
551, 2.56726, 0.0, 0.0, 0.0, 1.11111, 755.04709, 60866.87472, 0.0
552, 2.5426, 0.0, 0.0, 0.0, 1.0, 747.43498, 60805.78475, 0.0
553, 2.52242, 0.0, 0.0, 0.0, 1.0, 740.35426, 60743.13229, 0.0
554, 2.50225, 0.0, 0.0, 0.0, 1.0, 733.45721, 60683.94843, 0.0
555, 2.49436, 0.0, 0.0, 0.0, 1.0, 729.3386, 60614.42793, 0.0
556, 2.48869, 0.0, 0.0, 0.0, 1.0, 726.17873, 60544.18284, 0.0
557, 2.47511, 0.0, 0.0, 0.0, 1.0, 721.65837, 60474.14706, 0.0
558, 2.45249, 0.0, 0.0, 0.0, 1.0, 714.64027, 60411.72398, 0.0
559, 2.43084, 0.0, 0.0, 0.0, 1.0, 708.22676, 60349.73982, 0.0
560, 2.41043, 0.0, 0.0, 0.0, 1.0, 701.52608, 60284.68934, 0.0
561, 2.40319, 0.0, 0.0, 0.0, 1.0, 698.12756, 60222.17234, 0.0
562, 2.39269, 0.0, 0.0, 0.0, 1.0, 694.50685, 60150.98633, 0.0
563, 2.38303, 0.0, 0.0, 0.0, 1.0, 691.71789, 60088.55708, 0.0
564, 2.37471, 0.0, 0.0, 0.0, 1.0, 688.55402, 60021.49083, 0.0
565, 2.37123, 0.0, 0.0, 0.0, 1.0, 685.63109, 59961.44368, 0.0
566, 2.35581, 0.0, 0.0, 0.0, 1.0, 680.59302, 59897.71926, 0.0
567, 2.33566, 0.0, 0.0, 0.0, 1.1, 674.48252, 59835.38372, 0.0
568, 2.3271, 0.0, 0.0, 0.0, 1.0, 671.32243, 59770.34499, 0.0
569, 2.30913, 0.0, 0.0, 0.0, 1.0, 665.52225, 59706.95327, 0.0
570, 2.28103, 0.0, 0.0, 0.0, 1.0, 657.00468, 59647.09836, 0.0
571, 2.26526, 0.0, 0.0, 0.0, 1.0, 652.06808, 59584.67213, 0.0
572, 2.26056, 0.0, 0.0, 0.0, 1.0, 650.16667, 59515.23474, 0.0
573, 2.25412, 0.0, 0.0, 0.0, 1.0, 647.62353, 59450.59155, 0.0
574, 2.25059, 0.0, 0.0, 0.0, 1.0, 646.03546, 59385.0, 0.0
575, 2.24171, 0.0, 0.0, 0.0, 1.0, 642.9763, 59312.03546, 0.0
576, 2.24344, 0.0, 0.0, 0.0, 1.0, 642.42243, 59249.18009, 0.0
577, 2.22488, 0.0, 0.0, 0.0, 1.0, 635.04785, 59185.15752, 0.0
578, 2.21823, 0.0, 0.0, 0.0, 1.0, 630.00959, 59124.12201, 0.0
579, 2.19952, 0.0, 0.0, 0.0, 1.0, 623.67067, 59065.17746, 0.0
580, 2.1899, 0.0, 0.0, 0.0, 1.0, 620.05529, 59001.82212, 0.0
581, 2.17788, 0.0, 0.0, 0.0, 1.0, 616.29327, 58938.02885, 0.0
582, 2.16827, 0.0, 0.0, 0.0, 1.0, 612.56731, 58872.96154, 0.0
583, 2.16145, 0.0, 0.0, 0.0, 1.0, 610.02169, 58808.59135, 0.0
584, 2.15012, 0.0, 0.0, 0.0, 1.0, 605.83051, 58744.03614, 0.0
585, 2.14842, 0.0, 0.0, 0.0, 1.0, 604.36983, 58676.23487, 0.0
586, 2.13902, 0.0, 0.0, 0.0, 1.2, 600.38537, 58614.07056, 0.0
587, 2.13235, 0.0, 0.0, 0.0, 1.0, 597.28431, 58552.89024, 0.0
588, 2.12808, 0.0, 0.0, 0.0, 1.0, 595.47783, 58484.66912, 0.0
589, 2.1133, 0.0, 0.0, 0.0, 1.0, 590.67488, 58416.75616, 0.0
590, 2.11111, 0.0, 0.0, 0.0, 1.0, 589.39259, 58351.38916, 0.0
591, 2.10697, 0.0, 0.0, 0.0, 1.0, 588.35821, 58289.91358, 0.0
592, 2.08209, 0.0, 0.0, 0.0, 1.11111, 581.02736, 58227.48756, 0.0
593, 2.06716, 0.0, 0.0, 0.0, 1.0, 576.65672, 58164.70398, 0.0
594, 2.065, 0.0, 0.0, 0.0, 1.0, 575.49, 58101.1194, 0.0
595, 2.06266, 0.0, 0.0, 0.0, 1.0, 573.07769, 58033.965, 0.0
596, 2.05514, 0.0, 0.0, 0.0, 1.0, 570.41103, 57970.22306, 0.0
597, 2.04261, 0.0, 0.0, 0.0, 1.0, 566.27068, 57907.55388, 0.0
598, 2.0401, 0.0, 0.0, 0.0, 1.0, 564.90226, 57842.49373, 0.0
599, 2.04051, 0.0, 0.0, 0.0, 1.0, 564.43038, 57782.6416, 0.0
600, 2.03053, 0.0, 0.0, 0.0, 1.0, 560.90585, 57719.57975, 0.0
601, 2.01786, 0.0, 0.0, 0.0, 1.0, 556.83163, 57651.90585, 0.0
602, 2.01535, 0.0, 0.0, 0.0, 1.0, 555.54476, 57586.91582, 0.0
603, 2.00514, 0.0, 0.0, 0.0, 1.0, 552.37018, 57522.44246, 0.0
604, 2.0, 0.0, 0.0, 0.0, 1.0, 550.46234, 57463.73265, 0.0
605, 1.98172, 0.0, 0.0, 0.0, 1.0, 545.12533, 57401.71688, 0.0
606, 1.97113, 0.0, 0.0, 0.0, 1.0, 541.75066, 57338.30809, 0.0
607, 1.94474, 0.0, 0.0, 0.0, 1.0, 533.34211, 57281.96325, 0.0
608, 1.92368, 0.0, 0.0, 0.0, 1.0, 525.66579, 57224.29211, 0.0
609, 1.90789, 0.0, 0.0, 0.0, 1.0, 521.02895, 57163.76579, 0.0
610, 1.89211, 0.0, 0.0, 0.0, 1.0, 516.38684, 57102.97895, 0.0
611, 1.89125, 0.0, 0.0, 0.0, 1.0, 515.72679, 57042.16316, 0.0
612, 1.89305, 0.0, 0.0, 0.0, 1.0, 515.83957, 56977.13528, 0.0
613, 1.88472, 0.0, 0.0, 0.0, 1.0, 513.01877, 56917.48663, 0.0
614, 1.87838, 0.0, 0.0, 0.0, 1.0, 509.84595, 56859.80965, 0.0
615, 1.86486, 0.0, 0.0, 0.0, 1.0, 505.78378, 56789.42973, 0.0
616, 1.85598, 0.0, 0.0, 0.0, 1.0, 502.58152, 56731.04865, 0.0
617, 1.85014, 0.0, 0.0, 0.0, 1.0, 499.9455, 56663.60054, 0.0
618, 1.83924, 0.0, 0.0, 0.0, 1.0, 496.55041, 56600.86376, 0.0
619, 1.83651, 0.0, 0.0, 0.0, 1.0, 495.25068, 56536.65668, 0.0
620, 1.82967, 0.0, 0.0, 0.0, 1.0, 492.33516, 56478.0654, 0.0
621, 1.81593, 0.0, 0.0, 0.0, 1.0, 488.34066, 56416.5989, 0.0
622, 1.8022, 0.0, 0.0, 0.0, 1.0, 484.16484, 56355.64286, 0.0
623, 1.78846, 0.0, 0.0, 0.0, 1.0, 480.12637, 56294.96154, 0.0
624, 1.78237, 0.0, 0.0, 0.0, 1.0, 478.06612, 56233.97802, 0.0
625, 1.77778, 0.0, 0.0, 0.0, 1.0, 476.54444, 56174.01377, 0.0
626, 1.77716, 0.0, 0.0, 0.0, 1.0, 475.88301, 56096.3, 0.0
627, 1.77247, 0.0, 0.0, 0.0, 1.0, 474.30618, 56039.47075, 0.0
628, 1.75562, 0.0, 0.0, 0.0, 1.0, 470.26124, 55985.86517, 0.0
629, 1.74438, 0.0, 0.0, 0.0, 1.0, 466.08146, 55925.70506, 0.0
630, 1.73803, 0.0, 0.0, 0.0, 1.0, 463.85634, 55865.3764, 0.0
631, 1.72958, 0.0, 0.0, 0.0, 1.0, 461.15775, 55804.63099, 0.0
632, 1.72159, 0.0, 0.0, 0.0, 1.0, 458.84375, 55747.08451, 0.0
633, 1.72206, 0.0, 0.0, 0.0, 1.0, 458.06304, 55684.60511, 0.0
634, 1.70893, 0.0, 0.0, 0.0, 1.0, 454.21902, 55635.6361, 0.0
635, 1.69364, 0.0, 0.0, 0.0, 1.0, 449.66763, 55575.85014, 0.0
636, 1.69096, 0.0, 0.0, 0.0, 1.0, 448.72012, 55520.49133, 0.0
637, 1.68513, 0.0, 0.0, 0.0, 1.0, 446.79592, 55454.93294, 0.0
638, 1.68437, 0.0, 0.0, 0.0, 1.0, 443.84071, 55399.95918, 0.0
639, 1.6756, 0.0, 0.0, 0.0, 1.0, 441.26488, 55332.22124, 0.0
640, 1.66071, 0.0, 0.0, 0.0, 1.0, 437.07143, 55272.27381, 0.0
641, 1.66467, 0.0, 0.0, 0.0, 1.0, 437.70359, 55211.52679, 0.0
642, 1.65868, 0.0, 0.0, 0.0, 1.0, 435.73952, 55150.11078, 0.0
643, 1.64371, 0.0, 0.0, 0.0, 1.25, 431.68862, 55090.88623, 0.0
644, 1.63253, 0.0, 0.0, 0.0, 1.0, 426.68072, 55035.12575, 0.0
645, 1.63142, 0.0, 0.0, 0.0, 1.0, 425.98489, 54976.40663, 0.0
646, 1.6231, 0.0, 0.0, 0.0, 1.0, 422.83587, 54920.05136, 0.0
647, 1.61162, 0.0, 0.0, 0.0, 1.0, 419.31804, 54854.81155, 0.0
648, 1.6055, 0.0, 0.0, 0.0, 1.0, 417.34251, 54794.45566, 0.0
649, 1.59202, 0.0, 0.0, 0.0, 1.0, 413.79141, 54736.48624, 0.0
650, 1.58642, 0.0, 0.0, 0.0, 1.0, 412.03395, 54676.74233, 0.0
651, 1.58125, 0.0, 0.0, 0.0, 1.0, 411.31875, 54616.45988, 0.0
652, 1.58176, 0.0, 0.0, 0.0, 1.0, 411.98428, 54546.40625, 0.0
653, 1.58599, 0.0, 0.0, 0.0, 1.0, 412.77389, 54490.61321, 0.0
654, 1.58786, 0.0, 0.0, 0.0, 1.0, 412.79872, 54415.76115, 0.0
655, 1.58842, 0.0, 0.0, 0.0, 1.0, 412.56913, 54353.91054, 0.0
656, 1.59032, 0.0, 0.0, 0.0, 1.0, 412.57742, 54286.82637, 0.0
657, 1.57282, 0.0, 0.0, 0.0, 1.0, 407.90291, 54226.94194, 0.0
658, 1.57143, 0.0, 0.0, 0.0, 1.0, 407.21753, 54167.18447, 0.0
659, 1.57756, 0.0, 0.0, 0.0, 1.0, 408.35314, 54106.99351, 0.0
660, 1.58528, 0.0, 0.0, 0.0, 1.0, 410.26087, 54044.77228, 0.0
661, 1.57718, 0.0, 0.0, 0.0, 1.0, 405.9396, 53987.73579, 0.0
662, 1.57095, 0.0, 0.0, 0.0, 1.0, 403.93919, 53928.62081, 0.0
663, 1.56949, 0.0, 0.0, 0.0, 1.0, 403.16271, 53866.23986, 0.0
664, 1.54576, 0.0, 0.0, 0.0, 1.16667, 397.13898, 53806.02712, 0.0
665, 1.54422, 0.0, 0.0, 0.0, 1.0, 396.39116, 53746.12542, 0.0
666, 1.53741, 0.0, 0.0, 0.0, 1.0, 394.18027, 53684.42177, 0.0
667, 1.53061, 0.0, 0.0, 0.0, 1.0, 392.12585, 53624.46599, 0.0
668, 1.5256, 0.0, 0.0, 0.0, 1.0, 389.65529, 53567.04082, 0.0
669, 1.53287, 0.0, 0.0, 0.0, 1.0, 391.18685, 53504.2901, 0.0
670, 1.53472, 0.0, 0.0, 0.0, 1.0, 391.21181, 53436.67128, 0.0
671, 1.53659, 0.0, 0.0, 0.0, 1.0, 391.18815, 53374.85417, 0.0
672, 1.52982, 0.0, 0.0, 0.0, 1.25, 389.09825, 53320.30662, 0.0
673, 1.51761, 0.0, 0.0, 0.0, 1.0, 385.8662, 53262.94737, 0.0
674, 1.51246, 0.0, 0.0, 0.0, 1.0, 384.44484, 53202.10915, 0.0
675, 1.50896, 0.0, 0.0, 0.0, 1.0, 383.29391, 53137.30961, 0.0
676, 1.4964, 0.0, 0.0, 0.0, 1.0, 379.56835, 53086.41935, 0.0
677, 1.48375, 0.0, 0.0, 0.0, 1.0, 376.25993, 53019.83094, 0.0
678, 1.47826, 0.0, 0.0, 0.0, 1.0, 374.51449, 52961.12996, 0.0
679, 1.47445, 0.0, 0.0, 0.0, 1.0, 373.26277, 52904.97826, 0.0
680, 1.46691, 0.0, 0.0, 0.0, 1.0, 371.25, 52845.72993, 0.0
681, 1.46667, 0.0, 0.0, 0.0, 1.0, 370.89259, 52790.13603, 0.0
682, 1.46097, 0.0, 0.0, 0.0, 1.0, 369.14126, 52729.82222, 0.0
683, 1.45522, 0.0, 0.0, 0.0, 1.0, 367.39552, 52664.71004, 0.0
684, 1.44776, 0.0, 0.0, 0.0, 1.0, 365.30597, 52607.79851, 0.0
685, 1.43071, 0.0, 0.0, 0.0, 1.0, 359.89888, 52554.5709, 0.0
686, 1.42857, 0.0, 0.0, 0.0, 1.0, 359.03008, 52502.02996, 0.0
687, 1.41667, 0.0, 0.0, 0.0, 1.2, 355.81818, 52446.73308, 0.0
688, 1.41288, 0.0, 0.0, 0.0, 1.0, 354.53409, 52383.625, 0.0
689, 1.41313, 0.0, 0.0, 0.0, 1.0, 354.52124, 52331.13258, 0.0
690, 1.41245, 0.0, 0.0, 0.0, 1.0, 354.14008, 52261.17761, 0.0
691, 1.41406, 0.0, 0.0, 0.0, 1.0, 354.30859, 52194.20233, 0.0
692, 1.40625, 0.0, 0.0, 0.0, 1.0, 351.27734, 52132.19141, 0.0
693, 1.40392, 0.0, 0.0, 0.0, 1.0, 350.41569, 52074.66797, 0.0
694, 1.40551, 0.0, 0.0, 0.0, 1.0, 350.40945, 52018.77255, 0.0
695, 1.3937, 0.0, 0.0, 0.0, 1.0, 346.50787, 51962.80315, 0.0
696, 1.38095, 0.0, 0.0, 0.0, 1.0, 344.41667, 51907.96457, 0.0
697, 1.384, 0.0, 0.0, 0.0, 1.0, 344.916, 51848.00794, 0.0
698, 1.37097, 0.0, 0.0, 0.0, 1.0, 340.78226, 51795.644, 0.0
699, 1.37247, 0.0, 0.0, 0.0, 1.0, 340.86235, 51732.56048, 0.0
700, 1.36992, 0.0, 0.0, 0.0, 1.0, 339.85366, 51676.89879, 0.0
701, 1.36066, 0.0, 0.0, 0.0, 1.0, 336.69262, 51623.50407, 0.0
702, 1.36214, 0.0, 0.0, 0.0, 1.0, 336.68313, 51567.96311, 0.0
703, 1.36515, 0.0, 0.0, 0.0, 1.0, 337.04979, 51504.6749, 0.0
704, 1.35983, 0.0, 0.0, 0.0, 1.0, 335.53975, 51440.24481, 0.0
705, 1.36287, 0.0, 0.0, 0.0, 1.0, 336.05485, 51387.00418, 0.0
706, 1.35593, 0.0, 0.0, 0.0, 1.0, 334.26695, 51318.16456, 0.0
707, 1.3547, 0.0, 0.0, 0.0, 1.0, 333.69231, 51264.11864, 0.0
708, 1.35043, 0.0, 0.0, 0.0, 1.0, 332.35043, 51198.53419, 0.0
709, 1.35193, 0.0, 0.0, 0.0, 1.0, 332.3691, 51141.07265, 0.0
710, 1.34483, 0.0, 0.0, 0.0, 1.0, 330.46552, 51083.53219, 0.0
711, 1.33621, 0.0, 0.0, 0.0, 1.0, 327.96552, 51021.74569, 0.0
712, 1.33766, 0.0, 0.0, 0.0, 1.0, 327.97403, 50963.96552, 0.0
713, 1.33766, 0.0, 0.0, 0.0, 0.0, 327.60173, 50902.90476, 0.0
714, 1.32174, 0.0, 0.0, 0.0, 1.0, 322.74348, 50851.71429, 0.0
715, 1.32314, 0.0, 0.0, 0.0, 1.0, 322.76419, 50790.33478, 0.0
716, 1.32456, 0.0, 0.0, 0.0, 1.0, 322.90351, 50732.56332, 0.0
717, 1.31718, 0.0, 0.0, 0.0, 1.0, 319.96035, 50675.5307, 0.0
718, 1.31556, 0.0, 0.0, 0.0, 1.0, 318.36444, 50618.31278, 0.0
719, 1.31111, 0.0, 0.0, 0.0, 1.0, 316.87111, 50561.69333, 0.0
720, 1.30667, 0.0, 0.0, 0.0, 1.0, 315.42667, 50504.72444, 0.0
721, 1.30222, 0.0, 0.0, 0.0, 1.0, 314.10222, 50448.53333, 0.0
722, 1.29911, 0.0, 0.0, 0.0, 1.0, 313.08929, 50392.98667, 0.0
723, 1.2973, 0.0, 0.0, 0.0, 1.0, 312.53153, 50329.83482, 0.0
724, 1.30137, 0.0, 0.0, 0.0, 1.0, 313.25571, 50273.32883, 0.0
725, 1.29817, 0.0, 0.0, 0.0, 1.0, 312.22018, 50214.90868, 0.0
726, 1.29817, 0.0, 0.0, 0.0, 0.0, 311.93119, 50158.79817, 0.0
727, 1.29954, 0.0, 0.0, 0.0, 1.0, 312.00461, 50102.32569, 0.0
728, 1.30374, 0.0, 0.0, 0.0, 1.0, 312.58411, 50054.77419, 0.0
729, 1.29717, 0.0, 0.0, 0.0, 1.0, 309.85849, 49993.20561, 0.0
730, 1.29858, 0.0, 0.0, 0.0, 1.0, 309.87204, 49933.62736, 0.0
731, 1.29665, 0.0, 0.0, 0.0, 1.0, 309.42105, 49882.89573, 0.0
732, 1.29808, 0.0, 0.0, 0.0, 1.0, 309.55769, 49828.07656, 0.0
733, 1.29126, 0.0, 0.0, 0.0, 1.0, 307.92718, 49775.54808, 0.0
734, 1.28641, 0.0, 0.0, 0.0, 1.0, 306.48058, 49717.16019, 0.0
735, 1.2878, 0.0, 0.0, 0.0, 1.0, 306.48293, 49661.43689, 0.0
736, 1.28571, 0.0, 0.0, 0.0, 1.0, 305.71921, 49609.42439, 0.0
737, 1.28358, 0.0, 0.0, 0.0, 1.0, 300.70647, 49553.87685, 0.0
738, 1.27273, 0.0, 0.0, 0.0, 1.0, 297.66162, 49509.77612, 0.0
739, 1.27411, 0.0, 0.0, 0.0, 1.0, 297.56345, 49445.00505, 0.0
740, 1.2732, 0.0, 0.0, 0.0, 1.0, 296.2732, 49391.53807, 0.0
741, 1.27604, 0.0, 0.0, 0.0, 1.0, 296.72917, 49338.30928, 0.0
742, 1.27749, 0.0, 0.0, 0.0, 1.0, 296.82199, 49277.29688, 0.0
743, 1.27368, 0.0, 0.0, 0.0, 1.0, 295.76842, 49225.67539, 0.0
744, 1.26842, 0.0, 0.0, 0.0, 1.0, 294.32105, 49170.89474, 0.0
745, 1.26842, 0.0, 0.0, 0.0, 0.0, 294.04737, 49115.41053, 0.0
746, 1.26455, 0.0, 0.0, 0.0, 1.0, 293.03704, 49062.03158, 0.0
747, 1.26738, 0.0, 0.0, 0.0, 1.0, 292.17112, 49006.22751, 0.0
748, 1.26203, 0.0, 0.0, 0.0, 1.0, 290.54545, 48951.96257, 0.0
749, 1.26344, 0.0, 0.0, 0.0, 1.0, 290.55376, 48897.00535, 0.0
750, 1.25806, 0.0, 0.0, 0.0, 1.0, 289.13978, 48847.34409, 0.0
751, 1.25269, 0.0, 0.0, 0.0, 1.0, 287.59677, 48792.62366, 0.0
752, 1.25269, 0.0, 0.0, 0.0, 0.0, 287.27419, 48736.70968, 0.0
753, 1.23656, 0.0, 0.0, 0.0, 1.0, 283.44624, 48685.68817, 0.0
754, 1.24044, 0.0, 0.0, 0.0, 1.0, 284.26776, 48633.34946, 0.0
755, 1.24044, 0.0, 0.0, 0.0, 0.0, 284.02186, 48574.26776, 0.0
756, 1.24176, 0.0, 0.0, 0.0, 1.0, 283.97253, 48521.23497, 0.0
757, 1.24309, 0.0, 0.0, 0.0, 1.0, 285.21547, 48457.65385, 0.0
758, 1.23204, 0.0, 0.0, 0.0, 1.0, 282.31492, 48408.21547, 0.0
759, 1.22222, 0.0, 0.0, 0.0, 1.0, 279.88889, 48356.16575, 0.0
760, 1.22472, 0.0, 0.0, 0.0, 1.0, 280.14607, 48307.72778, 0.0
761, 1.2191, 0.0, 0.0, 0.0, 1.0, 278.63483, 48249.32022, 0.0
762, 1.22034, 0.0, 0.0, 0.0, 1.0, 278.66102, 48196.42135, 0.0
763, 1.22034, 0.0, 0.0, 0.0, 0.0, 278.30508, 48147.35593, 0.0
764, 1.21023, 0.0, 0.0, 0.0, 1.0, 275.96591, 48096.00565, 0.0
765, 1.20571, 0.0, 0.0, 0.0, 1.0, 274.62286, 48044.15909, 0.0
766, 1.20231, 0.0, 0.0, 0.0, 1.0, 273.42197, 47990.58286, 0.0
767, 1.19653, 0.0, 0.0, 0.0, 1.0, 271.81503, 47942.60694, 0.0
768, 1.19653, 0.0, 0.0, 0.0, 0.0, 271.50867, 47887.3526, 0.0
769, 1.19653, 0.0, 0.0, 0.0, 0.0, 271.24277, 47831.95376, 0.0
770, 1.19767, 0.0, 0.0, 0.0, 1.0, 271.27326, 47777.96532, 0.0
771, 1.18824, 0.0, 0.0, 0.0, 1.0, 269.08235, 47727.26744, 0.0
772, 1.19162, 0.0, 0.0, 0.0, 1.0, 269.34132, 47668.61176, 0.0
773, 1.19277, 0.0, 0.0, 0.0, 1.0, 269.34337, 47610.56287, 0.0
774, 1.18072, 0.0, 0.0, 0.0, 1.0, 266.5, 47567.07831, 0.0
775, 1.17576, 0.0, 0.0, 0.0, 1.0, 264.1697, 47516.62048, 0.0
776, 1.17683, 0.0, 0.0, 0.0, 1.0, 264.16463, 47453.01212, 0.0
777, 1.17791, 0.0, 0.0, 0.0, 1.0, 264.22699, 47402.48171, 0.0
778, 1.17901, 0.0, 0.0, 0.0, 1.0, 264.10494, 47346.52147, 0.0
779, 1.17284, 0.0, 0.0, 0.0, 1.0, 262.42593, 47291.40741, 0.0
780, 1.1677, 0.0, 0.0, 0.0, 1.0, 260.92547, 47240.04321, 0.0
781, 1.16456, 0.0, 0.0, 0.0, 1.0, 260.08861, 47196.06211, 0.0
782, 1.16561, 0.0, 0.0, 0.0, 1.0, 260.19108, 47140.74684, 0.0
783, 1.16561, 0.0, 0.0, 0.0, 0.0, 259.92994, 47083.6879, 0.0
784, 1.16774, 0.0, 0.0, 0.0, 1.0, 260.1871, 47032.97452, 0.0
785, 1.16993, 0.0, 0.0, 0.0, 1.0, 260.46405, 46969.72903, 0.0
786, 1.15789, 0.0, 0.0, 0.0, 1.0, 257.66447, 46916.64706, 0.0
787, 1.15894, 0.0, 0.0, 0.0, 1.0, 257.56954, 46863.48684, 0.0
788, 1.14865, 0.0, 0.0, 0.0, 1.0, 252.88514, 46821.36424, 0.0
789, 1.13605, 0.0, 0.0, 0.0, 1.0, 249.95238, 46771.81081, 0.0
790, 1.13699, 0.0, 0.0, 0.0, 1.0, 249.78767, 46721.58503, 0.0
791, 1.13793, 0.0, 0.0, 0.0, 1.0, 249.93793, 46668.5, 0.0
792, 1.13793, 0.0, 0.0, 0.0, 0.0, 249.73793, 46618.2069, 0.0
793, 1.13287, 0.0, 0.0, 0.0, 1.0, 248.38462, 46570.53793, 0.0
794, 1.1338, 0.0, 0.0, 0.0, 1.0, 248.4507, 46511.48252, 0.0
795, 1.1295, 0.0, 0.0, 0.0, 1.0, 247.14388, 46470.26056, 0.0
796, 1.13235, 0.0, 0.0, 0.0, 1.0, 247.66176, 46418.23741, 0.0
797, 1.13333, 0.0, 0.0, 0.0, 1.0, 246.36296, 46387.04412, 0.0
798, 1.13433, 0.0, 0.0, 0.0, 1.0, 246.22388, 46322.01481, 0.0
799, 1.12687, 0.0, 0.0, 0.0, 1.0, 242.97015, 46268.91045, 0.0
800, 1.12977, 0.0, 0.0, 0.0, 1.0, 243.05344, 46221.56716, 0.0
801, 1.12977, 0.0, 0.0, 0.0, 0.0, 242.80153, 46158.16031, 0.0
802, 1.12977, 0.0, 0.0, 0.0, 0.0, 242.46565, 46105.68702, 0.0
803, 1.13077, 0.0, 0.0, 0.0, 1.0, 242.27692, 46054.74046, 0.0
804, 1.13077, 0.0, 0.0, 0.0, 0.0, 242.04615, 45992.12308, 0.0
805, 1.13281, 0.0, 0.0, 0.0, 1.0, 242.26563, 45943.77692, 0.0
806, 1.13281, 0.0, 0.0, 0.0, 0.0, 241.96094, 45901.07031, 0.0
807, 1.13386, 0.0, 0.0, 0.0, 1.0, 242.07874, 45850.50781, 0.0
808, 1.13386, 0.0, 0.0, 0.0, 0.0, 241.82677, 45801.55118, 0.0
809, 1.136, 0.0, 0.0, 0.0, 1.0, 242.12, 45753.51181, 0.0
810, 1.136, 0.0, 0.0, 0.0, 0.0, 241.864, 45707.392, 0.0
811, 1.136, 0.0, 0.0, 0.0, 0.0, 241.56, 45656.416, 0.0
812, 1.13821, 0.0, 0.0, 0.0, 1.0, 241.97561, 45607.136, 0.0
813, 1.13821, 0.0, 0.0, 0.0, 0.0, 241.66667, 45549.9187, 0.0
814, 1.13821, 0.0, 0.0, 0.0, 0.0, 241.35772, 45498.62602, 0.0
815, 1.13821, 0.0, 0.0, 0.0, 0.0, 241.06504, 45446.90244, 0.0
816, 1.1405, 0.0, 0.0, 0.0, 1.0, 241.61983, 45398.35772, 0.0
817, 1.14407, 0.0, 0.0, 0.0, 1.0, 241.26271, 45327.90909, 0.0
818, 1.1453, 0.0, 0.0, 0.0, 1.0, 241.45299, 45261.14407, 0.0
819, 1.14783, 0.0, 0.0, 0.0, 1.0, 241.82609, 45189.12821, 0.0
820, 1.13913, 0.0, 0.0, 0.0, 1.0, 239.95652, 45125.08696, 0.0
821, 1.13913, 0.0, 0.0, 0.0, 0.0, 239.67826, 45073.41739, 0.0
822, 1.14035, 0.0, 0.0, 0.0, 1.0, 239.69298, 45024.29565, 0.0
823, 1.14035, 0.0, 0.0, 0.0, 0.0, 239.4386, 44968.21053, 0.0
824, 1.14035, 0.0, 0.0, 0.0, 0.0, 239.23684, 44918.01754, 0.0
825, 1.14035, 0.0, 0.0, 0.0, 0.0, 238.97368, 44866.92105, 0.0
826, 1.14286, 0.0, 0.0, 0.0, 1.0, 237.78571, 44821.74561, 0.0
827, 1.14286, 0.0, 0.0, 0.0, 0.0, 237.51786, 44762.84821, 0.0
828, 1.14286, 0.0, 0.0, 0.0, 0.0, 237.26786, 44712.52679, 0.0
829, 1.14414, 0.0, 0.0, 0.0, 1.0, 237.15315, 44663.54464, 0.0
830, 1.14545, 0.0, 0.0, 0.0, 1.0, 237.30909, 44599.16216, 0.0
831, 1.14545, 0.0, 0.0, 0.0, 0.0, 237.01818, 44554.0, 0.0
832, 1.14545, 0.0, 0.0, 0.0, 0.0, 236.69091, 44503.50909, 0.0
833, 1.14953, 0.0, 0.0, 0.0, 1.0, 237.14953, 44460.06364, 0.0
834, 1.13084, 0.0, 0.0, 0.0, 1.0, 233.39252, 44388.57944, 0.0
835, 1.13084, 0.0, 0.0, 0.0, 0.0, 233.06542, 44337.33645, 0.0
836, 1.13333, 0.0, 0.0, 0.0, 1.0, 233.27619, 44291.23364, 0.0
837, 1.12381, 0.0, 0.0, 0.0, 1.0, 233.0, 44226.4, 0.0
838, 1.11538, 0.0, 0.0, 0.0, 1.0, 231.27885, 44179.72381, 0.0
839, 1.11765, 0.0, 0.0, 0.0, 1.0, 231.95098, 44135.17308, 0.0
840, 1.10891, 0.0, 0.0, 0.0, 2.0, 230.43564, 44087.77451, 0.0
841, 1.1, 0.0, 0.0, 0.0, 1.0, 228.33, 44036.26733, 0.0
842, 1.10101, 0.0, 0.0, 0.0, 1.0, 226.0404, 43980.41, 0.0
843, 1.10204, 0.0, 0.0, 0.0, 1.0, 226.06122, 43936.18182, 0.0
844, 1.09375, 0.0, 0.0, 0.0, 1.0, 224.05208, 43887.62245, 0.0
845, 1.09375, 0.0, 0.0, 0.0, 0.0, 223.77083, 43816.4375, 0.0
846, 1.09677, 0.0, 0.0, 0.0, 1.0, 223.64516, 43773.01042, 0.0
847, 1.09783, 0.0, 0.0, 0.0, 1.0, 223.84783, 43692.06452, 0.0
848, 1.0989, 0.0, 0.0, 0.0, 1.0, 223.89011, 43646.15217, 0.0
849, 1.08791, 0.0, 0.0, 0.0, 1.0, 221.38462, 43581.47253, 0.0
850, 1.08791, 0.0, 0.0, 0.0, 0.0, 221.14286, 43531.52747, 0.0
851, 1.08791, 0.0, 0.0, 0.0, 0.0, 220.9011, 43482.35165, 0.0
852, 1.09195, 0.0, 0.0, 0.0, 1.0, 221.85057, 43442.34066, 0.0
853, 1.09195, 0.0, 0.0, 0.0, 0.0, 221.5977, 43388.42529, 0.0
854, 1.08333, 0.0, 0.0, 0.0, 1.0, 219.7381, 43349.5977, 0.0
855, 1.08333, 0.0, 0.0, 0.0, 0.0, 219.52381, 43316.0119, 0.0
856, 1.08434, 0.0, 0.0, 0.0, 1.0, 219.42169, 43268.97619, 0.0
857, 1.08434, 0.0, 0.0, 0.0, 0.0, 219.14458, 43225.55422, 0.0
858, 1.08434, 0.0, 0.0, 0.0, 0.0, 218.89157, 43175.43373, 0.0
859, 1.08537, 0.0, 0.0, 0.0, 1.0, 218.9878, 43129.72289, 0.0
860, 1.08642, 0.0, 0.0, 0.0, 1.0, 219.17284, 43089.9878, 0.0
861, 1.0875, 0.0, 0.0, 0.0, 1.0, 219.5, 43054.54321, 0.0
862, 1.0875, 0.0, 0.0, 0.0, 0.0, 219.225, 43008.525, 0.0
863, 1.0875, 0.0, 0.0, 0.0, 0.0, 218.975, 42959.9, 0.0
864, 1.08861, 0.0, 0.0, 0.0, 1.0, 219.06329, 42914.1125, 0.0
865, 1.08974, 0.0, 0.0, 0.0, 1.0, 218.79487, 42862.55696, 0.0
866, 1.07895, 0.0, 0.0, 0.0, 1.0, 209.46053, 42820.32051, 0.0
867, 1.07895, 0.0, 0.0, 0.0, 0.0, 209.25, 42756.75, 0.0
868, 1.08, 0.0, 0.0, 0.0, 1.0, 209.16, 42711.85526, 0.0
869, 1.06667, 0.0, 0.0, 0.0, 1.0, 205.46667, 42644.64, 0.0
870, 1.06757, 0.0, 0.0, 0.0, 1.0, 205.48649, 42598.84, 0.0
871, 1.06849, 0.0, 0.0, 0.0, 1.0, 205.76712, 42555.41892, 0.0
872, 1.06849, 0.0, 0.0, 0.0, 0.0, 205.60274, 42508.89041, 0.0
873, 1.06849, 0.0, 0.0, 0.0, 0.0, 205.27397, 42459.06849, 0.0
874, 1.06944, 0.0, 0.0, 0.0, 1.0, 205.34722, 42413.9589, 0.0
875, 1.07042, 0.0, 0.0, 0.0, 1.0, 205.39437, 42368.30556, 0.0
876, 1.07042, 0.0, 0.0, 0.0, 0.0, 205.15493, 42304.28169, 0.0
877, 1.07042, 0.0, 0.0, 0.0, 0.0, 204.88732, 42255.98592, 0.0
878, 1.07042, 0.0, 0.0, 0.0, 0.0, 204.61972, 42208.3662, 0.0
879, 1.07042, 0.0, 0.0, 0.0, 0.0, 204.40845, 42158.87324, 0.0
880, 1.07042, 0.0, 0.0, 0.0, 0.0, 204.15493, 42110.73239, 0.0
881, 1.05634, 0.0, 0.0, 0.0, 1.0, 201.49296, 42065.66197, 0.0
882, 1.05714, 0.0, 0.0, 0.0, 1.0, 201.52857, 42021.09859, 0.0
883, 1.05797, 0.0, 0.0, 0.0, 1.0, 201.42029, 41973.24286, 0.0
884, 1.05797, 0.0, 0.0, 0.0, 0.0, 201.21739, 41920.66667, 0.0
885, 1.05797, 0.0, 0.0, 0.0, 0.0, 200.98551, 41872.46377, 0.0
886, 1.05797, 0.0, 0.0, 0.0, 0.0, 200.82609, 41824.6087, 0.0
887, 1.05797, 0.0, 0.0, 0.0, 0.0, 200.5942, 41777.4058, 0.0
888, 1.05882, 0.0, 0.0, 0.0, 1.0, 200.44118, 41732.98551, 0.0
889, 1.05882, 0.0, 0.0, 0.0, 0.0, 200.13235, 41671.95588, 0.0
890, 1.06061, 0.0, 0.0, 0.0, 1.0, 200.4697, 41630.26471, 0.0
891, 1.06154, 0.0, 0.0, 0.0, 1.0, 200.52308, 41589.92424, 0.0
892, 1.06154, 0.0, 0.0, 0.0, 0.0, 200.27692, 41556.33846, 0.0
893, 1.0625, 0.0, 0.0, 0.0, 1.0, 200.29688, 41512.41538, 0.0
894, 1.06349, 0.0, 0.0, 0.0, 1.0, 200.65079, 41444.67188, 0.0
895, 1.06349, 0.0, 0.0, 0.0, 0.0, 200.49206, 41392.8254, 0.0
896, 1.06349, 0.0, 0.0, 0.0, 0.0, 200.25397, 41345.61905, 0.0
897, 1.06349, 0.0, 0.0, 0.0, 0.0, 200.0, 41299.50794, 0.0
898, 1.06452, 0.0, 0.0, 0.0, 1.0, 199.67742, 41254.06349, 0.0
899, 1.06452, 0.0, 0.0, 0.0, 0.0, 199.41935, 41219.24194, 0.0
900, 1.06452, 0.0, 0.0, 0.0, 0.0, 199.25806, 41172.66129, 0.0
901, 1.06452, 0.0, 0.0, 0.0, 0.0, 198.98387, 41126.80645, 0.0
902, 1.04918, 0.0, 0.0, 0.0, 1.0, 195.90164, 41084.45161, 0.0
903, 1.05, 0.0, 0.0, 0.0, 1.0, 195.78333, 41059.34426, 0.0
904, 1.03333, 0.0, 0.0, 0.0, 1.0, 192.3, 40996.81667, 0.0
905, 1.03333, 0.0, 0.0, 0.0, 0.0, 192.15, 40951.08333, 0.0
906, 1.03333, 0.0, 0.0, 0.0, 0.0, 191.9, 40904.6, 0.0
907, 1.03448, 0.0, 0.0, 0.0, 1.0, 191.93103, 40863.85, 0.0
908, 1.03509, 0.0, 0.0, 0.0, 1.0, 192.14035, 40798.62069, 0.0
909, 1.03509, 0.0, 0.0, 0.0, 0.0, 191.92982, 40733.12281, 0.0
910, 1.03509, 0.0, 0.0, 0.0, 0.0, 191.80702, 40686.42105, 0.0
911, 1.03571, 0.0, 0.0, 0.0, 1.0, 191.16071, 40644.33333, 0.0
912, 1.03636, 0.0, 0.0, 0.0, 1.0, 191.2, 40606.28571, 0.0
913, 1.03636, 0.0, 0.0, 0.0, 0.0, 190.89091, 40560.0, 0.0
914, 1.03774, 0.0, 0.0, 0.0, 1.0, 191.16981, 40523.05455, 0.0
915, 1.03774, 0.0, 0.0, 0.0, 0.0, 190.96226, 40469.84906, 0.0
916, 1.03846, 0.0, 0.0, 0.0, 1.0, 191.07692, 40428.20755, 0.0
917, 1.03846, 0.0, 0.0, 0.0, 0.0, 190.86538, 40395.82692, 0.0
918, 1.01923, 0.0, 0.0, 0.0, 1.0, 187.19231, 40352.09615, 0.0
919, 1.01923, 0.0, 0.0, 0.0, 0.0, 186.90385, 40305.78846, 0.0
920, 1.01923, 0.0, 0.0, 0.0, 0.0, 186.67308, 40258.03846, 0.0
921, 1.01923, 0.0, 0.0, 0.0, 0.0, 186.53846, 40211.86538, 0.0
922, 1.01923, 0.0, 0.0, 0.0, 0.0, 186.28846, 40166.32692, 0.0
923, 1.01923, 0.0, 0.0, 0.0, 0.0, 186.01923, 40121.61538, 0.0
924, 1.01961, 0.0, 0.0, 0.0, 1.0, 185.84314, 40080.42308, 0.0
925, 1.01961, 0.0, 0.0, 0.0, 0.0, 185.7451, 40022.35294, 0.0
926, 1.02, 0.0, 0.0, 0.0, 1.0, 185.82, 39980.64706, 0.0
927, 1.02, 0.0, 0.0, 0.0, 0.0, 185.68, 39920.16, 0.0
928, 1.02, 0.0, 0.0, 0.0, 0.0, 185.48, 39873.24, 0.0
929, 1.02, 0.0, 0.0, 0.0, 0.0, 185.34, 39828.2, 0.0
930, 1.02, 0.0, 0.0, 0.0, 0.0, 185.08, 39783.22, 0.0
931, 1.02, 0.0, 0.0, 0.0, 0.0, 184.76, 39735.5, 0.0
932, 1.02, 0.0, 0.0, 0.0, 0.0, 184.5, 39689.0, 0.0
933, 1.02, 0.0, 0.0, 0.0, 0.0, 184.38, 39642.28, 0.0
934, 1.02041, 0.0, 0.0, 0.0, 1.0, 184.40816, 39600.46, 0.0
935, 1.02041, 0.0, 0.0, 0.0, 0.0, 184.26531, 39544.08163, 0.0
936, 1.02083, 0.0, 0.0, 0.0, 1.0, 184.25, 39502.61224, 0.0
937, 1.02174, 0.0, 0.0, 0.0, 1.0, 184.41304, 39443.0, 0.0
938, 1.02174, 0.0, 0.0, 0.0, 0.0, 184.15217, 39395.34783, 0.0
939, 1.02174, 0.0, 0.0, 0.0, 0.0, 183.95652, 39353.36957, 0.0
940, 1.02174, 0.0, 0.0, 0.0, 0.0, 183.76087, 39309.0, 0.0
941, 1.02222, 0.0, 0.0, 0.0, 1.0, 184.6, 39267.82609, 0.0
942, 1.02222, 0.0, 0.0, 0.0, 0.0, 184.33333, 39222.88889, 0.0
943, 1.02222, 0.0, 0.0, 0.0, 0.0, 184.13333, 39178.35556, 0.0
944, 1.02222, 0.0, 0.0, 0.0, 0.0, 184.0, 39133.48889, 0.0
945, 1.02326, 0.0, 0.0, 0.0, 1.0, 185.30233, 39097.73333, 0.0
946, 1.02326, 0.0, 0.0, 0.0, 0.0, 185.18605, 39023.69767, 0.0
947, 1.02381, 0.0, 0.0, 0.0, 1.0, 185.30952, 38982.5814, 0.0
948, 1.0, 0.0, 0.0, 0.0, 1.0, 180.78571, 38967.71429, 0.0
949, 1.0, 0.0, 0.0, 0.0, 0.0, 180.61905, 38922.54762, 0.0
950, 1.0, 0.0, 0.0, 0.0, 0.0, 180.45238, 38879.09524, 0.0
951, 1.0, 0.0, 0.0, 0.0, 0.0, 180.21429, 38834.78571, 0.0
952, 1.0, 0.0, 0.0, 0.0, 0.0, 179.88095, 38791.02381, 0.0
953, 1.0, 0.0, 0.0, 0.0, 0.0, 179.69048, 38746.64286, 0.0
954, 1.0, 0.0, 0.0, 0.0, 0.0, 179.38095, 38702.69048, 0.0
955, 1.0, 0.0, 0.0, 0.0, 0.0, 179.16667, 38659.69048, 0.0
956, 1.0, 0.0, 0.0, 0.0, 1.0, 179.02439, 38620.40476, 0.0
957, 1.0, 0.0, 0.0, 0.0, 0.0, 178.97561, 38588.56098, 0.0
958, 1.0, 0.0, 0.0, 0.0, 1.0, 178.825, 38548.53659, 0.0
959, 1.0, 0.0, 0.0, 0.0, 0.0, 178.55, 38505.625, 0.0
960, 1.0, 0.0, 0.0, 0.0, 0.0, 178.2, 38462.7, 0.0
961, 1.0, 0.0, 0.0, 0.0, 0.0, 177.975, 38421.075, 0.0
962, 1.0, 0.0, 0.0, 0.0, 0.0, 177.75, 38376.9, 0.0
963, 1.0, 0.0, 0.0, 0.0, 0.0, 177.55, 38334.525, 0.0
964, 1.0, 0.0, 0.0, 0.0, 1.0, 177.61538, 38295.175, 0.0
965, 1.0, 0.0, 0.0, 0.0, 1.0, 177.21053, 38256.61538, 0.0
966, 1.0, 0.0, 0.0, 0.0, 0.0, 176.97368, 38214.26316, 0.0
967, 1.0, 0.0, 0.0, 0.0, 0.0, 176.78947, 38169.5, 0.0
968, 1.0, 0.0, 0.0, 0.0, 0.0, 176.71053, 38126.28947, 0.0
969, 1.0, 0.0, 0.0, 0.0, 1.0, 181.27027, 38083.89474, 0.0
970, 1.0, 0.0, 0.0, 0.0, 0.0, 180.86486, 38027.89189, 0.0
971, 1.0, 0.0, 0.0, 0.0, 0.0, 180.64865, 37984.81081, 0.0
972, 1.0, 0.0, 0.0, 0.0, 0.0, 180.32432, 37942.21622, 0.0
973, 1.0, 0.0, 0.0, 0.0, 0.0, 180.18919, 37897.72973, 0.0
974, 1.0, 0.0, 0.0, 0.0, 0.0, 180.08108, 37852.64865, 0.0
975, 1.0, 0.0, 0.0, 0.0, 0.0, 179.7027, 37808.16216, 0.0
976, 1.0, 0.0, 0.0, 0.0, 1.0, 179.16667, 37769.40541, 0.0
977, 1.0, 0.0, 0.0, 0.0, 1.0, 173.97143, 37726.0, 0.0
978, 1.0, 0.0, 0.0, 0.0, 0.0, 173.85714, 37669.31429, 0.0
979, 1.0, 0.0, 0.0, 0.0, 1.0, 174.18182, 37636.14286, 0.0
980, 1.0, 0.0, 0.0, 0.0, 0.0, 174.0, 37554.54545, 0.0
981, 1.0, 0.0, 0.0, 0.0, 0.0, 173.81818, 37510.90909, 0.0
982, 1.0, 0.0, 0.0, 0.0, 0.0, 173.69697, 37466.75758, 0.0
983, 1.0, 0.0, 0.0, 0.0, 0.0, 173.57576, 37422.30303, 0.0
984, 1.0, 0.0, 0.0, 0.0, 1.0, 173.40625, 37386.57576, 0.0
985, 1.0, 0.0, 0.0, 0.0, 0.0, 173.25, 37313.5, 0.0
986, 1.0, 0.0, 0.0, 0.0, 0.0, 172.875, 37269.8125, 0.0
987, 1.0, 0.0, 0.0, 0.0, 1.0, 172.46667, 37240.78125, 0.0
988, 1.0, 0.0, 0.0, 0.0, 0.0, 172.16667, 37150.6, 0.0
989, 1.0, 0.0, 0.0, 0.0, 0.0, 171.93333, 37109.53333, 0.0
990, 1.0, 0.0, 0.0, 0.0, 1.0, 172.13793, 37071.33333, 0.0
991, 1.0, 0.0, 0.0, 0.0, 1.0, 172.10714, 37000.34483, 0.0
992, 1.0, 0.0, 0.0, 0.0, 1.0, 171.96154, 36966.64286, 0.0
993, 1.0, 0.0, 0.0, 0.0, 0.0, 171.53846, 36865.88462, 0.0
994, 1.0, 0.0, 0.0, 0.0, 0.0, 171.26923, 36825.69231, 0.0
995, 1.0, 0.0, 0.0, 0.0, 0.0, 171.11538, 36782.07692, 0.0
996, 1.0, 0.0, 0.0, 0.0, 0.0, 170.96154, 36741.0, 0.0
997, 1.0, 0.0, 0.0, 0.0, 0.0, 170.73077, 36701.30769, 0.0
998, 1.0, 0.0, 0.0, 0.0, 1.0, 169.3913, 36683.0, 0.0
999, 1.0, 0.0, 0.0, 0.0, 0.0, 169.26087, 36608.73913, 0.0
1000, 1.0, 0.0, 0.0, 0.0, 1.0, 169.40909, 36575.73913, 0.0
1001, 1.0, 0.0, 0.0, 0.0, 0.0, 169.27273, 36489.27273, 0.0
1002, 1.0, 0.0, 0.0, 0.0, 1.0, 169.5, 36463.18182, 0.0
1003, 1.0, 0.0, 0.0, 0.0, 0.0, 169.4, 36458.05, 0.0
1004, 1.0, 0.0, 0.0, 0.0, 0.0, 169.15, 36418.9, 0.0
1005, 1.0, 0.0, 0.0, 0.0, 0.0, 169.0, 36377.8, 0.0
1006, 1.0, 0.0, 0.0, 0.0, 1.0, 168.57895, 36344.9, 0.0
1007, 1.0, 0.0, 0.0, 0.0, 0.0, 168.26316, 36369.10526, 0.0
1008, 1.0, 0.0, 0.0, 0.0, 0.0, 167.89474, 36329.0, 0.0
1009, 1.0, 0.0, 0.0, 0.0, 0.0, 167.68421, 36288.36842, 0.0
1010, 1.0, 0.0, 0.0, 0.0, 0.0, 167.31579, 36245.31579, 0.0
1011, 1.0, 0.0, 0.0, 0.0, 1.0, 167.05556, 36211.73684, 0.0
1012, 1.0, 0.0, 0.0, 0.0, 0.0, 167.0, 36134.94444, 0.0
1013, 1.0, 0.0, 0.0, 0.0, 0.0, 166.61111, 36094.16667, 0.0
1014, 1.0, 0.0, 0.0, 0.0, 0.0, 166.38889, 36051.66667, 0.0
1015, 1.0, 0.0, 0.0, 0.0, 0.0, 166.0, 36010.83333, 0.0
1016, 1.0, 0.0, 0.0, 0.0, 0.0, 165.77778, 35971.44444, 0.0
1017, 1.0, 0.0, 0.0, 0.0, 0.0, 165.66667, 35929.44444, 0.0
1018, 1.0, 0.0, 0.0, 0.0, 0.0, 165.55556, 35889.22222, 0.0
1019, 1.0, 0.0, 0.0, 0.0, 0.0, 165.38889, 35847.88889, 0.0
1020, 1.0, 0.0, 0.0, 0.0, 0.0, 165.22222, 35805.44444, 0.0
1021, 1.0, 0.0, 0.0, 0.0, 1.0, 165.47059, 35773.55556, 0.0
1022, 1.0, 0.0, 0.0, 0.0, 0.0, 165.35294, 35773.29412, 0.0
1023, 1.0, 0.0, 0.0, 0.0, 0.0, 165.11765, 35734.29412, 0.0
1024, 1.0, 0.0, 0.0, 0.0, 0.0, 165.0, 35694.17647, 0.0
1025, 1.0, 0.0, 0.0, 0.0, 0.0, 164.70588, 35652.23529, 0.0
1026, 1.0, 0.0, 0.0, 0.0, 1.0, 163.625, 35622.88235, 0.0
1027, 1.0, 0.0, 0.0, 0.0, 0.0, 163.3125, 35540.0625, 0.0
1028, 1.0, 0.0, 0.0, 0.0, 0.0, 163.0625, 35500.875, 0.0
1029, 1.0, 0.0, 0.0, 0.0, 0.0, 162.875, 35461.0, 0.0
1030, 1.0, 0.0, 0.0, 0.0, 1.0, 162.53333, 35430.875, 0.0
1031, 1.0, 0.0, 0.0, 0.0, 0.0, 162.26667, 35405.13333, 0.0
1032, 1.0, 0.0, 0.0, 0.0, 0.0, 162.0, 35363.13333, 0.0
1033, 1.0, 0.0, 0.0, 0.0, 0.0, 162.0, 35321.73333, 0.0
1034, 1.0, 0.0, 0.0, 0.0, 0.0, 161.93333, 35280.26667, 0.0
1035, 1.0, 0.0, 0.0, 0.0, 0.0, 161.8, 35240.46667, 0.0
1036, 1.0, 0.0, 0.0, 0.0, 0.0, 161.6, 35204.13333, 0.0
1037, 1.0, 0.0, 0.0, 0.0, 0.0, 161.6, 35165.26667, 0.0
1038, 1.0, 0.0, 0.0, 0.0, 0.0, 161.4, 35124.46667, 0.0
1039, 1.0, 0.0, 0.0, 0.0, 0.0, 161.2, 35084.66667, 0.0
1040, 1.0, 0.0, 0.0, 0.0, 0.0, 161.2, 35044.66667, 0.0
1041, 1.0, 0.0, 0.0, 0.0, 0.0, 160.86667, 35005.53333, 0.0
1042, 1.0, 0.0, 0.0, 0.0, 0.0, 160.73333, 34968.66667, 0.0
1043, 1.0, 0.0, 0.0, 0.0, 0.0, 160.53333, 34928.06667, 0.0
1044, 1.0, 0.0, 0.0, 0.0, 1.0, 159.0, 34901.06667, 0.0
1045, 1.0, 0.0, 0.0, 0.0, 0.0, 158.92857, 34825.0, 0.0
1046, 1.0, 0.0, 0.0, 0.0, 0.0, 158.85714, 34785.85714, 0.0
1047, 1.0, 0.0, 0.0, 0.0, 1.0, 159.46154, 34756.85714, 0.0
1048, 1.0, 0.0, 0.0, 0.0, 0.0, 159.38462, 34698.92308, 0.0
1049, 1.0, 0.0, 0.0, 0.0, 0.0, 159.30769, 34658.76923, 0.0
1050, 1.0, 0.0, 0.0, 0.0, 0.0, 159.23077, 34616.84615, 0.0
1051, 1.0, 0.0, 0.0, 0.0, 0.0, 159.0, 34576.84615, 0.0
1052, 1.0, 0.0, 0.0, 0.0, 0.0, 158.84615, 34539.38462, 0.0
1053, 1.0, 0.0, 0.0, 0.0, 0.0, 158.61538, 34500.0, 0.0
1054, 1.0, 0.0, 0.0, 0.0, 0.0, 158.38462, 34460.23077, 0.0
1055, 1.0, 0.0, 0.0, 0.0, 0.0, 158.15385, 34418.53846, 0.0
1056, 1.0, 0.0, 0.0, 0.0, 0.0, 157.92308, 34377.76923, 0.0
1057, 1.0, 0.0, 0.0, 0.0, 1.0, 156.91667, 34355.38462, 0.0
1058, 1.0, 0.0, 0.0, 0.0, 0.0, 156.83333, 34339.16667, 0.0
1059, 1.0, 0.0, 0.0, 0.0, 0.0, 156.66667, 34300.33333, 0.0
1060, 1.0, 0.0, 0.0, 0.0, 0.0, 156.5, 34264.58333, 0.0
1061, 1.0, 0.0, 0.0, 0.0, 1.0, 156.81818, 34239.25, 0.0
1062, 1.0, 0.0, 0.0, 0.0, 0.0, 156.81818, 34267.63636, 0.0
1063, 1.0, 0.0, 0.0, 0.0, 0.0, 156.72727, 34229.0, 0.0
1064, 1.0, 0.0, 0.0, 0.0, 0.0, 156.63636, 34187.81818, 0.0
1065, 1.0, 0.0, 0.0, 0.0, 0.0, 156.63636, 34149.54545, 0.0
1066, 1.0, 0.0, 0.0, 0.0, 0.0, 156.54545, 34111.0, 0.0
1067, 1.0, 0.0, 0.0, 0.0, 0.0, 156.36364, 34072.72727, 0.0
1068, 1.0, 0.0, 0.0, 0.0, 0.0, 156.18182, 34033.72727, 0.0
1069, 1.0, 0.0, 0.0, 0.0, 0.0, 155.90909, 33995.72727, 0.0
1070, 1.0, 0.0, 0.0, 0.0, 0.0, 155.81818, 33958.45455, 0.0
1071, 1.0, 0.0, 0.0, 0.0, 0.0, 155.63636, 33919.0, 0.0
1072, 1.0, 0.0, 0.0, 0.0, 1.0, 156.0, 33898.0, 0.0
1073, 1.0, 0.0, 0.0, 0.0, 0.0, 155.8, 33846.0, 0.0
1074, 1.0, 0.0, 0.0, 0.0, 0.0, 155.8, 33806.6, 0.0
1075, 1.0, 0.0, 0.0, 0.0, 0.0, 155.4, 33769.9, 0.0
1076, 1.0, 0.0, 0.0, 0.0, 0.0, 155.2, 33732.4, 0.0
1077, 1.0, 0.0, 0.0, 0.0, 0.0, 155.0, 33697.0, 0.0
1078, 1.0, 0.0, 0.0, 0.0, 0.0, 154.8, 33659.4, 0.0
1079, 1.0, 0.0, 0.0, 0.0, 1.0, 153.33333, 33638.3, 0.0
1080, 1.0, 0.0, 0.0, 0.0, 0.0, 153.11111, 33639.11111, 0.0
1081, 1.0, 0.0, 0.0, 0.0, 0.0, 152.88889, 33598.77778, 0.0
1082, 1.0, 0.0, 0.0, 0.0, 0.0, 152.22222, 33561.66667, 0.0
1083, 1.0, 0.0, 0.0, 0.0, 0.0, 152.22222, 33522.44444, 0.0
1084, 1.0, 0.0, 0.0, 0.0, 0.0, 152.11111, 33488.22222, 0.0
1085, 1.0, 0.0, 0.0, 0.0, 0.0, 151.77778, 33447.22222, 0.0
1086, 1.0, 0.0, 0.0, 0.0, 0.0, 151.55556, 33407.55556, 0.0
1087, 1.0, 0.0, 0.0, 0.0, 0.0, 151.44444, 33368.11111, 0.0
1088, 1.0, 0.0, 0.0, 0.0, 0.0, 151.22222, 33331.33333, 0.0
1089, 1.0, 0.0, 0.0, 0.0, 0.0, 151.22222, 33295.88889, 0.0
1090, 1.0, 0.0, 0.0, 0.0, 0.0, 151.0, 33256.44444, 0.0
1091, 1.0, 0.0, 0.0, 0.0, 0.0, 150.77778, 33218.55556, 0.0
1092, 1.0, 0.0, 0.0, 0.0, 0.0, 150.66667, 33181.0, 0.0
1093, 1.0, 0.0, 0.0, 0.0, 0.0, 150.44444, 33144.0, 0.0
1094, 1.0, 0.0, 0.0, 0.0, 0.0, 150.22222, 33104.44444, 0.0
1095, 1.0, 0.0, 0.0, 0.0, 1.0, 150.125, 33087.77778, 0.0
1096, 1.0, 0.0, 0.0, 0.0, 0.0, 149.875, 32976.5, 0.0
1097, 1.0, 0.0, 0.0, 0.0, 0.0, 149.75, 32942.0, 0.0
1098, 1.0, 0.0, 0.0, 0.0, 0.0, 149.5, 32904.375, 0.0
1099, 1.0, 0.0, 0.0, 0.0, 0.0, 149.0, 32868.0, 0.0
1100, 1.0, 0.0, 0.0, 0.0, 0.0, 148.625, 32832.25, 0.0
1101, 1.0, 0.0, 0.0, 0.0, 0.0, 148.125, 32794.625, 0.0
1102, 1.0, 0.0, 0.0, 0.0, 0.0, 147.75, 32757.625, 0.0
1103, 1.0, 0.0, 0.0, 0.0, 0.0, 147.5, 32721.125, 0.0
1104, 1.0, 0.0, 0.0, 0.0, 0.0, 147.375, 32683.75, 0.0
1105, 1.0, 0.0, 0.0, 0.0, 0.0, 147.0, 32651.5, 0.0
1106, 1.0, 0.0, 0.0, 0.0, 0.0, 146.875, 32611.125, 0.0
1107, 1.0, 0.0, 0.0, 0.0, 0.0, 146.5, 32572.125, 0.0
1108, 1.0, 0.0, 0.0, 0.0, 0.0, 146.375, 32534.625, 0.0
1109, 1.0, 0.0, 0.0, 0.0, 0.0, 146.25, 32495.125, 0.0
1110, 1.0, 0.0, 0.0, 0.0, 0.0, 146.0, 32457.875, 0.0
1111, 1.0, 0.0, 0.0, 0.0, 0.0, 145.5, 32424.125, 0.0
1112, 1.0, 0.0, 0.0, 0.0, 0.0, 145.25, 32391.125, 0.0
1113, 1.0, 0.0, 0.0, 0.0, 0.0, 145.0, 32356.5, 0.0
1114, 1.0, 0.0, 0.0, 0.0, 0.0, 144.875, 32319.625, 0.0
1115, 1.0, 0.0, 0.0, 0.0, 0.0, 144.5, 32278.25, 0.0
1116, 1.0, 0.0, 0.0, 0.0, 0.0, 144.375, 32238.5, 0.0
1117, 1.0, 0.0, 0.0, 0.0, 0.0, 144.375, 32202.625, 0.0
1118, 1.0, 0.0, 0.0, 0.0, 0.0, 144.25, 32165.75, 0.0
1119, 1.0, 0.0, 0.0, 0.0, 0.0, 144.125, 32135.0, 0.0
1120, 1.0, 0.0, 0.0, 0.0, 0.0, 144.0, 32101.375, 0.0
1121, 1.0, 0.0, 0.0, 0.0, 0.0, 144.0, 32066.75, 0.0
1122, 1.0, 0.0, 0.0, 0.0, 0.0, 143.625, 32032.5, 0.0
1123, 1.0, 0.0, 0.0, 0.0, 0.0, 143.375, 31995.625, 0.0
1124, 1.0, 0.0, 0.0, 0.0, 0.0, 143.125, 31960.25, 0.0
1125, 1.0, 0.0, 0.0, 0.0, 0.0, 142.875, 31920.0, 0.0
1126, 1.0, 0.0, 0.0, 0.0, 0.0, 142.75, 31888.125, 0.0
1127, 1.0, 0.0, 0.0, 0.0, 0.0, 142.5, 31852.125, 0.0
1128, 1.0, 0.0, 0.0, 0.0, 0.0, 142.375, 31813.5, 0.0
1129, 1.0, 0.0, 0.0, 0.0, 0.0, 142.375, 31779.5, 0.0
1130, 1.0, 0.0, 0.0, 0.0, 0.0, 142.0, 31743.25, 0.0
1131, 1.0, 0.0, 0.0, 0.0, 0.0, 142.0, 31706.5, 0.0
1132, 1.0, 0.0, 0.0, 0.0, 0.0, 141.875, 31672.625, 0.0
1133, 1.0, 0.0, 0.0, 0.0, 0.0, 141.5, 31636.375, 0.0
1134, 1.0, 0.0, 0.0, 0.0, 0.0, 141.375, 31595.5, 0.0
1135, 1.0, 0.0, 0.0, 0.0, 0.0, 141.0, 31561.25, 0.0
1136, 1.0, 0.0, 0.0, 0.0, 0.0, 140.875, 31524.375, 0.0
1137, 1.0, 0.0, 0.0, 0.0, 0.0, 140.875, 31488.875, 0.0
1138, 1.0, 0.0, 0.0, 0.0, 0.0, 140.875, 31455.25, 0.0
1139, 1.0, 0.0, 0.0, 0.0, 0.0, 140.875, 31417.75, 0.0
1140, 1.0, 0.0, 0.0, 0.0, 0.0, 140.75, 31379.375, 0.0
1141, 1.0, 0.0, 0.0, 0.0, 0.0, 140.75, 31347.0, 0.0
1142, 1.0, 0.0, 0.0, 0.0, 0.0, 140.375, 31311.0, 0.0
1143, 1.0, 0.0, 0.0, 0.0, 0.0, 140.25, 31275.5, 0.0
1144, 1.0, 0.0, 0.0, 0.0, 0.0, 140.25, 31238.75, 0.0
1145, 1.0, 0.0, 0.0, 0.0, 0.0, 140.0, 31201.375, 0.0
1146, 1.0, 0.0, 0.0, 0.0, 0.0, 139.625, 31165.875, 0.0
1147, 1.0, 0.0, 0.0, 0.0, 0.0, 139.5, 31126.875, 0.0
1148, 1.0, 0.0, 0.0, 0.0, 0.0, 139.25, 31091.0, 0.0
1149, 1.0, 0.0, 0.0, 0.0, 0.0, 139.125, 31055.625, 0.0
1150, 1.0, 0.0, 0.0, 0.0, 0.0, 139.125, 31023.25, 0.0
1151, 1.0, 0.0, 0.0, 0.0, 0.0, 138.875, 30991.0, 0.0
1152, 1.0, 0.0, 0.0, 0.0, 1.0, 137.0, 30980.375, 0.0
1153, 1.0, 0.0, 0.0, 0.0, 0.0, 136.57143, 30919.0, 0.0
1154, 1.0, 0.0, 0.0, 0.0, 0.0, 136.42857, 30887.0, 0.0
1155, 1.0, 0.0, 0.0, 0.0, 0.0, 136.14286, 30852.28571, 0.0
1156, 1.0, 0.0, 0.0, 0.0, 0.0, 136.0, 30818.42857, 0.0
1157, 1.0, 0.0, 0.0, 0.0, 0.0, 136.0, 30782.0, 0.0
1158, 1.0, 0.0, 0.0, 0.0, 0.0, 136.0, 30746.71429, 0.0
1159, 1.0, 0.0, 0.0, 0.0, 0.0, 136.0, 30713.42857, 0.0
1160, 1.0, 0.0, 0.0, 0.0, 0.0, 135.57143, 30675.14286, 0.0
1161, 1.0, 0.0, 0.0, 0.0, 0.0, 135.42857, 30643.0, 0.0
1162, 1.0, 0.0, 0.0, 0.0, 0.0, 135.42857, 30608.71429, 0.0
1163, 1.0, 0.0, 0.0, 0.0, 1.0, 137.66667, 30591.57143, 0.0
1164, 1.0, 0.0, 0.0, 0.0, 0.0, 137.66667, 30651.0, 0.0
1165, 1.0, 0.0, 0.0, 0.0, 0.0, 137.66667, 30615.83333, 0.0
1166, 1.0, 0.0, 0.0, 0.0, 0.0, 137.5, 30583.66667, 0.0
1167, 1.0, 0.0, 0.0, 0.0, 0.0, 137.33333, 30541.66667, 0.0
1168, 1.0, 0.0, 0.0, 0.0, 0.0, 137.33333, 30504.5, 0.0
1169, 1.0, 0.0, 0.0, 0.0, 1.0, 135.2, 30499.66667, 0.0
1170, 1.0, 0.0, 0.0, 0.0, 1.0, 133.25, 30266.4, 0.0
1171, 1.0, 0.0, 0.0, 0.0, 0.0, 133.25, 30273.0, 0.0
1172, 1.0, 0.0, 0.0, 0.0, 0.0, 133.25, 30242.25, 0.0
1173, 1.0, 0.0, 0.0, 0.0, 0.0, 133.25, 30206.5, 0.0
1174, 1.0, 0.0, 0.0, 0.0, 0.0, 133.25, 30172.75, 0.0
1175, 1.0, 0.0, 0.0, 0.0, 0.0, 132.75, 30139.75, 0.0
1176, 1.0, 0.0, 0.0, 0.0, 0.0, 132.25, 30110.75, 0.0
1177, 1.0, 0.0, 0.0, 0.0, 0.0, 132.0, 30074.75, 0.0
1178, 1.0, 0.0, 0.0, 0.0, 0.0, 132.0, 30041.5, 0.0
1179, 1.0, 0.0, 0.0, 0.0, 0.0, 132.0, 30005.5, 0.0
1180, 1.0, 0.0, 0.0, 0.0, 0.0, 132.0, 29971.75, 0.0
1181, 1.0, 0.0, 0.0, 0.0, 0.0, 132.0, 29940.5, 0.0
1182, 1.0, 0.0, 0.0, 0.0, 0.0, 131.5, 29902.25, 0.0
1183, 1.0, 0.0, 0.0, 0.0, 0.0, 131.25, 29868.25, 0.0
1184, 1.0, 0.0, 0.0, 0.0, 0.0, 131.0, 29835.25, 0.0
1185, 1.0, 0.0, 0.0, 0.0, 0.0, 131.0, 29796.25, 0.0
1186, 1.0, 0.0, 0.0, 0.0, 0.0, 131.0, 29765.75, 0.0
1187, 1.0, 0.0, 0.0, 0.0, 0.0, 130.75, 29729.0, 0.0
1188, 1.0, 0.0, 0.0, 0.0, 0.0, 130.75, 29696.5, 0.0
1189, 1.0, 0.0, 0.0, 0.0, 0.0, 130.5, 29665.0, 0.0
1190, 1.0, 0.0, 0.0, 0.0, 0.0, 130.5, 29629.5, 0.0
1191, 1.0, 0.0, 0.0, 0.0, 0.0, 130.5, 29591.0, 0.0
1192, 1.0, 0.0, 0.0, 0.0, 0.0, 130.5, 29557.75, 0.0
1193, 1.0, 0.0, 0.0, 0.0, 0.0, 130.25, 29523.25, 0.0
1194, 1.0, 0.0, 0.0, 0.0, 0.0, 130.25, 29491.25, 0.0
1195, 1.0, 0.0, 0.0, 0.0, 1.0, 134.0, 29493.0, 0.0
1196, 1.0, 0.0, 0.0, 0.0, 0.0, 134.0, 29297.66667, 0.0
1197, 1.0, 0.0, 0.0, 0.0, 0.0, 134.0, 29266.66667, 0.0
1198, 1.0, 0.0, 0.0, 0.0, 0.0, 134.0, 29234.0, 0.0
1199, 1.0, 0.0, 0.0, 0.0, 0.0, 133.33333, 29198.33333, 0.0
1200, 1.0, 0.0, 0.0, 0.0, 0.0, 133.0, 29163.66667, 0.0
1201, 1.0, 0.0, 0.0, 0.0, 0.0, 132.66667, 29133.33333, 0.0
1202, 1.0, 0.0, 0.0, 0.0, 0.0, 132.66667, 29091.66667, 0.0
1203, 1.0, 0.0, 0.0, 0.0, 0.0, 132.66667, 29056.0, 0.0
1204, 1.0, 0.0, 0.0, 0.0, 0.0, 132.66667, 29023.33333, 0.0
1205, 1.0, 0.0, 0.0, 0.0, 0.0, 132.66667, 28988.33333, 0.0
1206, 1.0, 0.0, 0.0, 0.0, 0.0, 132.66667, 28953.0, 0.0
1207, 1.0, 0.0, 0.0, 0.0, 0.0, 132.66667, 28923.66667, 0.0
1208, 1.0, 0.0, 0.0, 0.0, 0.0, 132.66667, 28891.33333, 0.0
1209, 1.0, 0.0, 0.0, 0.0, 0.0, 132.33333, 28853.66667, 0.0
1210, 1.0, 0.0, 0.0, 0.0, 0.0, 132.33333, 28816.0, 0.0
1211, 1.0, 0.0, 0.0, 0.0, 0.0, 132.33333, 28791.33333, 0.0
1212, 1.0, 0.0, 0.0, 0.0, 0.0, 132.33333, 28760.66667, 0.0
1213, 1.0, 0.0, 0.0, 0.0, 0.0, 132.33333, 28728.33333, 0.0
1214, 1.0, 0.0, 0.0, 0.0, 0.0, 132.33333, 28694.0, 0.0
1215, 1.0, 0.0, 0.0, 0.0, 0.0, 132.33333, 28667.33333, 0.0
1216, 1.0, 0.0, 0.0, 0.0, 0.0, 132.33333, 28639.0, 0.0
1217, 1.0, 0.0, 0.0, 0.0, 0.0, 132.33333, 28602.66667, 0.0
1218, 1.0, 0.0, 0.0, 0.0, 0.0, 132.33333, 28568.33333, 0.0
1219, 1.0, 0.0, 0.0, 0.0, 0.0, 132.33333, 28538.33333, 0.0
1220, 1.0, 0.0, 0.0, 0.0, 0.0, 132.33333, 28508.0, 0.0
1221, 1.0, 0.0, 0.0, 0.0, 0.0, 132.33333, 28478.33333, 0.0
1222, 1.0, 0.0, 0.0, 0.0, 0.0, 132.33333, 28444.66667, 0.0
1223, 1.0, 0.0, 0.0, 0.0, 0.0, 131.66667, 28410.66667, 0.0
1224, 1.0, 0.0, 0.0, 0.0, 0.0, 131.66667, 28381.66667, 0.0
1225, 1.0, 0.0, 0.0, 0.0, 0.0, 131.0, 28344.33333, 0.0
1226, 1.0, 0.0, 0.0, 0.0, 0.0, 131.0, 28311.33333, 0.0
1227, 1.0, 0.0, 0.0, 0.0, 0.0, 131.0, 28284.33333, 0.0
1228, 1.0, 0.0, 0.0, 0.0, 0.0, 130.66667, 28255.0, 0.0
1229, 1.0, 0.0, 0.0, 0.0, 0.0, 130.33333, 28222.33333, 0.0
1230, 1.0, 0.0, 0.0, 0.0, 0.0, 130.0, 28189.0, 0.0
1231, 1.0, 0.0, 0.0, 0.0, 0.0, 129.33333, 28161.0, 0.0
1232, 1.0, 0.0, 0.0, 0.0, 0.0, 129.33333, 28135.66667, 0.0
1233, 1.0, 0.0, 0.0, 0.0, 0.0, 129.33333, 28107.33333, 0.0
1234, 1.0, 0.0, 0.0, 0.0, 0.0, 129.33333, 28073.33333, 0.0
1235, 1.0, 0.0, 0.0, 0.0, 0.0, 129.33333, 28040.33333, 0.0
1236, 1.0, 0.0, 0.0, 0.0, 0.0, 129.33333, 28005.33333, 0.0
1237, 1.0, 0.0, 0.0, 0.0, 0.0, 129.0, 27973.66667, 0.0
1238, 1.0, 0.0, 0.0, 0.0, 0.0, 129.0, 27946.0, 0.0
1239, 1.0, 0.0, 0.0, 0.0, 0.0, 129.0, 27920.0, 0.0
1240, 1.0, 0.0, 0.0, 0.0, 0.0, 129.0, 27892.33333, 0.0
1241, 1.0, 0.0, 0.0, 0.0, 0.0, 129.0, 27856.0, 0.0
1242, 1.0, 0.0, 0.0, 0.0, 0.0, 128.66667, 27822.66667, 0.0
1243, 1.0, 0.0, 0.0, 0.0, 0.0, 128.33333, 27791.0, 0.0
1244, 1.0, 0.0, 0.0, 0.0, 0.0, 128.33333, 27764.66667, 0.0
1245, 1.0, 0.0, 0.0, 0.0, 0.0, 128.33333, 27729.33333, 0.0
1246, 1.0, 0.0, 0.0, 0.0, 0.0, 128.0, 27699.0, 0.0
1247, 1.0, 0.0, 0.0, 0.0, 0.0, 128.0, 27669.0, 0.0
1248, 1.0, 0.0, 0.0, 0.0, 0.0, 127.0, 27640.66667, 0.0
1249, 1.0, 0.0, 0.0, 0.0, 0.0, 127.0, 27612.33333, 0.0
1250, 1.0, 0.0, 0.0, 0.0, 0.0, 126.66667, 27576.33333, 0.0
1251, 1.0, 0.0, 0.0, 0.0, 0.0, 126.33333, 27548.0, 0.0
1252, 1.0, 0.0, 0.0, 0.0, 0.0, 126.33333, 27516.66667, 0.0
1253, 1.0, 0.0, 0.0, 0.0, 0.0, 126.0, 27489.0, 0.0
1254, 1.0, 0.0, 0.0, 0.0, 0.0, 126.0, 27458.66667, 0.0
1255, 1.0, 0.0, 0.0, 0.0, 0.0, 126.0, 27424.33333, 0.0
1256, 1.0, 0.0, 0.0, 0.0, 0.0, 125.33333, 27394.33333, 0.0
1257, 1.0, 0.0, 0.0, 0.0, 0.0, 125.0, 27361.0, 0.0
1258, 1.0, 0.0, 0.0, 0.0, 0.0, 124.33333, 27333.33333, 0.0
1259, 1.0, 0.0, 0.0, 0.0, 0.0, 124.33333, 27304.0, 0.0
1260, 1.0, 0.0, 0.0, 0.0, 0.0, 124.0, 27277.0, 0.0
1261, 1.0, 0.0, 0.0, 0.0, 0.0, 124.0, 27248.66667, 0.0
1262, 1.0, 0.0, 0.0, 0.0, 0.0, 124.0, 27213.0, 0.0
1263, 1.0, 0.0, 0.0, 0.0, 0.0, 123.66667, 27181.33333, 0.0
1264, 1.0, 0.0, 0.0, 0.0, 0.0, 123.33333, 27153.0, 0.0
1265, 1.0, 0.0, 0.0, 0.0, 0.0, 123.33333, 27125.0, 0.0
1266, 1.0, 0.0, 0.0, 0.0, 0.0, 123.33333, 27094.66667, 0.0
1267, 1.0, 0.0, 0.0, 0.0, 0.0, 123.33333, 27071.0, 0.0
1268, 1.0, 0.0, 0.0, 0.0, 0.0, 123.0, 27038.66667, 0.0
1269, 1.0, 0.0, 0.0, 0.0, 0.0, 123.0, 27009.66667, 0.0
1270, 1.0, 0.0, 0.0, 0.0, 0.0, 122.33333, 26980.0, 0.0
1271, 1.0, 0.0, 0.0, 0.0, 0.0, 122.33333, 26942.0, 0.0
1272, 1.0, 0.0, 0.0, 0.0, 0.0, 122.0, 26908.0, 0.0
1273, 1.0, 0.0, 0.0, 0.0, 0.0, 121.33333, 26866.0, 0.0
1274, 1.0, 0.0, 0.0, 0.0, 0.0, 121.33333, 26833.66667, 0.0
1275, 1.0, 0.0, 0.0, 0.0, 0.0, 121.0, 26801.0, 0.0
1276, 1.0, 0.0, 0.0, 0.0, 0.0, 121.0, 26766.33333, 0.0
1277, 1.0, 0.0, 0.0, 0.0, 0.0, 121.0, 26736.66667, 0.0
1278, 1.0, 0.0, 0.0, 0.0, 0.0, 120.66667, 26709.33333, 0.0
1279, 1.0, 0.0, 0.0, 0.0, 0.0, 120.66667, 26674.66667, 0.0
1280, 1.0, 0.0, 0.0, 0.0, 0.0, 120.66667, 26640.66667, 0.0
1281, 1.0, 0.0, 0.0, 0.0, 1.0, 124.5, 26649.66667, 0.0
1282, 1.0, 0.0, 0.0, 0.0, 0.0, 124.5, 26511.0, 0.0
1283, 1.0, 0.0, 0.0, 0.0, 0.0, 124.5, 26481.5, 0.0
1284, 1.0, 0.0, 0.0, 0.0, 0.0, 124.5, 26449.0, 0.0
1285, 1.0, 0.0, 0.0, 0.0, 0.0, 124.5, 26420.0, 0.0
1286, 1.0, 0.0, 0.0, 0.0, 0.0, 124.5, 26387.0, 0.0
1287, 1.0, 0.0, 0.0, 0.0, 0.0, 124.5, 26355.5, 0.0
1288, 1.0, 0.0, 0.0, 0.0, 0.0, 124.5, 26327.0, 0.0
1289, 1.0, 0.0, 0.0, 0.0, 0.0, 124.5, 26295.0, 0.0
1290, 1.0, 0.0, 0.0, 0.0, 0.0, 124.5, 26254.0, 0.0
1291, 1.0, 0.0, 0.0, 0.0, 0.0, 124.0, 26225.0, 0.0
1292, 1.0, 0.0, 0.0, 0.0, 0.0, 124.0, 26193.0, 0.0
1293, 1.0, 0.0, 0.0, 0.0, 0.0, 124.0, 26165.0, 0.0
1294, 1.0, 0.0, 0.0, 0.0, 0.0, 124.0, 26128.5, 0.0
1295, 1.0, 0.0, 0.0, 0.0, 0.0, 123.5, 26095.5, 0.0
1296, 1.0, 0.0, 0.0, 0.0, 0.0, 123.5, 26062.0, 0.0
1297, 1.0, 0.0, 0.0, 0.0, 0.0, 123.0, 26034.5, 0.0
1298, 1.0, 0.0, 0.0, 0.0, 0.0, 123.0, 26004.0, 0.0
1299, 1.0, 0.0, 0.0, 0.0, 0.0, 123.0, 25976.0, 0.0
1300, 1.0, 0.0, 0.0, 0.0, 0.0, 123.0, 25947.5, 0.0
1301, 1.0, 0.0, 0.0, 0.0, 0.0, 123.0, 25913.5, 0.0
1302, 1.0, 0.0, 0.0, 0.0, 0.0, 123.0, 25886.5, 0.0
1303, 1.0, 0.0, 0.0, 0.0, 0.0, 123.0, 25860.5, 0.0
1304, 1.0, 0.0, 0.0, 0.0, 0.0, 123.0, 25837.0, 0.0
1305, 1.0, 0.0, 0.0, 0.0, 0.0, 123.0, 25800.5, 0.0
1306, 1.0, 0.0, 0.0, 0.0, 1.0, 127.0, 25841.0, 0.0
1307, 1.0, 0.0, 0.0, 0.0, 0.0, 127.0, 25999.0, 0.0
1308, 1.0, 0.0, 0.0, 0.0, 0.0, 127.0, 25981.0, 0.0
1309, 1.0, 0.0, 0.0, 0.0, 0.0, 127.0, 25946.0, 0.0
1310, 1.0, 0.0, 0.0, 0.0, 0.0, 127.0, 25921.0, 0.0
1311, 1.0, 0.0, 0.0, 0.0, 0.0, 127.0, 25893.0, 0.0
1312, 1.0, 0.0, 0.0, 0.0, 0.0, 127.0, 25863.0, 0.0
1313, 1.0, 0.0, 0.0, 0.0, 0.0, 126.0, 25835.0, 0.0
1314, 1.0, 0.0, 0.0, 0.0, 0.0, 126.0, 25796.0, 0.0
1315, 1.0, 0.0, 0.0, 0.0, 0.0, 126.0, 25764.0, 0.0
1316, 1.0, 0.0, 0.0, 0.0, 0.0, 126.0, 25728.0, 0.0
1317, 1.0, 0.0, 0.0, 0.0, 0.0, 126.0, 25699.0, 0.0
1318, 1.0, 0.0, 0.0, 0.0, 0.0, 124.0, 25662.0, 0.0
1319, 1.0, 0.0, 0.0, 0.0, 0.0, 124.0, 25631.0, 0.0
1320, 1.0, 0.0, 0.0, 0.0, 0.0, 124.0, 25603.0, 0.0
1321, 1.0, 0.0, 0.0, 0.0, 0.0, 124.0, 25580.0, 0.0
1322, 1.0, 0.0, 0.0, 0.0, 0.0, 124.0, 25561.0, 0.0
1323, 1.0, 0.0, 0.0, 0.0, 0.0, 122.0, 25527.0, 0.0
1324, 1.0, 0.0, 0.0, 0.0, 0.0, 121.0, 25498.0, 0.0
1325, 1.0, 0.0, 0.0, 0.0, 0.0, 121.0, 25471.0, 0.0
1326, 1.0, 0.0, 0.0, 0.0, 0.0, 120.0, 25442.0, 0.0
1327, 1.0, 0.0, 0.0, 0.0, 0.0, 120.0, 25410.0, 0.0
1328, 1.0, 0.0, 0.0, 0.0, 0.0, 120.0, 25384.0, 0.0
1329, 1.0, 0.0, 0.0, 0.0, 0.0, 120.0, 25357.0, 0.0
1330, 1.0, 0.0, 0.0, 0.0, 0.0, 120.0, 25321.0, 0.0
1331, 1.0, 0.0, 0.0, 0.0, 0.0, 120.0, 25290.0, 0.0
1332, 1.0, 0.0, 0.0, 0.0, 0.0, 120.0, 25249.0, 0.0
1333, 1.0, 0.0, 0.0, 0.0, 0.0, 120.0, 25223.0, 0.0
1334, 0.0, 0.0, 0.0, 0.0, 1.0, 0.0, 25316.0, 0.0
