time, seeders, joined, request_count, response_size, left, awareness, bad_data, leechers
0, 0.0, 0.0, 0.0, 0.0, 0.0, 5001.0, 0.0, 0.0
1, 0.0, 709.616, 491.29106, 16.54233, 0.0, 316654.306, 0.0, 709.616
2, 0.0, 338.45, 459.4918, 39.24059, 35.682, 437284.686, 19900.304, 1013.384
3, 0.0, 326.308, 447.46681, 53.71745, 32.868, 555186.004, 34743.282, 1306.824
4, 0.0, 315.73, 436.99363, 67.54834, 40.104, 660613.604, 52769.168, 1582.45
5, 0.0, 305.866, 426.38606, 80.66188, 47.028, 754649.526, 73677.698, 1841.288
6, 0.0, 296.18, 418.58667, 93.00313, 52.346, 839448.418, 96722.13, 2085.122
7, 0.0, 287.312, 409.9794, 104.83266, 58.47, 915304.572, 122334.746, 2313.964
8, 0.0, 276.152, 402.80353, 116.04019, 63.612, 982912.972, 149794.698, 2526.504
9, 0.0, 267.622, 396.15577, 126.55739, 69.394, 1043327.396, 179612.368, 2724.732
10, 0.0, 258.458, 390.68243, 136.59628, 73.362, 1097802.008, 210698.468, 2909.828
11, 552.858, 249.544, 384.60953, 146.07285, 64.876, 1149012.046, 237274.812, 2541.638
12, 798.374, 241.764, 381.21474, 154.92861, 80.788, 1191225.508, 270409.97, 2457.098
13, 1035.45, 233.838, 376.69669, 163.34027, 77.826, 1231136.104, 301664.788, 2376.034
14, 1259.686, 226.032, 373.65948, 171.34665, 79.988, 1267296.67, 333580.688, 2297.842
15, 1473.17, 218.7, 368.45908, 179.03076, 81.274, 1300018.242, 365654.69, 2221.784
16, 1674.822, 211.208, 365.69164, 186.38394, 83.756, 1329508.816, 398252.182, 2147.584
17, 1866.668, 204.632, 362.34313, 193.39805, 84.226, 1356437.11, 430824.47, 2076.144
18, 2047.078, 197.924, 359.01659, 200.00833, 85.766, 1380688.968, 463621.974, 2007.892
19, 2218.32, 192.284, 356.63914, 206.33576, 86.248, 1403070.074, 496204.556, 1942.686
20, 2378.916, 184.292, 357.08549, 212.56482, 88.204, 1422911.378, 529255.326, 1878.178
21, 2530.852, 179.266, 353.66997, 218.35219, 88.474, 1440903.016, 562226.53, 1817.034
22, 2674.036, 173.614, 349.23451, 223.99908, 90.018, 1456381.03, 595699.294, 1757.446
23, 2808.306, 167.4, 348.33931, 229.40453, 90.154, 1470210.2, 628954.344, 1700.422
24, 2934.312, 161.292, 348.34338, 234.5636, 91.878, 1482302.216, 662337.924, 1643.83
25, 3052.544, 156.336, 346.81711, 239.3498, 91.886, 1493057.854, 695509.968, 1590.048
26, 3164.114, 151.038, 346.67435, 243.92489, 91.526, 1502515.386, 728518.022, 1537.99
27, 3269.224, 145.034, 344.03657, 248.53546, 92.324, 1510186.14, 761490.598, 1485.59
28, 3367.566, 141.712, 343.2384, 252.75508, 92.206, 1517158.816, 794093.47, 1436.754
29, 3459.172, 137.554, 341.80758, 256.93185, 93.13, 1522745.074, 826956.526, 1389.572
30, 3543.28, 132.34, 341.60496, 260.8685, 93.784, 1526919.288, 859945.722, 1344.02
31, 3622.164, 128.576, 340.74788, 264.5989, 93.656, 1530319.856, 892580.308, 1300.056
32, 3694.02, 124.062, 340.04772, 268.3991, 94.866, 1532272.096, 925580.814, 1257.396
33, 3760.888, 120.228, 340.79416, 271.76531, 94.264, 1533737.378, 957993.444, 1216.492
34, 3822.334, 116.352, 341.14583, 275.0582, 93.774, 1534419.254, 990201.916, 1177.624
35, 3879.958, 112.102, 339.40518, 278.4195, 93.516, 1534175.398, 1022010.654, 1138.586
36, 3931.4, 107.9, 338.94347, 281.49278, 94.118, 1532798.94, 1053952.7, 1100.926
37, 3977.528, 105.096, 338.96628, 284.31872, 93.35, 1531108.11, 1085342.558, 1066.544
38, 4020.82, 101.454, 340.89341, 287.01827, 92.958, 1528944.884, 1116328.042, 1031.748
39, 4060.234, 98.806, 340.42467, 289.69375, 93.162, 1526078.088, 1147336.352, 997.978
40, 4095.092, 93.928, 340.21804, 292.49653, 92.626, 1522225.73, 1178003.648, 964.422
41, 4125.338, 91.44, 339.59974, 294.79844, 93.908, 1517384.716, 1209170.608, 931.708
42, 4151.864, 88.184, 338.28132, 297.30924, 93.116, 1512125.132, 1239657.138, 900.25
43, 4175.19, 86.042, 340.62435, 299.34997, 92.524, 1506750.486, 1269737.836, 870.442
44, 4194.816, 83.868, 340.07011, 301.39087, 92.536, 1500826.312, 1299783.272, 842.148
45, 4210.678, 80.926, 342.38687, 303.60856, 91.896, 1494681.278, 1329278.966, 815.316
46, 4224.356, 77.448, 342.78484, 305.49333, 90.36, 1488040.314, 1358264.08, 788.726
47, 4235.102, 75.256, 342.75008, 307.51694, 90.038, 1481035.132, 1386971.018, 763.198
48, 4243.35, 72.666, 342.00314, 309.55187, 89.634, 1473549.532, 1415345.274, 737.982
49, 4248.298, 70.812, 343.09157, 311.11566, 89.988, 1465464.29, 1443995.358, 713.858
50, 4249.306, 68.136, 342.1686, 312.88239, 89.412, 1456898.012, 1472296.616, 691.574
51, 4249.772, 65.978, 345.41817, 314.4448, 87.546, 1448533.152, 1499727.108, 669.54
52, 4247.036, 63.842, 344.74171, 315.9343, 87.726, 1439727.868, 1526946.588, 648.392
53, 4242.64, 62.152, 344.83202, 317.34878, 87.188, 1430617.944, 1553972.894, 627.752
54, 4236.732, 59.556, 348.59628, 318.66702, 86.432, 1421166.764, 1580756.844, 606.784
55, 4228.356, 58.052, 348.94577, 320.12253, 85.962, 1411644.094, 1607082.726, 587.25
56, 4217.782, 55.364, 348.06011, 321.38173, 85.408, 1401539.352, 1633181.568, 567.78
57, 4205.6, 54.044, 350.0111, 322.29007, 84.794, 1391372.092, 1658971.174, 549.212
58, 4192.294, 52.666, 353.62473, 323.58983, 83.82, 1381401.238, 1684122.992, 531.364
59, 4176.89, 50.898, 353.03941, 324.76949, 83.67, 1370990.382, 1709178.848, 513.996
60, 4160.224, 48.776, 352.1609, 325.33324, 82.732, 1360269.068, 1733833.396, 496.706
61, 4141.412, 47.604, 354.23494, 326.78651, 82.536, 1349366.48, 1758365.83, 480.586
62, 4121.772, 45.97, 353.75245, 327.86515, 81.13, 1338443.356, 1782264.38, 465.066
63, 4101.316, 43.958, 357.61409, 328.40439, 80.078, 1327451.032, 1805666.366, 449.402
64, 4079.09, 42.31, 358.14228, 329.04738, 79.382, 1316303.212, 1828653.436, 434.556
65, 4057.39, 40.758, 357.15688, 329.62836, 77.944, 1305013.256, 1851185.036, 419.07
66, 4033.116, 40.312, 360.8851, 330.95711, 77.466, 1293777.24, 1873583.712, 406.19
67, 4007.6, 38.666, 357.83376, 331.29409, 77.234, 1282192.63, 1895679.3, 393.138
68, 3981.688, 37.508, 362.53599, 331.98632, 76.578, 1270543.414, 1917588.202, 379.98
69, 3954.964, 36.684, 363.91887, 332.42614, 75.792, 1258943.904, 1939109.952, 367.596
70, 3926.786, 35.094, 364.44976, 333.07858, 75.226, 1247149.658, 1960295.936, 355.642
71, 3898.294, 33.582, 362.03919, 333.62091, 74.51, 1235037.122, 1981221.33, 343.206
72, 3868.992, 32.616, 365.37282, 334.24964, 73.314, 1223076.694, 2001651.374, 331.81
73, 3838.594, 31.852, 364.78086, 335.07806, 72.77, 1211061.012, 2021793.268, 321.29
74, 3807.642, 30.4, 369.53947, 335.30773, 71.906, 1198964.756, 2041603.266, 310.736
75, 3776.328, 29.372, 370.62509, 335.34172, 70.482, 1186972.336, 2060870.878, 300.94
76, 3744.668, 28.336, 369.14173, 335.50975, 70.684, 1174624.4, 2080137.118, 290.252
77, 3712.31, 27.596, 368.42296, 336.30491, 69.358, 1162470.338, 2098796.86, 280.848
78, 3679.662, 26.672, 372.45051, 336.04812, 68.842, 1150060.01, 2117524.92, 271.326
79, 3647.322, 25.81, 373.69237, 336.13738, 67.502, 1137952.848, 2135505.51, 261.974
80, 3613.866, 25.068, 373.86309, 336.84731, 67.338, 1125800.238, 2153217.382, 253.16
81, 3579.734, 23.912, 377.13282, 336.80251, 66.638, 1113532.458, 2170684.318, 244.566
82, 3545.526, 23.258, 381.41715, 336.82584, 65.526, 1101390.838, 2187794.092, 236.506
83, 3510.902, 22.574, 377.15956, 337.22281, 65.18, 1089122.93, 2204659.192, 228.524
84, 3476.392, 21.92, 376.04927, 337.09208, 63.834, 1076974.784, 2221035.976, 221.12
85, 3441.272, 20.85, 380.57554, 337.31456, 63.176, 1064753.322, 2237162.232, 213.914
86, 3406.172, 20.334, 381.77437, 337.66753, 62.652, 1052528.462, 2253088.708, 206.696
87, 3370.234, 20.012, 385.01899, 337.3926, 62.204, 1040478.39, 2268682.056, 200.442
88, 3335.606, 19.134, 381.78112, 337.14949, 60.462, 1028558.132, 2283666.504, 193.742
89, 3299.558, 18.646, 384.69377, 337.47539, 60.768, 1016429.318, 2298750.83, 187.668
90, 3264.128, 17.802, 387.5969, 337.18783, 59.578, 1004399.822, 2313386.138, 181.322
91, 3228.57, 17.15, 386.64723, 337.37521, 58.542, 992523.61, 2327522.73, 175.488
92, 3192.624, 16.632, 387.50601, 337.08099, 58.264, 980520.688, 2341590.806, 169.802
93, 3157.674, 16.302, 388.35726, 337.20976, 56.778, 968819.892, 2355119.362, 164.276
94, 3121.448, 15.53, 390.47006, 337.12681, 57.224, 956914.546, 2368601.684, 158.808
95, 3085.642, 15.118, 389.86638, 337.02494, 56.1, 945091.416, 2381772.25, 153.632
96, 3050.216, 14.792, 397.57977, 337.22139, 55.118, 933491.172, 2394622.298, 148.732
97, 3014.848, 14.444, 394.21213, 337.03758, 54.43, 921847.7, 2407311.242, 144.114
98, 2979.638, 13.838, 397.16722, 336.6976, 53.562, 910341.152, 2419585.278, 139.6
99, 2944.05, 13.248, 396.81461, 335.75556, 53.614, 898729.466, 2431717.656, 134.822
100, 2909.632, 12.718, 400.37742, 336.261, 51.676, 887489.246, 2443202.994, 130.282
101, 2874.716, 12.39, 397.98224, 335.57899, 51.37, 876116.702, 2454647.962, 126.218
102, 2840.552, 11.944, 401.20563, 335.09641, 50.18, 864990.67, 2465612.342, 122.146
103, 2805.84, 11.738, 398.79025, 335.138, 50.402, 853741.146, 2476600.472, 118.194
104, 2771.292, 11.4, 405.96491, 335.1774, 49.632, 842625.39, 2487328.206, 114.51
105, 2737.518, 11.144, 400.5743, 334.70497, 48.316, 831754.24, 2497584.718, 111.112
106, 2703.618, 10.308, 409.48778, 334.17816, 48.026, 820729.202, 2507764.926, 107.294
107, 2669.884, 10.144, 409.60174, 334.09699, 47.626, 809797.874, 2517727.68, 103.546
108, 2635.62, 9.878, 402.00445, 333.90985, 47.556, 798775.526, 2527587.836, 100.132
109, 2602.406, 9.492, 409.60809, 333.83616, 46.01, 788070.464, 2536952.504, 96.828
110, 2569.706, 9.026, 408.48659, 333.87198, 45.016, 777506.98, 2545932.626, 93.538
111, 2536.722, 8.892, 410.48133, 332.98932, 44.898, 766988.29, 2554792.536, 90.516
112, 2504.074, 8.706, 411.32552, 332.67132, 44.28, 756558.904, 2563458.868, 87.59
113, 2471.66, 8.224, 410.62743, 332.40361, 43.55, 746202.926, 2571807.984, 84.678
114, 2439.592, 7.894, 410.18495, 331.8042, 42.94, 735844.202, 2580000.558, 81.7
115, 2407.938, 7.756, 413.87313, 331.45389, 42.458, 725565.98, 2588050.518, 78.652
116, 2376.196, 7.628, 421.34242, 331.08899, 41.882, 715599.87, 2595714.39, 76.14
117, 2344.896, 7.31463, 417.94521, 330.78237, 40.994, 705793.162, 2603016.036, 73.746
118, 2313.976, 6.84369, 414.49488, 329.51431, 40.396, 695806.782, 2610293.35, 71.1
119, 2282.92, 6.794, 419.34059, 329.77992, 40.17, 685959.908, 2617404.04, 68.78
120, 2251.928, 6.506, 419.15155, 329.17125, 39.578, 676218.302, 2624252.712, 66.7
121, 2221.28, 6.312, 424.27123, 329.13219, 39.158, 666604.73, 2630896.396, 64.502
122, 2191.704, 6.25, 422.4, 328.41894, 38.014, 657151.474, 2637296.176, 62.314
123, 2161.516, 5.958, 422.12152, 327.51014, 38.14, 647566.724, 2643716.978, 60.32
124, 2131.654, 5.83567, 425.30907, 327.53573, 37.474, 638221.128, 2649807.012, 58.532
125, 2102.23, 5.7249, 422.48334, 327.14819, 36.97, 628881.358, 2655797.36, 56.688
126, 2073.052, 5.39034, 425.53191, 325.95219, 36.562, 619573.132, 2661617.43, 54.662
127, 2044.098, 5.32731, 428.57143, 325.73527, 36.09, 610419.198, 2667251.874, 52.832
128, 2015.414, 5.17374, 428.93401, 326.1543, 35.178, 601461.636, 2672567.584, 51.46
129, 1987.276, 4.88911, 431.75258, 325.34575, 34.756, 592565.922, 2677678.37, 49.692
130, 1959.258, 4.76707, 433.44566, 324.10836, 34.402, 583814.094, 2682588.738, 48.056
131, 1931.694, 4.80762, 428.09504, 324.44499, 33.622, 575276.624, 2687243.096, 46.796
132, 1904.786, 4.48387, 432.55396, 323.6341, 32.902, 566815.84, 2691671.334, 45.25
133, 1877.464, 4.30612, 436.72986, 323.33912, 33.008, 558259.376, 2696125.06, 43.784
134, 1850.558, 4.19231, 428.77837, 322.15372, 32.486, 549769.784, 2700434.694, 42.346
135, 1824.3, 4.13701, 433.51458, 321.9829, 31.722, 541509.752, 2704445.164, 40.928
136, 1797.496, 4.07755, 429.92993, 321.50582, 31.906, 533196.04, 2708473.852, 39.822
137, 1771.886, 3.91358, 434.80547, 320.6578, 30.702, 525148.152, 2712150.9, 38.534
138, 1746.69, 3.75306, 437.7379, 320.0528, 30.12, 517213.6, 2715629.754, 37.288
139, 1721.408, 3.63825, 437.14286, 321.15817, 29.998, 509251.35, 2719062.966, 36.072
140, 1696.436, 3.52941, 439.65517, 319.22353, 29.546, 501429.962, 2722331.7, 34.978
141, 1672.076, 3.4472, 445.04505, 320.22672, 28.936, 493801.01, 2725334.302, 33.732
142, 1647.474, 3.27801, 440.50633, 317.37787, 28.88, 486106.236, 2728324.942, 32.614
143, 1623.634, 3.34172, 445.42033, 318.49437, 27.968, 478696.192, 2731010.134, 31.674
144, 1600.228, 3.0523, 437.62851, 317.53093, 27.426, 471342.186, 2733498.96, 30.572
145, 1576.402, 2.96398, 441.7441, 317.24838, 27.668, 463886.952, 2736052.82, 29.528
146, 1553.42, 3.07495, 444.98607, 316.80751, 26.842, 456719.54, 2738313.316, 28.54
147, 1530.43, 2.78737, 444.10876, 316.34099, 26.536, 449565.166, 2740464.4, 27.642
148, 1508.208, 2.86393, 447.9638, 315.63215, 25.758, 442594.786, 2742430.416, 26.758
149, 1485.822, 2.61822, 444.49047, 314.37651, 25.796, 435569.214, 2744336.88, 25.762
150, 1463.61, 2.59477, 446.68346, 314.53759, 25.548, 428711.212, 2746053.28, 24.808
151, 1442.366, 2.60579, 449.57265, 313.63973, 24.504, 421983.352, 2747609.54, 23.888
152, 1421.126, 2.54803, 454.5844, 312.57493, 24.302, 415371.51, 2749059.79, 23.16
153, 1400.538, 2.47113, 443.92523, 311.65789, 23.646, 408888.01, 2750254.652, 22.242
154, 1379.89, 2.41964, 450.1845, 312.08402, 23.434, 402482.016, 2751400.206, 21.624
155, 1359.16, 2.26777, 450.88819, 312.45075, 23.496, 395935.232, 2752580.156, 20.772
156, 1338.746, 2.34023, 449.41061, 310.1224, 23.188, 389555.652, 2753634.2, 20.034
157, 1318.732, 2.29056, 452.43129, 309.5479, 22.556, 383333.176, 2754468.534, 19.384
158, 1298.848, 2.20952, 457.43534, 308.98115, 22.402, 377183.644, 2755217.558, 18.722
159, 1279.092, 2.0622, 446.05568, 309.10923, 22.132, 371004.634, 2755923.396, 18.07
160, 1259.674, 2.06024, 454.38596, 307.60618, 21.708, 364900.994, 2756550.944, 17.49
161, 1240.872, 2.09669, 456.31068, 308.1383, 21.054, 359024.28, 2756907.446, 16.886
162, 1222.318, 2.03148, 457.68772, 308.45313, 20.77, 353224.694, 2757201.73, 16.348
163, 1203.864, 2.01923, 449.40476, 306.40397, 20.59, 347484.418, 2757435.786, 15.892
164, 1185.824, 1.93077, 453.51926, 307.20351, 20.142, 341926.248, 2757392.274, 15.296
165, 1167.806, 1.94279, 455.18566, 305.2616, 19.85, 336441.898, 2757298.89, 15.026
166, 1150.512, 1.84518, 456.67125, 305.6491, 19.284, 331048.858, 2757070.742, 14.49
167, 1132.968, 1.86945, 467.87709, 305.40448, 19.4, 325644.77, 2756873.434, 14.066
168, 1115.894, 1.76658, 454.2042, 302.71074, 18.8, 320372.086, 2756482.716, 13.672
169, 1098.71, 1.79945, 464.12214, 302.43421, 18.878, 315144.516, 2756047.154, 13.288
170, 1081.69, 1.82621, 459.43838, 302.31409, 18.658, 309940.93, 2755567.708, 12.932
171, 1064.862, 1.78134, 451.71849, 301.31159, 18.426, 304776.108, 2755015.062, 12.556
172, 1048.584, 1.70122, 464.15771, 303.01544, 17.874, 299792.236, 2754242.436, 12.076
173, 1032.264, 1.65698, 461.40351, 301.43346, 17.924, 294763.852, 2753531.074, 11.612
174, 1016.334, 1.61755, 476.74419, 300.0813, 17.392, 289895.122, 2752620.764, 11.182
175, 1000.53, 1.70501, 463.66782, 299.81157, 17.278, 285080.954, 2751706.412, 10.864
176, 985.194, 1.63696, 468.75, 298.73763, 16.768, 280352.536, 2750632.92, 10.424
177, 970.186, 1.50658, 454.14847, 298.1875, 16.378, 275709.808, 2749432.138, 9.97
178, 955.122, 1.49186, 467.24891, 297.47897, 16.37, 271072.694, 2748247.188, 9.58
179, 940.58, 1.53115, 465.73876, 298.41839, 15.822, 266590.64, 2746915.826, 9.234
180, 925.926, 1.47059, 472.22222, 295.27294, 15.848, 262130.31, 2745550.682, 8.94
181, 911.58, 1.4854, 455.77396, 295.73585, 15.484, 257690.706, 2744130.472, 8.616
182, 897.442, 1.43816, 468.05897, 294.45669, 15.218, 253354.184, 2742614.038, 8.35
183, 883.676, 1.47368, 460.45918, 296.22438, 14.82, 249134.508, 2740955.118, 8.08
184, 869.746, 1.46494, 465.99496, 293.63243, 14.936, 244848.778, 2739399.7, 7.868
185, 856.408, 1.47126, 466.14583, 293.0419, 14.482, 240790.324, 2737581.852, 7.492
186, 842.858, 1.44882, 482.33696, 292.69296, 14.59, 236686.618, 2735821.114, 7.188
187, 829.39, 1.40316, 481.69014, 290.87719, 14.354, 232570.252, 2734084.514, 7.012
188, 816.432, 1.34146, 474.24242, 290.94249, 13.846, 228623.376, 2732143.878, 6.784
189, 803.802, 1.40756, 477.61194, 291.09688, 13.498, 224845.414, 2730038.158, 6.5992
190, 791.126, 1.25498, 471.42857, 292.6835, 13.516, 220997.318, 2727995.736, 6.38878
191, 778.91, 1.35169, 467.08464, 289.98658, 13.032, 217303.784, 2725797.704, 6.198
192, 766.462, 1.34762, 475.26502, 289.0223, 13.19, 213550.154, 2723650.146, 6.03407
193, 754.288, 1.37339, 467.1875, 288.9699, 12.94, 209869.338, 2721466.3, 5.93159
194, 742.746, 1.34615, 480.35714, 286.19331, 12.306, 206354.956, 2719092.094, 5.71486
195, 731.166, 1.27143, 479.40075, 286.65234, 12.282, 202831.714, 2716705.362, 5.55734
196, 719.644, 1.3641, 479.32331, 285.72157, 12.22, 199337.29, 2714310.732, 5.36874
197, 708.5, 1.27128, 470.7113, 285.24889, 11.832, 195982.882, 2711747.308, 5.148
198, 697.108, 1.25, 475.5102, 285.32618, 12.054, 192537.564, 2709291.45, 4.99598
199, 685.916, 1.32243, 464.66431, 285.26616, 11.846, 189189.982, 2706779.602, 4.90763
200, 675.038, 1.28643, 470.70313, 284.95436, 11.486, 185900.296, 2704188.342, 4.82093
201, 664.19, 1.20213, 482.30088, 283.44495, 11.504, 182645.648, 2701555.538, 4.63434
202, 653.542, 1.25641, 456.63265, 284.25698, 11.176, 179412.964, 2698873.972, 4.47887
203, 643.358, 1.15135, 483.56808, 284.45146, 10.796, 176338.988, 2696060.03, 4.28313
204, 633.326, 1.22222, 464.64646, 282.97283, 10.564, 173328.002, 2693171.216, 4.18864
205, 623.212, 1.19375, 476.43979, 284.18681, 10.616, 170329.586, 2690276.604, 4.0587
206, 613.514, 1.22353, 478.36538, 280.72362, 10.196, 167453.604, 2687290.808, 4.00816
207, 603.892, 1.23129, 483.42541, 278.19429, 10.088, 164626.488, 2684235.356, 3.90204
208, 594.346, 1.20139, 468.20809, 280.12346, 10.004, 161801.354, 2681174.112, 3.78776
209, 585.022, 1.15441, 464.96815, 280.67808, 9.854, 158967.99, 2678102.608, 3.58932
210, 575.502, 1.15909, 480.39216, 279.95918, 10.016, 156106.7, 2675083.77, 3.41529
211, 566.548, 1.18667, 477.52809, 278.58824, 9.38, 153453.192, 2671883.924, 3.39916
212, 557.526, 1.15909, 480.39216, 277.48299, 9.43487, 150789.07, 2668681.096, 3.28601
213, 548.614, 1.104, 471.01449, 277.32308, 9.342, 148143.802, 2665453.374, 3.15823
214, 539.758, 1.14844, 482.9932, 276.99296, 9.24, 145541.884, 2662203.7, 3.10256
215, 531.276, 1.19672, 469.17808, 275.85401, 8.842, 143026.718, 2658867.992, 3.01702
216, 522.954, 1.16814, 481.06061, 276.01575, 8.746, 140527.208, 2655522.768, 2.84681
217, 514.278, 1.15517, 470.14925, 275.34127, 9.038, 137944.052, 2652274.438, 2.75267
218, 506.054, 1.10435, 476.37795, 272.68595, 8.55, 135547.18, 2648838.628, 2.70474
219, 498.088, 1.12766, 495.28302, 273.35238, 8.272, 133168.53, 2645387.064, 2.70246
220, 490.204, 1.06957, 475.60976, 272.47863, 8.18, 130863.802, 2641881.958, 2.64063
221, 482.16, 1.18889, 481.30841, 274.25243, 8.35, 128528.79, 2638404.182, 2.60183
222, 474.234, 1.11111, 477.27273, 273.61905, 8.22, 126219.392, 2634909.744, 2.48869
223, 466.566, 1.12048, 473.11828, 271.07955, 7.948, 123997.942, 2631314.57, 2.41514
224, 459.192, 1.11628, 463.54167, 267.79775, 7.64, 121838.94, 2627670.082, 2.37939
225, 451.988, 1.10753, 451.45631, 272.31183, 7.49499, 119744.564, 2623978.466, 2.29742
226, 444.86, 1.07792, 493.9759, 271.2439, 7.4, 117681.64, 2620250.928, 2.18353
227, 437.742, 1.05405, 487.17949, 266.89474, 7.378, 115592.952, 2616567.766, 2.09069
228, 430.744, 1.08081, 490.65421, 267.07619, 7.222, 113573.976, 2612846.922, 2.08373
229, 423.788, 1.17333, 488.63636, 265.89535, 7.17635, 111596.152, 2609075.556, 2.06265
230, 417.062, 1.12857, 493.67089, 264.87179, 6.98597, 109631.658, 2605293.132, 2.0199
231, 410.31, 1.13636, 473.33333, 266.46479, 6.948, 107682.064, 2601499.168, 1.99747
232, 403.574, 1.03175, 476.92308, 264.90323, 6.946, 105705.03, 2597736.436, 1.94041
233, 396.964, 1.1, 484.84848, 261.46875, 6.784, 103822.674, 2593892.586, 1.90078
234, 390.674, 1.09091, 488.09524, 263.81707, 6.499, 102019.536, 2589994.394, 1.87895
235, 384.426, 1.05797, 479.45205, 267.97143, 6.4489, 100219.832, 2586096.306, 1.8629
236, 378.212, 1.05172, 483.60656, 267.18644, 6.38878, 98436.302, 2582178.254, 1.84384
237, 372.25, 1.04615, 500.0, 265.94118, 6.13427, 96731.68, 2578200.298, 1.82597
238, 366.502, 1.06122, 490.38462, 261.84314, 5.9739, 95063.984, 2574179.314, 1.74857
239, 360.418, 1.04615, 477.94118, 262.63077, 6.25852, 93328.704, 2570257.816, 1.71143
240, 354.538, 1.07018, 500.0, 260.42623, 6.04418, 91654.552, 2566278.716, 1.71014
241, 348.67, 1.03125, 500.0, 260.72727, 6.01202, 89981.252, 2562309.608, 1.70029
242, 343.05, 1.09615, 491.22807, 262.25, 5.76305, 88397.744, 2558251.32, 1.7064
243, 337.496, 1.02273, 500.0, 262.68889, 5.73589, 86812.92, 2554205.404, 1.70393
244, 332.2, 1.04082, 490.19608, 259.16, 5.46, 85295.702, 2550093.17, 1.64
245, 326.956, 1.06667, 500.0, 260.22917, 5.41365, 83786.296, 2545990.676, 1.58934
246, 321.872, 1.09524, 489.13043, 257.11111, 5.23695, 82334.74, 2541837.862, 1.55591
247, 316.698, 1.06, 490.56604, 261.15385, 5.35685, 80869.628, 2537723.13, 1.51125
248, 311.478, 1.08571, 500.0, 260.23684, 5.35341, 79370.632, 2533644.67, 1.50166
249, 306.434, 1.0, 500.0, 254.16667, 5.18437, 77961.316, 2529494.654, 1.49485
250, 301.444, 1.11905, 489.3617, 254.30435, 5.11, 76547.452, 2525353.616, 1.46528
251, 296.386, 1.02857, 500.0, 256.0, 5.19517, 75109.138, 2521228.75, 1.47273
252, 291.616, 1.05405, 500.0, 256.30769, 4.91331, 73773.978, 2517020.496, 1.45725
253, 286.93, 1.02439, 500.0, 250.5, 4.84615, 72463.32, 2512801.302, 1.42379
254, 282.312, 1.0, 500.0, 255.0625, 4.72691, 71146.51, 2508588.072, 1.40152
255, 277.708, 1.05556, 500.0, 254.31579, 4.74949, 69834.814, 2504384.702, 1.40784
256, 273.214, 1.09375, 471.42857, 250.12121, 4.59639, 68595.086, 2500119.34, 1.375
257, 268.748, 1.03846, 500.0, 252.33333, 4.62551, 67353.626, 2495861.18, 1.32389
258, 264.368, 1.0, 500.0, 247.89655, 4.49798, 66108.828, 2491625.206, 1.32911
259, 260.122, 1.0, 468.75, 253.56667, 4.38945, 64922.692, 2487337.196, 1.33043
260, 255.756, 1.0, 483.33333, 247.24138, 4.48889, 63702.164, 2483092.018, 1.33184
261, 251.582, 1.02857, 500.0, 250.11111, 4.28024, 62542.454, 2478803.512, 1.30837
262, 247.56, 1.09677, 485.29412, 246.48485, 4.12903, 61437.976, 2474463.432, 1.28947
263, 243.514, 1.0, 484.375, 254.06452, 4.2423, 60328.066, 2470140.422, 1.29224
264, 239.63, 1.04348, 479.16667, 246.34783, 4.02648, 59227.584, 2465821.842, 1.28302
265, 235.766, 1.03226, 515.625, 243.81818, 4.03279, 58168.36, 2461467.478, 1.30732
266, 232.212, 1.0, 500.0, 251.2, 3.70552, 57184.91, 2457048.578, 1.30303
267, 228.42, 1.0, 500.0, 246.19355, 3.91853, 56154.902, 2452690.17, 1.28571
268, 224.65, 1.05263, 500.0, 253.85, 3.89817, 55130.336, 2448335.91, 1.25373
269, 220.794, 1.0, 500.0, 250.09091, 4.01848, 54080.066, 2444017.23, 1.23737
270, 217.304, 1.05, 523.80952, 246.95455, 3.65226, 53115.92, 2439624.984, 1.25532
271, 213.64, 1.0, 500.0, 239.08696, 3.85537, 52149.354, 2435247.494, 1.24309
272, 210.12, 1.04, 500.0, 242.38462, 3.66735, 51196.31, 2430870.002, 1.25
273, 206.786, 1.0, 531.25, 241.76471, 3.54167, 50284.004, 2426457.86, 1.22353
274, 203.466, 1.0, 473.68421, 240.88889, 3.51148, 49376.174, 2422047.46, 1.19186
275, 200.132, 1.0, 466.66667, 238.92857, 3.52183, 48472.478, 2417645.166, 1.14881
276, 197.016, 1.04, 500.0, 245.5, 3.2869, 47636.274, 2413198.126, 1.15976
277, 193.786, 1.0, 500.0, 243.26667, 3.35438, 46745.178, 2408799.27, 1.13291
278, 190.454, 1.0, 500.0, 239.07692, 3.45902, 45837.656, 2404432.792, 1.11111
279, 187.428, 1.0, 500.0, 242.8125, 3.20208, 45005.026, 2400000.7, 1.125
280, 184.298, 1.0, 500.0, 245.08333, 3.30417, 44168.974, 2395589.182, 1.13014
281, 181.238, 1.08333, 538.46154, 236.64286, 3.26947, 43339.282, 2391177.848, 1.14815
282, 178.242, 1.0, 500.0, 239.53333, 3.1841, 42536.68, 2386755.304, 1.15873
283, 175.344, 1.0, 527.77778, 236.84211, 3.05846, 41781.646, 2382291.49, 1.12121
284, 172.58, 1.07143, 500.0, 238.53333, 2.94726, 41043.156, 2377821.892, 1.12977
285, 169.824, 1.0, 500.0, 236.29412, 2.94715, 40310.844, 2373355.262, 1.12879
286, 166.982, 1.0, 526.31579, 245.4, 3.04632, 39554.766, 2368914.692, 1.11811
287, 164.3, 1.0, 500.0, 232.27778, 2.89765, 38847.134, 2364452.112, 1.11811
288, 161.682, 1.125, 500.0, 234.88889, 2.85313, 38158.308, 2359971.176, 1.14876
289, 158.98, 1.0, 533.33333, 226.1875, 2.93133, 37447.46, 2355530.486, 1.13008
290, 156.406, 1.0, 500.0, 233.54545, 2.77966, 36759.024, 2351074.584, 1.14679
291, 153.73, 1.0, 500.0, 231.16667, 2.89485, 36057.386, 2346642.366, 1.15596
292, 151.24, 1.0, 500.0, 233.125, 2.77263, 35402.058, 2342162.044, 1.12844
293, 148.758, 1.0, 500.0, 236.8, 2.77483, 34741.268, 2337705.6, 1.15464
294, 146.354, 1.0, 500.0, 236.16667, 2.61935, 34121.416, 2333228.716, 1.12088
295, 144.012, 1.0, 500.0, 229.125, 2.62971, 33523.524, 2328725.432, 1.09195
296, 141.71, 1.0, 571.42857, 224.3125, 2.56608, 32940.428, 2324234.816, 1.09195
297, 139.366, 1.0, 500.0, 239.0, 2.58478, 32329.766, 2319768.03, 1.1
298, 137.16, 1.0, 500.0, 236.0, 2.55149, 31763.342, 2315262.302, 1.05063
299, 134.888, 1.0, 500.0, 234.25, 2.566, 31175.424, 2310795.656, 1.09589
300, 132.716, 1.0, 500.0, 232.46154, 2.46742, 30618.78, 2306318.914, 1.08
301, 130.534, 1.0, 500.0, 217.0, 2.46429, 30053.676, 2301864.138, 1.07246
302, 128.398, 1.0, 500.0, 234.0, 2.42117, 29513.08, 2297388.73, 1.05714
303, 126.246, 1.0, 550.0, 224.27273, 2.41071, 28962.576, 2292934.798, 1.03896
304, 124.238, 1.0, 500.0, 232.57143, 2.32644, 28445.144, 2288458.99, 1.05333
305, 122.184, 1.0, 500.0, 218.0, 2.35068, 27918.208, 2283992.798, 1.02899
306, 120.24, 1.0, 545.45455, 228.58333, 2.31148, 27418.314, 2279518.434, 1.06349
307, 118.388, 1.0, 500.0, 214.0, 2.21378, 26938.288, 2275022.26, 1.06897
308, 116.468, 1.0, 500.0, 233.5, 2.25935, 26469.592, 2270524.64, 1.0678
309, 114.58, 1.0, 500.0, 227.28571, 2.23765, 25987.83, 2266059.366, 1.05
310, 112.732, 1.0, 500.0, 213.25, 2.2209, 25508.586, 2261600.698, 1.03704
311, 110.91, 1.0, 500.0, 227.4, 2.17299, 25042.146, 2257142.798, 1.07843
312, 109.198, 1.0, 500.0, 228.5, 2.18734, 24595.196, 2252680.752, 1.1
313, 107.422, 1.0, 500.0, 219.0, 2.13842, 24146.344, 2248220.07, 1.11111
314, 105.646, 1.0, 600.0, 233.16667, 2.13064, 23693.226, 2243775.81, 1.04545
315, 103.984, 1.0, 500.0, 215.0, 2.02663, 23276.462, 2239307.442, 1.06667
316, 102.246, 1.0, 500.0, 212.83333, 2.13382, 22847.254, 2234866.582, 1.06977
317, 100.516, 1.0, 750.0, 228.66667, 2.1198, 22426.222, 2230432.082, 1.06383
318, 98.964, 1.0, 500.0, 215.75, 1.96742, 22042.7, 2225960.026, 1.04651
319, 97.34, 1.0, 900.0, 221.22222, 2.05263, 21634.602, 2221524.788, 1.02381
320, 95.76, 1.0, 500.0, 202.33333, 2.02284, 21242.748, 2217081.542, 1.05405
321, 94.1, 1.0, 500.0, 235.0, 2.05432, 20830.974, 2212664.122, 1.05556
322, 92.618, 1.0, 500.0, 227.0, 1.96842, 20465.624, 2208217.81, 1.03125
323, 90.974, 1.0, 750.0, 211.5, 2.02709, 20065.146, 2203819.82, 1.0
324, 89.444, 1.0, 500.0, 224.0, 1.88293, 19694.502, 2199396.722, 1.02941
325, 87.974, 1.0, 571.42857, 210.0, 1.92969, 19331.082, 2194985.33, 1.02857
326, 86.48, 1.0, 1000.0, 204.375, 1.94072, 18964.768, 2190584.86, 1.0
327, 85.07, 1.0, 500.0, 222.0, 1.81633, 18620.082, 2186165.62, 1.0
328, 83.652, 1.0, 500.0, 227.4, 1.88859, 18274.9, 2181759.25, 1.0
329, 82.408, 1.0, 500.0, 219.66667, 1.7563, 17969.574, 2177324.392, 1.0
330, 81.12, 1.0, 600.0, 221.66667, 1.78453, 17663.438, 2172905.282, 1.0
331, 79.774, 1.0, 750.0, 209.83333, 1.83924, 17336.344, 2168513.24, 1.0
332, 78.424, 1.0, 750.0, 230.0, 1.8221, 17012.432, 2164124.428, 1.0
333, 77.126, 1.0, 875.0, 214.57143, 1.81667, 16695.514, 2159751.716, 1.0
334, 75.86, 1.0, 500.0, 215.0, 1.77285, 16381.238, 2155376.92, 1.0
335, 74.6, 1.0, 500.0, 237.0, 1.87059, 16077.098, 2150997.648, 1.0
336, 73.354, 1.0, 500.0, 209.75, 1.76836, 15783.622, 2146624.358, 1.03333
337, 72.12, 1.0, 500.0, 224.5, 1.75071, 15485.278, 2142261.504, 1.03226
338, 70.934, 1.0, 500.0, 222.0, 1.79104, 15179.38, 2137915.0, 1.04
339, 69.69, 1.0, 500.0, 201.0, 1.76338, 14883.38, 2133575.694, 1.04167
340, 68.558, 1.0, 500.0, 204.0, 1.72205, 14610.436, 2129218.576, 1.04762
341, 67.372, 1.0, 500.0, 211.0, 1.6482, 14330.446, 2124884.118, 1.04545
342, 66.264, 1.0, 666.66667, 218.25, 1.6305, 14067.096, 2120533.608, 1.04348
343, 65.216, 1.0, 500.0, 187.0, 1.58036, 13807.952, 2116187.878, 1.05882
344, 64.152, 1.0, 0.0, 0.0, 1.58112, 13551.514, 2111848.686, 1.0
345, 63.094, 1.0, 1000.0, 200.5, 1.64087, 13290.024, 2107529.22, 1.0
346, 62.1, 0.0, 0.0, 0.0, 1.58544, 13060.384, 2103181.34, 1.0
347, 61.128, 1.0, 1000.0, 194.0, 1.61794, 12827.7, 2098861.726, 1.0
348, 60.128, 1.0, 666.66667, 203.25, 1.61093, 12593.72, 2094540.524, 1.0
349, 59.162, 1.0, 875.0, 192.71429, 1.54952, 12377.536, 2090216.73, 1.0
350, 58.198, 1.0, 1000.0, 212.0, 1.55806, 12143.672, 2085917.048, 1.0
351, 57.206, 0.0, 0.0, 0.0, 1.58095, 11908.626, 2081631.236, 1.0
352, 56.318, 1.0, 500.0, 212.5, 1.50168, 11699.024, 2077326.628, 1.0
353, 55.382, 0.0, 0.0, 0.0, 1.53268, 11472.922, 2073049.096, 1.0
354, 54.428, 1.0, 500.0, 207.0, 1.58804, 11252.248, 2068781.754, 1.0
355, 53.51, 0.0, 0.0, 0.0, 1.56997, 11047.564, 2064505.202, 1.0
356, 52.646, 1.0, 1000.0, 215.0, 1.48966, 10846.834, 2060223.97, 1.0
357, 51.706, 1.0, 750.0, 196.33333, 1.54934, 10641.28, 2055965.236, 1.0
358, 50.836, 0.0, 0.0, 0.0, 1.46, 10432.078, 2051718.004, 1.0
359, 49.954, 1.0, 500.0, 185.0, 1.48829, 10229.786, 2047477.256, 1.0
360, 49.136, 1.0, 1000.0, 210.5, 1.46263, 10036.384, 2043230.572, 1.0
361, 48.272, 1.0, 500.0, 201.33333, 1.44966, 9843.11, 2038994.716, 1.0
362, 47.482, 1.0, 1500.0, 215.0, 1.43321, 9673.08, 2034750.626, 1.0
363, 46.664, 1.0, 500.0, 189.5, 1.42509, 9488.202, 2030525.602, 1.09091
364, 45.858, 0.0, 0.0, 0.0, 1.42756, 9303.41, 2026306.43, 1.1
365, 45.148, 1.0, 500.0, 185.0, 1.40316, 9142.712, 2022072.776, 1.08333
366, 44.406, 1.0, 500.0, 196.0, 1.41288, 8979.31, 2017851.508, 1.09091
367, 43.574, 1.0, 500.0, 202.0, 1.53114, 8793.068, 2013668.468, 1.1
368, 42.918, 0.0, 0.0, 0.0, 1.37815, 8636.988, 2009466.43, 1.1
369, 42.246, 0.0, 0.0, 0.0, 1.34127, 8485.882, 2005270.676, 1.125
370, 41.524, 1.0, 750.0, 200.33333, 1.52321, 8324.192, 2001087.604, 1.1
371, 40.88, 0.0, 0.0, 0.0, 1.37131, 8171.756, 1996905.626, 1.0
372, 40.284, 1.0, 500.0, 196.0, 1.32889, 8035.836, 1992722.116, 1.0
373, 39.612, 1.0, 500.0, 219.0, 1.34661, 7885.356, 1988561.048, 1.0
374, 38.968, 0.0, 0.0, 0.0, 1.38197, 7751.798, 1984385.91, 1.0
375, 38.334, 1.0, 1000.0, 194.0, 1.38865, 7611.432, 1980236.67, 1.0
376, 37.684, 0.0, 0.0, 0.0, 1.38136, 7467.912, 1976090.628, 1.0
377, 37.032, 1.0, 500.0, 180.0, 1.40343, 7326.848, 1971949.518, 1.0
378, 36.406, 1.0, 1500.0, 200.66667, 1.34914, 7189.298, 1967824.88, 1.0
379, 35.846, 0.0, 0.0, 0.0, 1.31455, 7056.39, 1963696.456, 1.0
380, 35.266, 0.0, 0.0, 0.0, 1.25322, 6928.856, 1959570.998, 1.0
381, 34.67, 1.0, 500.0, 184.0, 1.37327, 6797.33, 1955459.484, 1.0
382, 34.122, 0.0, 0.0, 0.0, 1.33495, 6675.566, 1951350.954, 1.0
383, 33.592, 1.0, 1000.0, 203.0, 1.25472, 6564.204, 1947245.978, 1.0
384, 33.066, 1.0, 500.0, 205.0, 1.30198, 6447.154, 1943149.21, 1.0
385, 32.544, 0.0, 0.0, 0.0, 1.315, 6333.11, 1939059.442, 1.0
386, 31.962, 1.0, 1000.0, 189.5, 1.41262, 6205.99, 1934989.646, 1.0
387, 31.43, 0.0, 0.0, 0.0, 1.30882, 6092.884, 1930911.708, 1.0
388, 30.96, 1.0, 500.0, 216.0, 1.30387, 5992.982, 1926837.848, 1.0
389, 30.456, 1.0, 1500.0, 193.33333, 1.27273, 5881.986, 1922783.704, 1.0
390, 29.976, 0.0, 0.0, 0.0, 1.29032, 5781.324, 1918723.094, 1.0
391, 29.526, 0.0, 0.0, 0.0, 1.22826, 5683.946, 1914671.782, 1.0
392, 29.044, 0.0, 0.0, 0.0, 1.2359, 5579.094, 1910632.202, 1.0
393, 28.544, 1.0, 1000.0, 178.0, 1.27411, 5475.188, 1906605.202, 1.0
394, 28.098, 1.0, 1500.0, 188.66667, 1.28161, 5381.388, 1902577.432, 1.0
395, 27.664, 1.0, 500.0, 202.0, 1.2191, 5284.992, 1898556.326, 1.0
396, 27.174, 0.0, 0.0, 0.0, 1.20488, 5178.44, 1894559.336, 1.0
397, 26.744, 0.0, 0.0, 0.0, 1.27219, 5084.444, 1890555.636, 1.0
398, 26.308, 0.0, 0.0, 0.0, 1.24432, 4992.76, 1886561.448, 1.0
399, 25.902, 0.0, 0.0, 0.0, 1.22156, 4907.652, 1882562.74, 1.0
400, 25.44, 1.0, 500.0, 211.0, 1.19689, 4813.98, 1878583.482, 1.0
401, 25.034, 0.0, 0.0, 0.0, 1.21557, 4721.59, 1874611.72, 1.0
402, 24.642, 0.0, 0.0, 0.0, 1.16667, 4639.07, 1870640.352, 1.0
403, 24.22, 0.0, 0.0, 0.0, 1.21839, 4547.662, 1866690.354, 1.0
404, 23.8, 0.0, 0.0, 0.0, 1.19774, 4457.788, 1862746.352, 0.0
405, 23.446, 0.0, 0.0, 0.0, 1.18, 4383.628, 1858798.58, 0.0
406, 23.03, 0.0, 0.0, 0.0, 1.22353, 4298.528, 1854863.146, 0.0
407, 22.674, 1.0, 500.0, 182.0, 1.2027, 4228.302, 1850932.31, 1.0
408, 22.304, 1.0, 1500.0, 166.33333, 1.23333, 4156.714, 1847005.992, 1.0
409, 21.94, 0.0, 0.0, 0.0, 1.1519, 4078.224, 1843091.052, 1.0
410, 21.586, 1.0, 2000.0, 185.25, 1.14194, 4007.766, 1839177.71, 1.0
411, 21.186, 0.0, 0.0, 0.0, 1.18343, 3928.042, 1835281.364, 1.0
412, 20.84, 0.0, 0.0, 0.0, 1.12338, 3852.726, 1831390.244, 1.0
413, 20.496, 0.0, 0.0, 0.0, 1.14667, 3779.39, 1827511.82, 1.0
414, 20.158, 1.0, 500.0, 160.0, 1.16552, 3710.94, 1823627.38, 1.0
415, 19.834, 0.0, 0.0, 0.0, 1.27559, 3643.994, 1819760.666, 1.0
416, 19.484, 0.0, 0.0, 0.0, 1.23239, 3569.444, 1815907.036, 1.0
417, 19.14, 0.0, 0.0, 0.0, 1.2446, 3498.63, 1812054.128, 1.0
418, 18.85, 0.0, 0.0, 0.0, 1.09774, 3440.49, 1808193.924, 1.0
419, 18.576, 0.0, 0.0, 0.0, 1.15126, 3385.76, 1804339.266, 1.0
420, 18.224, 0.0, 0.0, 0.0, 1.22069, 3313.346, 1800513.078, 1.0
421, 17.944, 0.0, 0.0, 0.0, 1.19658, 3253.74, 1796680.438, 1.0
422, 17.682, 0.0, 0.0, 0.0, 1.14912, 3198.016, 1792855.378, 1.0
423, 17.408, 1.0, 500.0, 172.0, 1.16102, 3146.05, 1789038.064, 1.0
424, 17.118, 0.0, 0.0, 0.0, 1.18699, 3090.192, 1785232.438, 1.0
425, 16.848, 0.0, 0.0, 0.0, 1.16379, 3033.67, 1781432.298, 1.0
426, 16.564, 0.0, 0.0, 0.0, 1.15447, 2976.58, 1777643.77, 1.0
427, 16.31, 0.0, 0.0, 0.0, 1.17593, 2920.106, 1773855.486, 1.0
428, 15.99, 0.0, 0.0, 0.0, 1.14286, 2858.236, 1770092.662, 1.0
429, 15.726, 0.0, 0.0, 0.0, 1.17857, 2807.958, 1766320.83, 1.0
430, 15.512, 0.0, 0.0, 0.0, 1.09184, 2766.616, 1762548.322, 1.0
431, 15.246, 0.0, 0.0, 0.0, 1.10833, 2714.842, 1758794.514, 1.0
432, 14.956, 0.0, 0.0, 0.0, 1.09848, 2659.056, 1755051.0, 1.0
433, 14.674, 0.0, 0.0, 0.0, 1.21368, 2604.146, 1751307.484, 0.0
434, 14.456, 1.0, 5000.0, 177.0, 1.11224, 2574.96, 1747558.686, 1.0
435, 14.214, 0.0, 0.0, 0.0, 1.14151, 2525.65, 1743831.914, 1.0
436, 13.994, 0.0, 0.0, 0.0, 1.13402, 2482.172, 1740111.356, 1.0
437, 13.724, 0.0, 0.0, 0.0, 1.15385, 2433.328, 1736406.662, 1.0
438, 13.496, 0.0, 0.0, 0.0, 1.12871, 2387.696, 1732698.254, 1.0
439, 13.26, 0.0, 0.0, 0.0, 1.14563, 2338.286, 1729005.628, 1.0
440, 13.056, 0.0, 0.0, 0.0, 1.07368, 2295.68, 1725317.21, 1.0
441, 12.836, 1.0, 1000.0, 172.0, 1.11111, 2251.194, 1721635.104, 1.0
442, 12.646, 0.0, 0.0, 0.0, 1.09195, 2212.61, 1717957.132, 1.0
443, 12.458, 0.0, 0.0, 0.0, 1.13253, 2173.14, 1714286.428, 1.0
444, 12.248, 0.0, 0.0, 0.0, 1.09278, 2126.924, 1710628.69, 1.0
445, 12.078, 0.0, 0.0, 0.0, 1.01176, 2094.094, 1706972.62, 0.0
446, 11.88, 0.0, 0.0, 0.0, 1.1, 2051.502, 1703329.56, 0.0
447, 11.688, 0.0, 0.0, 0.0, 1.11628, 2012.69, 1699700.684, 0.0
448, 11.49, 0.0, 0.0, 0.0, 1.07609, 1976.338, 1696069.532, 0.0
449, 11.314, 0.0, 0.0, 0.0, 1.03529, 1940.494, 1692444.376, 0.0
450, 11.148, 0.0, 0.0, 0.0, 1.09211, 1908.496, 1688824.01, 0.0
451, 10.944, 0.0, 0.0, 0.0, 1.13333, 1871.032, 1685211.87, 0.0
452, 10.762, 0.0, 0.0, 0.0, 1.05814, 1837.388, 1681611.586, 0.0
453, 10.596, 0.0, 0.0, 0.0, 1.13699, 1806.644, 1678017.032, 0.0
454, 10.402, 0.0, 0.0, 0.0, 1.08989, 1767.652, 1674431.566, 0.0
455, 10.228, 0.0, 0.0, 0.0, 1.0875, 1736.04, 1670843.92, 0.0
456, 10.044, 0.0, 0.0, 0.0, 1.10843, 1704.388, 1667267.944, 0.0
457, 9.888, 0.0, 0.0, 0.0, 1.08333, 1674.938, 1663693.29, 0.0
458, 9.722, 0.0, 0.0, 0.0, 1.10667, 1643.232, 1660136.312, 0.0
459, 9.566, 0.0, 0.0, 0.0, 1.04, 1610.682, 1656585.738, 0.0
460, 9.402, 0.0, 0.0, 0.0, 1.06494, 1581.394, 1653050.384, 0.0
461, 9.248, 0.0, 0.0, 0.0, 1.1, 1551.644, 1649516.708, 0.0
462, 9.106, 0.0, 0.0, 0.0, 1.10938, 1524.692, 1645985.734, 0.0
463, 8.966, 0.0, 0.0, 0.0, 1.06061, 1500.37, 1642461.76, 0.0
464, 8.832, 1.0, 7500.0, 162.93333, 1.04688, 1489.636, 1638943.828, 1.0
465, 8.664, 0.0, 0.0, 0.0, 1.07692, 1463.656, 1635435.154, 1.0
466, 8.494, 0.0, 0.0, 0.0, 1.04938, 1430.184, 1631939.062, 1.0
467, 8.36, 0.0, 0.0, 0.0, 1.04688, 1404.418, 1628440.082, 1.0
468, 8.244, 0.0, 0.0, 0.0, 1.0, 1384.352, 1624949.334, 1.0
469, 8.124, 0.0, 0.0, 0.0, 1.01695, 1361.484, 1621461.544, 1.0
470, 8.002, 0.0, 0.0, 0.0, 1.05172, 1335.592, 1617983.568, 1.0
471, 7.874, 0.0, 0.0, 0.0, 1.10345, 1312.08, 1614507.61, 1.0
472, 7.738, 0.0, 0.0, 0.0, 1.13333, 1289.942, 1611044.99, 1.0
473, 7.59719, 0.0, 0.0, 0.0, 1.05405, 1262.68136, 1607598.702, 1.0
474, 7.45291, 0.0, 0.0, 0.0, 1.09091, 1234.69138, 1604162.43287, 1.0
475, 7.29459, 0.0, 0.0, 0.0, 1.11268, 1206.21844, 1600724.15431, 1.0
476, 7.1483, 0.0, 0.0, 0.0, 1.04286, 1181.33868, 1597291.41884, 1.0
477, 7.04409, 0.0, 0.0, 0.0, 1.06122, 1162.03006, 1593865.70541, 1.0
478, 6.94389, 0.0, 0.0, 0.0, 1.04167, 1143.44689, 1590443.01403, 1.0
479, 6.83534, 0.0, 0.0, 0.0, 1.05172, 1123.23494, 1587037.4008, 1.0
480, 6.71285, 0.0, 0.0, 0.0, 1.05172, 1099.10643, 1583623.25502, 1.0
481, 6.60241, 0.0, 0.0, 0.0, 1.03704, 1075.60643, 1580231.34739, 0.0
482, 6.46586, 0.0, 0.0, 0.0, 1.09677, 1054.00402, 1576838.39357, 0.0
483, 6.32731, 0.0, 0.0, 0.0, 1.07813, 1016.751, 1573473.6506, 0.0
484, 6.22133, 0.0, 0.0, 0.0, 1.13462, 997.53924, 1570094.72088, 0.0
485, 6.12072, 0.0, 0.0, 0.0, 1.06383, 978.99598, 1566720.45272, 0.0
486, 6.01408, 0.0, 0.0, 0.0, 1.08163, 959.67002, 1563358.27565, 0.0
487, 5.91147, 0.0, 0.0, 0.0, 1.04082, 942.24547, 1560000.32394, 0.0
488, 5.80242, 0.0, 0.0, 0.0, 1.03448, 922.1875, 1556652.68008, 0.0
489, 5.70363, 0.0, 0.0, 0.0, 1.04255, 904.0504, 1553308.44355, 0.0
490, 5.625, 0.0, 0.0, 0.0, 1.0, 889.09073, 1549975.06653, 0.0
491, 5.54839, 0.0, 0.0, 0.0, 1.0, 876.55847, 1546639.3246, 0.0
492, 5.45968, 0.0, 0.0, 0.0, 1.04762, 862.00605, 1543320.33669, 0.0
493, 5.39596, 0.0, 0.0, 0.0, 1.02778, 850.76768, 1540003.51008, 0.0
494, 5.29293, 0.0, 0.0, 0.0, 1.0625, 829.8303, 1536701.07879, 0.0
495, 5.22065, 0.0, 0.0, 0.0, 1.13889, 818.22672, 1533397.83636, 0.0
496, 5.13158, 0.0, 0.0, 0.0, 1.04762, 800.7996, 1530104.88866, 0.0
497, 5.03441, 0.0, 0.0, 0.0, 1.09091, 784.81781, 1526819.57895, 0.0
498, 4.94939, 0.0, 0.0, 0.0, 1.07692, 768.69838, 1523537.11336, 0.0
499, 4.86437, 0.0, 0.0, 0.0, 1.02439, 754.43522, 1520262.27328, 0.0
500, 4.80567, 0.0, 0.0, 0.0, 1.0, 742.98178, 1516994.85425, 0.0
501, 4.73482, 0.0, 0.0, 0.0, 1.02941, 732.48178, 1513732.62955, 0.0
502, 4.65789, 0.0, 0.0, 0.0, 1.02703, 719.42105, 1510484.32389, 0.0
503, 4.56275, 0.0, 0.0, 0.0, 1.06818, 703.77733, 1507239.44332, 0.0
504, 4.4929, 0.0, 0.0, 0.0, 1.02632, 689.3144, 1504005.44939, 0.0
505, 4.39757, 0.0, 0.0, 0.0, 1.06818, 674.5071, 1500763.95538, 0.0
506, 4.357, 0.0, 0.0, 0.0, 1.0, 667.06897, 1497530.6288, 0.0
507, 4.28252, 0.0, 0.0, 0.0, 1.025, 655.2439, 1494317.39959, 0.0
508, 4.20367, 0.0, 0.0, 0.0, 1.075, 642.00611, 1491101.43089, 0.0
509, 4.13497, 0.0, 0.0, 0.0, 1.0, 631.71779, 1487900.97149, 0.0
510, 4.06135, 0.0, 0.0, 0.0, 1.02857, 618.7546, 1484696.04294, 0.0
511, 3.97546, 0.0, 0.0, 0.0, 1.07692, 606.13701, 1481506.12474, 0.0
512, 3.90184, 0.0, 0.0, 0.0, 1.02857, 593.62781, 1478329.6953, 0.0
513, 3.84663, 0.0, 0.0, 0.0, 1.08, 584.59305, 1475151.38241, 0.0
514, 3.78937, 0.0, 0.0, 0.0, 1.03704, 574.11861, 1471977.82209, 0.0
515, 3.75205, 0.0, 0.0, 0.0, 1.04762, 567.54713, 1468817.24131, 0.0
516, 3.70021, 0.0, 0.0, 0.0, 1.03571, 556.99589, 1465646.97541, 0.0
517, 3.62963, 0.0, 0.0, 0.0, 1.08571, 546.43827, 1462508.78645, 0.0
518, 3.58025, 0.0, 0.0, 0.0, 1.04348, 537.7716, 1459354.14815, 0.0
519, 3.52675, 0.0, 0.0, 0.0, 1.0, 529.59465, 1456210.18519, 0.0
520, 3.47423, 0.0, 0.0, 0.0, 1.03571, 519.71959, 1453075.94856, 0.0
521, 3.41237, 0.0, 0.0, 0.0, 1.2, 509.31134, 1449952.68247, 0.0
522, 3.36646, 0.0, 0.0, 0.0, 1.03571, 500.50311, 1446840.57732, 0.0
523, 3.32988, 0.0, 0.0, 0.0, 1.0, 495.09751, 1443718.71429, 0.0
524, 3.27443, 0.0, 0.0, 0.0, 1.11111, 485.83576, 1440613.3278, 0.0
525, 3.2183, 0.0, 0.0, 0.0, 1.08, 477.31809, 1437494.29938, 0.0
526, 3.17048, 0.0, 0.0, 0.0, 1.0, 468.11019, 1434401.07277, 0.0
527, 3.10625, 0.0, 0.0, 0.0, 1.0, 457.68542, 1431318.56341, 0.0
528, 3.0566, 0.0, 0.0, 0.0, 1.03125, 449.65828, 1428282.54792, 0.0
529, 3.02941, 0.0, 0.0, 0.0, 1.0, 445.10294, 1425153.6478, 0.0
530, 2.9979, 0.0, 0.0, 0.0, 1.0, 440.20798, 1422076.16387, 0.0
531, 2.96429, 0.0, 0.0, 0.0, 1.0, 433.78571, 1419014.28571, 0.0
532, 2.91983, 0.0, 0.0, 0.0, 1.03846, 426.88608, 1415968.23529, 0.0
533, 2.89641, 0.0, 0.0, 0.0, 1.0, 422.10359, 1412924.87975, 0.0
534, 2.84355, 0.0, 0.0, 0.0, 1.0, 412.97674, 1409875.95983, 0.0
535, 2.79915, 0.0, 0.0, 0.0, 1.05, 406.07611, 1406842.65116, 0.0
536, 2.7617, 0.0, 0.0, 0.0, 1.0, 398.8617, 1403829.76533, 0.0
537, 2.72495, 0.0, 0.0, 0.0, 1.0, 392.09382, 1400811.04681, 0.0
538, 2.6951, 0.0, 0.0, 0.0, 1.0, 386.59701, 1397788.35181, 0.0
539, 2.67735, 0.0, 0.0, 0.0, 1.0, 384.19017, 1394778.97655, 0.0
540, 2.65665, 0.0, 0.0, 0.0, 1.0, 380.38627, 1391749.37179, 0.0
541, 2.62284, 0.0, 0.0, 0.0, 1.05, 375.86422, 1388759.46996, 0.0
542, 2.60907, 0.0, 0.0, 0.0, 1.125, 373.37797, 1385771.71121, 0.0
543, 2.57883, 0.0, 0.0, 0.0, 1.0, 368.25486, 1382767.17711, 0.0
544, 2.54013, 0.0, 0.0, 0.0, 1.04545, 361.8308, 1379796.79698, 0.0
545, 2.50109, 0.0, 0.0, 0.0, 1.0, 354.82353, 1376836.03688, 0.0
546, 2.47046, 0.0, 0.0, 0.0, 1.0, 349.34136, 1373863.97386, 0.0
547, 2.45575, 0.0, 0.0, 0.0, 1.11765, 346.91814, 1370914.21882, 0.0
548, 2.43498, 0.0, 0.0, 0.0, 1.0, 342.33184, 1367974.13274, 0.0
549, 2.41986, 0.0, 0.0, 0.0, 1.07692, 339.21896, 1365018.32735, 0.0
550, 2.40319, 0.0, 0.0, 0.0, 1.0, 337.36219, 1362100.23476, 0.0
551, 2.38813, 0.0, 0.0, 0.0, 1.0, 334.71918, 1359155.61276, 0.0
552, 2.38194, 0.0, 0.0, 0.0, 1.0, 332.8588, 1356246.55708, 0.0
553, 2.34803, 0.0, 0.0, 0.0, 1.0625, 326.32251, 1353297.72454, 0.0
554, 2.30303, 0.0, 0.0, 0.0, 1.04348, 319.10956, 1350346.92575, 0.0
555, 2.27294, 0.0, 0.0, 0.0, 1.0, 314.03765, 1347517.06527, 0.0
556, 2.2435, 0.0, 0.0, 0.0, 1.0625, 309.86052, 1344620.93882, 0.0
557, 2.23333, 0.0, 0.0, 0.0, 1.0, 307.15714, 1341717.34752, 0.0
558, 2.20384, 0.0, 0.0, 0.0, 1.0, 302.92806, 1338812.06429, 0.0
559, 2.17026, 0.0, 0.0, 0.0, 1.0, 298.14388, 1335919.28537, 0.0
560, 2.1494, 0.0, 0.0, 0.0, 1.0, 295.96386, 1333046.64508, 0.0
561, 2.1256, 0.0, 0.0, 0.0, 1.0, 292.11353, 1330170.87711, 0.0
562, 2.09709, 0.0, 0.0, 0.0, 1.0, 287.27913, 1327314.84783, 0.0
563, 2.06585, 0.0, 0.0, 0.0, 1.0, 282.00488, 1324443.26942, 0.0
564, 2.04208, 0.0, 0.0, 0.0, 1.0, 278.43564, 1321590.2122, 0.0
565, 2.01496, 0.0, 0.0, 0.0, 1.0625, 274.43142, 1318660.31683, 0.0
566, 1.9775, 0.0, 0.0, 0.0, 1.0, 267.965, 1315840.76309, 0.0
567, 1.97475, 0.0, 0.0, 0.0, 1.0, 266.75758, 1313025.075, 0.0
568, 1.9443, 0.0, 0.0, 0.0, 1.0, 262.68101, 1310152.72222, 0.0
569, 1.92621, 0.0, 0.0, 0.0, 1.0, 259.28499, 1307326.35696, 0.0
570, 1.90793, 0.0, 0.0, 0.0, 1.0, 257.5422, 1304484.09669, 0.0
571, 1.88175, 0.0, 0.0, 0.0, 1.0, 252.57069, 1301677.82097, 0.0
572, 1.88342, 0.0, 0.0, 0.0, 1.0, 253.40415, 1298880.51157, 0.0
573, 1.88743, 0.0, 0.0, 0.0, 1.0, 252.68063, 1296092.7487, 0.0
574, 1.87105, 0.0, 0.0, 0.0, 1.0, 250.46842, 1293322.76702, 0.0
575, 1.8545, 0.0, 0.0, 0.0, 1.0, 246.24868, 1290514.26053, 0.0
576, 1.82759, 0.0, 0.0, 0.0, 1.09091, 242.79045, 1287750.25661, 0.0
577, 1.81989, 0.0, 0.0, 0.0, 1.0, 240.97043, 1284999.66048, 0.0
578, 1.8027, 0.0, 0.0, 0.0, 1.0, 236.75676, 1282167.67204, 0.0
579, 1.79726, 0.0, 0.0, 0.0, 1.0, 236.18082, 1279444.84324, 0.0
580, 1.76584, 0.0, 0.0, 0.0, 1.0, 231.58678, 1276681.78082, 0.0
581, 1.74586, 0.0, 0.0, 0.0, 1.0, 228.90055, 1273909.85675, 0.0
582, 1.71468, 0.0, 0.0, 0.0, 1.0, 224.55125, 1271176.79282, 0.0
583, 1.71549, 0.0, 0.0, 0.0, 1.0, 225.10423, 1268434.40166, 0.0
584, 1.7192, 0.0, 0.0, 0.0, 1.0, 226.66476, 1265689.43662, 0.0
585, 1.71512, 0.0, 0.0, 0.0, 1.0, 225.93023, 1262954.61318, 0.0
586, 1.69096, 0.0, 0.0, 0.0, 1.0, 222.65015, 1260275.59593, 0.0
587, 1.69048, 0.0, 0.0, 0.0, 1.0, 222.44048, 1257597.99125, 0.0
588, 1.6756, 0.0, 0.0, 0.0, 1.0, 219.53571, 1254836.79762, 0.0
589, 1.64583, 0.0, 0.0, 0.0, 1.0, 214.84821, 1252139.22619, 0.0
590, 1.64157, 0.0, 0.0, 0.0, 1.0, 213.19578, 1249460.99405, 0.0
591, 1.61631, 0.0, 0.0, 0.0, 1.0, 208.99698, 1246673.04819, 0.0
592, 1.60366, 0.0, 0.0, 0.0, 1.0, 206.44512, 1243982.86707, 0.0
593, 1.58282, 0.0, 0.0, 0.0, 1.0, 203.3589, 1241264.83841, 0.0
594, 1.57632, 0.0, 0.0, 0.0, 1.0, 203.26168, 1238613.04601, 0.0
595, 1.5566, 0.0, 0.0, 0.0, 1.1, 199.46855, 1235986.47975, 0.0
596, 1.54459, 0.0, 0.0, 0.0, 1.0, 197.30892, 1233354.26415, 0.0
597, 1.55556, 0.0, 0.0, 0.0, 1.0, 197.87582, 1230678.40127, 0.0
598, 1.54605, 0.0, 0.0, 0.0, 1.0, 196.69737, 1227998.65686, 0.0
599, 1.53488, 0.0, 0.0, 0.0, 1.0, 195.41196, 1225374.08553, 0.0
600, 1.53356, 0.0, 0.0, 0.0, 1.0, 194.78188, 1222745.93355, 0.0
601, 1.51689, 0.0, 0.0, 0.0, 1.0, 191.875, 1220069.3557, 0.0
602, 1.5137, 0.0, 0.0, 0.0, 1.0, 191.50685, 1217531.80405, 0.0
603, 1.50871, 0.0, 0.0, 0.0, 1.0, 191.09756, 1214933.48288, 0.0
604, 1.5035, 0.0, 0.0, 0.0, 1.0, 190.74825, 1212258.52613, 0.0
605, 1.4947, 0.0, 0.0, 0.0, 1.0, 188.98233, 1209655.30769, 0.0
606, 1.48399, 0.0, 0.0, 0.0, 1.0, 187.18861, 1207034.48763, 0.0
607, 1.4708, 0.0, 0.0, 0.0, 1.0, 185.34307, 1204407.48754, 0.0
608, 1.46296, 0.0, 0.0, 0.0, 1.0, 184.2037, 1201837.23723, 0.0
609, 1.46642, 0.0, 0.0, 0.0, 1.0, 184.10821, 1199223.61481, 0.0
610, 1.45318, 0.0, 0.0, 0.0, 1.0, 182.88015, 1196545.60821, 0.0
611, 1.44151, 0.0, 0.0, 0.0, 1.0, 180.59623, 1193937.18727, 0.0
612, 1.42471, 0.0, 0.0, 0.0, 1.0, 178.46718, 1191408.4, 0.0
613, 1.42023, 0.0, 0.0, 0.0, 1.0, 177.68872, 1188819.55985, 0.0
614, 1.41797, 0.0, 0.0, 0.0, 1.0, 177.41797, 1186273.61089, 0.0
615, 1.41569, 0.0, 0.0, 0.0, 1.0, 176.53725, 1183739.05078, 0.0
616, 1.41732, 0.0, 0.0, 0.0, 1.0, 176.88189, 1181196.16471, 0.0
617, 1.408, 0.0, 0.0, 0.0, 1.0, 176.232, 1178669.79921, 0.0
618, 1.38554, 0.0, 0.0, 0.0, 1.0, 172.87952, 1176122.848, 0.0
619, 1.37903, 0.0, 0.0, 0.0, 1.0, 171.97177, 1173595.68675, 0.0
620, 1.37143, 0.0, 0.0, 0.0, 1.0, 166.25714, 1171062.02419, 0.0
621, 1.36364, 0.0, 0.0, 0.0, 1.0, 166.04545, 1168503.58776, 0.0
622, 1.36134, 0.0, 0.0, 0.0, 1.0, 165.19748, 1165952.8719, 0.0
623, 1.3617, 0.0, 0.0, 0.0, 1.0, 164.49787, 1163410.22269, 0.0
624, 1.34894, 0.0, 0.0, 0.0, 1.0, 161.88511, 1160831.59149, 0.0
625, 1.34052, 0.0, 0.0, 0.0, 1.0, 159.56466, 1158361.10638, 0.0
626, 1.34199, 0.0, 0.0, 0.0, 1.0, 159.22078, 1155859.48707, 0.0
627, 1.32895, 0.0, 0.0, 0.0, 1.0, 157.75, 1153376.01299, 0.0
628, 1.32735, 0.0, 0.0, 0.0, 1.0, 157.05381, 1150924.65789, 0.0
629, 1.33333, 0.0, 0.0, 0.0, 1.0, 157.50463, 1148511.17937, 0.0
630, 1.32857, 0.0, 0.0, 0.0, 1.0, 157.5619, 1146033.125, 0.0
631, 1.31707, 0.0, 0.0, 0.0, 1.0, 156.25854, 1143580.44286, 0.0
632, 1.30392, 0.0, 0.0, 0.0, 1.0, 154.71569, 1141071.36585, 0.0
633, 1.3, 0.0, 0.0, 0.0, 1.0, 153.485, 1138605.84314, 0.0
634, 1.29082, 0.0, 0.0, 0.0, 1.0, 152.61224, 1136165.9, 0.0
635, 1.29474, 0.0, 0.0, 0.0, 1.0, 153.22632, 1133832.48469, 0.0
636, 1.29412, 0.0, 0.0, 0.0, 1.0, 152.83422, 1131396.10526, 0.0
637, 1.27957, 0.0, 0.0, 0.0, 1.0, 151.04839, 1128998.75936, 0.0
638, 1.28333, 0.0, 0.0, 0.0, 1.0, 152.48333, 1126641.32258, 0.0
639, 1.27933, 0.0, 0.0, 0.0, 1.0, 151.34637, 1124231.08889, 0.0
640, 1.27374, 0.0, 0.0, 0.0, 1.0, 150.34637, 1121842.77654, 0.0
641, 1.27273, 0.0, 0.0, 0.0, 1.0, 151.17614, 1119449.88827, 0.0
642, 1.27011, 0.0, 0.0, 0.0, 1.0, 150.01149, 1116978.25568, 0.0
643, 1.26036, 0.0, 0.0, 0.0, 1.0, 148.78107, 1114679.00575, 0.0
644, 1.24852, 0.0, 0.0, 0.0, 1.0, 146.71006, 1112201.43195, 0.0
645, 1.23952, 0.0, 0.0, 0.0, 1.0, 144.58683, 1109822.71006, 0.0
646, 1.21212, 0.0, 0.0, 0.0, 1.0, 141.48485, 1107475.9521, 0.0
647, 1.20859, 0.0, 0.0, 0.0, 1.0, 140.7546, 1105056.78182, 0.0
648, 1.19497, 0.0, 0.0, 0.0, 1.0, 138.56604, 1102681.87117, 0.0
649, 1.19745, 0.0, 0.0, 0.0, 1.0, 119.01274, 1100280.74214, 0.0
650, 1.17308, 0.0, 0.0, 0.0, 1.0, 115.88462, 1097854.45223, 0.0
651, 1.16234, 0.0, 0.0, 0.0, 1.0, 116.48701, 1095491.34615, 0.0
652, 1.16, 0.0, 0.0, 0.0, 1.0, 118.46, 1093144.37662, 0.0
653, 1.15436, 0.0, 0.0, 0.0, 1.0, 116.81208, 1090722.51333, 0.0
654, 1.15541, 0.0, 0.0, 0.0, 1.0, 116.44595, 1088403.04027, 0.0
655, 1.15972, 0.0, 0.0, 0.0, 1.0, 116.54167, 1086111.58108, 0.0
656, 1.16547, 0.0, 0.0, 0.0, 1.0, 117.14388, 1083644.52083, 0.0
657, 1.16912, 0.0, 0.0, 0.0, 1.0, 116.44118, 1081284.84173, 0.0
658, 1.16296, 0.0, 0.0, 0.0, 1.0, 114.83704, 1078769.01471, 0.0
659, 1.16667, 0.0, 0.0, 0.0, 1.0, 114.28788, 1076430.54815, 0.0
660, 1.16154, 0.0, 0.0, 0.0, 1.0, 112.77692, 1074069.91667, 0.0
661, 1.15625, 0.0, 0.0, 0.0, 1.0, 112.0625, 1071815.19231, 0.0
662, 1.15748, 0.0, 0.0, 0.0, 1.0, 111.86614, 1069450.08594, 0.0
663, 1.152, 0.0, 0.0, 0.0, 1.0, 110.496, 1067117.72441, 0.0
664, 1.15574, 0.0, 0.0, 0.0, 1.0, 110.7459, 1064872.992, 0.0
665, 1.15833, 0.0, 0.0, 0.0, 1.0, 110.25833, 1062565.06557, 0.0
666, 1.14286, 0.0, 0.0, 0.0, 1.0, 109.93277, 1060322.61667, 0.0
667, 1.13793, 0.0, 0.0, 0.0, 1.0, 107.83621, 1058134.46218, 0.0
668, 1.11304, 0.0, 0.0, 0.0, 1.0, 105.10435, 1055934.15517, 0.0
669, 1.11504, 0.0, 0.0, 0.0, 1.0, 105.48673, 1053685.48696, 0.0
670, 1.10909, 0.0, 0.0, 0.0, 1.33333, 103.4, 1051365.9646, 0.0
671, 1.10909, 0.0, 0.0, 0.0, 0.0, 103.18182, 1048971.18182, 0.0
672, 1.10185, 0.0, 0.0, 0.0, 1.0, 103.62963, 1046724.98182, 0.0
673, 1.1028, 0.0, 0.0, 0.0, 1.0, 103.07477, 1044403.03704, 0.0
674, 1.10577, 0.0, 0.0, 0.0, 1.0, 102.58654, 1042156.52336, 0.0
675, 1.10101, 0.0, 0.0, 0.0, 1.2, 100.70707, 1039967.45192, 0.0
676, 1.10526, 0.0, 0.0, 0.0, 1.0, 99.37895, 1037799.44444, 0.0
677, 1.10638, 0.0, 0.0, 0.0, 1.0, 100.29787, 1035431.27368, 0.0
678, 1.08602, 0.0, 0.0, 0.0, 1.0, 99.50538, 1033203.2234, 0.0
679, 1.07609, 0.0, 0.0, 0.0, 1.0, 97.20652, 1030893.52688, 0.0
680, 1.07609, 0.0, 0.0, 0.0, 0.0, 97.04348, 1028583.66304, 0.0
681, 1.07955, 0.0, 0.0, 0.0, 1.0, 95.09091, 1026440.73913, 0.0
682, 1.08046, 0.0, 0.0, 0.0, 1.0, 96.03448, 1024151.13636, 0.0
683, 1.08046, 0.0, 0.0, 0.0, 0.0, 95.85057, 1021823.95402, 0.0
684, 1.08046, 0.0, 0.0, 0.0, 0.0, 95.67816, 1019630.85057, 0.0
685, 1.0814, 0.0, 0.0, 0.0, 1.0, 95.27907, 1017440.12644, 0.0
686, 1.0814, 0.0, 0.0, 0.0, 0.0, 95.18605, 1015302.09302, 0.0
687, 1.0814, 0.0, 0.0, 0.0, 0.0, 94.95349, 1013112.47674, 0.0
688, 1.08434, 0.0, 0.0, 0.0, 1.0, 95.15663, 1010978.2093, 0.0
689, 1.07229, 0.0, 0.0, 0.0, 1.0, 93.46988, 1008859.54217, 0.0
690, 1.07407, 0.0, 0.0, 0.0, 1.0, 95.64198, 1006715.56627, 0.0
691, 1.07595, 0.0, 0.0, 0.0, 1.0, 96.17722, 1004656.51852, 0.0
692, 1.07692, 0.0, 0.0, 0.0, 1.0, 95.46154, 1002498.74684, 0.0
693, 1.07895, 0.0, 0.0, 0.0, 1.0, 95.96053, 1000312.14103, 0.0
694, 1.06849, 0.0, 0.0, 0.0, 1.0, 93.45205, 998251.97368, 0.0
695, 1.07042, 0.0, 0.0, 0.0, 1.0, 93.47887, 995935.76712, 0.0
696, 1.07143, 0.0, 0.0, 0.0, 1.0, 92.57143, 993772.50704, 0.0
697, 1.07246, 0.0, 0.0, 0.0, 1.0, 91.05797, 991568.98571, 0.0
698, 1.07353, 0.0, 0.0, 0.0, 1.0, 90.17647, 989476.75362, 0.0
699, 1.07463, 0.0, 0.0, 0.0, 1.0, 89.07463, 987290.02941, 0.0
700, 1.07576, 0.0, 0.0, 0.0, 1.0, 90.16667, 985128.34328, 0.0
701, 1.07692, 0.0, 0.0, 0.0, 1.0, 91.36923, 982837.59091, 0.0
702, 1.07692, 0.0, 0.0, 0.0, 0.0, 91.16923, 980737.2, 0.0
703, 1.07937, 0.0, 0.0, 0.0, 1.0, 93.93651, 978660.36923, 0.0
704, 1.06452, 0.0, 0.0, 0.0, 1.0, 90.04839, 976496.44444, 0.0
705, 1.06557, 0.0, 0.0, 0.0, 1.0, 88.86885, 974462.46774, 0.0
706, 1.06667, 0.0, 0.0, 0.0, 1.0, 90.13333, 972349.86885, 0.0
707, 1.0678, 0.0, 0.0, 0.0, 1.0, 88.84746, 970279.35, 0.0
708, 1.0678, 0.0, 0.0, 0.0, 0.0, 88.64407, 968357.74576, 0.0
709, 1.06897, 0.0, 0.0, 0.0, 1.0, 90.0, 966285.10169, 0.0
710, 1.05172, 0.0, 0.0, 0.0, 1.0, 89.86207, 964163.08621, 0.0
711, 1.05263, 0.0, 0.0, 0.0, 1.0, 88.92982, 962120.15517, 0.0
712, 1.05357, 0.0, 0.0, 0.0, 1.0, 90.39286, 960085.5614, 0.0
713, 1.05455, 0.0, 0.0, 0.0, 1.0, 89.87273, 958110.625, 0.0
714, 1.03704, 0.0, 0.0, 0.0, 1.0, 88.5, 956079.01818, 0.0
715, 1.03704, 0.0, 0.0, 0.0, 0.0, 88.27778, 953938.88889, 0.0
716, 1.03704, 0.0, 0.0, 0.0, 0.0, 88.12963, 951878.88889, 0.0
717, 1.03922, 0.0, 0.0, 0.0, 1.0, 88.17647, 949903.62963, 0.0
718, 1.03922, 0.0, 0.0, 0.0, 0.0, 88.0, 947903.2549, 0.0
719, 1.04, 0.0, 0.0, 0.0, 1.0, 89.54, 945879.90196, 0.0
720, 1.04, 0.0, 0.0, 0.0, 0.0, 89.32, 943834.14, 0.0
721, 1.04, 0.0, 0.0, 0.0, 0.0, 89.12, 941787.86, 0.0
722, 1.04167, 0.0, 0.0, 0.0, 1.0, 89.04167, 939825.48, 0.0
723, 1.04348, 0.0, 0.0, 0.0, 1.0, 90.26087, 937811.45833, 0.0
724, 1.04545, 0.0, 0.0, 0.0, 1.0, 91.59091, 935959.04348, 0.0
725, 1.04545, 0.0, 0.0, 0.0, 0.0, 91.40909, 934006.54545, 0.0
726, 1.02326, 0.0, 0.0, 0.0, 1.0, 90.86047, 931988.88636, 0.0
727, 1.02326, 0.0, 0.0, 0.0, 0.0, 90.69767, 929976.06977, 0.0
728, 1.02381, 0.0, 0.0, 0.0, 1.0, 92.54762, 928030.62791, 0.0
729, 1.02381, 0.0, 0.0, 0.0, 0.0, 92.30952, 925966.09524, 0.0
730, 1.025, 0.0, 0.0, 0.0, 1.0, 90.325, 924010.71429, 0.0
731, 1.02564, 0.0, 0.0, 0.0, 1.0, 88.92308, 922173.075, 0.0
732, 1.02564, 0.0, 0.0, 0.0, 0.0, 88.76923, 920081.58974, 0.0
733, 1.02632, 0.0, 0.0, 0.0, 1.0, 90.92105, 918088.38462, 0.0
734, 1.02632, 0.0, 0.0, 0.0, 0.0, 90.73684, 916006.86842, 0.0
735, 1.02632, 0.0, 0.0, 0.0, 0.0, 90.60526, 914042.63158, 0.0
736, 1.02632, 0.0, 0.0, 0.0, 0.0, 90.44737, 912070.86842, 0.0
737, 1.02703, 0.0, 0.0, 0.0, 1.0, 89.08108, 910106.05263, 0.0
738, 1.02703, 0.0, 0.0, 0.0, 0.0, 88.91892, 908227.37838, 0.0
739, 1.02703, 0.0, 0.0, 0.0, 0.0, 88.59459, 906275.89189, 0.0
740, 1.02703, 0.0, 0.0, 0.0, 0.0, 88.35135, 904316.54054, 0.0
741, 1.02778, 0.0, 0.0, 0.0, 1.0, 87.91667, 902427.89189, 0.0
742, 1.02941, 0.0, 0.0, 0.0, 1.0, 88.02941, 900531.41667, 0.0
743, 1.0303, 0.0, 0.0, 0.0, 1.0, 86.09091, 898559.85294, 0.0
744, 1.0303, 0.0, 0.0, 0.0, 0.0, 86.0303, 896472.9697, 0.0
745, 1.03333, 0.0, 0.0, 0.0, 1.0, 90.9, 894634.06061, 0.0
746, 1.03333, 0.0, 0.0, 0.0, 0.0, 90.63333, 892401.9, 0.0
747, 1.03333, 0.0, 0.0, 0.0, 0.0, 90.5, 890463.83333, 0.0
748, 1.03333, 0.0, 0.0, 0.0, 0.0, 90.3, 888535.96667, 0.0
749, 1.03333, 0.0, 0.0, 0.0, 0.0, 90.13333, 886638.43333, 0.0
750, 1.03333, 0.0, 0.0, 0.0, 0.0, 90.03333, 884722.43333, 0.0
751, 1.03448, 0.0, 0.0, 0.0, 1.0, 89.48276, 882802.4, 0.0
752, 1.03448, 0.0, 0.0, 0.0, 0.0, 89.37931, 880902.27586, 0.0
753, 1.03448, 0.0, 0.0, 0.0, 0.0, 89.31034, 879012.72414, 0.0
754, 1.03448, 0.0, 0.0, 0.0, 0.0, 89.10345, 877118.2069, 0.0
755, 1.03448, 0.0, 0.0, 0.0, 0.0, 88.86207, 875224.62069, 0.0
756, 1.03448, 0.0, 0.0, 0.0, 0.0, 88.72414, 873346.03448, 0.0
757, 1.03448, 0.0, 0.0, 0.0, 0.0, 88.55172, 871466.55172, 0.0
758, 1.03846, 0.0, 0.0, 0.0, 1.0, 94.03846, 869657.62069, 0.0
759, 1.03846, 0.0, 0.0, 0.0, 0.0, 93.88462, 867189.26923, 0.0
760, 1.03846, 0.0, 0.0, 0.0, 0.0, 93.76923, 865308.73077, 0.0
761, 1.03846, 0.0, 0.0, 0.0, 0.0, 93.61538, 863450.42308, 0.0
762, 1.04167, 0.0, 0.0, 0.0, 1.0, 91.54167, 861705.92308, 0.0
763, 1.04167, 0.0, 0.0, 0.0, 0.0, 91.41667, 859330.95833, 0.0
764, 1.04167, 0.0, 0.0, 0.0, 0.0, 91.20833, 857484.66667, 0.0
765, 1.04167, 0.0, 0.0, 0.0, 0.0, 91.08333, 855640.70833, 0.0
766, 1.04348, 0.0, 0.0, 0.0, 1.0, 90.56522, 853830.75, 0.0
767, 1.04348, 0.0, 0.0, 0.0, 0.0, 90.47826, 851699.47826, 0.0
768, 1.04348, 0.0, 0.0, 0.0, 0.0, 90.26087, 849860.13043, 0.0
769, 1.04348, 0.0, 0.0, 0.0, 0.0, 90.0, 848016.21739, 0.0
770, 1.04545, 0.0, 0.0, 0.0, 1.0, 88.95455, 846276.73913, 0.0
771, 1.04545, 0.0, 0.0, 0.0, 0.0, 88.90909, 844254.27273, 0.0
772, 1.04545, 0.0, 0.0, 0.0, 0.0, 88.81818, 842432.86364, 0.0
773, 1.04762, 0.0, 0.0, 0.0, 1.0, 88.42857, 840623.95455, 0.0
774, 1.04762, 0.0, 0.0, 0.0, 0.0, 88.28571, 839007.2381, 0.0
775, 1.04762, 0.0, 0.0, 0.0, 0.0, 87.95238, 837184.2381, 0.0
776, 1.04762, 0.0, 0.0, 0.0, 0.0, 87.66667, 835380.61905, 0.0
777, 1.04762, 0.0, 0.0, 0.0, 0.0, 87.47619, 833580.61905, 0.0
778, 1.04762, 0.0, 0.0, 0.0, 0.0, 87.38095, 831773.09524, 0.0
779, 1.04762, 0.0, 0.0, 0.0, 0.0, 87.28571, 829973.85714, 0.0
780, 1.05, 0.0, 0.0, 0.0, 1.0, 86.4, 828212.57143, 0.0
781, 1.05263, 0.0, 0.0, 0.0, 1.0, 85.94737, 826663.3, 0.0
782, 1.05263, 0.0, 0.0, 0.0, 0.0, 85.89474, 825186.36842, 0.0
783, 1.0, 0.0, 0.0, 0.0, 1.0, 77.33333, 823416.84211, 0.0
784, 1.0, 0.0, 0.0, 0.0, 0.0, 77.11111, 821852.83333, 0.0
785, 1.0, 0.0, 0.0, 0.0, 0.0, 76.88889, 820081.11111, 0.0
786, 1.0, 0.0, 0.0, 0.0, 1.0, 81.29412, 818353.0, 0.0
787, 1.0, 0.0, 0.0, 0.0, 1.0, 86.0625, 816663.76471, 0.0
788, 1.0, 0.0, 0.0, 0.0, 0.0, 85.9375, 815103.0625, 0.0
789, 1.0, 0.0, 0.0, 0.0, 0.0, 85.6875, 813321.0625, 0.0
790, 1.0, 0.0, 0.0, 0.0, 1.0, 84.13333, 811554.6875, 0.0
791, 1.0, 0.0, 0.0, 0.0, 1.0, 89.92857, 810171.0, 0.0
792, 1.0, 0.0, 0.0, 0.0, 0.0, 89.85714, 807979.92857, 0.0
793, 1.0, 0.0, 0.0, 0.0, 0.0, 89.64286, 806260.07143, 0.0
794, 1.0, 0.0, 0.0, 0.0, 0.0, 89.42857, 804498.64286, 0.0
795, 1.0, 0.0, 0.0, 0.0, 1.0, 89.69231, 802777.14286, 0.0
796, 1.0, 0.0, 0.0, 0.0, 0.0, 89.38462, 800981.23077, 0.0
797, 1.0, 0.0, 0.0, 0.0, 1.0, 89.0, 799370.53846, 0.0
798, 1.0, 0.0, 0.0, 0.0, 0.0, 88.75, 798211.58333, 0.0
799, 1.0, 0.0, 0.0, 0.0, 0.0, 88.5, 796504.0, 0.0
800, 1.0, 0.0, 0.0, 0.0, 0.0, 88.5, 794789.91667, 0.0
801, 1.0, 0.0, 0.0, 0.0, 1.0, 85.09091, 793134.0, 0.0
802, 1.0, 0.0, 0.0, 0.0, 0.0, 85.0, 791819.36364, 0.0
803, 1.0, 0.0, 0.0, 0.0, 0.0, 84.90909, 790106.54545, 0.0
804, 1.0, 0.0, 0.0, 0.0, 0.0, 84.81818, 788408.36364, 0.0
805, 1.0, 0.0, 0.0, 0.0, 0.0, 84.36364, 786683.0, 0.0
806, 1.0, 0.0, 0.0, 0.0, 0.0, 84.0, 784971.27273, 0.0
807, 1.0, 0.0, 0.0, 0.0, 0.0, 83.81818, 783250.81818, 0.0
808, 1.0, 0.0, 0.0, 0.0, 0.0, 83.36364, 781566.27273, 0.0
809, 1.0, 0.0, 0.0, 0.0, 0.0, 83.18182, 779885.18182, 0.0
810, 1.0, 0.0, 0.0, 0.0, 1.0, 91.3, 778348.09091, 0.0
811, 1.0, 0.0, 0.0, 0.0, 1.0, 90.88889, 776031.6, 0.0
812, 1.0, 0.0, 0.0, 0.0, 0.0, 90.88889, 774072.22222, 0.0
813, 1.0, 0.0, 0.0, 0.0, 1.0, 91.875, 772466.44444, 0.0
814, 1.0, 0.0, 0.0, 0.0, 0.0, 91.75, 770414.75, 0.0
815, 1.0, 0.0, 0.0, 0.0, 0.0, 91.625, 768753.375, 0.0
816, 1.0, 0.0, 0.0, 0.0, 0.0, 91.5, 767112.5, 0.0
817, 1.0, 0.0, 0.0, 0.0, 0.0, 91.25, 765450.25, 0.0
818, 1.0, 0.0, 0.0, 0.0, 1.0, 92.14286, 763937.625, 0.0
819, 1.0, 0.0, 0.0, 0.0, 0.0, 91.71429, 762386.85714, 0.0
820, 1.0, 0.0, 0.0, 0.0, 0.0, 91.57143, 760701.71429, 0.0
821, 1.0, 0.0, 0.0, 0.0, 0.0, 91.14286, 759074.14286, 0.0
822, 1.0, 0.0, 0.0, 0.0, 0.0, 90.85714, 757406.28571, 0.0
823, 1.0, 0.0, 0.0, 0.0, 0.0, 90.57143, 755756.71429, 0.0
824, 1.0, 0.0, 0.0, 0.0, 0.0, 89.85714, 754149.0, 0.0
825, 1.0, 0.0, 0.0, 0.0, 0.0, 89.57143, 752536.42857, 0.0
826, 1.0, 0.0, 0.0, 0.0, 0.0, 89.28571, 750939.85714, 0.0
827, 1.0, 0.0, 0.0, 0.0, 0.0, 88.85714, 749311.71429, 0.0
828, 1.0, 0.0, 0.0, 0.0, 0.0, 88.57143, 747703.71429, 0.0
829, 1.0, 0.0, 0.0, 0.0, 0.0, 88.57143, 746073.71429, 0.0
830, 1.0, 0.0, 0.0, 0.0, 1.0, 85.83333, 744577.0, 0.0
831, 1.0, 0.0, 0.0, 0.0, 0.0, 85.66667, 742509.33333, 0.0
832, 1.0, 0.0, 0.0, 0.0, 0.0, 85.5, 740917.83333, 0.0
833, 1.0, 0.0, 0.0, 0.0, 0.0, 85.5, 739347.83333, 0.0
834, 1.0, 0.0, 0.0, 0.0, 0.0, 85.33333, 737725.16667, 0.0
835, 1.0, 0.0, 0.0, 0.0, 0.0, 85.33333, 736167.0, 0.0
836, 1.0, 0.0, 0.0, 0.0, 0.0, 85.16667, 734571.16667, 0.0
837, 1.0, 0.0, 0.0, 0.0, 0.0, 85.0, 732976.5, 0.0
838, 1.0, 0.0, 0.0, 0.0, 0.0, 84.83333, 731412.5, 0.0
839, 1.0, 0.0, 0.0, 0.0, 0.0, 84.33333, 729845.0, 0.0
840, 1.0, 0.0, 0.0, 0.0, 0.0, 84.33333, 728267.16667, 0.0
841, 1.0, 0.0, 0.0, 0.0, 0.0, 83.83333, 726651.0, 0.0
842, 1.0, 0.0, 0.0, 0.0, 0.0, 83.83333, 725072.5, 0.0
843, 1.0, 0.0, 0.0, 0.0, 0.0, 83.66667, 723476.83333, 0.0
844, 1.0, 0.0, 0.0, 0.0, 0.0, 83.66667, 721951.5, 0.0
845, 1.0, 0.0, 0.0, 0.0, 0.0, 82.83333, 720418.16667, 0.0
846, 1.0, 0.0, 0.0, 0.0, 0.0, 82.66667, 718861.66667, 0.0
847, 1.0, 0.0, 0.0, 0.0, 0.0, 82.5, 717292.83333, 0.0
848, 1.0, 0.0, 0.0, 0.0, 0.0, 82.33333, 715749.0, 0.0
849, 1.0, 0.0, 0.0, 0.0, 0.0, 82.0, 714217.16667, 0.0
850, 1.0, 0.0, 0.0, 0.0, 0.0, 81.16667, 712688.83333, 0.0
851, 1.0, 0.0, 0.0, 0.0, 0.0, 80.83333, 711115.0, 0.0
852, 1.0, 0.0, 0.0, 0.0, 0.0, 80.83333, 709587.66667, 0.0
853, 1.0, 0.0, 0.0, 0.0, 0.0, 80.5, 708051.33333, 0.0
854, 1.0, 0.0, 0.0, 0.0, 1.0, 82.4, 706734.16667, 0.0
855, 1.0, 0.0, 0.0, 0.0, 0.0, 82.2, 704626.2, 0.0
856, 1.0, 0.0, 0.0, 0.0, 0.0, 82.2, 703124.8, 0.0
857, 1.0, 0.0, 0.0, 0.0, 0.0, 82.2, 701608.0, 0.0
858, 1.0, 0.0, 0.0, 0.0, 0.0, 82.2, 700061.6, 0.0
859, 1.0, 0.0, 0.0, 0.0, 0.0, 81.8, 698526.0, 0.0
860, 1.0, 0.0, 0.0, 0.0, 0.0, 81.6, 696976.4, 0.0
861, 1.0, 0.0, 0.0, 0.0, 0.0, 81.4, 695478.4, 0.0
862, 1.0, 0.0, 0.0, 0.0, 0.0, 81.4, 694027.6, 0.0
863, 1.0, 0.0, 0.0, 0.0, 0.0, 81.4, 692522.6, 0.0
864, 1.0, 0.0, 0.0, 0.0, 0.0, 81.4, 691017.4, 0.0
865, 1.0, 0.0, 0.0, 0.0, 0.0, 81.4, 689548.6, 0.0
866, 1.0, 0.0, 0.0, 0.0, 0.0, 80.6, 688033.2, 0.0
867, 1.0, 0.0, 0.0, 0.0, 0.0, 80.6, 686522.6, 0.0
868, 1.0, 0.0, 0.0, 0.0, 0.0, 80.6, 685058.0, 0.0
869, 1.0, 0.0, 0.0, 0.0, 1.0, 80.75, 683735.6, 0.0
870, 1.0, 0.0, 0.0, 0.0, 0.0, 80.75, 680831.5, 0.0
871, 1.0, 0.0, 0.0, 0.0, 0.0, 80.75, 679378.25, 0.0
872, 1.0, 0.0, 0.0, 0.0, 0.0, 80.75, 677929.25, 0.0
873, 1.0, 0.0, 0.0, 0.0, 0.0, 80.75, 676446.5, 0.0
874, 1.0, 0.0, 0.0, 0.0, 0.0, 80.5, 675043.5, 0.0
875, 1.0, 0.0, 0.0, 0.0, 0.0, 80.25, 673631.75, 0.0
876, 1.0, 0.0, 0.0, 0.0, 0.0, 80.25, 672187.0, 0.0
877, 1.0, 0.0, 0.0, 0.0, 0.0, 80.25, 670733.0, 0.0
878, 1.0, 0.0, 0.0, 0.0, 0.0, 79.75, 669289.5, 0.0
879, 1.0, 0.0, 0.0, 0.0, 0.0, 79.5, 667855.5, 0.0
880, 1.0, 0.0, 0.0, 0.0, 0.0, 79.5, 666422.75, 0.0
881, 1.0, 0.0, 0.0, 0.0, 0.0, 79.25, 665060.75, 0.0
882, 1.0, 0.0, 0.0, 0.0, 0.0, 79.0, 663635.0, 0.0
883, 1.0, 0.0, 0.0, 0.0, 0.0, 78.5, 662230.5, 0.0
884, 1.0, 0.0, 0.0, 0.0, 0.0, 78.5, 660791.75, 0.0
885, 1.0, 0.0, 0.0, 0.0, 0.0, 78.5, 659331.5, 0.0
886, 1.0, 0.0, 0.0, 0.0, 1.0, 61.33333, 658243.0, 0.0
887, 1.0, 0.0, 0.0, 0.0, 0.0, 61.33333, 656048.33333, 0.0
888, 1.0, 0.0, 0.0, 0.0, 0.0, 61.33333, 654624.33333, 0.0
889, 1.0, 0.0, 0.0, 0.0, 0.0, 61.33333, 653249.66667, 0.0
890, 1.0, 0.0, 0.0, 0.0, 0.0, 61.33333, 651831.33333, 0.0
891, 1.0, 0.0, 0.0, 0.0, 0.0, 61.33333, 650457.66667, 0.0
892, 1.0, 0.0, 0.0, 0.0, 0.0, 61.33333, 649068.33333, 0.0
893, 1.0, 0.0, 0.0, 0.0, 0.0, 61.0, 647698.33333, 0.0
894, 1.0, 0.0, 0.0, 0.0, 0.0, 61.0, 646318.66667, 0.0
895, 1.0, 0.0, 0.0, 0.0, 0.0, 61.0, 645000.33333, 0.0
896, 1.0, 0.0, 0.0, 0.0, 0.0, 60.66667, 643638.66667, 0.0
897, 1.0, 0.0, 0.0, 0.0, 0.0, 60.66667, 642221.33333, 0.0
898, 1.0, 0.0, 0.0, 0.0, 0.0, 60.66667, 640855.66667, 0.0
899, 1.0, 0.0, 0.0, 0.0, 0.0, 60.33333, 639470.0, 0.0
900, 1.0, 0.0, 0.0, 0.0, 0.0, 60.33333, 638121.33333, 0.0
901, 1.0, 0.0, 0.0, 0.0, 0.0, 60.0, 636732.0, 0.0
902, 1.0, 0.0, 0.0, 0.0, 0.0, 60.0, 635397.33333, 0.0
903, 1.0, 0.0, 0.0, 0.0, 1.0, 89.0, 634396.33333, 0.0
904, 1.0, 0.0, 0.0, 0.0, 0.0, 88.5, 630910.0, 0.0
905, 1.0, 0.0, 0.0, 0.0, 0.0, 88.5, 629563.5, 0.0
906, 1.0, 0.0, 0.0, 0.0, 0.0, 88.5, 628234.0, 0.0
907, 1.0, 0.0, 0.0, 0.0, 0.0, 88.0, 626947.0, 0.0
908, 1.0, 0.0, 0.0, 0.0, 0.0, 88.0, 625553.0, 0.0
909, 1.0, 0.0, 0.0, 0.0, 0.0, 87.5, 624192.5, 0.0
910, 1.0, 0.0, 0.0, 0.0, 0.0, 87.0, 622868.5, 0.0
911, 1.0, 0.0, 0.0, 0.0, 0.0, 87.0, 621562.5, 0.0
912, 1.0, 0.0, 0.0, 0.0, 0.0, 87.0, 620273.5, 0.0
913, 1.0, 0.0, 0.0, 0.0, 0.0, 87.0, 618927.0, 0.0
914, 1.0, 0.0, 0.0, 0.0, 0.0, 86.5, 617601.0, 0.0
915, 1.0, 0.0, 0.0, 0.0, 0.0, 86.0, 616248.0, 0.0
916, 1.0, 0.0, 0.0, 0.0, 0.0, 85.5, 614980.5, 0.0
917, 1.0, 0.0, 0.0, 0.0, 0.0, 85.0, 613612.0, 0.0
918, 1.0, 0.0, 0.0, 0.0, 0.0, 85.0, 612318.5, 0.0
919, 1.0, 0.0, 0.0, 0.0, 0.0, 85.0, 610958.5, 0.0
920, 1.0, 0.0, 0.0, 0.0, 0.0, 85.0, 609670.5, 0.0
921, 1.0, 0.0, 0.0, 0.0, 0.0, 85.0, 608365.0, 0.0
922, 1.0, 0.0, 0.0, 0.0, 0.0, 84.5, 607037.0, 0.0
923, 1.0, 0.0, 0.0, 0.0, 0.0, 84.0, 605760.0, 0.0
924, 1.0, 0.0, 0.0, 0.0, 0.0, 84.0, 604470.0, 0.0
925, 1.0, 0.0, 0.0, 0.0, 0.0, 83.5, 603187.0, 0.0
926, 1.0, 0.0, 0.0, 0.0, 0.0, 83.0, 601888.5, 0.0
927, 1.0, 0.0, 0.0, 0.0, 0.0, 83.0, 600598.5, 0.0
928, 1.0, 0.0, 0.0, 0.0, 0.0, 82.0, 599267.0, 0.0
929, 1.0, 0.0, 0.0, 0.0, 0.0, 81.5, 598001.5, 0.0
930, 1.0, 0.0, 0.0, 0.0, 0.0, 81.5, 596644.0, 0.0
931, 1.0, 0.0, 0.0, 0.0, 0.0, 80.5, 595349.5, 0.0
932, 1.0, 0.0, 0.0, 0.0, 0.0, 80.5, 594041.0, 0.0
933, 1.0, 0.0, 0.0, 0.0, 0.0, 79.5, 592718.5, 0.0
934, 1.0, 0.0, 0.0, 0.0, 0.0, 79.5, 591430.5, 0.0
935, 1.0, 0.0, 0.0, 0.0, 0.0, 78.5, 590157.5, 0.0
936, 1.0, 0.0, 0.0, 0.0, 0.0, 78.5, 588897.5, 0.0
937, 1.0, 0.0, 0.0, 0.0, 0.0, 78.0, 587644.0, 0.0
938, 1.0, 0.0, 0.0, 0.0, 1.0, 67.0, 586658.5, 0.0
939, 1.0, 0.0, 0.0, 0.0, 0.0, 67.0, 584615.0, 0.0
940, 1.0, 0.0, 0.0, 0.0, 0.0, 67.0, 583341.0, 0.0
941, 1.0, 0.0, 0.0, 0.0, 0.0, 67.0, 582097.0, 0.0
942, 1.0, 0.0, 0.0, 0.0, 0.0, 67.0, 580798.0, 0.0
943, 1.0, 0.0, 0.0, 0.0, 0.0, 67.0, 579493.0, 0.0
944, 1.0, 0.0, 0.0, 0.0, 0.0, 67.0, 578159.0, 0.0
945, 0.0, 0.0, 0.0, 0.0, 1.0, 0.0, 577522.0, 0.0
