time, seeders, joined, request_count, response_size, left, awareness, bad_data, leechers
0, 0.0, 0.0, 0.0, 0.0, 0.0, 1001.0, 0.0, 0.0
1, 0.0, 999.0, 486.49149, 22.48903, 0.0, 430589.222, 0.0, 999.0
2, 0.0, 25.402, 458.90087, 44.0471, 49.594, 415871.31, 22469.852, 975.808
3, 0.0, 36.452, 459.42609, 45.51693, 24.472, 421188.772, 33343.478, 987.788
4, 0.0, 24.758, 458.8012, 46.73087, 25.582, 421097.738, 44745.426, 986.964
5, 0.0, 25.752, 458.52749, 47.92268, 25.45, 421550.826, 55971.68, 987.266
6, 0.0, 25.154, 457.81983, 48.95476, 24.87, 421838.166, 67062.824, 987.55
7, 0.0, 24.988, 460.66112, 50.0933, 24.974, 421972.978, 78280.264, 987.564
8, 0.0, 24.58, 458.6249, 51.29886, 24.862, 422044.05, 89296.05, 987.282
9, 0.0, 25.25, 455.76238, 52.35262, 25.168, 422163.498, 100464.764, 987.364
10, 0.0, 25.17, 457.17124, 53.41931, 25.114, 422304.494, 111584.072, 987.42
11, 777.422, 15.422, 455.51809, 54.18961, 5.72745, 425434.152, 113930.654, 219.704
12, 771.416, 18.462, 459.59268, 54.73742, 30.982, 419724.728, 127345.398, 213.19
13, 786.914, 24.232, 457.9069, 55.74685, 18.042, 421539.25, 135129.022, 203.882
14, 792.976, 18.23, 456.44542, 56.6492, 18.328, 420758.274, 142963.016, 197.722
15, 799.628, 18.378, 457.93884, 57.29824, 18.142, 420159.048, 150698.288, 191.306
16, 805.774, 18.042, 460.7028, 57.90219, 18.176, 419472.228, 158423.212, 185.026
17, 811.558, 18.208, 459.63313, 58.64428, 18.142, 418728.926, 166264.644, 179.308
18, 816.812, 18.482, 456.60643, 59.43429, 18.318, 418135.372, 174007.508, 174.218
19, 822.592, 18.17, 458.22785, 59.96985, 18.096, 417565.264, 181614.788, 168.512
20, 828.6, 17.722, 458.07471, 60.73269, 17.784, 416989.946, 189012.392, 162.442
21, 826.708, 18.004, 458.28705, 61.28094, 18.134, 416356.906, 196594.96, 164.204
22, 827.302, 18.13, 457.0877, 61.91288, 17.886, 415868.994, 204036.184, 163.854
23, 832.188, 17.85, 460.33613, 62.7123, 18.222, 415290.426, 211493.638, 158.596
24, 832.528, 18.348, 458.9056, 63.23456, 18.032, 414921.824, 218914.024, 158.572
25, 832.872, 17.738, 462.05886, 64.1807, 17.964, 414354.962, 226303.16, 158.002
26, 832.846, 18.446, 457.98547, 64.74148, 18.054, 413993.272, 233707.462, 158.42
27, 832.962, 17.808, 460.63567, 65.14702, 17.986, 413387.632, 241117.276, 158.126
28, 833.326, 17.948, 458.21261, 65.9938, 17.912, 412865.516, 248445.682, 157.798
29, 833.402, 17.91, 458.23562, 66.7624, 18.016, 412337.652, 255749.154, 157.616
30, 832.934, 17.822, 459.0955, 67.38071, 18.098, 411807.384, 263011.03, 157.808
31, 833.048, 18.246, 459.772, 68.02766, 17.784, 411548.332, 270172.524, 158.156
32, 833.018, 17.928, 459.17001, 68.7138, 18.184, 411029.608, 277444.4, 157.93
33, 832.844, 17.984, 456.79493, 69.31966, 17.912, 410557.428, 284635.698, 158.176
34, 833.312, 17.866, 461.71499, 69.89587, 17.76, 410191.156, 291730.448, 157.814
35, 832.998, 18.154, 457.41985, 70.63596, 18.166, 409796.15, 298893.934, 158.116
36, 833.226, 17.886, 457.78821, 71.19064, 18.06, 409302.462, 306036.794, 157.714
37, 833.164, 17.93, 458.83993, 72.12544, 17.894, 408879.616, 313128.304, 157.812
38, 833.092, 18.084, 460.29639, 72.57941, 18.008, 408462.95, 320297.644, 157.96
39, 833.072, 17.922, 460.94186, 73.35323, 18.046, 408025.41, 327412.808, 157.856
40, 833.01, 17.988, 459.19502, 73.91877, 18.15, 407592.72, 334508.946, 157.756
41, 833.422, 17.966, 460.98185, 74.57546, 17.646, 407378.568, 341372.364, 157.664
42, 833.766, 17.782, 459.50962, 75.04222, 17.798, 407008.588, 348281.544, 157.304
43, 834.004, 17.824, 459.2684, 76.12448, 17.984, 406577.832, 355254.768, 156.906
44, 833.728, 18.088, 458.86776, 76.52361, 17.962, 406279.426, 362178.562, 157.308
45, 833.884, 17.946, 461.32843, 77.26875, 17.928, 406003.534, 369043.506, 157.17
46, 834.124, 17.862, 459.1871, 77.76579, 17.81, 405664.14, 375889.82, 156.982
47, 834.042, 17.966, 459.70166, 78.48045, 18.068, 405274.514, 382833.966, 156.962
48, 833.89, 18.018, 458.15296, 79.04785, 18.278, 404827.028, 389828.192, 156.854
49, 833.446, 18.456, 457.52059, 79.75272, 18.232, 404555.996, 396805.102, 157.522
50, 833.184, 18.112, 460.35777, 80.44975, 18.246, 404198.216, 403747.228, 157.65
51, 832.836, 18.25, 459.0137, 81.02829, 18.144, 403933.952, 410617.606, 158.104
52, 832.778, 17.966, 459.70166, 81.67175, 17.876, 403683.22, 417338.692, 158.252
53, 832.604, 17.902, 459.33415, 82.23203, 18.128, 403316.21, 424138.068, 158.2
54, 832.502, 18.382, 460.01523, 83.04305, 18.384, 403012.938, 431093.424, 158.3
55, 832.67, 17.978, 460.50729, 83.70492, 17.718, 402876.284, 437669.678, 158.392
56, 832.676, 18.004, 457.50944, 84.07126, 18.006, 402558.142, 444389.538, 158.384
57, 832.748, 17.774, 458.81625, 84.8672, 17.914, 402158.708, 451100.91, 158.172
58, 832.87, 18.058, 461.23602, 85.47941, 17.81, 402002.632, 457704.222, 158.298
59, 832.982, 17.892, 463.7827, 86.09328, 18.188, 401674.314, 464455.942, 157.89
60, 832.772, 18.19, 459.97801, 86.71591, 18.266, 401373.796, 471230.222, 158.024
61, 833.132, 18.168, 460.47996, 87.3311, 17.696, 401336.022, 477709.146, 158.136
62, 833.098, 17.82, 459.59596, 88.04835, 18.218, 400938.17, 484385.724, 157.772
63, 832.814, 17.81, 458.50646, 88.63813, 17.976, 400634.076, 490926.204, 157.89
64, 833.24, 18.172, 459.60819, 89.1262, 18.016, 400471.38, 497477.266, 157.62
65, 833.04, 18.242, 458.22826, 89.84663, 18.142, 400193.546, 504147.63, 157.92
66, 833.132, 17.994, 461.09814, 90.27733, 17.79, 400071.698, 510576.962, 158.032
67, 832.852, 17.93, 462.52091, 91.19486, 18.06, 399840.008, 517108.906, 158.182
68, 832.764, 18.026, 460.7234, 91.56388, 18.072, 399595.792, 523653.924, 158.224
69, 832.596, 18.11, 464.10823, 92.29935, 18.186, 399393.456, 530240.046, 158.316
70, 833.102, 18.11, 460.9608, 92.91136, 17.678, 399377.212, 536555.312, 158.242
71, 833.372, 17.818, 458.74958, 93.41387, 17.95, 399101.976, 542962.596, 157.84
72, 833.168, 18.036, 463.1293, 94.14474, 18.27, 398878.44, 549472.002, 157.81
73, 833.07, 17.766, 460.82405, 94.7678, 17.802, 398694.784, 555767.876, 157.872
74, 833.39, 17.94, 460.31215, 95.36401, 17.81, 398567.06, 562056.344, 157.682
75, 833.372, 17.998, 459.99556, 95.69791, 18.108, 398294.058, 568511.97, 157.59
76, 833.338, 18.266, 458.72112, 96.72419, 18.16, 398111.29, 574953.426, 157.73
77, 833.292, 17.836, 459.57614, 97.16652, 17.968, 397844.698, 581292.156, 157.644
78, 833.36, 17.89, 462.10173, 97.67824, 17.906, 397703.808, 587548.454, 157.56
79, 833.654, 18.06, 460.63123, 98.17706, 17.864, 397591.144, 593819.504, 157.462
80, 833.622, 17.736, 460.3631, 99.0011, 17.846, 397382.656, 600022.15, 157.384
81, 833.772, 17.734, 458.27225, 99.6081, 17.68, 397113.73, 606241.104, 157.288
82, 833.734, 18.074, 458.61458, 100.17167, 17.998, 396965.16, 612481.086, 157.402
83, 833.55, 17.746, 461.118, 100.53012, 17.992, 396686.372, 618742.778, 157.34
84, 833.646, 18.182, 461.83038, 101.10361, 18.008, 396642.946, 624949.98, 157.418
85, 834.02, 17.584, 459.9636, 101.84335, 17.614, 396442.488, 630997.936, 157.014
86, 834.478, 17.826, 460.17054, 102.35719, 17.904, 396215.038, 637188.644, 156.478
87, 834.182, 18.11, 461.23689, 103.09314, 18.292, 396038.896, 643460.76, 156.592
88, 834.014, 18.12, 460.87196, 103.66315, 17.952, 395982.296, 649575.704, 156.928
89, 834.22, 17.914, 460.58948, 104.24397, 17.65, 395935.73, 655568.84, 156.986
90, 834.014, 17.862, 462.54619, 104.96793, 17.988, 395784.126, 661681.068, 157.066
91, 833.842, 17.93, 458.61684, 105.30403, 17.918, 395592.466, 667782.312, 157.25
92, 833.824, 17.92, 460.8817, 105.82758, 18.054, 395406.128, 673902.698, 157.134
93, 833.834, 17.762, 458.22543, 106.46492, 17.774, 395196.854, 679909.724, 157.112
94, 833.872, 18.064, 460.63995, 107.04999, 18.054, 395104.964, 685968.17, 157.084
95, 833.314, 18.072, 459.21868, 107.84938, 18.252, 394827.698, 692189.132, 157.462
96, 832.87, 18.2, 460.38462, 108.40936, 18.196, 394677.384, 698337.054, 157.91
97, 832.99, 18.142, 459.92724, 109.0586, 18.014, 394592.524, 704364.256, 157.918
98, 833.376, 17.944, 459.31788, 109.51602, 17.896, 394462.864, 710330.6, 157.58
99, 833.014, 18.116, 460.14573, 110.0691, 18.43, 394221.218, 716498.282, 157.628
100, 833.074, 18.232, 461.27688, 110.62878, 17.802, 394295.598, 722385.776, 157.998
101, 833.416, 17.85, 457.81513, 111.19102, 17.746, 394176.228, 728227.914, 157.76
102, 833.36, 17.546, 458.90801, 111.70951, 17.662, 394018.66, 733981.82, 157.7
103, 832.97, 18.034, 458.9664, 112.26229, 17.998, 393901.534, 739902.732, 158.126
104, 833.2, 17.834, 460.13233, 112.7843, 17.89, 393786.198, 745744.872, 157.84
105, 833.24, 18.048, 456.78191, 113.64277, 17.972, 393679.232, 751599.706, 157.876
106, 833.66, 17.708, 460.01807, 113.77326, 17.674, 393592.132, 757322.104, 157.49
107, 834.162, 17.812, 460.19537, 114.39502, 17.55, 393588.338, 762990.28, 157.25
108, 833.91, 17.79, 460.98932, 115.10255, 18.412, 393240.698, 769028.468, 156.88
109, 834.086, 18.248, 460.76282, 115.73323, 18.0, 393272.114, 774846.018, 156.952
110, 834.144, 17.75, 462.14085, 116.38425, 18.04, 393060.144, 780709.606, 156.604
111, 833.838, 18.378, 461.09479, 116.88848, 18.21, 393094.466, 786560.46, 157.078
112, 833.37, 18.224, 459.50395, 117.52699, 18.264, 392950.932, 792494.928, 157.506
113, 833.446, 18.134, 460.24043, 118.11395, 17.88, 392984.068, 798201.346, 157.684
114, 833.16, 17.904, 462.52234, 118.55996, 17.994, 392909.314, 803945.294, 157.88
115, 833.022, 17.932, 458.73299, 119.03623, 18.162, 392714.606, 809754.458, 157.788
116, 832.846, 18.234, 459.63585, 119.60554, 17.9, 392751.11, 815457.134, 158.298
117, 832.924, 17.788, 463.79582, 120.05018, 17.852, 392693.53, 821110.346, 158.156
118, 833.044, 17.804, 460.40216, 120.79541, 17.736, 392583.562, 826758.774, 158.104
119, 833.278, 17.7, 459.88701, 121.3129, 17.926, 392368.766, 832456.328, 157.644
120, 833.246, 18.01, 460.96613, 121.94724, 18.094, 392275.358, 838173.634, 157.592
121, 833.498, 18.224, 459.66857, 122.31694, 18.12, 392176.044, 843954.596, 157.444
122, 833.646, 17.978, 458.67171, 122.92093, 17.994, 392070.41, 849601.554, 157.28
123, 833.818, 17.958, 459.40528, 123.3943, 17.802, 392099.474, 855093.794, 157.264
124, 833.662, 18.046, 459.65865, 124.10753, 18.014, 392012.73, 860743.304, 157.452
125, 833.764, 17.692, 459.86887, 124.537, 17.892, 391846.402, 866310.896, 157.15
126, 834.112, 18.156, 459.57259, 124.7379, 17.856, 391877.258, 871860.786, 157.102
127, 833.926, 17.73, 463.33897, 125.78186, 18.07, 391742.056, 877450.852, 156.948
128, 833.806, 18.208, 459.35852, 126.11561, 18.014, 391772.912, 882994.576, 157.262
129, 833.534, 17.868, 459.08887, 126.44142, 17.99, 391663.236, 888519.056, 157.412
130, 833.936, 17.872, 461.50403, 127.18489, 17.648, 391681.864, 893937.652, 157.234
131, 833.892, 17.748, 461.51679, 127.66158, 17.89, 391614.48, 899378.656, 157.136
132, 833.962, 17.988, 458.5835, 128.16778, 18.052, 391506.568, 904911.172, 157.002
133, 833.854, 17.922, 463.28535, 128.76322, 17.976, 391486.9, 910394.304, 157.056
134, 833.818, 18.228, 461.3781, 129.37919, 18.026, 391479.026, 915956.84, 157.294
135, 833.626, 17.958, 462.46798, 130.04973, 18.014, 391421.316, 921457.396, 157.43
136, 834.034, 17.644, 460.72319, 130.38443, 17.632, 391374.068, 926756.072, 157.034
137, 833.856, 17.908, 459.34778, 130.92767, 17.968, 391246.412, 932224.142, 157.152
138, 834.34, 17.77, 461.62071, 131.43448, 17.582, 391270.824, 937496.198, 156.856
139, 834.166, 17.746, 462.97757, 131.92028, 18.076, 391103.12, 942976.878, 156.7
140, 834.24, 17.926, 461.17371, 132.56526, 17.758, 391120.898, 948298.652, 156.794
141, 834.25, 17.862, 460.69869, 132.92429, 17.84, 391067.876, 953647.712, 156.806
142, 834.472, 17.912, 458.57526, 133.61797, 17.906, 390938.352, 959052.528, 156.59
143, 834.194, 17.982, 464.1308, 134.14714, 18.152, 390833.12, 964549.868, 156.698
144, 834.714, 18.018, 462.98146, 134.71194, 17.634, 390955.026, 969784.208, 156.562
145, 834.65, 17.632, 460.58303, 135.40697, 17.816, 390808.55, 975081.02, 156.442
146, 834.456, 17.848, 461.90049, 135.72283, 17.938, 390775.922, 980363.372, 156.546
147, 834.676, 17.704, 461.92951, 136.48863, 17.708, 390725.306, 985585.87, 156.322
148, 834.218, 18.262, 461.7238, 136.52834, 18.34, 390648.624, 991080.572, 156.702
149, 834.01, 18.176, 462.25792, 137.18531, 17.97, 390696.674, 996402.498, 157.116
150, 833.634, 17.82, 458.24916, 137.74529, 18.088, 390530.77, 1001704.162, 157.224
151, 833.386, 18.228, 459.40312, 138.42895, 18.088, 390544.66, 1007009.32, 157.612
152, 833.552, 17.946, 461.94138, 138.59119, 17.93, 390507.786, 1012273.892, 157.462
153, 833.222, 18.378, 462.4007, 139.23347, 18.324, 390545.794, 1017657.674, 157.846
154, 833.36, 17.886, 460.52779, 139.84521, 17.868, 390504.964, 1022850.952, 157.726
155, 833.252, 17.936, 458.63069, 140.35825, 17.796, 390458.464, 1028027.656, 157.974
156, 832.552, 17.968, 457.64693, 140.89019, 18.298, 390246.96, 1033373.706, 158.344
157, 832.424, 18.258, 459.85322, 141.34409, 18.118, 390266.102, 1038630.69, 158.612
158, 832.984, 17.938, 462.59338, 141.73789, 17.742, 390316.114, 1043743.734, 158.248
159, 833.342, 17.79, 460.98932, 142.29472, 17.868, 390238.468, 1048888.196, 157.812
160, 833.068, 17.876, 461.28888, 142.81021, 18.204, 390089.132, 1054145.826, 157.758
161, 832.974, 18.256, 460.78002, 143.4427, 18.158, 390097.254, 1059387.304, 157.95
162, 832.74, 18.016, 461.53419, 143.87276, 18.138, 390036.946, 1064590.038, 158.062
163, 833.168, 18.008, 460.40649, 144.54806, 17.592, 390150.988, 1069566.646, 158.05
164, 832.83, 17.936, 460.41481, 144.61225, 18.19, 390035.668, 1074757.756, 158.134
165, 832.82, 18.202, 461.54269, 145.49554, 18.176, 389979.388, 1080016.67, 158.17
166, 833.29, 17.504, 461.15174, 145.93385, 17.512, 389924.768, 1084928.852, 157.692
167, 833.496, 18.014, 459.75353, 146.30464, 18.02, 389871.268, 1090037.276, 157.48
168, 833.524, 17.926, 464.24188, 146.9285, 17.804, 389964.208, 1095013.376, 157.574
169, 833.562, 17.87, 460.8282, 147.52107, 17.968, 389858.036, 1100107.404, 157.438
170, 833.646, 17.864, 457.2884, 147.81234, 17.838, 389798.99, 1105077.332, 157.38
171, 833.596, 18.068, 461.31282, 148.29802, 18.16, 389733.396, 1110212.194, 157.338
172, 833.708, 17.978, 460.95228, 148.80922, 17.908, 389744.972, 1115206.568, 157.296
173, 833.694, 17.984, 464.02358, 149.69539, 18.116, 389743.766, 1120253.42, 157.178
174, 833.752, 18.014, 462.25158, 149.76174, 17.87, 389761.112, 1125250.588, 157.264
175, 834.07, 18.04, 461.08647, 150.23732, 17.778, 389878.136, 1130120.328, 157.208
176, 833.594, 17.726, 459.55094, 150.72772, 18.156, 389682.382, 1135148.712, 157.254
177, 833.866, 18.19, 460.80264, 151.0519, 17.896, 389822.6, 1140042.214, 157.276
178, 834.134, 17.716, 461.89885, 151.70671, 17.668, 389832.03, 1144862.678, 157.056
179, 833.97, 17.966, 462.92998, 152.45557, 18.062, 389821.792, 1149830.29, 157.124
180, 833.952, 17.684, 461.77335, 152.67904, 17.706, 389779.964, 1154664.004, 157.12
181, 833.856, 18.218, 460.1493, 153.07408, 18.104, 389816.91, 1159627.592, 157.33
182, 834.04, 17.782, 460.12822, 153.78709, 17.962, 389720.852, 1164520.058, 156.966
183, 834.246, 17.762, 463.23612, 154.51118, 17.682, 389764.936, 1169296.162, 156.84
184, 834.3, 17.86, 463.66181, 154.67782, 17.914, 389713.114, 1174215.68, 156.732
185, 834.378, 17.894, 462.38963, 155.20027, 17.964, 389700.548, 1179084.194, 156.584
186, 834.358, 17.932, 462.46933, 155.79006, 17.738, 389791.196, 1183845.394, 156.798
187, 834.464, 17.904, 462.29893, 155.80754, 17.966, 389751.526, 1188719.796, 156.63
188, 834.426, 17.722, 462.19388, 156.61653, 17.802, 389762.192, 1193442.416, 156.588
189, 834.384, 18.032, 460.34827, 156.92278, 17.966, 389744.75, 1198291.066, 156.696
190, 834.13, 17.998, 460.38449, 157.46029, 18.052, 389679.35, 1203171.288, 156.896
191, 834.188, 18.1, 462.32044, 158.10755, 18.28, 389570.408, 1208181.564, 156.658
192, 833.924, 18.314, 461.72327, 158.45908, 18.192, 389635.074, 1213063.43, 157.044
193, 833.718, 17.892, 462.27364, 158.98283, 17.988, 389614.38, 1217849.67, 157.154
194, 833.59, 18.132, 462.44209, 159.71449, 18.044, 389689.392, 1222633.066, 157.37
195, 833.274, 18.072, 459.99336, 160.22387, 18.064, 389625.918, 1227488.102, 157.694
196, 833.142, 18.104, 463.5992, 160.38627, 18.136, 389644.072, 1232327.774, 157.794
197, 833.292, 17.89, 462.32532, 160.9867, 17.71, 389729.726, 1236957.504, 157.824
198, 833.058, 17.888, 459.35823, 161.09699, 17.876, 389685.476, 1241658.646, 158.07
199, 833.264, 17.82, 462.34568, 161.65202, 17.964, 389604.126, 1246418.636, 157.72
200, 832.952, 18.254, 464.06267, 162.15972, 18.25, 389646.756, 1251265.154, 158.036
201, 833.172, 18.144, 462.68739, 162.71209, 17.958, 389733.112, 1255972.922, 158.002
202, 833.308, 17.894, 460.09836, 163.15984, 17.93, 389692.676, 1260650.22, 157.83
203, 833.05, 17.85, 458.59944, 163.66003, 18.342, 389435.922, 1265508.948, 157.596
204, 833.094, 18.344, 461.24073, 164.31521, 18.034, 389521.17, 1270255.98, 157.862
205, 833.068, 18.292, 460.14651, 164.54806, 18.42, 389469.998, 1275100.274, 157.76
206, 833.352, 17.958, 463.30326, 165.24363, 17.616, 389606.428, 1279629.422, 157.818
207, 833.29, 17.724, 463.55225, 165.63717, 17.86, 389570.674, 1284229.13, 157.744
208, 833.374, 17.632, 463.24864, 166.0273, 17.508, 389620.344, 1288675.986, 157.784
209, 833.738, 17.752, 460.28616, 166.56248, 17.562, 389623.13, 1293175.58, 157.61
210, 833.888, 17.562, 459.62874, 166.75694, 18.092, 389341.742, 1297873.538, 156.93
211, 834.13, 18.102, 460.94354, 167.38351, 17.796, 389487.636, 1302368.72, 156.994
212, 834.036, 17.782, 460.97177, 167.84116, 18.074, 389335.012, 1307027.316, 156.796
213, 834.068, 18.11, 460.24296, 168.22939, 17.738, 389464.866, 1311514.58, 157.136
214, 834.16, 17.886, 461.7578, 168.51834, 17.992, 389412.814, 1316117.838, 156.938
215, 834.63, 17.864, 461.65472, 169.03347, 17.942, 389361.846, 1320694.892, 156.39
216, 834.732, 17.888, 460.4763, 169.72356, 17.718, 389378.672, 1325171.318, 156.458
217, 834.922, 17.49, 462.1498, 170.07881, 17.642, 389282.008, 1329609.944, 156.116
218, 834.68, 17.726, 462.82297, 170.29998, 17.768, 389263.676, 1334078.67, 156.316
219, 834.694, 17.998, 461.27347, 170.77307, 17.928, 389291.282, 1338592.292, 156.372
220, 834.462, 17.83, 459.22602, 171.44724, 17.756, 389320.066, 1342966.428, 156.678
221, 834.172, 18.072, 458.66534, 171.90252, 18.432, 389092.654, 1347720.8, 156.608
222, 834.194, 18.208, 462.87346, 172.5496, 17.886, 389210.564, 1352220.32, 156.908
223, 834.44, 18.028, 460.00666, 172.76824, 17.768, 389273.202, 1356641.282, 156.922
224, 834.078, 17.524, 461.65259, 173.21681, 18.106, 389034.196, 1361174.67, 156.702
225, 834.054, 18.214, 462.11705, 173.43175, 17.828, 389182.88, 1365608.76, 157.112
226, 833.764, 17.976, 459.83534, 173.72659, 18.18, 389087.446, 1370147.992, 157.198
227, 833.312, 18.126, 461.16076, 174.24788, 18.324, 389006.23, 1374747.822, 157.452
228, 832.898, 18.436, 460.72901, 174.88557, 18.172, 389105.114, 1379283.002, 158.13
229, 832.962, 18.048, 461.76862, 175.54368, 17.828, 389195.45, 1383655.354, 158.286
230, 832.926, 17.75, 461.07042, 175.49536, 18.018, 389099.584, 1388067.294, 158.054
231, 832.884, 17.936, 459.13247, 176.22696, 18.006, 389026.102, 1392497.148, 158.026
232, 833.046, 18.092, 461.47468, 176.57995, 18.028, 389070.916, 1396906.96, 157.928
233, 833.28, 17.912, 461.70165, 177.02007, 17.882, 389063.62, 1401275.496, 157.724
234, 832.842, 18.046, 460.37903, 177.34726, 18.136, 388984.432, 1405754.276, 158.072
235, 832.934, 18.116, 460.53213, 178.14, 17.996, 389023.768, 1410135.386, 158.1
236, 832.994, 17.868, 462.22297, 178.19094, 17.994, 388962.656, 1414529.912, 157.914
237, 833.402, 18.0, 459.5, 178.90799, 17.744, 389021.074, 1418795.014, 157.762
238, 833.6, 17.75, 458.08451, 178.98709, 18.21, 388787.486, 1423228.774, 157.104
239, 833.642, 18.366, 462.70282, 179.67569, 18.144, 388921.074, 1427623.222, 157.284
240, 833.49, 18.106, 460.95217, 180.08303, 18.05, 388929.666, 1431992.464, 157.492
241, 833.118, 18.078, 460.44916, 180.3729, 18.018, 388907.094, 1436364.654, 157.924
242, 833.148, 17.804, 460.62683, 181.05804, 18.008, 388785.37, 1440702.036, 157.69
243, 832.916, 18.314, 463.41597, 181.3754, 18.02, 388932.434, 1445039.56, 158.216
244, 833.388, 17.754, 460.57227, 181.63079, 17.752, 388863.31, 1449278.99, 157.746
245, 833.636, 17.878, 460.9576, 182.20107, 17.954, 388818.602, 1453556.34, 157.422
246, 833.584, 18.018, 459.70696, 182.52493, 17.778, 388894.886, 1457726.052, 157.714
247, 833.602, 17.698, 459.76947, 183.07484, 17.92, 388768.574, 1461965.516, 157.474
248, 833.35, 18.208, 461.88489, 183.322, 18.178, 388793.492, 1466303.854, 157.756
249, 833.626, 17.906, 458.72892, 183.84332, 18.062, 388684.136, 1470582.428, 157.324
250, 833.904, 17.752, 462.20144, 184.28215, 17.734, 388649.202, 1474765.018, 157.064
251, 834.158, 18.062, 459.74975, 184.64258, 17.674, 388774.062, 1478864.472, 157.198
252, 834.14, 17.72, 460.60948, 184.98297, 17.916, 388704.676, 1483027.792, 157.02
253, 834.096, 17.716, 462.63265, 185.32028, 18.138, 388582.856, 1487267.872, 156.642
254, 833.912, 18.18, 460.56106, 186.07118, 18.108, 388594.096, 1491521.062, 156.898
255, 833.558, 18.408, 459.20252, 186.55448, 18.23, 388645.326, 1495813.136, 157.43
256, 833.606, 17.972, 460.71667, 186.87355, 17.982, 388621.614, 1500005.016, 157.372
257, 833.526, 17.958, 460.79742, 186.94091, 17.808, 388675.508, 1504093.524, 157.602
258, 833.424, 17.83, 464.2737, 187.33825, 17.988, 388696.74, 1508217.256, 157.546
259, 833.104, 18.182, 461.28039, 188.01836, 18.38, 388601.736, 1512569.11, 157.668
260, 832.73, 18.386, 462.03633, 188.45639, 18.126, 388729.748, 1516774.432, 158.302
261, 832.712, 17.978, 460.95228, 189.08495, 18.208, 388617.516, 1521026.964, 158.09
262, 832.442, 18.278, 461.81201, 189.34178, 18.102, 388710.252, 1525202.888, 158.536
263, 832.242, 18.036, 462.13129, 189.75945, 17.982, 388810.35, 1529256.142, 158.79
264, 832.508, 17.876, 459.72253, 190.29715, 17.862, 388779.452, 1533313.718, 158.538
265, 832.888, 17.878, 462.18816, 190.36972, 17.718, 388837.066, 1537315.052, 158.318
266, 832.958, 17.898, 459.60443, 191.15548, 18.014, 388733.288, 1541445.366, 158.132
267, 832.744, 18.082, 460.292, 191.10537, 18.232, 388651.198, 1545648.538, 158.196
268, 832.622, 18.12, 459.71302, 191.62185, 18.086, 388695.358, 1549716.152, 158.352
269, 832.89, 17.956, 463.29918, 192.0131, 17.866, 388776.788, 1553712.798, 158.174
270, 833.202, 18.098, 462.20577, 192.6587, 17.99, 388843.238, 1557764.422, 157.97
271, 833.33, 17.802, 461.74587, 192.85633, 17.882, 388803.478, 1561778.004, 157.762
272, 833.65, 18.064, 461.69176, 193.20564, 17.944, 388867.55, 1565786.312, 157.562
273, 833.994, 17.72, 461.23025, 193.69864, 17.952, 388761.02, 1569808.674, 156.986
274, 833.832, 18.042, 461.14621, 194.01274, 17.96, 388781.298, 1573827.284, 157.23
275, 833.808, 17.894, 460.76897, 194.45761, 17.936, 388749.616, 1577825.444, 157.212
276, 833.728, 18.044, 464.08779, 194.74325, 17.972, 388805.576, 1581846.674, 157.364
277, 833.696, 17.978, 461.50851, 195.30662, 17.958, 388808.978, 1585835.384, 157.416
278, 833.8, 18.016, 461.31217, 195.67681, 17.866, 388877.41, 1589757.976, 157.462
279, 833.774, 17.942, 459.81496, 196.22364, 18.158, 388768.56, 1593821.366, 157.272
280, 833.886, 17.922, 462.05781, 196.75136, 17.976, 388765.602, 1597771.612, 157.106
281, 833.606, 18.122, 460.8211, 196.715, 18.07, 388772.35, 1601773.754, 157.438
282, 833.848, 17.76, 461.43018, 197.25735, 17.898, 388731.606, 1605668.032, 157.058
283, 833.974, 17.846, 461.61605, 197.60779, 17.494, 388867.924, 1609402.532, 157.284
284, 834.158, 17.87, 463.51427, 197.97622, 17.872, 388906.536, 1613283.976, 157.098
285, 834.14, 17.748, 461.68582, 198.56163, 17.966, 388827.28, 1617188.058, 156.898
286, 834.062, 17.81, 462.09994, 198.74994, 17.814, 388840.192, 1621032.706, 156.972
287, 833.864, 17.99, 459.47749, 199.21304, 18.12, 388776.458, 1624977.882, 157.04
288, 833.738, 18.37, 462.16658, 199.21508, 18.362, 388832.67, 1629013.368, 157.174
289, 833.998, 18.086, 461.24074, 199.69156, 17.772, 388976.732, 1632791.706, 157.228
290, 833.954, 17.772, 460.55593, 200.16103, 17.936, 388862.062, 1636695.858, 157.108
291, 833.966, 17.836, 462.65979, 200.53333, 18.042, 388813.82, 1640585.046, 156.89
292, 833.79, 18.31, 464.71873, 201.08368, 18.304, 388878.846, 1644591.424, 157.072
293, 834.046, 18.144, 461.30952, 201.43106, 17.706, 389023.026, 1648370.958, 157.254
294, 833.814, 17.894, 461.7749, 201.95292, 18.246, 388895.272, 1652324.012, 157.134
295, 833.512, 18.156, 461.8308, 202.09004, 18.154, 388965.404, 1656176.386, 157.438
296, 833.064, 17.982, 461.73952, 202.70083, 18.01, 388974.944, 1660013.702, 157.858
297, 832.926, 18.31, 457.2911, 202.83889, 18.076, 389037.716, 1663848.674, 158.23
298, 833.076, 17.788, 463.23364, 203.54964, 18.04, 388954.82, 1667699.634, 157.828
299, 833.37, 18.014, 461.47441, 203.83496, 17.816, 389055.804, 1671415.1, 157.732
300, 833.106, 18.03, 459.06822, 204.32802, 18.2, 388972.434, 1675286.498, 157.826
301, 833.15, 17.846, 461.16777, 204.70097, 17.624, 389025.176, 1678948.546, 158.004
302, 833.692, 17.78, 458.71766, 204.86219, 17.888, 388915.814, 1682710.666, 157.354
303, 833.716, 18.05, 460.1662, 205.47026, 18.086, 388876.898, 1686538.894, 157.294
304, 833.428, 17.948, 462.00134, 205.69694, 18.016, 388861.738, 1690322.914, 157.514
305, 833.416, 18.264, 457.18353, 206.0806, 18.196, 388848.784, 1694146.28, 157.594
306, 833.26, 18.062, 459.74975, 206.38223, 17.966, 388889.37, 1697852.28, 157.846
307, 833.394, 17.904, 463.13673, 206.6376, 18.13, 388823.186, 1701660.124, 157.486
308, 833.264, 18.204, 458.08613, 207.05732, 17.876, 388917.226, 1705340.126, 157.944
309, 833.386, 17.758, 460.75008, 207.27744, 17.878, 388840.154, 1709037.094, 157.702
310, 833.348, 17.946, 461.4956, 207.77191, 17.988, 388861.548, 1712723.72, 157.698
311, 833.066, 18.228, 463.79197, 208.38952, 18.352, 388894.274, 1716557.592, 157.856
312, 832.982, 18.01, 460.74403, 208.58171, 17.95, 388898.586, 1720253.48, 158.0
313, 833.214, 17.99, 459.69983, 209.00605, 17.934, 388903.974, 1723916.526, 157.824
314, 833.204, 17.988, 460.25128, 209.03708, 18.176, 388780.758, 1727718.738, 157.646
315, 832.896, 18.258, 461.87972, 209.58461, 18.252, 388876.544, 1731432.19, 157.96
316, 832.95, 18.108, 462.28186, 209.76514, 17.954, 388964.618, 1735085.958, 158.06
317, 832.864, 18.122, 460.71074, 210.55037, 18.296, 388883.164, 1738888.876, 157.972
318, 832.878, 18.088, 460.63689, 210.92595, 17.956, 388882.356, 1742578.806, 158.09
319, 832.932, 17.968, 461.15316, 211.18513, 17.908, 388929.792, 1746155.736, 158.096
320, 832.902, 17.9, 459.6648, 211.53014, 17.916, 388884.032, 1749772.414, 158.11
321, 833.444, 17.844, 461.61175, 211.91477, 17.738, 388881.764, 1753350.028, 157.674
322, 833.208, 17.994, 461.76503, 212.21386, 18.186, 388821.26, 1757054.198, 157.718
323, 833.018, 18.212, 459.6969, 212.54766, 18.16, 388812.41, 1760759.948, 157.96
324, 832.61, 18.25, 462.68493, 212.78067, 18.3, 388842.378, 1764486.724, 158.318
325, 832.9, 17.928, 462.0705, 213.6317, 17.75, 388953.538, 1767951.116, 158.206
326, 833.146, 17.88, 461.0179, 213.68337, 17.854, 388969.514, 1771459.732, 157.986
327, 833.668, 17.722, 460.89606, 213.49902, 17.756, 388921.024, 1774973.494, 157.43
328, 833.744, 17.966, 460.31393, 214.44039, 18.158, 388830.9, 1778619.038, 157.162
329, 833.482, 18.214, 463.48962, 214.76416, 18.318, 388849.782, 1782310.73, 157.32
330, 833.196, 18.312, 464.55876, 215.00247, 18.09, 388993.436, 1785929.374, 157.828
331, 833.138, 17.828, 460.2311, 215.2858, 17.83, 389012.732, 1789364.492, 157.884
332, 833.024, 17.968, 461.32012, 215.70744, 18.094, 388978.456, 1792948.182, 157.872
333, 833.06, 17.992, 459.59315, 216.14379, 18.17, 388883.94, 1796566.432, 157.658
334, 833.344, 18.064, 461.80248, 216.5211, 17.846, 388954.056, 1800071.86, 157.592
335, 833.456, 18.06, 462.73533, 217.08855, 17.928, 389032.134, 1803568.84, 157.612
336, 833.5, 17.822, 460.7227, 217.05103, 17.664, 389098.466, 1806925.674, 157.726
337, 833.048, 17.866, 460.20374, 217.61615, 18.282, 388884.062, 1810586.728, 157.762
338, 832.926, 18.148, 460.32621, 217.77616, 17.958, 388907.302, 1814123.52, 158.074
339, 832.984, 17.97, 462.04786, 218.13128, 18.18, 388829.774, 1817709.248, 157.806
340, 833.21, 18.414, 460.46486, 218.63781, 18.21, 388902.818, 1821298.696, 157.784
341, 832.932, 18.024, 463.21571, 218.92119, 18.116, 388925.952, 1824801.732, 157.97
342, 832.966, 18.022, 462.26834, 219.51302, 17.888, 388975.506, 1828250.492, 158.07
343, 832.826, 18.066, 461.47459, 219.85342, 18.296, 388856.146, 1831877.016, 157.98
344, 832.654, 18.174, 460.82315, 220.19821, 18.192, 388813.566, 1835454.952, 158.134
345, 832.966, 18.184, 461.17466, 220.52361, 17.914, 388921.564, 1838872.978, 158.092
346, 832.992, 17.732, 463.06113, 220.85361, 17.976, 388821.506, 1842330.578, 157.822
347, 832.694, 18.18, 459.68097, 221.0791, 18.076, 388829.9, 1845816.774, 158.224
348, 832.516, 18.194, 462.84489, 221.52417, 18.332, 388836.068, 1849359.31, 158.264
349, 832.274, 18.3, 464.20765, 221.59388, 18.086, 388983.208, 1852817.324, 158.72
350, 833.034, 17.796, 459.26051, 221.97015, 17.758, 388931.578, 1856160.746, 157.998
351, 832.708, 18.158, 462.99152, 222.45474, 18.392, 388919.124, 1859695.412, 158.09
352, 833.01, 18.282, 461.82037, 222.74985, 17.738, 389146.946, 1862990.77, 158.332
353, 832.89, 17.704, 459.61365, 222.97972, 18.006, 388966.106, 1866413.912, 158.15
354, 832.774, 17.958, 462.96915, 223.51516, 17.958, 388974.914, 1869805.63, 158.266
355, 832.906, 18.084, 458.19509, 223.94798, 18.032, 388941.874, 1873201.582, 158.186
356, 832.768, 17.94, 460.6466, 224.09051, 18.004, 388921.154, 1876546.702, 158.26
357, 833.37, 17.81, 462.43683, 224.71746, 17.776, 388900.156, 1879864.804, 157.692
358, 833.54, 18.0, 461.77778, 224.69237, 18.024, 388879.36, 1883255.832, 157.498
359, 833.71, 18.098, 461.65322, 225.00144, 17.976, 388916.026, 1886624.132, 157.45
360, 833.41, 17.882, 460.07158, 225.6988, 18.26, 388703.49, 1890121.648, 157.372
361, 833.57, 18.124, 459.83227, 225.90257, 17.852, 388791.056, 1893388.218, 157.484
362, 833.534, 18.066, 458.70696, 226.07071, 18.196, 388678.308, 1896820.69, 157.39
363, 833.706, 18.05, 459.72299, 226.46107, 17.734, 388770.512, 1900034.312, 157.534
364, 833.348, 17.75, 459.5493, 226.57423, 18.16, 388598.79, 1903387.096, 157.482
365, 833.196, 18.206, 462.04548, 227.01201, 18.21, 388625.168, 1906776.23, 157.63
366, 832.876, 18.248, 459.99562, 227.03026, 18.348, 388581.362, 1910210.154, 157.85
367, 832.634, 18.504, 461.35971, 227.7847, 17.972, 388829.172, 1913472.46, 158.624
368, 832.528, 17.826, 461.96567, 228.18312, 18.238, 388738.626, 1916781.942, 158.318
369, 832.318, 18.342, 461.83622, 228.22996, 18.266, 388811.334, 1920151.61, 158.604
370, 832.25, 18.138, 461.68266, 228.72737, 17.936, 388901.8, 1923397.584, 158.874
371, 832.198, 17.92, 461.04911, 229.03365, 18.066, 388874.142, 1926653.206, 158.78
372, 832.306, 18.216, 462.12121, 229.35567, 18.198, 388890.458, 1930010.974, 158.69
373, 832.256, 18.224, 460.38191, 229.90381, 18.266, 388860.682, 1933382.928, 158.698
374, 832.044, 18.22, 461.58068, 229.88775, 18.222, 388902.036, 1936673.456, 158.908
375, 832.012, 18.182, 461.11539, 230.15315, 18.302, 388878.228, 1940019.596, 158.82
376, 832.04, 18.406, 464.14213, 230.69519, 18.154, 389037.08, 1943315.702, 159.044
377, 832.436, 18.082, 461.23216, 230.9771, 18.134, 389019.918, 1946593.55, 158.596
378, 832.196, 18.054, 462.66755, 231.3461, 18.094, 389040.986, 1949833.69, 158.796
379, 832.488, 17.988, 464.42072, 231.93608, 18.038, 389065.244, 1953059.848, 158.454
380, 832.548, 18.212, 462.71689, 231.80574, 18.018, 389186.868, 1956251.58, 158.588
381, 832.272, 17.992, 461.09382, 232.4337, 18.064, 389157.56, 1959466.95, 158.792
382, 832.148, 17.968, 459.31656, 232.62268, 18.154, 389051.682, 1962714.874, 158.73
383, 832.266, 18.136, 463.38774, 232.84948, 17.964, 389143.356, 1965897.296, 158.784
384, 832.52, 17.924, 463.34524, 233.41493, 17.94, 389174.292, 1969039.29, 158.514
385, 832.808, 17.684, 461.54716, 233.50992, 17.734, 389149.27, 1972081.254, 158.176
386, 832.988, 18.044, 461.87098, 234.00144, 18.11, 389160.1, 1975254.156, 157.93
387, 833.272, 18.106, 459.7371, 234.17432, 18.048, 389150.326, 1978440.164, 157.704
388, 833.492, 17.986, 462.86, 234.44697, 17.802, 389288.832, 1981455.696, 157.668
389, 833.116, 18.01, 462.96502, 235.03514, 18.514, 389094.3, 1984841.818, 157.54
390, 833.28, 18.23, 461.98574, 235.55498, 17.952, 389210.65, 1987962.8, 157.654
391, 833.43, 18.316, 460.7447, 235.44839, 17.966, 389325.344, 1991095.988, 157.854
392, 833.318, 17.774, 463.26094, 235.87175, 18.124, 389228.43, 1994243.136, 157.616
393, 833.25, 18.106, 463.60323, 236.33822, 18.228, 389230.476, 1997442.498, 157.562
394, 833.214, 18.304, 462.52185, 236.33511, 18.09, 389296.964, 2000636.396, 157.812
395, 832.976, 18.13, 458.85273, 236.52086, 17.994, 389315.046, 2003725.604, 158.186
396, 832.836, 17.956, 462.4638, 236.97278, 18.046, 389307.452, 2006827.702, 158.236
397, 832.874, 18.246, 460.75852, 237.34792, 18.286, 389290.564, 2010034.886, 158.158
398, 832.922, 17.788, 463.00877, 237.58803, 17.806, 389283.44, 2013046.226, 158.092
399, 832.726, 17.986, 460.30246, 238.0918, 18.328, 389103.22, 2016279.482, 157.946
400, 832.576, 18.39, 459.10821, 238.69418, 18.33, 389101.796, 2019477.288, 158.156
401, 832.632, 18.264, 461.45423, 238.73042, 18.172, 389171.61, 2022576.842, 158.192
402, 832.218, 18.25, 464.87671, 238.8219, 18.212, 389244.166, 2025724.964, 158.644
403, 832.048, 18.158, 460.29298, 239.2552, 18.228, 389159.368, 2028918.708, 158.744
404, 832.378, 18.144, 461.25441, 239.34389, 17.802, 389270.718, 2031899.16, 158.756
405, 832.522, 17.804, 460.17749, 239.73734, 17.846, 389211.77, 2034882.746, 158.57
406, 832.71, 17.776, 461.29613, 240.08439, 17.872, 389134.476, 2037889.1, 158.286
407, 833.062, 17.91, 460.02233, 240.52057, 17.884, 389157.754, 2040816.878, 157.96
408, 833.006, 17.908, 459.79451, 240.19881, 17.836, 389121.494, 2043801.648, 158.088
409, 833.072, 17.774, 461.34804, 240.945, 17.938, 389072.358, 2046748.822, 157.858
410, 833.434, 18.128, 459.62048, 241.07945, 18.024, 389077.894, 2049770.13, 157.6
411, 833.676, 17.744, 461.95897, 241.81627, 17.746, 389095.274, 2052633.172, 157.356
412, 833.948, 17.982, 461.85074, 242.02685, 17.912, 389145.472, 2055564.118, 157.154
413, 834.284, 17.758, 461.76371, 241.96646, 17.528, 389281.348, 2058292.918, 157.048
414, 834.292, 17.704, 463.28513, 242.60997, 18.074, 389120.378, 2061334.962, 156.67
415, 834.312, 18.004, 459.67563, 242.85186, 17.914, 389154.862, 2064228.626, 156.74
416, 834.278, 17.764, 462.67732, 242.63086, 17.792, 389155.878, 2067094.444, 156.746
417, 834.184, 18.006, 462.01266, 243.3855, 18.05, 389115.234, 2070112.074, 156.796
418, 834.158, 18.026, 461.77743, 243.60776, 17.938, 389181.384, 2073010.444, 156.91
419, 834.026, 17.92, 461.88616, 244.06295, 17.898, 389180.48, 2075921.346, 157.064
420, 834.192, 17.864, 462.99821, 244.25499, 18.016, 389138.324, 2078869.698, 156.746
421, 833.72, 18.202, 460.44391, 244.80265, 18.244, 389152.848, 2081856.786, 157.176
422, 833.538, 18.334, 459.69237, 244.84385, 18.192, 389154.248, 2084901.6, 157.5
423, 833.39, 17.91, 462.86991, 245.05271, 17.89, 389185.124, 2087767.64, 157.668
424, 833.494, 17.808, 459.90566, 245.34042, 17.788, 389159.316, 2090595.19, 157.584
425, 833.602, 18.006, 461.06853, 245.53734, 18.002, 389162.316, 2093493.408, 157.48
426, 833.198, 18.208, 459.96265, 245.7434, 18.234, 389129.81, 2096503.564, 157.858
427, 832.97, 18.008, 462.4056, 246.64465, 18.108, 389112.48, 2099441.12, 157.986
428, 832.93, 18.146, 459.99118, 246.5638, 18.14, 389111.204, 2102368.992, 158.032
429, 832.804, 18.046, 463.09431, 246.98923, 18.146, 389098.674, 2105305.892, 158.058
430, 832.712, 18.196, 461.85975, 247.08746, 18.092, 389187.508, 2108189.074, 158.254
431, 832.92, 17.934, 461.74863, 247.40128, 17.954, 389157.052, 2111066.396, 158.026
432, 833.384, 18.008, 462.57219, 247.5377, 17.886, 389245.584, 2113859.342, 157.684
433, 833.282, 17.738, 462.50987, 248.11275, 17.842, 389198.096, 2116663.516, 157.682
434, 833.108, 18.092, 461.97214, 248.33106, 18.058, 389233.606, 2119520.832, 157.89
435, 833.034, 18.148, 460.32621, 248.87718, 17.908, 389329.872, 2122303.166, 158.204
436, 833.164, 17.7, 461.35593, 248.67965, 18.072, 389165.472, 2125173.732, 157.702
437, 833.512, 17.936, 461.36262, 249.15432, 17.692, 389246.964, 2127876.838, 157.598
438, 833.6, 17.87, 460.49245, 249.71625, 18.126, 389148.88, 2130731.16, 157.254
439, 833.484, 18.25, 461.42466, 249.80086, 18.016, 389266.872, 2133537.22, 157.604
440, 833.516, 17.958, 459.29391, 250.27728, 18.024, 389211.872, 2136342.3, 157.506
441, 833.386, 17.964, 462.03518, 250.30916, 17.976, 389195.606, 2139160.474, 157.624
442, 833.408, 17.9, 462.06704, 250.73449, 18.016, 389149.352, 2141973.718, 157.486
443, 833.312, 18.0, 461.0, 250.62364, 17.882, 389211.878, 2144683.83, 157.7
444, 833.428, 18.036, 459.08184, 251.20435, 17.978, 389175.52, 2147479.77, 157.642
445, 833.648, 17.798, 460.72592, 251.14598, 17.894, 389138.132, 2150194.25, 157.326
446, 833.68, 18.036, 459.08184, 251.2808, 17.874, 389187.564, 2152894.184, 157.456
447, 833.87, 17.868, 461.9991, 251.71847, 17.814, 389195.084, 2155605.412, 157.32
448, 833.658, 17.896, 462.67322, 251.77899, 17.964, 389172.344, 2158364.228, 157.464
449, 833.862, 17.72, 461.79458, 252.35928, 17.868, 389057.59, 2161126.54, 157.112
450, 833.604, 18.144, 459.98677, 252.71423, 18.23, 389039.228, 2163936.666, 157.284
451, 833.64, 18.076, 462.38106, 252.81634, 17.886, 389113.028, 2166651.558, 157.438
452, 833.432, 17.928, 464.02276, 252.82786, 18.15, 389048.104, 2169464.684, 157.424
453, 833.592, 17.928, 462.90718, 253.71406, 17.932, 389091.4, 2172153.044, 157.26
454, 833.716, 18.08, 462.38938, 253.58768, 17.996, 389127.932, 2174897.618, 157.22
455, 833.518, 18.18, 459.29593, 254.2382, 17.94, 389161.326, 2177617.64, 157.658
456, 833.852, 17.642, 460.09523, 253.91931, 17.71, 389102.872, 2180208.262, 157.256
457, 833.93, 17.918, 463.05391, 254.61179, 17.89, 389161.494, 2182850.0, 157.206
458, 833.948, 17.83, 459.84296, 254.70557, 17.888, 389116.22, 2185500.14, 157.13
459, 833.774, 17.71, 457.93337, 255.20715, 17.718, 389031.004, 2188095.688, 157.296
460, 833.876, 17.764, 460.08782, 255.28325, 17.774, 389038.63, 2190648.242, 157.184
461, 833.818, 18.024, 458.7217, 255.51669, 18.312, 388870.706, 2193481.296, 156.954
462, 834.194, 17.886, 460.52779, 256.05014, 17.51, 389005.514, 2195951.876, 156.954
463, 834.03, 17.934, 461.41407, 256.15215, 18.294, 388854.69, 2198757.9, 156.758
464, 833.95, 18.378, 460.55066, 256.32042, 18.038, 389027.758, 2201398.08, 157.178
465, 834.01, 18.106, 463.98984, 256.17129, 18.24, 389007.96, 2204177.404, 156.984
466, 833.624, 18.006, 459.84672, 257.0628, 18.108, 388937.788, 2206883.44, 157.268
467, 833.5, 18.144, 462.46693, 257.32237, 17.958, 389009.728, 2209542.15, 157.578
468, 833.408, 17.772, 461.96264, 257.57661, 17.834, 388973.53, 2212132.512, 157.608
469, 833.07, 18.212, 461.12453, 257.87056, 18.3, 388911.378, 2214933.814, 157.858
470, 833.236, 18.088, 462.12959, 257.87522, 17.668, 389090.114, 2217431.67, 158.112
471, 833.354, 17.462, 459.22575, 258.10949, 17.792, 388863.776, 2220024.9, 157.664
472, 833.282, 17.868, 460.48802, 258.51993, 17.882, 388813.66, 2222627.442, 157.722
473, 833.22, 18.052, 461.38932, 258.92292, 18.178, 388801.356, 2225293.064, 157.658
474, 833.88, 17.796, 461.73297, 259.29695, 17.434, 388946.464, 2227657.304, 157.36
475, 834.06, 17.608, 462.00591, 258.9748, 17.884, 388842.786, 2230209.392, 156.904
476, 834.108, 18.04, 461.6408, 259.36119, 17.928, 388909.592, 2232761.778, 156.968
477, 834.342, 18.024, 462.27253, 259.77364, 17.836, 389024.796, 2235257.728, 156.922
478, 834.132, 17.698, 460.84303, 259.83141, 17.932, 388914.572, 2237819.364, 156.898
479, 834.396, 18.112, 461.35159, 260.05026, 17.898, 389029.046, 2240338.298, 156.848
480, 834.224, 18.01, 460.91061, 260.32936, 18.232, 388947.87, 2243001.36, 156.798
