time, seeders, joined, request_count, response_size, left, awareness, bad_data, leechers
0, 1.0, 0.0, 0.0, 0.0, 0.0, 5001.0, 0.0, 0.0
1, 10.0, 9.0, 919.55556, 0.68898, 0.0, 11890.128, 0.0, 0.0
2, 10.0, 0.0, 0.0, 0.0, 0.0, 11809.902, 0.0, 0.0
3, 10.0, 0.0, 0.0, 0.0, 0.0, 11808.02, 0.0, 0.0
4, 10.0, 0.0, 0.0, 0.0, 0.0, 11805.434, 0.0, 0.0
5, 10.0, 0.0, 0.0, 0.0, 0.0, 11802.282, 0.0, 0.0
6, 10.0, 0.0, 0.0, 0.0, 0.0, 11798.578, 0.0, 0.0
7, 10.0, 0.0, 0.0, 0.0, 0.0, 11794.338, 0.0, 0.0
8, 10.0, 0.0, 0.0, 0.0, 0.0, 11789.634, 0.0, 0.0
9, 10.0, 0.0, 0.0, 0.0, 0.0, 11784.348, 0.0, 0.0
10, 10.0, 0.0, 0.0, 0.0, 0.0, 11778.522, 0.0, 0.0
11, 10.0, 0.0, 0.0, 0.0, 0.0, 11751.582, 0.0, 0.0
12, 10.0, 0.0, 0.0, 0.0, 0.0, 11724.06, 0.0, 0.0
13, 10.0, 0.0, 0.0, 0.0, 0.0, 11696.868, 0.0, 0.0
14, 10.0, 0.0, 0.0, 0.0, 0.0, 11670.48, 0.0, 0.0
15, 10.0, 0.0, 0.0, 0.0, 0.0, 11644.154, 0.0, 0.0
16, 10.0, 0.0, 0.0, 0.0, 0.0, 11618.068, 0.0, 0.0
17, 10.0, 0.0, 0.0, 0.0, 0.0, 11592.79, 0.0, 0.0
18, 10.0, 0.0, 0.0, 0.0, 0.0, 11567.818, 0.0, 0.0
19, 10.0, 0.0, 0.0, 0.0, 0.0, 11542.97, 0.0, 0.0
20, 10.0, 0.0, 0.0, 0.0, 0.0, 11518.194, 0.0, 0.0
21, 10.0, 0.0, 0.0, 0.0, 0.0, 11493.55, 0.0, 0.0
22, 10.0, 0.0, 0.0, 0.0, 0.0, 11468.756, 0.0, 0.0
23, 10.0, 0.0, 0.0, 0.0, 0.0, 11444.02, 0.0, 0.0
24, 10.0, 0.0, 0.0, 0.0, 0.0, 11419.366, 0.0, 0.0
25, 10.0, 0.0, 0.0, 0.0, 0.0, 11394.944, 0.0, 0.0
26, 10.0, 0.0, 0.0, 0.0, 0.0, 11371.02, 0.0, 0.0
27, 10.0, 0.0, 0.0, 0.0, 0.0, 11346.52, 0.0, 0.0
28, 10.0, 0.0, 0.0, 0.0, 0.0, 11322.234, 0.0, 0.0
29, 10.0, 0.0, 0.0, 0.0, 0.0, 11297.966, 0.0, 0.0
30, 10.0, 0.0, 0.0, 0.0, 0.0, 11273.868, 0.0, 0.0
31, 10.0, 0.0, 0.0, 0.0, 0.0, 11249.646, 0.0, 0.0
32, 10.0, 0.0, 0.0, 0.0, 0.0, 11225.69, 0.0, 0.0
33, 10.0, 0.0, 0.0, 0.0, 0.0, 11201.432, 0.0, 0.0
34, 10.0, 0.0, 0.0, 0.0, 0.0, 11176.954, 0.0, 0.0
35, 10.0, 0.0, 0.0, 0.0, 0.0, 11153.07, 0.0, 0.0
36, 10.0, 0.0, 0.0, 0.0, 0.0, 11129.244, 0.0, 0.0
37, 10.0, 0.0, 0.0, 0.0, 0.0, 11105.33, 0.0, 0.0
38, 10.0, 0.0, 0.0, 0.0, 0.0, 11081.336, 0.0, 0.0
39, 10.0, 0.0, 0.0, 0.0, 0.0, 11057.544, 0.0, 0.0
40, 10.0, 0.0, 0.0, 0.0, 0.0, 11033.684, 0.0, 0.0
41, 10.0, 0.0, 0.0, 0.0, 0.0, 11009.77, 0.0, 0.0
42, 10.0, 0.0, 0.0, 0.0, 0.0, 10985.872, 0.0, 0.0
43, 10.0, 0.0, 0.0, 0.0, 0.0, 10962.3, 0.0, 0.0
44, 10.0, 0.0, 0.0, 0.0, 0.0, 10938.418, 0.0, 0.0
45, 10.0, 0.0, 0.0, 0.0, 0.0, 10914.842, 0.0, 0.0
46, 10.0, 0.0, 0.0, 0.0, 0.0, 10891.286, 0.0, 0.0
47, 10.0, 0.0, 0.0, 0.0, 0.0, 10867.678, 0.0, 0.0
48, 10.0, 0.0, 0.0, 0.0, 0.0, 10843.986, 0.0, 0.0
49, 10.0, 0.0, 0.0, 0.0, 0.0, 10820.9, 0.0, 0.0
50, 10.0, 0.0, 0.0, 0.0, 0.0, 10797.548, 0.0, 0.0
51, 10.0, 0.0, 0.0, 0.0, 0.0, 10774.344, 0.0, 0.0
52, 10.0, 0.0, 0.0, 0.0, 0.0, 10751.404, 0.0, 0.0
53, 10.0, 0.0, 0.0, 0.0, 0.0, 10728.174, 0.0, 0.0
54, 10.0, 0.0, 0.0, 0.0, 0.0, 10704.876, 0.0, 0.0
55, 10.0, 0.0, 0.0, 0.0, 0.0, 10681.982, 0.0, 0.0
56, 10.0, 0.0, 0.0, 0.0, 0.0, 10659.31, 0.0, 0.0
57, 10.0, 0.0, 0.0, 0.0, 0.0, 10636.246, 0.0, 0.0
58, 10.0, 0.0, 0.0, 0.0, 0.0, 10613.18, 0.0, 0.0
59, 10.0, 0.0, 0.0, 0.0, 0.0, 10590.276, 0.0, 0.0
60, 10.0, 0.0, 0.0, 0.0, 0.0, 10567.538, 0.0, 0.0
61, 10.0, 0.0, 0.0, 0.0, 0.0, 10544.854, 0.0, 0.0
62, 10.0, 0.0, 0.0, 0.0, 0.0, 10521.87, 0.0, 0.0
63, 10.0, 0.0, 0.0, 0.0, 0.0, 10498.952, 0.0, 0.0
64, 10.0, 0.0, 0.0, 0.0, 0.0, 10476.638, 0.0, 0.0
65, 10.0, 0.0, 0.0, 0.0, 0.0, 10454.116, 0.0, 0.0
66, 10.0, 0.0, 0.0, 0.0, 0.0, 10431.644, 0.0, 0.0
67, 10.0, 0.0, 0.0, 0.0, 0.0, 10409.27, 0.0, 0.0
68, 10.0, 0.0, 0.0, 0.0, 0.0, 10386.574, 0.0, 0.0
69, 10.0, 0.0, 0.0, 0.0, 0.0, 10364.192, 0.0, 0.0
70, 10.0, 0.0, 0.0, 0.0, 0.0, 10341.668, 0.0, 0.0
71, 10.0, 0.0, 0.0, 0.0, 0.0, 10319.506, 0.0, 0.0
72, 10.0, 0.0, 0.0, 0.0, 0.0, 10297.324, 0.0, 0.0
73, 10.0, 0.0, 0.0, 0.0, 0.0, 10274.93, 0.0, 0.0
74, 10.0, 0.0, 0.0, 0.0, 0.0, 10252.854, 0.0, 0.0
75, 10.0, 0.0, 0.0, 0.0, 0.0, 10230.468, 0.0, 0.0
76, 10.0, 0.0, 0.0, 0.0, 0.0, 10208.674, 0.0, 0.0
77, 10.0, 0.0, 0.0, 0.0, 0.0, 10186.668, 0.0, 0.0
78, 10.0, 0.0, 0.0, 0.0, 0.0, 10164.566, 0.0, 0.0
79, 10.0, 0.0, 0.0, 0.0, 0.0, 10142.548, 0.0, 0.0
80, 10.0, 0.0, 0.0, 0.0, 0.0, 10120.572, 0.0, 0.0
81, 10.0, 0.0, 0.0, 0.0, 0.0, 10099.044, 0.0, 0.0
82, 10.0, 0.0, 0.0, 0.0, 0.0, 10077.536, 0.0, 0.0
83, 10.0, 0.0, 0.0, 0.0, 0.0, 10055.93, 0.0, 0.0
84, 10.0, 0.0, 0.0, 0.0, 0.0, 10034.484, 0.0, 0.0
85, 10.0, 0.0, 0.0, 0.0, 0.0, 10012.898, 0.0, 0.0
86, 10.0, 0.0, 0.0, 0.0, 0.0, 9991.874, 0.0, 0.0
87, 10.0, 0.0, 0.0, 0.0, 0.0, 9970.31, 0.0, 0.0
88, 10.0, 0.0, 0.0, 0.0, 0.0, 9948.78, 0.0, 0.0
89, 10.0, 0.0, 0.0, 0.0, 0.0, 9927.29, 0.0, 0.0
90, 10.0, 0.0, 0.0, 0.0, 0.0, 9906.026, 0.0, 0.0
91, 10.0, 0.0, 0.0, 0.0, 0.0, 9884.252, 0.0, 0.0
92, 10.0, 0.0, 0.0, 0.0, 0.0, 9863.13, 0.0, 0.0
93, 10.0, 0.0, 0.0, 0.0, 0.0, 9842.018, 0.0, 0.0
94, 10.0, 0.0, 0.0, 0.0, 0.0, 9820.738, 0.0, 0.0
95, 10.0, 0.0, 0.0, 0.0, 0.0, 9799.48, 0.0, 0.0
96, 10.0, 0.0, 0.0, 0.0, 0.0, 9778.258, 0.0, 0.0
97, 10.0, 0.0, 0.0, 0.0, 0.0, 9757.474, 0.0, 0.0
98, 10.0, 0.0, 0.0, 0.0, 0.0, 9736.506, 0.0, 0.0
99, 10.0, 0.0, 0.0, 0.0, 0.0, 9715.6, 0.0, 0.0
100, 10.0, 0.0, 0.0, 0.0, 0.0, 9694.468, 0.0, 0.0
101, 10.0, 0.0, 0.0, 0.0, 0.0, 9673.742, 0.0, 0.0
102, 10.0, 0.0, 0.0, 0.0, 0.0, 9653.214, 0.0, 0.0
103, 10.0, 0.0, 0.0, 0.0, 0.0, 9632.35, 0.0, 0.0
104, 10.0, 0.0, 0.0, 0.0, 0.0, 9611.51, 0.0, 0.0
105, 10.0, 0.0, 0.0, 0.0, 0.0, 9590.658, 0.0, 0.0
106, 10.0, 0.0, 0.0, 0.0, 0.0, 9569.946, 0.0, 0.0
107, 10.0, 0.0, 0.0, 0.0, 0.0, 9549.28, 0.0, 0.0
108, 10.0, 0.0, 0.0, 0.0, 0.0, 9528.778, 0.0, 0.0
109, 10.0, 0.0, 0.0, 0.0, 0.0, 9508.272, 0.0, 0.0
110, 10.0, 0.0, 0.0, 0.0, 0.0, 9488.21, 0.0, 0.0
111, 10.0, 0.0, 0.0, 0.0, 0.0, 9467.63, 0.0, 0.0
112, 10.0, 0.0, 0.0, 0.0, 0.0, 9447.432, 0.0, 0.0
113, 10.0, 0.0, 0.0, 0.0, 0.0, 9426.958, 0.0, 0.0
114, 10.0, 0.0, 0.0, 0.0, 0.0, 9406.8, 0.0, 0.0
115, 10.0, 0.0, 0.0, 0.0, 0.0, 9386.802, 0.0, 0.0
116, 10.0, 0.0, 0.0, 0.0, 0.0, 9366.784, 0.0, 0.0
117, 10.0, 0.0, 0.0, 0.0, 0.0, 9346.404, 0.0, 0.0
118, 10.0, 0.0, 0.0, 0.0, 0.0, 9326.296, 0.0, 0.0
119, 10.0, 0.0, 0.0, 0.0, 0.0, 9306.026, 0.0, 0.0
120, 10.0, 0.0, 0.0, 0.0, 0.0, 9285.984, 0.0, 0.0
121, 10.0, 0.0, 0.0, 0.0, 0.0, 9266.198, 0.0, 0.0
122, 10.0, 0.0, 0.0, 0.0, 0.0, 9246.562, 0.0, 0.0
123, 10.0, 0.0, 0.0, 0.0, 0.0, 9226.814, 0.0, 0.0
124, 10.0, 0.0, 0.0, 0.0, 0.0, 9206.91, 0.0, 0.0
125, 10.0, 0.0, 0.0, 0.0, 0.0, 9187.068, 0.0, 0.0
126, 10.0, 0.0, 0.0, 0.0, 0.0, 9167.116, 0.0, 0.0
127, 10.0, 0.0, 0.0, 0.0, 0.0, 9147.322, 0.0, 0.0
128, 10.0, 0.0, 0.0, 0.0, 0.0, 9127.632, 0.0, 0.0
129, 10.0, 0.0, 0.0, 0.0, 0.0, 9107.704, 0.0, 0.0
130, 10.0, 0.0, 0.0, 0.0, 0.0, 9088.056, 0.0, 0.0
131, 10.0, 0.0, 0.0, 0.0, 0.0, 9068.432, 0.0, 0.0
132, 10.0, 0.0, 0.0, 0.0, 0.0, 9048.946, 0.0, 0.0
133, 10.0, 0.0, 0.0, 0.0, 0.0, 9029.368, 0.0, 0.0
134, 10.0, 0.0, 0.0, 0.0, 0.0, 9010.214, 0.0, 0.0
135, 10.0, 0.0, 0.0, 0.0, 0.0, 8990.76, 0.0, 0.0
136, 10.0, 0.0, 0.0, 0.0, 0.0, 8971.306, 0.0, 0.0
137, 10.0, 0.0, 0.0, 0.0, 0.0, 8951.966, 0.0, 0.0
138, 10.0, 0.0, 0.0, 0.0, 0.0, 8932.93, 0.0, 0.0
139, 10.0, 0.0, 0.0, 0.0, 0.0, 8913.594, 0.0, 0.0
140, 10.0, 0.0, 0.0, 0.0, 0.0, 8894.32, 0.0, 0.0
141, 10.0, 0.0, 0.0, 0.0, 0.0, 8875.32, 0.0, 0.0
142, 10.0, 0.0, 0.0, 0.0, 0.0, 8855.818, 0.0, 0.0
143, 10.0, 0.0, 0.0, 0.0, 0.0, 8836.95, 0.0, 0.0
144, 10.0, 0.0, 0.0, 0.0, 0.0, 8817.916, 0.0, 0.0
145, 10.0, 0.0, 0.0, 0.0, 0.0, 8798.96, 0.0, 0.0
146, 10.0, 0.0, 0.0, 0.0, 0.0, 8779.954, 0.0, 0.0
147, 10.0, 0.0, 0.0, 0.0, 0.0, 8761.056, 0.0, 0.0
148, 10.0, 0.0, 0.0, 0.0, 0.0, 8742.04, 0.0, 0.0
149, 10.0, 0.0, 0.0, 0.0, 0.0, 8723.358, 0.0, 0.0
150, 10.0, 0.0, 0.0, 0.0, 0.0, 8704.612, 0.0, 0.0
151, 10.0, 0.0, 0.0, 0.0, 0.0, 8685.786, 0.0, 0.0
152, 10.0, 0.0, 0.0, 0.0, 0.0, 8666.868, 0.0, 0.0
153, 10.0, 0.0, 0.0, 0.0, 0.0, 8647.814, 0.0, 0.0
154, 10.0, 0.0, 0.0, 0.0, 0.0, 8629.296, 0.0, 0.0
155, 10.0, 0.0, 0.0, 0.0, 0.0, 8610.956, 0.0, 0.0
156, 10.0, 0.0, 0.0, 0.0, 0.0, 8592.574, 0.0, 0.0
157, 10.0, 0.0, 0.0, 0.0, 0.0, 8574.134, 0.0, 0.0
158, 10.0, 0.0, 0.0, 0.0, 0.0, 8555.634, 0.0, 0.0
159, 10.0, 0.0, 0.0, 0.0, 0.0, 8537.118, 0.0, 0.0
160, 10.0, 0.0, 0.0, 0.0, 0.0, 8518.604, 0.0, 0.0
161, 10.0, 0.0, 0.0, 0.0, 0.0, 8500.656, 0.0, 0.0
162, 10.0, 0.0, 0.0, 0.0, 0.0, 8482.25, 0.0, 0.0
163, 10.0, 0.0, 0.0, 0.0, 0.0, 8463.834, 0.0, 0.0
164, 10.0, 0.0, 0.0, 0.0, 0.0, 8445.58, 0.0, 0.0
165, 10.0, 0.0, 0.0, 0.0, 0.0, 8427.446, 0.0, 0.0
166, 10.0, 0.0, 0.0, 0.0, 0.0, 8409.346, 0.0, 0.0
167, 10.0, 0.0, 0.0, 0.0, 0.0, 8391.196, 0.0, 0.0
168, 10.0, 0.0, 0.0, 0.0, 0.0, 8373.07, 0.0, 0.0
169, 10.0, 0.0, 0.0, 0.0, 0.0, 8354.848, 0.0, 0.0
170, 10.0, 0.0, 0.0, 0.0, 0.0, 8336.806, 0.0, 0.0
171, 10.0, 0.0, 0.0, 0.0, 0.0, 8318.544, 0.0, 0.0
172, 10.0, 0.0, 0.0, 0.0, 0.0, 8300.642, 0.0, 0.0
173, 10.0, 0.0, 0.0, 0.0, 0.0, 8282.868, 0.0, 0.0
174, 10.0, 0.0, 0.0, 0.0, 0.0, 8265.312, 0.0, 0.0
175, 10.0, 0.0, 0.0, 0.0, 0.0, 8247.226, 0.0, 0.0
176, 10.0, 0.0, 0.0, 0.0, 0.0, 8229.2, 0.0, 0.0
177, 10.0, 0.0, 0.0, 0.0, 0.0, 8211.446, 0.0, 0.0
178, 10.0, 0.0, 0.0, 0.0, 0.0, 8193.428, 0.0, 0.0
179, 10.0, 0.0, 0.0, 0.0, 0.0, 8176.088, 0.0, 0.0
180, 10.0, 0.0, 0.0, 0.0, 0.0, 8158.63, 0.0, 0.0
181, 10.0, 0.0, 0.0, 0.0, 0.0, 8141.206, 0.0, 0.0
182, 10.0, 0.0, 0.0, 0.0, 0.0, 8123.652, 0.0, 0.0
183, 10.0, 0.0, 0.0, 0.0, 0.0, 8106.4, 0.0, 0.0
184, 10.0, 0.0, 0.0, 0.0, 0.0, 8089.286, 0.0, 0.0
185, 10.0, 0.0, 0.0, 0.0, 0.0, 8071.758, 0.0, 0.0
186, 10.0, 0.0, 0.0, 0.0, 0.0, 8054.52, 0.0, 0.0
187, 10.0, 0.0, 0.0, 0.0, 0.0, 8037.11, 0.0, 0.0
188, 10.0, 0.0, 0.0, 0.0, 0.0, 8019.83, 0.0, 0.0
189, 10.0, 0.0, 0.0, 0.0, 0.0, 8002.61, 0.0, 0.0
190, 10.0, 0.0, 0.0, 0.0, 0.0, 7985.438, 0.0, 0.0
191, 10.0, 0.0, 0.0, 0.0, 0.0, 7968.038, 0.0, 0.0
192, 10.0, 0.0, 0.0, 0.0, 0.0, 7951.004, 0.0, 0.0
193, 10.0, 0.0, 0.0, 0.0, 0.0, 7933.684, 0.0, 0.0
194, 10.0, 0.0, 0.0, 0.0, 0.0, 7916.326, 0.0, 0.0
195, 10.0, 0.0, 0.0, 0.0, 0.0, 7899.472, 0.0, 0.0
196, 10.0, 0.0, 0.0, 0.0, 0.0, 7882.554, 0.0, 0.0
197, 10.0, 0.0, 0.0, 0.0, 0.0, 7865.344, 0.0, 0.0
198, 10.0, 0.0, 0.0, 0.0, 0.0, 7848.384, 0.0, 0.0
199, 10.0, 0.0, 0.0, 0.0, 0.0, 7831.482, 0.0, 0.0
200, 10.0, 0.0, 0.0, 0.0, 0.0, 7814.76, 0.0, 0.0
201, 10.0, 0.0, 0.0, 0.0, 0.0, 7797.52, 0.0, 0.0
202, 10.0, 0.0, 0.0, 0.0, 0.0, 7780.688, 0.0, 0.0
203, 10.0, 0.0, 0.0, 0.0, 0.0, 7764.218, 0.0, 0.0
204, 10.0, 0.0, 0.0, 0.0, 0.0, 7747.46, 0.0, 0.0
205, 10.0, 0.0, 0.0, 0.0, 0.0, 7730.716, 0.0, 0.0
206, 10.0, 0.0, 0.0, 0.0, 0.0, 7714.226, 0.0, 0.0
207, 10.0, 0.0, 0.0, 0.0, 0.0, 7697.872, 0.0, 0.0
208, 10.0, 0.0, 0.0, 0.0, 0.0, 7681.158, 0.0, 0.0
209, 10.0, 0.0, 0.0, 0.0, 0.0, 7664.664, 0.0, 0.0
210, 10.0, 0.0, 0.0, 0.0, 0.0, 7648.128, 0.0, 0.0
211, 10.0, 0.0, 0.0, 0.0, 0.0, 7631.868, 0.0, 0.0
212, 10.0, 0.0, 0.0, 0.0, 0.0, 7615.342, 0.0, 0.0
213, 10.0, 0.0, 0.0, 0.0, 0.0, 7599.304, 0.0, 0.0
214, 10.0, 0.0, 0.0, 0.0, 0.0, 7582.886, 0.0, 0.0
215, 10.0, 0.0, 0.0, 0.0, 0.0, 7566.674, 0.0, 0.0
216, 10.0, 0.0, 0.0, 0.0, 0.0, 7550.596, 0.0, 0.0
217, 10.0, 0.0, 0.0, 0.0, 0.0, 7534.392, 0.0, 0.0
218, 10.0, 0.0, 0.0, 0.0, 0.0, 7518.212, 0.0, 0.0
219, 10.0, 0.0, 0.0, 0.0, 0.0, 7501.906, 0.0, 0.0
220, 10.0, 0.0, 0.0, 0.0, 0.0, 7485.582, 0.0, 0.0
221, 10.0, 0.0, 0.0, 0.0, 0.0, 7469.462, 0.0, 0.0
222, 10.0, 0.0, 0.0, 0.0, 0.0, 7453.222, 0.0, 0.0
223, 10.0, 0.0, 0.0, 0.0, 0.0, 7437.218, 0.0, 0.0
224, 10.0, 0.0, 0.0, 0.0, 0.0, 7420.898, 0.0, 0.0
225, 10.0, 0.0, 0.0, 0.0, 0.0, 7404.966, 0.0, 0.0
226, 10.0, 0.0, 0.0, 0.0, 0.0, 7389.12, 0.0, 0.0
227, 10.0, 0.0, 0.0, 0.0, 0.0, 7373.146, 0.0, 0.0
228, 10.0, 0.0, 0.0, 0.0, 0.0, 7357.096, 0.0, 0.0
229, 10.0, 0.0, 0.0, 0.0, 0.0, 7341.44, 0.0, 0.0
230, 10.0, 0.0, 0.0, 0.0, 0.0, 7325.9, 0.0, 0.0
231, 10.0, 0.0, 0.0, 0.0, 0.0, 7310.45, 0.0, 0.0
232, 10.0, 0.0, 0.0, 0.0, 0.0, 7294.644, 0.0, 0.0
233, 10.0, 0.0, 0.0, 0.0, 0.0, 7279.134, 0.0, 0.0
234, 10.0, 0.0, 0.0, 0.0, 0.0, 7263.752, 0.0, 0.0
235, 10.0, 0.0, 0.0, 0.0, 0.0, 7247.678, 0.0, 0.0
236, 10.0, 0.0, 0.0, 0.0, 0.0, 7232.28, 0.0, 0.0
237, 10.0, 0.0, 0.0, 0.0, 0.0, 7216.794, 0.0, 0.0
238, 10.0, 0.0, 0.0, 0.0, 0.0, 7201.13, 0.0, 0.0
239, 10.0, 0.0, 0.0, 0.0, 0.0, 7185.658, 0.0, 0.0
240, 10.0, 0.0, 0.0, 0.0, 0.0, 7170.026, 0.0, 0.0
241, 10.0, 0.0, 0.0, 0.0, 0.0, 7154.37, 0.0, 0.0
242, 10.0, 0.0, 0.0, 0.0, 0.0, 7139.03, 0.0, 0.0
243, 10.0, 0.0, 0.0, 0.0, 0.0, 7123.826, 0.0, 0.0
244, 10.0, 0.0, 0.0, 0.0, 0.0, 7108.7, 0.0, 0.0
245, 10.0, 0.0, 0.0, 0.0, 0.0, 7093.832, 0.0, 0.0
246, 10.0, 0.0, 0.0, 0.0, 0.0, 7078.448, 0.0, 0.0
247, 10.0, 0.0, 0.0, 0.0, 0.0, 7062.964, 0.0, 0.0
248, 10.0, 0.0, 0.0, 0.0, 0.0, 7047.746, 0.0, 0.0
249, 10.0, 0.0, 0.0, 0.0, 0.0, 7032.812, 0.0, 0.0
250, 10.0, 0.0, 0.0, 0.0, 0.0, 7017.65, 0.0, 0.0
251, 10.0, 0.0, 0.0, 0.0, 0.0, 7002.702, 0.0, 0.0
252, 10.0, 0.0, 0.0, 0.0, 0.0, 6987.56, 0.0, 0.0
253, 10.0, 0.0, 0.0, 0.0, 0.0, 6972.44, 0.0, 0.0
254, 10.0, 0.0, 0.0, 0.0, 0.0, 6957.412, 0.0, 0.0
255, 10.0, 0.0, 0.0, 0.0, 0.0, 6942.662, 0.0, 0.0
256, 10.0, 0.0, 0.0, 0.0, 0.0, 6927.62, 0.0, 0.0
257, 10.0, 0.0, 0.0, 0.0, 0.0, 6912.42, 0.0, 0.0
258, 10.0, 0.0, 0.0, 0.0, 0.0, 6897.56, 0.0, 0.0
259, 10.0, 0.0, 0.0, 0.0, 0.0, 6882.724, 0.0, 0.0
260, 10.0, 0.0, 0.0, 0.0, 0.0, 6868.012, 0.0, 0.0
261, 10.0, 0.0, 0.0, 0.0, 0.0, 6853.14, 0.0, 0.0
262, 10.0, 0.0, 0.0, 0.0, 0.0, 6838.132, 0.0, 0.0
263, 10.0, 0.0, 0.0, 0.0, 0.0, 6823.11, 0.0, 0.0
264, 10.0, 0.0, 0.0, 0.0, 0.0, 6808.466, 0.0, 0.0
265, 10.0, 0.0, 0.0, 0.0, 0.0, 6794.088, 0.0, 0.0
266, 10.0, 0.0, 0.0, 0.0, 0.0, 6779.378, 0.0, 0.0
267, 10.0, 0.0, 0.0, 0.0, 0.0, 6764.892, 0.0, 0.0
268, 10.0, 0.0, 0.0, 0.0, 0.0, 6750.426, 0.0, 0.0
269, 10.0, 0.0, 0.0, 0.0, 0.0, 6735.966, 0.0, 0.0
270, 10.0, 0.0, 0.0, 0.0, 0.0, 6721.494, 0.0, 0.0
271, 10.0, 0.0, 0.0, 0.0, 0.0, 6707.0, 0.0, 0.0
272, 10.0, 0.0, 0.0, 0.0, 0.0, 6692.292, 0.0, 0.0
273, 10.0, 0.0, 0.0, 0.0, 0.0, 6677.866, 0.0, 0.0
274, 10.0, 0.0, 0.0, 0.0, 0.0, 6663.642, 0.0, 0.0
275, 10.0, 0.0, 0.0, 0.0, 0.0, 6649.334, 0.0, 0.0
276, 10.0, 0.0, 0.0, 0.0, 0.0, 6634.926, 0.0, 0.0
277, 10.0, 0.0, 0.0, 0.0, 0.0, 6620.728, 0.0, 0.0
278, 10.0, 0.0, 0.0, 0.0, 0.0, 6606.47, 0.0, 0.0
279, 10.0, 0.0, 0.0, 0.0, 0.0, 6592.436, 0.0, 0.0
280, 10.0, 0.0, 0.0, 0.0, 0.0, 6578.36, 0.0, 0.0
281, 10.0, 0.0, 0.0, 0.0, 0.0, 6564.246, 0.0, 0.0
282, 10.0, 0.0, 0.0, 0.0, 0.0, 6549.992, 0.0, 0.0
283, 10.0, 0.0, 0.0, 0.0, 0.0, 6535.884, 0.0, 0.0
284, 10.0, 0.0, 0.0, 0.0, 0.0, 6522.028, 0.0, 0.0
285, 10.0, 0.0, 0.0, 0.0, 0.0, 6508.134, 0.0, 0.0
286, 10.0, 0.0, 0.0, 0.0, 0.0, 6494.49, 0.0, 0.0
287, 10.0, 0.0, 0.0, 0.0, 0.0, 6480.632, 0.0, 0.0
288, 10.0, 0.0, 0.0, 0.0, 0.0, 6466.798, 0.0, 0.0
289, 10.0, 0.0, 0.0, 0.0, 0.0, 6452.902, 0.0, 0.0
290, 10.0, 0.0, 0.0, 0.0, 0.0, 6439.068, 0.0, 0.0
291, 10.0, 0.0, 0.0, 0.0, 0.0, 6425.222, 0.0, 0.0
292, 10.0, 0.0, 0.0, 0.0, 0.0, 6411.366, 0.0, 0.0
293, 10.0, 0.0, 0.0, 0.0, 0.0, 6397.592, 0.0, 0.0
294, 10.0, 0.0, 0.0, 0.0, 0.0, 6383.65, 0.0, 0.0
295, 10.0, 0.0, 0.0, 0.0, 0.0, 6370.05, 0.0, 0.0
296, 10.0, 0.0, 0.0, 0.0, 0.0, 6356.382, 0.0, 0.0
297, 10.0, 0.0, 0.0, 0.0, 0.0, 6342.356, 0.0, 0.0
298, 10.0, 0.0, 0.0, 0.0, 0.0, 6328.784, 0.0, 0.0
299, 10.0, 0.0, 0.0, 0.0, 0.0, 6315.166, 0.0, 0.0
300, 10.0, 0.0, 0.0, 0.0, 0.0, 6301.486, 0.0, 0.0
301, 10.0, 0.0, 0.0, 0.0, 0.0, 6287.57, 0.0, 0.0
302, 10.0, 0.0, 0.0, 0.0, 0.0, 6274.076, 0.0, 0.0
303, 10.0, 0.0, 0.0, 0.0, 0.0, 6260.874, 0.0, 0.0
304, 10.0, 0.0, 0.0, 0.0, 0.0, 6247.386, 0.0, 0.0
305, 10.0, 0.0, 0.0, 0.0, 0.0, 6233.934, 0.0, 0.0
306, 10.0, 0.0, 0.0, 0.0, 0.0, 6220.7, 0.0, 0.0
307, 10.0, 0.0, 0.0, 0.0, 0.0, 6207.214, 0.0, 0.0
308, 10.0, 0.0, 0.0, 0.0, 0.0, 6194.12, 0.0, 0.0
309, 10.0, 0.0, 0.0, 0.0, 0.0, 6180.756, 0.0, 0.0
310, 10.0, 0.0, 0.0, 0.0, 0.0, 6167.568, 0.0, 0.0
311, 10.0, 0.0, 0.0, 0.0, 0.0, 6154.158, 0.0, 0.0
312, 10.0, 0.0, 0.0, 0.0, 0.0, 6140.684, 0.0, 0.0
313, 10.0, 0.0, 0.0, 0.0, 0.0, 6127.382, 0.0, 0.0
314, 10.0, 0.0, 0.0, 0.0, 0.0, 6114.064, 0.0, 0.0
315, 10.0, 0.0, 0.0, 0.0, 0.0, 6101.02, 0.0, 0.0
316, 10.0, 0.0, 0.0, 0.0, 0.0, 6088.102, 0.0, 0.0
317, 10.0, 0.0, 0.0, 0.0, 0.0, 6075.242, 0.0, 0.0
318, 10.0, 0.0, 0.0, 0.0, 0.0, 6062.184, 0.0, 0.0
319, 10.0, 0.0, 0.0, 0.0, 0.0, 6048.912, 0.0, 0.0
320, 10.0, 0.0, 0.0, 0.0, 0.0, 6036.128, 0.0, 0.0
321, 10.0, 0.0, 0.0, 0.0, 0.0, 6023.002, 0.0, 0.0
322, 10.0, 0.0, 0.0, 0.0, 0.0, 6010.12, 0.0, 0.0
323, 10.0, 0.0, 0.0, 0.0, 0.0, 5997.084, 0.0, 0.0
324, 10.0, 0.0, 0.0, 0.0, 0.0, 5983.992, 0.0, 0.0
325, 10.0, 0.0, 0.0, 0.0, 0.0, 5971.154, 0.0, 0.0
326, 10.0, 0.0, 0.0, 0.0, 0.0, 5958.066, 0.0, 0.0
327, 10.0, 0.0, 0.0, 0.0, 0.0, 5945.332, 0.0, 0.0
328, 10.0, 0.0, 0.0, 0.0, 0.0, 5932.544, 0.0, 0.0
329, 10.0, 0.0, 0.0, 0.0, 0.0, 5919.866, 0.0, 0.0
330, 10.0, 0.0, 0.0, 0.0, 0.0, 5907.356, 0.0, 0.0
331, 10.0, 0.0, 0.0, 0.0, 0.0, 5894.67, 0.0, 0.0
332, 10.0, 0.0, 0.0, 0.0, 0.0, 5881.75, 0.0, 0.0
333, 10.0, 0.0, 0.0, 0.0, 0.0, 5869.024, 0.0, 0.0
334, 10.0, 0.0, 0.0, 0.0, 0.0, 5856.578, 0.0, 0.0
335, 10.0, 0.0, 0.0, 0.0, 0.0, 5844.048, 0.0, 0.0
336, 10.0, 0.0, 0.0, 0.0, 0.0, 5831.608, 0.0, 0.0
337, 10.0, 0.0, 0.0, 0.0, 0.0, 5819.03, 0.0, 0.0
338, 10.0, 0.0, 0.0, 0.0, 0.0, 5806.626, 0.0, 0.0
339, 10.0, 0.0, 0.0, 0.0, 0.0, 5793.93, 0.0, 0.0
340, 10.0, 0.0, 0.0, 0.0, 0.0, 5781.524, 0.0, 0.0
341, 10.0, 0.0, 0.0, 0.0, 0.0, 5769.224, 0.0, 0.0
342, 10.0, 0.0, 0.0, 0.0, 0.0, 5756.874, 0.0, 0.0
343, 10.0, 0.0, 0.0, 0.0, 0.0, 5744.364, 0.0, 0.0
344, 10.0, 0.0, 0.0, 0.0, 0.0, 5731.972, 0.0, 0.0
345, 10.0, 0.0, 0.0, 0.0, 0.0, 5719.728, 0.0, 0.0
346, 10.0, 0.0, 0.0, 0.0, 0.0, 5707.726, 0.0, 0.0
347, 10.0, 0.0, 0.0, 0.0, 0.0, 5695.392, 0.0, 0.0
348, 10.0, 0.0, 0.0, 0.0, 0.0, 5683.396, 0.0, 0.0
349, 10.0, 0.0, 0.0, 0.0, 0.0, 5671.152, 0.0, 0.0
350, 10.0, 0.0, 0.0, 0.0, 0.0, 5658.786, 0.0, 0.0
351, 10.0, 0.0, 0.0, 0.0, 0.0, 5646.626, 0.0, 0.0
352, 10.0, 0.0, 0.0, 0.0, 0.0, 5634.714, 0.0, 0.0
353, 10.0, 0.0, 0.0, 0.0, 0.0, 5622.57, 0.0, 0.0
354, 10.0, 0.0, 0.0, 0.0, 0.0, 5610.392, 0.0, 0.0
355, 10.0, 0.0, 0.0, 0.0, 0.0, 5598.39, 0.0, 0.0
356, 10.0, 0.0, 0.0, 0.0, 0.0, 5586.266, 0.0, 0.0
357, 10.0, 0.0, 0.0, 0.0, 0.0, 5574.394, 0.0, 0.0
358, 10.0, 0.0, 0.0, 0.0, 0.0, 5562.444, 0.0, 0.0
359, 10.0, 0.0, 0.0, 0.0, 0.0, 5550.462, 0.0, 0.0
360, 10.0, 0.0, 0.0, 0.0, 0.0, 5538.474, 0.0, 0.0
361, 10.0, 0.0, 0.0, 0.0, 0.0, 5526.242, 0.0, 0.0
362, 10.0, 0.0, 0.0, 0.0, 0.0, 5514.404, 0.0, 0.0
363, 10.0, 0.0, 0.0, 0.0, 0.0, 5502.804, 0.0, 0.0
364, 10.0, 0.0, 0.0, 0.0, 0.0, 5491.056, 0.0, 0.0
365, 10.0, 0.0, 0.0, 0.0, 0.0, 5479.11, 0.0, 0.0
366, 10.0, 0.0, 0.0, 0.0, 0.0, 5467.278, 0.0, 0.0
367, 10.0, 0.0, 0.0, 0.0, 0.0, 5455.512, 0.0, 0.0
368, 10.0, 0.0, 0.0, 0.0, 0.0, 5443.89, 0.0, 0.0
369, 10.0, 0.0, 0.0, 0.0, 0.0, 5432.296, 0.0, 0.0
370, 10.0, 0.0, 0.0, 0.0, 0.0, 5420.582, 0.0, 0.0
371, 10.0, 0.0, 0.0, 0.0, 0.0, 5409.224, 0.0, 0.0
372, 10.0, 0.0, 0.0, 0.0, 0.0, 5397.448, 0.0, 0.0
373, 10.0, 0.0, 0.0, 0.0, 0.0, 5386.328, 0.0, 0.0
374, 10.0, 0.0, 0.0, 0.0, 0.0, 5374.742, 0.0, 0.0
375, 10.0, 0.0, 0.0, 0.0, 0.0, 5363.144, 0.0, 0.0
376, 10.0, 0.0, 0.0, 0.0, 0.0, 5351.698, 0.0, 0.0
377, 10.0, 0.0, 0.0, 0.0, 0.0, 5340.212, 0.0, 0.0
378, 10.0, 0.0, 0.0, 0.0, 0.0, 5328.788, 0.0, 0.0
379, 10.0, 0.0, 0.0, 0.0, 0.0, 5317.298, 0.0, 0.0
380, 10.0, 0.0, 0.0, 0.0, 0.0, 5305.9, 0.0, 0.0
381, 10.0, 0.0, 0.0, 0.0, 0.0, 5294.524, 0.0, 0.0
382, 10.0, 0.0, 0.0, 0.0, 0.0, 5283.032, 0.0, 0.0
383, 10.0, 0.0, 0.0, 0.0, 0.0, 5271.71, 0.0, 0.0
384, 10.0, 0.0, 0.0, 0.0, 0.0, 5260.596, 0.0, 0.0
385, 10.0, 0.0, 0.0, 0.0, 0.0, 5249.284, 0.0, 0.0
386, 10.0, 0.0, 0.0, 0.0, 0.0, 5237.962, 0.0, 0.0
387, 10.0, 0.0, 0.0, 0.0, 0.0, 5226.826, 0.0, 0.0
388, 10.0, 0.0, 0.0, 0.0, 0.0, 5215.884, 0.0, 0.0
389, 10.0, 0.0, 0.0, 0.0, 0.0, 5204.666, 0.0, 0.0
390, 10.0, 0.0, 0.0, 0.0, 0.0, 5193.562, 0.0, 0.0
391, 10.0, 0.0, 0.0, 0.0, 0.0, 5182.54, 0.0, 0.0
392, 10.0, 0.0, 0.0, 0.0, 0.0, 5171.612, 0.0, 0.0
393, 10.0, 0.0, 0.0, 0.0, 0.0, 5160.524, 0.0, 0.0
394, 10.0, 0.0, 0.0, 0.0, 0.0, 5149.414, 0.0, 0.0
395, 10.0, 0.0, 0.0, 0.0, 0.0, 5138.268, 0.0, 0.0
396, 10.0, 0.0, 0.0, 0.0, 0.0, 5127.198, 0.0, 0.0
397, 10.0, 0.0, 0.0, 0.0, 0.0, 5116.036, 0.0, 0.0
398, 10.0, 0.0, 0.0, 0.0, 0.0, 5105.128, 0.0, 0.0
399, 10.0, 0.0, 0.0, 0.0, 0.0, 5093.954, 0.0, 0.0
400, 10.0, 0.0, 0.0, 0.0, 0.0, 5083.016, 0.0, 0.0
401, 10.0, 0.0, 0.0, 0.0, 0.0, 5072.014, 0.0, 0.0
402, 10.0, 0.0, 0.0, 0.0, 0.0, 5061.098, 0.0, 0.0
403, 10.0, 0.0, 0.0, 0.0, 0.0, 5050.242, 0.0, 0.0
404, 10.0, 0.0, 0.0, 0.0, 0.0, 5039.112, 0.0, 0.0
405, 10.0, 0.0, 0.0, 0.0, 0.0, 5028.378, 0.0, 0.0
406, 10.0, 0.0, 0.0, 0.0, 0.0, 5017.588, 0.0, 0.0
407, 10.0, 0.0, 0.0, 0.0, 0.0, 5006.804, 0.0, 0.0
408, 10.0, 0.0, 0.0, 0.0, 0.0, 4995.834, 0.0, 0.0
409, 10.0, 0.0, 0.0, 0.0, 0.0, 4984.99, 0.0, 0.0
410, 10.0, 0.0, 0.0, 0.0, 0.0, 4974.372, 0.0, 0.0
411, 10.0, 0.0, 0.0, 0.0, 0.0, 4963.684, 0.0, 0.0
412, 10.0, 0.0, 0.0, 0.0, 0.0, 4952.97, 0.0, 0.0
413, 10.0, 0.0, 0.0, 0.0, 0.0, 4942.244, 0.0, 0.0
414, 10.0, 0.0, 0.0, 0.0, 0.0, 4931.73, 0.0, 0.0
415, 10.0, 0.0, 0.0, 0.0, 0.0, 4921.17, 0.0, 0.0
416, 10.0, 0.0, 0.0, 0.0, 0.0, 4910.352, 0.0, 0.0
417, 10.0, 0.0, 0.0, 0.0, 0.0, 4899.776, 0.0, 0.0
418, 10.0, 0.0, 0.0, 0.0, 0.0, 4889.318, 0.0, 0.0
419, 10.0, 0.0, 0.0, 0.0, 0.0, 4878.596, 0.0, 0.0
420, 10.0, 0.0, 0.0, 0.0, 0.0, 4868.1, 0.0, 0.0
421, 10.0, 0.0, 0.0, 0.0, 0.0, 4857.532, 0.0, 0.0
422, 10.0, 0.0, 0.0, 0.0, 0.0, 4847.134, 0.0, 0.0
423, 10.0, 0.0, 0.0, 0.0, 0.0, 4836.844, 0.0, 0.0
424, 10.0, 0.0, 0.0, 0.0, 0.0, 4826.598, 0.0, 0.0
425, 10.0, 0.0, 0.0, 0.0, 0.0, 4816.074, 0.0, 0.0
426, 10.0, 0.0, 0.0, 0.0, 0.0, 4805.774, 0.0, 0.0
427, 10.0, 0.0, 0.0, 0.0, 0.0, 4795.678, 0.0, 0.0
428, 10.0, 0.0, 0.0, 0.0, 0.0, 4785.412, 0.0, 0.0
429, 10.0, 0.0, 0.0, 0.0, 0.0, 4775.21, 0.0, 0.0
430, 10.0, 0.0, 0.0, 0.0, 0.0, 4764.972, 0.0, 0.0
431, 10.0, 0.0, 0.0, 0.0, 0.0, 4754.86, 0.0, 0.0
432, 10.0, 0.0, 0.0, 0.0, 0.0, 4744.606, 0.0, 0.0
433, 10.0, 0.0, 0.0, 0.0, 0.0, 4734.554, 0.0, 0.0
434, 10.0, 0.0, 0.0, 0.0, 0.0, 4724.494, 0.0, 0.0
435, 10.0, 0.0, 0.0, 0.0, 0.0, 4714.136, 0.0, 0.0
436, 10.0, 0.0, 0.0, 0.0, 0.0, 4703.916, 0.0, 0.0
437, 10.0, 0.0, 0.0, 0.0, 0.0, 4693.446, 0.0, 0.0
438, 10.0, 0.0, 0.0, 0.0, 0.0, 4683.326, 0.0, 0.0
439, 10.0, 0.0, 0.0, 0.0, 0.0, 4673.294, 0.0, 0.0
440, 10.0, 0.0, 0.0, 0.0, 0.0, 4663.408, 0.0, 0.0
441, 10.0, 0.0, 0.0, 0.0, 0.0, 4653.418, 0.0, 0.0
442, 10.0, 0.0, 0.0, 0.0, 0.0, 4643.36, 0.0, 0.0
443, 10.0, 0.0, 0.0, 0.0, 0.0, 4633.442, 0.0, 0.0
444, 10.0, 0.0, 0.0, 0.0, 0.0, 4623.412, 0.0, 0.0
445, 10.0, 0.0, 0.0, 0.0, 0.0, 4613.494, 0.0, 0.0
446, 10.0, 0.0, 0.0, 0.0, 0.0, 4603.596, 0.0, 0.0
447, 10.0, 0.0, 0.0, 0.0, 0.0, 4593.742, 0.0, 0.0
448, 10.0, 0.0, 0.0, 0.0, 0.0, 4583.874, 0.0, 0.0
449, 10.0, 0.0, 0.0, 0.0, 0.0, 4573.734, 0.0, 0.0
450, 10.0, 0.0, 0.0, 0.0, 0.0, 4563.89, 0.0, 0.0
451, 10.0, 0.0, 0.0, 0.0, 0.0, 4554.122, 0.0, 0.0
452, 10.0, 0.0, 0.0, 0.0, 0.0, 4544.306, 0.0, 0.0
453, 10.0, 0.0, 0.0, 0.0, 0.0, 4534.478, 0.0, 0.0
454, 10.0, 0.0, 0.0, 0.0, 0.0, 4524.698, 0.0, 0.0
455, 10.0, 0.0, 0.0, 0.0, 0.0, 4515.096, 0.0, 0.0
456, 10.0, 0.0, 0.0, 0.0, 0.0, 4505.424, 0.0, 0.0
457, 10.0, 0.0, 0.0, 0.0, 0.0, 4495.862, 0.0, 0.0
458, 10.0, 0.0, 0.0, 0.0, 0.0, 4485.98, 0.0, 0.0
459, 10.0, 0.0, 0.0, 0.0, 0.0, 4476.35, 0.0, 0.0
460, 10.0, 0.0, 0.0, 0.0, 0.0, 4466.756, 0.0, 0.0
461, 10.0, 0.0, 0.0, 0.0, 0.0, 4456.958, 0.0, 0.0
462, 10.0, 0.0, 0.0, 0.0, 0.0, 4447.286, 0.0, 0.0
463, 10.0, 0.0, 0.0, 0.0, 0.0, 4437.636, 0.0, 0.0
464, 10.0, 0.0, 0.0, 0.0, 0.0, 4427.87, 0.0, 0.0
465, 10.0, 0.0, 0.0, 0.0, 0.0, 4418.184, 0.0, 0.0
466, 10.0, 0.0, 0.0, 0.0, 0.0, 4408.51, 0.0, 0.0
467, 10.0, 0.0, 0.0, 0.0, 0.0, 4399.038, 0.0, 0.0
468, 10.0, 0.0, 0.0, 0.0, 0.0, 4389.478, 0.0, 0.0
469, 10.0, 0.0, 0.0, 0.0, 0.0, 4379.954, 0.0, 0.0
470, 10.0, 0.0, 0.0, 0.0, 0.0, 4370.474, 0.0, 0.0
471, 10.0, 0.0, 0.0, 0.0, 0.0, 4360.822, 0.0, 0.0
472, 10.0, 0.0, 0.0, 0.0, 0.0, 4351.45, 0.0, 0.0
473, 10.0, 0.0, 0.0, 0.0, 0.0, 4342.054, 0.0, 0.0
474, 10.0, 0.0, 0.0, 0.0, 0.0, 4332.806, 0.0, 0.0
475, 10.0, 0.0, 0.0, 0.0, 0.0, 4323.41, 0.0, 0.0
476, 10.0, 0.0, 0.0, 0.0, 0.0, 4314.114, 0.0, 0.0
477, 10.0, 0.0, 0.0, 0.0, 0.0, 4305.048, 0.0, 0.0
478, 10.0, 0.0, 0.0, 0.0, 0.0, 4295.796, 0.0, 0.0
479, 10.0, 0.0, 0.0, 0.0, 0.0, 4286.74, 0.0, 0.0
480, 10.0, 0.0, 0.0, 0.0, 0.0, 4277.608, 0.0, 0.0
