time, seeders, joined, request_count, response_size, left, awareness, bad_data, leechers
0, 0.0, 0.0, 0.0, 0.0, 0.0, 1001.0, 0.0, 0.0
1, 0.0, 9.0, 1261.28889, 0.08256, 0.0, 11059.636, 0.0, 9.0
2, 0.0, 1.248, 624.19872, 0.20899, 1.498, 10335.164, 1422.294, 9.75
3, 0.0, 1.15244, 661.90476, 0.20304, 1.13115, 10326.05, 1677.954, 9.852
4, 0.0, 1.16667, 608.57143, 0.23357, 1.15596, 10220.162, 1951.458, 9.88
5, 0.0, 1.1157, 748.88889, 0.20475, 1.16279, 10116.16, 2254.478, 9.85
6, 0.0, 1.14407, 657.77778, 0.23649, 1.16822, 10064.168, 2480.142, 9.87
7, 0.0, 1.0625, 662.5, 0.23196, 1.12295, 9918.074, 2801.902, 9.868
8, 0.0, 1.12963, 776.22951, 0.24287, 1.10185, 9890.18, 3013.962, 9.874
9, 0.0, 1.11009, 633.05785, 0.25979, 1.11881, 9804.538, 3247.108, 9.89
10, 0.0, 1.13592, 776.06838, 0.22247, 1.14953, 9785.98, 3440.79, 9.878
11, 3.20382, 1.13761, 706.45161, 0.25342, 1.13462, 9700.568, 3671.69, 8.884
12, 7.098, 1.07246, 648.64865, 0.23125, 1.02128, 9693.924, 3743.052, 3.07792
13, 7.568, 1.0303, 756.86275, 0.24223, 1.10294, 9535.934, 4024.312, 2.49781
14, 7.716, 1.10169, 757.69231, 0.26294, 1.12222, 9495.998, 4230.126, 2.38344
15, 7.782, 1.08989, 756.70103, 0.27793, 1.13333, 9427.066, 4414.542, 2.34667
16, 7.852, 1.06897, 774.19355, 0.25556, 1.08219, 9438.44, 4515.698, 2.31027
17, 7.942, 1.10843, 750.0, 0.26957, 1.06977, 9432.324, 4629.0, 2.23476
18, 8.01, 1.05063, 677.10843, 0.27224, 1.12658, 9379.698, 4763.28, 2.16895
19, 8.046, 1.09524, 735.86957, 0.28213, 1.08421, 9328.804, 4918.71, 2.11724
20, 8.108, 1.06452, 730.30303, 0.25588, 1.12857, 9326.3, 5034.878, 2.12617
21, 8.176, 1.07595, 727.05882, 0.27994, 1.10345, 9265.048, 5189.084, 2.06938
22, 8.192, 1.07229, 867.41573, 0.2785, 1.09333, 9279.508, 5297.822, 2.05226
23, 8.176, 1.09524, 694.56522, 0.26291, 1.12048, 9174.784, 5498.874, 2.07381
24, 8.212, 1.14286, 790.27778, 0.27241, 1.07407, 9115.258, 5640.164, 2.06404
25, 8.234, 1.08163, 742.45283, 0.27827, 1.04167, 9046.958, 5834.108, 2.03667
26, 8.26, 1.05618, 765.95745, 0.31528, 1.06667, 9013.166, 5979.068, 2.02978
27, 8.246, 1.125, 752.22222, 0.30428, 1.06173, 8956.248, 6138.85, 2.04691
28, 8.246, 1.11111, 764.0, 0.28927, 1.04255, 8904.668, 6310.81, 2.03676
29, 8.228, 1.06173, 812.7907, 0.27468, 1.09302, 8867.992, 6454.604, 2.03423
30, 8.226, 1.12644, 762.2449, 0.30388, 1.07229, 8884.246, 6554.53, 2.09453
31, 8.218, 1.07895, 592.68293, 0.30247, 1.11688, 8813.698, 6688.79, 2.05868
32, 8.218, 1.09195, 730.52632, 0.32277, 1.06667, 8790.422, 6817.372, 2.01196
33, 8.194, 1.08235, 680.43478, 0.32588, 1.12644, 8727.344, 6972.14, 2.02148
34, 8.172, 1.14444, 796.1165, 0.32317, 1.06593, 8724.05, 7105.328, 2.00464
35, 8.208, 1.12048, 688.17204, 0.33906, 1.07895, 8695.968, 7227.52, 2.04535
36, 8.218, 1.08537, 831.46067, 0.31081, 1.08861, 8668.184, 7368.99, 2.00234
37, 8.246, 1.08824, 950.0, 0.31721, 1.1039, 8653.768, 7489.372, 1.98565
38, 8.23, 1.14103, 533.70787, 0.37474, 1.07059, 8577.13, 7626.408, 1.98104
39, 8.25, 1.05376, 771.42857, 0.31746, 1.1125, 8570.894, 7748.534, 1.99761
40, 8.24, 1.11111, 778.88889, 0.31812, 1.12088, 8475.618, 7949.162, 1.97143
41, 8.26, 1.04494, 758.06452, 0.31064, 1.03704, 8391.358, 8138.648, 1.98798
42, 8.258, 1.09756, 786.66667, 0.29802, 1.10127, 8402.272, 8232.968, 2.03676
43, 8.268, 1.06757, 921.51899, 0.30082, 1.075, 8403.13, 8341.586, 2.00244
44, 8.276, 1.06522, 778.57143, 0.35518, 1.05618, 8399.992, 8461.246, 2.03226
45, 8.284, 1.07229, 879.77528, 0.3014, 1.0122, 8385.316, 8595.436, 2.05764
46, 8.284, 1.04, 702.5641, 0.36861, 1.08537, 8347.712, 8705.636, 2.05063
47, 8.276, 1.08537, 720.22472, 0.32761, 1.07059, 8283.9, 8861.062, 2.07673
48, 8.26, 1.03614, 848.83721, 0.32329, 1.07595, 8309.234, 8944.518, 2.06281
49, 8.25, 1.10989, 890.09901, 0.32925, 1.13953, 8299.264, 9096.33, 2.06733
50, 8.254, 1.03333, 945.16129, 0.32423, 1.05435, 8302.792, 9230.88, 2.03713
51, 8.244, 1.06818, 900.0, 0.3227, 1.08434, 8319.73, 9345.624, 2.02433
52, 8.248, 1.1358, 775.0, 0.32819, 1.1358, 8241.842, 9527.96, 2.02439
53, 8.26, 1.07595, 772.94118, 0.3516, 1.01449, 8258.96, 9603.242, 2.01683
54, 8.268, 1.04478, 775.71429, 0.34622, 1.05405, 8201.55, 9730.598, 2.01217
55, 8.272, 1.02564, 928.75, 0.35128, 1.04396, 8182.306, 9859.48, 1.98044
56, 8.274, 1.1236, 723.0, 0.35823, 1.09639, 8081.694, 10065.112, 1.98544
57, 8.246, 1.06024, 922.72727, 0.33621, 1.09574, 8075.034, 10194.592, 1.99756
58, 8.248, 1.07609, 729.29293, 0.35873, 1.0625, 8101.86, 10273.214, 2.03931
59, 8.208, 1.16092, 781.18812, 0.36248, 1.10465, 8071.242, 10421.866, 2.05769
60, 8.24, 1.06494, 767.07317, 0.36089, 1.06977, 8045.766, 10533.664, 2.0
61, 8.248, 1.03947, 820.25316, 0.3287, 1.10811, 8041.844, 10627.418, 1.9689
62, 8.288, 1.11765, 837.89474, 0.36181, 1.06494, 8082.304, 10705.978, 1.94749
63, 8.262, 1.13699, 754.21687, 0.32428, 1.07865, 8029.212, 10843.406, 1.96154
64, 8.234, 1.04545, 901.08696, 0.35826, 1.075, 8022.916, 10974.104, 2.0
65, 8.216, 1.11957, 862.13592, 0.35586, 1.06977, 8052.174, 11081.15, 2.04785
66, 8.186, 1.05063, 856.62651, 0.38397, 1.08602, 7987.54, 11246.196, 2.04067
67, 8.186, 1.13095, 825.26316, 0.38903, 1.09524, 7965.664, 11382.934, 2.02844
68, 8.176, 1.10112, 768.36735, 0.35591, 1.07317, 7986.624, 11470.624, 2.0591
69, 8.262, 1.02632, 885.89744, 0.34732, 1.07246, 8002.39, 11551.72, 1.99043
70, 8.246, 1.06849, 833.33333, 0.40769, 1.08537, 7962.868, 11678.744, 1.95059
71, 8.214, 1.13043, 746.15385, 0.45232, 1.05, 7930.864, 11823.5, 1.98122
72, 8.242, 1.06173, 876.74419, 0.38196, 1.125, 7928.112, 11934.17, 2.0024
73, 8.242, 1.09412, 835.48387, 0.3758, 1.04494, 7942.366, 12032.522, 2.00721
74, 8.262, 1.08, 706.17284, 0.40385, 1.07895, 7904.62, 12141.506, 2.00976
75, 8.266, 1.06897, 795.69892, 0.41757, 1.08235, 7910.708, 12240.204, 2.02211
76, 8.256, 1.06329, 836.90476, 0.38407, 1.08046, 7918.158, 12329.776, 1.99512
77, 8.28, 1.09804, 727.67857, 0.4135, 1.08235, 7867.232, 12499.838, 1.98558
78, 8.288, 1.05634, 836.0, 0.35566, 1.03448, 7865.66, 12582.872, 1.97311
79, 8.272, 1.06897, 816.12903, 0.41765, 1.05263, 7911.562, 12644.036, 1.97613
80, 8.234, 1.04615, 673.52941, 0.43668, 1.04348, 7829.3, 12773.658, 1.95933
81, 8.254, 1.05825, 855.9633, 0.41265, 1.12195, 7831.97, 12913.34, 1.98558
82, 8.242, 1.13333, 788.23529, 0.44179, 1.09195, 7819.462, 13015.428, 2.0
83, 8.258, 1.10227, 767.01031, 0.40323, 1.01299, 7839.358, 13099.334, 2.02184
84, 8.274, 1.05263, 788.75, 0.40412, 1.03947, 7845.278, 13174.188, 1.98558
85, 8.236, 1.09877, 1010.11236, 0.38932, 1.09804, 7802.59, 13351.396, 2.01966
86, 8.246, 1.14634, 696.80851, 0.42901, 1.05333, 7791.068, 13448.096, 2.04926
87, 8.234, 1.11905, 701.06383, 0.42185, 1.11905, 7779.07, 13545.718, 2.05392
88, 8.24, 1.04545, 809.78261, 0.43624, 1.09302, 7762.662, 13665.042, 2.04167
89, 8.256, 1.10667, 787.95181, 0.43119, 1.06944, 7759.69, 13752.43, 2.08271
90, 8.264, 1.10145, 814.47368, 0.39418, 1.05797, 7748.392, 13840.734, 2.02934
91, 8.278, 1.05333, 716.4557, 0.4523, 1.1039, 7705.474, 13950.758, 2.04762
92, 8.298, 1.07692, 821.42857, 0.41118, 1.09195, 7680.15, 14090.304, 2.01995
93, 8.264, 1.08, 983.33333, 0.3936, 1.10101, 7726.678, 14209.136, 2.07018
94, 8.284, 1.1125, 786.51685, 0.47429, 1.04211, 7702.52, 14325.714, 2.00498
95, 8.218, 1.08696, 771.0, 0.41375, 1.09524, 7695.596, 14438.646, 2.08621
96, 8.23, 1.08333, 757.14286, 0.41219, 1.08642, 7680.13, 14544.08, 2.11
97, 8.202, 1.07143, 702.22222, 0.46044, 1.06122, 7638.026, 14664.62, 2.10474
98, 8.244, 1.09783, 700.0, 0.46676, 1.1, 7619.718, 14775.958, 2.03902
99, 8.22, 1.04706, 1031.46067, 0.37582, 1.03571, 7609.88, 14920.908, 2.03349
100, 8.236, 1.07246, 877.02703, 0.40832, 1.05634, 7584.542, 15026.774, 1.99762
101, 8.208, 1.07042, 926.31579, 0.42756, 1.0814, 7585.262, 15117.728, 1.97176
102, 8.218, 1.09375, 900.95238, 0.39958, 1.05747, 7564.934, 15278.322, 1.99059
103, 8.236, 1.06522, 945.91837, 0.4164, 1.02247, 7605.494, 15373.88, 2.0
104, 8.248, 1.02326, 848.86364, 0.45248, 1.07407, 7624.988, 15453.818, 1.97877
105, 8.248, 1.075, 752.32558, 0.44822, 1.04167, 7595.97, 15562.002, 1.98317
106, 8.296, 1.07229, 812.35955, 0.44122, 1.05556, 7589.476, 15663.112, 1.97094
107, 8.296, 1.04878, 1044.18605, 0.40312, 1.08642, 7605.49, 15776.214, 1.98533
108, 8.292, 1.03529, 703.40909, 0.49111, 1.08235, 7560.758, 15894.504, 1.9378
109, 8.292, 1.04762, 725.0, 0.47962, 1.06818, 7517.246, 16015.232, 1.93735
110, 8.274, 1.05556, 806.31579, 0.4765, 1.06098, 7527.448, 16108.246, 1.95012
111, 8.256, 1.05263, 808.75, 0.4374, 1.03488, 7517.586, 16196.088, 1.96411
112, 8.252, 1.08046, 739.3617, 0.50072, 1.1087, 7417.888, 16384.014, 1.96386
113, 8.26, 1.09375, 926.66667, 0.47379, 1.09639, 7472.91, 16471.662, 1.98317
114, 8.228, 1.07407, 1066.66667, 0.44181, 1.04211, 7470.492, 16607.436, 1.98801
115, 8.202, 1.05155, 700.98039, 0.52028, 1.12088, 7453.96, 16714.862, 2.01918
116, 8.194, 1.09195, 838.94737, 0.48934, 1.03846, 7459.988, 16815.832, 2.04762
117, 8.188, 1.08108, 1040.0, 0.4351, 1.11111, 7456.616, 16933.092, 2.01179
118, 8.194, 1.06452, 803.0303, 0.45157, 1.06494, 7489.636, 17006.148, 2.06921
119, 8.216, 1.06024, 979.54545, 0.4652, 1.14118, 7512.734, 17102.312, 1.98826
120, 8.222, 1.08333, 951.28205, 0.47574, 1.07895, 7528.646, 17182.062, 2.0
121, 8.216, 1.09877, 924.7191, 0.46173, 1.06329, 7558.878, 17263.106, 2.00473
122, 8.212, 1.075, 788.37209, 0.53835, 1.05128, 7552.628, 17351.074, 2.03819
123, 8.224, 1.07792, 979.51807, 0.46494, 1.05814, 7557.17, 17455.398, 2.0438
124, 8.24, 1.10714, 841.93548, 0.49553, 1.10588, 7551.208, 17563.7, 2.04177
125, 8.244, 1.05263, 977.0, 0.49949, 1.11494, 7604.712, 17651.298, 2.08521
126, 8.258, 1.05747, 905.43478, 0.52821, 1.08537, 7631.48, 17736.756, 2.03941
127, 8.264, 1.08974, 808.23529, 0.52838, 1.06329, 7644.894, 17805.394, 2.03951
128, 8.262, 1.02667, 905.19481, 0.50646, 1.12162, 7668.486, 17865.916, 2.00244
129, 8.278, 1.14103, 766.29213, 0.52493, 1.07407, 7661.76, 17953.968, 1.98297
130, 8.264, 1.09459, 780.24691, 0.51266, 1.06667, 7606.362, 18079.794, 1.98768
131, 8.282, 1.03, 708.73786, 0.53288, 1.09722, 7623.838, 18152.316, 2.00488
132, 8.266, 1.05333, 735.44304, 0.54905, 1.06818, 7577.354, 18258.518, 1.99267
133, 8.256, 1.12088, 838.23529, 0.52632, 1.13158, 7575.908, 18374.956, 2.01446
134, 8.282, 1.05797, 1010.9589, 0.47425, 1.06667, 7585.034, 18457.49, 2.02985
135, 8.298, 1.1, 771.59091, 0.52725, 1.07143, 7583.882, 18538.17, 1.99012
136, 8.292, 1.08989, 931.95876, 0.4646, 1.12, 7642.774, 18603.372, 2.0
137, 8.272, 1.14286, 862.5, 0.50198, 1.06731, 7603.856, 18737.082, 2.00248
138, 8.252, 1.11702, 992.38095, 0.46641, 1.05682, 7658.144, 18833.972, 2.05693
139, 8.242, 1.0625, 770.58824, 0.5374, 1.10465, 7642.748, 18922.788, 2.05985
140, 8.234, 1.15584, 652.80899, 0.57143, 1.11111, 7602.536, 19021.71, 2.09227
141, 8.24, 1.10526, 929.7619, 0.52625, 1.07059, 7597.582, 19125.198, 2.08816
142, 8.238, 1.1, 933.33333, 0.50974, 1.0625, 7605.894, 19243.364, 2.09429
143, 8.192, 1.09524, 776.08696, 0.55882, 1.08421, 7594.588, 19339.436, 2.10837
144, 8.194, 1.09302, 938.29787, 0.46032, 1.10667, 7666.16, 19385.6, 2.09179
145, 8.236, 1.06667, 1032.8125, 0.53858, 1.06557, 7685.91, 19439.056, 2.04358
146, 8.224, 1.10976, 778.02198, 0.53107, 1.04082, 7635.218, 19572.696, 2.01683
147, 8.244, 1.03448, 926.66667, 0.47602, 1.07595, 7648.56, 19667.14, 1.99522
148, 8.27, 1.07216, 846.15385, 0.51932, 1.14286, 7624.746, 19807.23, 1.98789
149, 8.266, 1.09639, 925.27473, 0.58789, 1.07792, 7641.902, 19899.122, 2.02683
150, 8.248, 1.06024, 932.95455, 0.5335, 1.0989, 7637.496, 20007.59, 2.0
151, 8.246, 1.08046, 939.3617, 0.54587, 1.11688, 7644.116, 20117.994, 2.04146
152, 8.226, 1.10294, 1101.33333, 0.52179, 1.11111, 7688.688, 20178.472, 2.06965
153, 8.262, 1.08791, 687.87879, 0.53451, 1.06579, 7673.424, 20269.338, 2.01942
154, 8.314, 1.01351, 829.33333, 0.57235, 1.02899, 7675.506, 20330.906, 1.98529
155, 8.314, 1.02703, 744.73684, 0.56007, 1.06579, 7639.942, 20419.69, 1.97304
156, 8.266, 1.10256, 924.4186, 0.5283, 1.11236, 7611.066, 20547.48, 2.02481
157, 8.302, 1.0641, 763.85542, 0.61199, 1.02857, 7608.704, 20615.588, 2.04293
158, 8.292, 1.13415, 959.13978, 0.55717, 1.08989, 7644.954, 20696.764, 2.03518
159, 8.282, 1.03371, 836.95652, 0.58182, 1.06186, 7639.136, 20795.342, 1.9901
160, 8.274, 1.12088, 804.90196, 0.57247, 1.11905, 7636.902, 20900.326, 1.99024
161, 8.294, 1.04545, 788.04348, 0.56414, 1.07865, 7613.544, 21006.884, 1.98025
162, 8.282, 1.07609, 773.73737, 0.58225, 1.10989, 7614.974, 21096.332, 1.98034
163, 8.248, 1.04762, 755.68182, 0.52782, 1.08989, 7603.044, 21179.084, 2.01985
164, 8.218, 1.09, 809.17431, 0.58163, 1.10976, 7635.914, 21260.774, 2.06083
165, 8.21, 1.09756, 791.11111, 0.58427, 1.05, 7628.364, 21348.75, 2.07005
166, 8.246, 1.08219, 786.07595, 0.57971, 1.07576, 7607.55, 21431.076, 2.06083
167, 8.238, 1.06452, 930.30303, 0.54397, 1.11538, 7573.968, 21524.868, 2.02934
168, 8.264, 1.05195, 754.32099, 0.56465, 1.02564, 7538.99, 21619.14, 1.99512
169, 8.296, 1.10526, 840.47619, 0.57649, 1.09836, 7577.168, 21659.108, 1.98786
170, 8.326, 1.05952, 713.48315, 0.64094, 1.06742, 7544.326, 21755.622, 1.94634
171, 8.31, 1.0241, 707.05882, 0.60067, 1.02299, 7524.214, 21832.7, 1.97052
172, 8.322, 1.07059, 812.08791, 0.51827, 1.0814, 7540.912, 21900.174, 1.95086
173, 8.32, 1.10588, 924.46809, 0.52704, 1.07059, 7566.712, 21983.628, 1.97037
174, 8.336, 1.08333, 913.18681, 0.54392, 1.03409, 7570.138, 22082.592, 1.95062
175, 8.322, 1.05882, 878.88889, 0.60303, 1.10753, 7528.762, 22218.078, 1.9122
176, 8.33, 1.10227, 807.21649, 0.53512, 1.09091, 7532.42, 22306.562, 1.94363
177, 8.318, 1.1039, 828.23529, 0.60227, 1.0122, 7517.418, 22398.044, 1.93012
178, 8.26, 1.09184, 1009.34579, 0.56481, 1.14141, 7536.768, 22529.562, 1.92974
179, 8.266, 1.11111, 833.33333, 0.57333, 1.08219, 7534.936, 22616.5, 1.9669
180, 8.254, 1.09333, 760.97561, 0.65705, 1.08235, 7507.822, 22703.396, 1.99038
181, 8.278, 1.06757, 862.02532, 0.58443, 1.0641, 7489.516, 22792.34, 1.98533
182, 8.248, 1.13793, 937.37374, 0.61746, 1.16901, 7548.346, 22853.862, 2.03623
183, 8.266, 1.1375, 685.71429, 0.63622, 1.10843, 7520.612, 22940.822, 2.03667
184, 8.28, 1.11842, 887.05882, 0.59019, 1.08046, 7523.398, 23023.194, 1.97821
185, 8.286, 1.15278, 732.53012, 0.63816, 1.06329, 7502.36, 23099.58, 2.00741
186, 8.27, 1.05556, 1031.57895, 0.52143, 1.10588, 7569.734, 23161.714, 1.99515
187, 8.28, 1.08537, 922.47191, 0.56638, 1.12821, 7580.344, 23249.174, 2.00983
188, 8.3, 1.08, 935.80247, 0.58707, 1.02703, 7609.246, 23304.682, 1.98293
189, 8.324, 1.08108, 940.0, 0.55585, 1.13333, 7631.434, 23365.942, 1.95577
190, 8.29, 1.1413, 842.85714, 0.6339, 1.12766, 7629.222, 23477.91, 1.9902
191, 8.274, 1.09333, 943.90244, 0.61628, 1.08333, 7596.002, 23598.598, 1.96368
192, 8.262, 1.06593, 939.17526, 0.63117, 1.05495, 7610.152, 23698.866, 2.00983
193, 8.24, 1.02174, 728.7234, 0.59416, 1.09574, 7559.094, 23818.942, 2.02469
194, 8.23, 1.08081, 765.42056, 0.67155, 1.04444, 7570.658, 23903.532, 2.05897
195, 8.206, 1.05682, 767.74194, 0.62745, 1.12941, 7549.464, 23999.692, 2.06083
196, 8.202, 1.05556, 913.68421, 0.63249, 1.07778, 7540.524, 24114.574, 2.07598
197, 8.17, 1.125, 863.88889, 0.64202, 1.07292, 7559.562, 24214.074, 2.08153
198, 8.176, 1.07059, 796.7033, 0.62069, 1.12329, 7558.058, 24292.286, 2.05647
199, 8.144, 1.06667, 737.5, 0.62034, 1.13483, 7528.058, 24371.392, 2.07895
200, 8.128, 1.12766, 799.0566, 0.67887, 1.06818, 7511.364, 24488.21, 2.11667
201, 8.152, 1.10345, 809.375, 0.64221, 1.06818, 7524.632, 24561.518, 2.05374
202, 8.14, 1.09524, 872.82609, 0.60648, 1.08046, 7538.848, 24638.33, 2.09242
203, 8.142, 1.06173, 996.51163, 0.5951, 1.05882, 7575.694, 24702.962, 2.06588
204, 8.154, 1.03191, 927.83505, 0.60222, 1.04819, 7606.548, 24782.24, 2.09005
205, 8.164, 1.12195, 914.13043, 0.6088, 1.1134, 7578.478, 24908.984, 2.0747
206, 8.144, 1.10526, 826.66667, 0.70392, 1.05682, 7596.024, 24994.276, 2.11751
207, 8.154, 1.03488, 901.1236, 0.65087, 1.07143, 7627.16, 25053.526, 2.09308
208, 8.148, 1.13953, 729.59184, 0.56923, 1.11957, 7570.11, 25183.198, 2.05882
209, 8.168, 1.1236, 802.0, 0.64339, 1.04938, 7584.916, 25258.336, 2.09026
210, 8.214, 1.03077, 952.23881, 0.65204, 1.0597, 7576.836, 25322.682, 2.06538
211, 8.218, 1.08642, 829.54545, 0.68904, 1.08602, 7546.204, 25427.646, 2.01928
212, 8.22, 1.09474, 843.26923, 0.65792, 1.10465, 7566.33, 25512.174, 2.0534
213, 8.182, 1.10345, 793.75, 0.6378, 1.11364, 7563.414, 25595.43, 2.08959
214, 8.2, 1.20253, 829.47368, 0.61294, 1.07317, 7587.436, 25657.204, 2.06475
215, 8.252, 1.0597, 883.09859, 0.5949, 1.0597, 7594.798, 25703.324, 2.0267
216, 8.28, 1.06897, 882.25806, 0.65265, 1.07353, 7576.054, 25759.524, 1.98529
217, 8.266, 1.07447, 845.54455, 0.67681, 1.08163, 7557.998, 25875.288, 2.0
218, 8.27, 1.08, 868.51852, 0.67058, 1.13889, 7616.266, 25932.528, 2.04401
219, 8.314, 1.05714, 848.64865, 0.61624, 1.07317, 7606.232, 25995.228, 2.02532
220, 8.258, 1.07955, 797.89474, 0.65172, 1.11224, 7578.694, 26101.972, 2.05038
221, 8.244, 1.13333, 760.78431, 0.70747, 1.04651, 7581.978, 26181.164, 2.11421
222, 8.242, 1.12821, 796.59091, 0.66762, 1.10465, 7552.292, 26278.568, 2.07789
223, 8.28, 1.09783, 789.10891, 0.66374, 1.10127, 7561.504, 26355.172, 2.02463
224, 8.304, 1.2027, 782.02247, 0.75144, 1.17647, 7529.802, 26453.518, 2.00754
225, 8.296, 1.07692, 703.06122, 0.75327, 1.04878, 7506.586, 26541.046, 2.02233
226, 8.266, 1.13095, 921.05263, 0.65029, 1.06186, 7524.616, 26624.492, 2.02463
227, 8.268, 1.11392, 888.63636, 0.64962, 1.04878, 7516.356, 26715.372, 2.02709
228, 8.264, 1.18182, 1000.96154, 0.66859, 1.12791, 7544.864, 26820.782, 2.04926
229, 8.258, 1.02439, 713.09524, 0.69115, 1.03371, 7520.324, 26891.22, 2.03194
230, 8.234, 1.03846, 809.87654, 0.64634, 1.07317, 7493.474, 26975.27, 2.04926
231, 8.26, 1.11458, 757.00935, 0.75185, 1.05747, 7511.796, 27044.504, 2.03912
232, 8.264, 1.10959, 744.44444, 0.6733, 1.11538, 7498.87, 27103.248, 2.00973
233, 8.28, 1.06944, 842.85714, 0.65485, 1.07576, 7509.084, 27147.7, 1.98554
234, 8.284, 1.08451, 759.74026, 0.71453, 1.0641, 7503.734, 27195.114, 1.98058
235, 8.29, 1.03448, 776.66667, 0.67954, 1.05747, 7487.02, 27275.524, 1.96368
236, 8.29, 1.06098, 820.68966, 0.65406, 1.11236, 7469.57, 27361.012, 1.93462
237, 8.282, 1.04348, 871.875, 0.7049, 1.10976, 7459.414, 27462.964, 1.95642
238, 8.282, 1.09412, 846.23656, 0.71792, 1.13333, 7475.952, 27528.502, 1.97101
239, 8.298, 1.07317, 840.90909, 0.7, 1.07143, 7457.112, 27619.126, 1.94686
240, 8.254, 1.08889, 725.5102, 0.72996, 1.08235, 7470.766, 27672.636, 1.981
241, 8.286, 1.1194, 809.33333, 0.62603, 1.08537, 7435.42, 27753.852, 1.98519
242, 8.298, 1.06593, 722.68041, 0.75892, 1.06494, 7436.44, 27817.08, 1.93112
243, 8.294, 1.08451, 981.81818, 0.72222, 1.0814, 7420.876, 27907.016, 1.91148
244, 8.252, 1.09375, 734.28571, 0.71336, 1.08081, 7387.614, 28018.288, 1.97585
245, 8.178, 1.13131, 835.71429, 0.66774, 1.15625, 7381.934, 28134.168, 2.01887
246, 8.144, 1.12121, 890.09009, 0.73077, 1.08081, 7383.584, 28253.812, 2.0348
247, 8.164, 1.07368, 800.0, 0.65319, 1.07292, 7388.376, 28335.178, 2.01395
248, 8.152, 1.09302, 838.29787, 0.67259, 1.0625, 7355.968, 28447.478, 2.06205
249, 8.124, 1.10101, 813.76147, 0.73281, 1.13793, 7401.064, 28502.38, 2.07963
250, 8.11, 1.13333, 666.66667, 0.74559, 1.07059, 7383.746, 28577.538, 2.12178
251, 8.114, 1.08108, 965.0, 0.68394, 1.07609, 7374.338, 28663.196, 2.07746
252, 8.124, 1.13187, 860.19417, 0.72686, 1.13514, 7425.702, 28711.47, 2.10539
253, 8.148, 1.04478, 908.57143, 0.70912, 1.07576, 7420.716, 28765.992, 2.08962
254, 8.152, 1.06757, 717.72152, 0.76014, 1.10588, 7391.11, 28830.96, 2.08393
255, 8.174, 1.12941, 884.375, 0.73852, 1.03614, 7420.4, 28893.346, 2.06667
256, 8.208, 1.03846, 761.7284, 0.71799, 1.07407, 7417.694, 28940.864, 2.02153
257, 8.234, 1.08974, 878.82353, 0.67604, 1.09756, 7420.308, 29009.74, 1.96437
258, 8.22, 1.06667, 976.04167, 0.70331, 1.09302, 7456.732, 29081.346, 1.96244
259, 8.232, 1.06383, 803.0, 0.69988, 1.04651, 7466.956, 29152.328, 1.97183
260, 8.262, 1.12195, 879.34783, 0.74536, 1.03571, 7475.13, 29226.592, 1.98091
261, 8.226, 1.07692, 950.0, 0.71751, 1.08163, 7477.21, 29331.046, 2.0241
262, 8.224, 1.06522, 871.42857, 0.79977, 1.04124, 7463.612, 29435.13, 1.99524
263, 8.218, 1.06818, 744.68085, 0.67143, 1.11392, 7457.974, 29500.576, 2.01667
264, 8.184, 1.12941, 835.41667, 0.73815, 1.12048, 7446.78, 29592.34, 2.06429
265, 8.192, 1.04938, 831.76471, 0.72984, 1.05128, 7461.484, 29639.05, 2.07674
266, 8.2, 1.07792, 955.42169, 0.74653, 1.07317, 7474.924, 29704.184, 2.07506
267, 8.186, 1.0625, 772.94118, 0.79604, 1.08, 7471.376, 29758.626, 2.09662
268, 8.214, 1.09877, 839.32584, 0.74833, 1.10112, 7455.438, 29843.5, 2.08642
269, 8.192, 1.12903, 834.28571, 0.77397, 1.11, 7451.13, 29943.214, 2.06813
270, 8.184, 1.10309, 913.08411, 0.74002, 1.06667, 7457.058, 30051.306, 2.09443
271, 8.184, 1.07059, 789.01099, 0.73955, 1.10465, 7434.87, 30135.95, 2.07971
272, 8.216, 1.15, 696.73913, 0.73947, 1.09722, 7447.44, 30171.328, 2.03318
273, 8.254, 1.07692, 974.28571, 0.7434, 1.02667, 7445.586, 30227.918, 2.02927
274, 8.222, 1.08046, 894.68085, 0.70392, 1.04598, 7463.338, 30295.906, 2.06053
275, 8.23, 1.08451, 910.38961, 0.6719, 1.10959, 7488.822, 30329.32, 2.01193
276, 8.228, 1.07778, 735.05155, 0.73492, 1.06897, 7481.504, 30397.366, 2.02871
277, 8.246, 1.08333, 875.64103, 0.77599, 1.0625, 7466.816, 30466.826, 2.01942
278, 8.26, 1.03448, 930.0, 0.74432, 1.04938, 7483.434, 30535.79, 2.00969
279, 8.26, 1.07447, 854.45545, 0.80649, 1.06061, 7486.804, 30623.14, 2.02451
280, 8.334, 1.06849, 867.94872, 0.68833, 1.04478, 7512.608, 30650.624, 2.01263
281, 8.326, 1.02469, 918.07229, 0.75066, 1.06593, 7506.572, 30726.554, 1.9675
282, 8.332, 1.07692, 741.66667, 0.79133, 1.11111, 7457.998, 30817.356, 1.94987
283, 8.32, 1.10227, 858.76289, 0.7419, 1.05952, 7462.472, 30897.144, 1.97506
284, 8.308, 1.08642, 836.36364, 0.75136, 1.08537, 7474.892, 30948.802, 1.9439
285, 8.246, 1.14634, 980.85106, 0.73427, 1.1236, 7502.464, 31022.056, 1.99515
286, 8.232, 1.10588, 830.85106, 0.74648, 1.0641, 7494.024, 31102.93, 2.06897
287, 8.252, 1.07792, 798.79518, 0.76621, 1.08108, 7493.722, 31151.718, 2.03171
288, 8.226, 1.09722, 908.86076, 0.73816, 1.10345, 7483.13, 31221.766, 2.01703
289, 8.218, 1.1358, 728.26087, 0.81791, 1.16667, 7479.524, 31275.962, 2.07335
290, 8.242, 1.13333, 942.35294, 0.70162, 1.07407, 7473.498, 31357.668, 2.03912
291, 8.3, 1.09589, 872.5, 0.80086, 1.10909, 7493.93, 31392.526, 2.04975
292, 8.282, 1.07018, 849.18033, 0.83205, 1.04706, 7444.362, 31460.778, 2.02771
293, 8.308, 1.09709, 731.85841, 0.74728, 1.05208, 7440.204, 31546.742, 2.0201
294, 8.306, 1.10526, 817.85714, 0.76856, 1.04598, 7435.82, 31604.322, 2.03571
295, 8.328, 1.09333, 858.53659, 0.82813, 1.10448, 7448.31, 31647.948, 1.99248
296, 8.34, 1.12658, 789.88764, 0.73257, 1.06024, 7432.506, 31720.026, 1.97995
297, 8.324, 1.08974, 658.82353, 0.83036, 1.10588, 7393.792, 31786.384, 1.96269
298, 8.332, 1.08989, 939.17526, 0.72777, 1.04819, 7444.38, 31833.038, 1.95332
299, 8.32, 1.04225, 835.13514, 0.69094, 1.025, 7438.32, 31877.658, 1.90625
300, 8.338, 1.07317, 906.81818, 0.73434, 1.03846, 7438.474, 31951.834, 1.93399
301, 8.34, 1.05405, 884.61538, 0.8058, 1.1, 7443.45, 31999.398, 1.88406
302, 8.298, 1.05618, 1042.55319, 0.71531, 1.11494, 7496.646, 32056.736, 1.87765
303, 8.268, 1.08602, 876.23762, 0.7887, 1.10638, 7492.276, 32152.278, 1.9708
304, 8.278, 1.11628, 834.375, 0.79276, 1.06818, 7500.056, 32219.588, 1.93525
305, 8.24, 1.1134, 937.96296, 0.73741, 1.08696, 7516.718, 32319.826, 1.98571
306, 8.22, 1.10227, 891.75258, 0.76185, 1.12658, 7551.3, 32372.196, 2.01418
307, 8.254, 1.08219, 798.73418, 0.77655, 1.09722, 7522.78, 32439.908, 2.0024
308, 8.256, 1.06667, 687.5, 0.75455, 1.11842, 7486.178, 32500.486, 1.98801
309, 8.264, 1.10256, 834.88372, 0.73538, 1.04878, 7494.156, 32550.136, 1.98795
310, 8.256, 1.09195, 874.73684, 0.78941, 1.09524, 7487.924, 32636.654, 2.03423
311, 8.22, 1.125, 886.66667, 0.80827, 1.11538, 7502.198, 32694.566, 2.0358
312, 8.224, 1.06494, 834.14634, 0.80848, 1.06742, 7482.0, 32765.15, 2.05897
313, 8.246, 1.03261, 730.52632, 0.77954, 1.08571, 7490.042, 32808.778, 2.07862
314, 8.258, 1.14286, 797.22222, 0.7439, 1.08108, 7454.536, 32871.596, 2.04423
315, 8.25, 1.08889, 785.71429, 0.77792, 1.08247, 7471.962, 32921.01, 2.05707
316, 8.266, 1.05618, 836.17021, 0.7201, 1.1, 7478.746, 32984.196, 2.04198
317, 8.256, 1.09091, 694.04762, 0.78902, 1.07692, 7449.332, 33041.81, 1.98544
318, 8.274, 1.09195, 1012.63158, 0.76819, 1.04167, 7521.862, 33074.38, 2.01214
319, 8.296, 1.04412, 1007.04225, 0.80699, 1.03947, 7524.666, 33127.022, 1.96126
320, 8.292, 1.05882, 924.44444, 0.80649, 1.05814, 7561.06, 33168.642, 1.96845
321, 8.342, 1.1125, 859.55056, 0.81307, 1.06897, 7543.408, 33251.354, 1.94527
322, 8.3, 1.11364, 860.20408, 0.70937, 1.08, 7544.742, 33329.266, 1.91084
323, 8.268, 1.17241, 912.7451, 0.81096, 1.14894, 7547.108, 33424.714, 1.92566
324, 8.218, 1.1028, 746.61017, 0.82179, 1.09474, 7545.382, 33514.938, 1.98118
325, 8.198, 1.05556, 855.78947, 0.78844, 1.11905, 7558.55, 33575.438, 2.01655
326, 8.2, 1.13095, 967.36842, 0.79543, 1.1, 7583.138, 33645.654, 2.00701
327, 8.204, 1.07143, 895.55556, 0.82506, 1.10976, 7602.284, 33699.204, 2.01412
328, 8.154, 1.13333, 781.37255, 0.81807, 1.06667, 7572.59, 33799.376, 2.04941
329, 8.166, 1.09677, 809.80392, 0.75908, 1.11392, 7611.578, 33836.002, 2.08294
330, 8.172, 1.11111, 838.57143, 0.78365, 1.05714, 7592.53, 33882.942, 2.13725
331, 8.19, 1.04762, 728.40909, 0.78627, 1.02564, 7569.792, 33944.344, 2.10896
332, 8.18, 1.08451, 755.84416, 0.85223, 1.08046, 7529.364, 34011.632, 2.10024
333, 8.21, 1.08642, 752.27273, 0.83233, 1.16901, 7526.836, 34056.852, 2.03597
334, 8.24, 1.09412, 770.96774, 0.85216, 1.01235, 7514.822, 34122.524, 2.046
335, 8.294, 1.02817, 1021.91781, 0.77078, 1.03797, 7538.158, 34158.04, 1.93079
336, 8.306, 1.06329, 835.71429, 0.74359, 1.03571, 7546.726, 34200.186, 1.92308
337, 8.292, 1.10417, 838.67925, 0.86502, 1.07447, 7558.564, 34275.234, 1.9661
338, 8.3, 1.09524, 866.30435, 0.8256, 1.0875, 7552.366, 34350.774, 2.00246
339, 8.318, 1.09459, 812.34568, 0.83283, 1.09302, 7515.882, 34428.194, 1.95309
340, 8.318, 1.12346, 817.58242, 0.84812, 1.07042, 7495.744, 34506.122, 1.97549
341, 8.294, 1.06329, 702.38095, 0.87119, 1.11236, 7423.534, 34606.152, 1.93961
342, 8.292, 1.12088, 757.84314, 0.82665, 1.07059, 7450.288, 34641.792, 1.9686
343, 8.256, 1.075, 851.16279, 0.80874, 1.10112, 7447.344, 34700.494, 1.98789
344, 8.278, 1.07229, 877.52809, 0.80154, 1.06849, 7469.25, 34744.326, 2.00244
345, 8.26, 1.06897, 801.07527, 0.83893, 1.07059, 7458.544, 34812.82, 2.01942
346, 8.268, 1.09589, 793.75, 0.85197, 1.08333, 7441.742, 34865.244, 2.01946
347, 8.28, 1.10606, 778.08219, 0.90845, 1.08974, 7405.866, 34923.16, 1.98533
348, 8.296, 1.08333, 765.93407, 0.82353, 1.03488, 7401.42, 34975.2, 1.96107
349, 8.282, 1.06897, 812.90323, 0.82672, 1.06742, 7379.742, 35056.168, 1.96845
350, 8.274, 1.07229, 864.04494, 0.84135, 1.05, 7390.216, 35107.66, 2.0197
351, 8.28, 1.07317, 881.81818, 0.82088, 1.05, 7401.988, 35159.324, 2.01225
352, 8.3, 1.06849, 692.30769, 0.84815, 1.0241, 7342.76, 35234.614, 1.9803
353, 8.284, 1.09091, 773.95833, 0.80081, 1.14286, 7329.118, 35305.246, 1.98049
354, 8.286, 1.0625, 617.64706, 0.85714, 1.06098, 7283.354, 35363.276, 1.978
355, 8.292, 1.07143, 901.90476, 0.80993, 1.07865, 7315.134, 35428.672, 1.9878
356, 8.306, 1.0641, 873.49398, 0.80966, 1.11688, 7323.842, 35471.85, 1.96341
357, 8.256, 1.07059, 854.94505, 0.83548, 1.10112, 7322.5, 35536.39, 1.99274
358, 8.246, 1.07955, 801.05263, 0.8502, 1.06522, 7312.236, 35606.87, 2.0073
359, 8.262, 1.07143, 861.11111, 0.81161, 1.10145, 7337.748, 35643.718, 2.02683
360, 8.222, 1.06667, 848.75, 0.91311, 1.11458, 7296.834, 35727.04, 2.00487
361, 8.226, 1.07018, 1011.47541, 0.79335, 1.1, 7372.034, 35805.174, 2.03125
362, 8.22, 1.09302, 977.65957, 0.82807, 1.1, 7403.866, 35862.886, 2.04796
363, 8.21, 1.07595, 1037.64706, 0.82313, 1.09302, 7410.684, 35938.652, 2.04327
364, 8.196, 1.0241, 909.41176, 0.93144, 1.09195, 7403.638, 36006.398, 2.03606
365, 8.154, 1.18557, 1006.08696, 0.83232, 1.1165, 7483.544, 36064.384, 2.06176
366, 8.172, 1.09574, 753.39806, 0.85567, 1.08046, 7487.666, 36121.028, 2.04235
367, 8.164, 1.10294, 709.33333, 0.90226, 1.10959, 7452.054, 36168.564, 2.0281
368, 8.226, 1.14815, 922.58065, 0.84149, 1.10145, 7483.278, 36214.582, 2.01418
369, 8.22, 1.08824, 921.62162, 0.90176, 1.05195, 7457.616, 36281.826, 2.02387
370, 8.244, 1.08434, 1015.55556, 0.85886, 1.08219, 7489.816, 36337.83, 2.05583
371, 8.266, 1.0625, 821.17647, 0.81805, 1.05882, 7460.26, 36412.034, 2.05185
372, 8.302, 1.07143, 857.33333, 0.86781, 1.03659, 7435.02, 36471.38, 1.96333
373, 8.288, 1.06383, 909.0, 0.83718, 1.02083, 7449.134, 36544.766, 1.9902
374, 8.254, 1.04938, 864.70588, 0.87075, 1.1358, 7424.272, 36621.358, 1.99031
375, 8.288, 1.10127, 843.67816, 0.93324, 1.07042, 7451.066, 36646.322, 2.0
376, 8.312, 1.08451, 884.41558, 0.87665, 1.10256, 7411.86, 36726.776, 1.94853
377, 8.364, 1.0625, 890.58824, 0.85469, 1.07576, 7429.658, 36765.33, 1.90976
378, 8.342, 1.07895, 987.80488, 0.81852, 1.08434, 7424.68, 36837.122, 1.95037
379, 8.314, 1.09639, 869.23077, 0.84956, 1.05814, 7436.054, 36888.396, 1.95599
380, 8.3, 1.11905, 841.48936, 0.8976, 1.10345, 7438.366, 36948.376, 1.99752
381, 8.292, 1.09877, 843.82022, 0.90413, 1.11111, 7439.284, 37001.628, 1.99506
382, 8.264, 1.09524, 836.95652, 0.89221, 1.06897, 7437.842, 37061.998, 1.99757
383, 8.244, 1.11494, 972.16495, 0.86108, 1.12791, 7455.634, 37135.268, 2.06716
384, 8.256, 1.10959, 1006.17284, 0.86626, 1.05747, 7477.894, 37179.796, 2.04523
385, 8.308, 1.04762, 638.63636, 1.0, 1.0625, 7446.822, 37226.842, 2.05076
386, 8.29, 1.0625, 662.35294, 0.8881, 1.06897, 7432.066, 37257.402, 2.04293
387, 8.294, 1.10959, 823.45679, 0.87556, 1.05, 7416.332, 37310.002, 2.03544
388, 8.3, 1.08235, 850.0, 0.83248, 1.12346, 7399.184, 37386.546, 1.99007
389, 8.266, 1.12903, 912.38095, 0.83612, 1.08511, 7391.104, 37490.362, 2.00488
390, 8.23, 1.10753, 874.75728, 0.88568, 1.14583, 7394.022, 37570.518, 1.99282
391, 8.264, 1.1125, 729.21348, 0.86133, 1.10294, 7405.428, 37591.816, 2.00483
392, 8.258, 1.09589, 736.25, 0.85908, 1.0625, 7362.21, 37655.63, 1.99038
393, 8.238, 1.05618, 819.14894, 0.95455, 1.06522, 7348.042, 37726.088, 2.00964
394, 8.23, 1.0303, 1076.47059, 0.86157, 1.04396, 7419.314, 37775.984, 2.00713
395, 8.228, 1.11268, 856.96203, 0.93058, 1.11538, 7400.474, 37832.516, 2.01928
396, 8.226, 1.13636, 911.0, 0.92645, 1.04878, 7444.008, 37873.194, 2.06538
397, 8.25, 1.07813, 847.82609, 0.8735, 1.08974, 7410.654, 37925.934, 1.98317
398, 8.246, 1.05747, 908.69565, 0.92344, 1.09333, 7444.886, 37960.912, 2.0365
399, 8.27, 1.06579, 666.66667, 0.93148, 1.125, 7410.386, 38005.28, 2.01481
400, 8.298, 1.05952, 666.29213, 0.95784, 1.03448, 7347.058, 38089.308, 1.95844
401, 8.264, 1.05714, 948.64865, 0.89364, 1.04082, 7382.992, 38165.264, 1.97847
402, 8.28, 1.08108, 968.75, 0.86968, 1.09459, 7409.034, 38195.822, 1.93381
403, 8.258, 1.04762, 717.04545, 0.91759, 1.08511, 7363.332, 38269.212, 1.95444
404, 8.23, 1.09184, 880.37383, 0.93418, 1.1573, 7365.672, 38357.098, 2.01208
405, 8.236, 1.11111, 724.0, 0.89503, 1.10588, 7368.14, 38400.564, 2.0
406, 8.252, 1.10227, 797.93814, 0.89922, 1.11111, 7401.78, 38422.368, 2.05097
407, 8.282, 1.06557, 764.61538, 0.95171, 1.12676, 7354.868, 38468.876, 2.01733
408, 8.26, 1.14286, 893.18182, 0.95547, 1.1125, 7346.51, 38534.52, 2.06767
409, 8.256, 1.09412, 807.52688, 0.85885, 1.03846, 7377.52, 38554.868, 2.08189
410, 8.238, 1.05556, 913.15789, 0.95101, 1.12941, 7357.676, 38614.468, 2.05459
411, 8.196, 1.16495, 889.38053, 0.89154, 1.12871, 7351.16, 38722.546, 2.10422
412, 8.186, 1.07368, 700.98039, 0.93147, 1.08696, 7333.468, 38783.776, 2.12159
413, 8.176, 1.08989, 949.48454, 0.86428, 1.05952, 7383.246, 38819.566, 2.0716
414, 8.218, 1.10256, 797.67442, 0.93732, 1.10959, 7388.964, 38850.924, 2.08313
415, 8.26, 1.08333, 960.25641, 0.83712, 1.06579, 7404.364, 38884.84, 2.0495
416, 8.28, 1.03704, 948.80952, 0.86198, 1.05682, 7390.444, 38958.646, 2.03778
417, 8.258, 1.02273, 803.33333, 0.92669, 1.14085, 7415.12, 38978.508, 2.01703
418, 8.208, 1.08434, 795.55556, 1.00698, 1.0495, 7382.938, 39053.582, 2.03398
419, 8.176, 1.06796, 874.54545, 0.92827, 1.12088, 7412.216, 39116.136, 2.02347
420, 8.186, 1.10227, 751.54639, 0.90809, 1.08537, 7384.494, 39189.782, 2.03052
421, 8.196, 1.09756, 927.77778, 0.97605, 1.09333, 7414.238, 39226.62, 2.05687
422, 8.232, 1.0375, 853.01205, 0.9435, 1.05556, 7404.906, 39276.646, 2.02415
423, 8.22, 1.125, 867.77778, 0.8886, 1.10526, 7417.622, 39319.516, 2.01214
424, 8.252, 1.09783, 706.93069, 0.98179, 1.09756, 7425.708, 39352.732, 1.97602
425, 8.258, 1.0875, 824.13793, 0.94282, 1.125, 7416.84, 39402.8, 2.00242
426, 8.244, 1.09677, 937.2549, 0.89958, 1.11905, 7457.662, 39451.082, 2.04866
427, 8.196, 1.04225, 828.37838, 0.88254, 1.06383, 7430.348, 39499.992, 2.05882
428, 8.186, 1.09009, 892.56198, 0.86111, 1.08163, 7464.572, 39579.77, 2.07229
429, 8.206, 1.10112, 869.38776, 0.89906, 1.06098, 7512.12, 39600.918, 2.05981
430, 8.21, 1.07895, 803.65854, 0.93778, 1.11688, 7475.424, 39666.778, 2.07022
431, 8.194, 1.12, 848.80952, 0.92006, 1.075, 7475.974, 39706.17, 2.0747
432, 8.22, 1.10667, 946.98795, 0.87786, 1.05634, 7507.652, 39730.102, 2.04296
433, 8.194, 1.08219, 1039.24051, 0.9525, 1.09524, 7496.928, 39803.268, 2.00939
434, 8.228, 1.11111, 797.77778, 0.9415, 1.06173, 7480.7, 39860.452, 1.99291
435, 8.234, 1.05063, 757.83133, 0.89984, 1.08108, 7470.488, 39894.286, 1.98353
436, 8.262, 1.07317, 875.0, 0.94805, 1.07955, 7442.248, 39974.644, 1.92056
437, 8.254, 1.10843, 905.43478, 0.94838, 1.09524, 7466.094, 40015.216, 1.95272
438, 8.26, 1.10588, 813.82979, 0.97778, 1.04878, 7497.952, 40032.92, 2.0468
439, 8.29, 1.08974, 707.05882, 0.93344, 1.13253, 7458.842, 40090.476, 2.02256
440, 8.318, 1.05556, 982.10526, 0.92926, 1.05063, 7527.082, 40105.222, 1.99257
441, 8.312, 1.09412, 881.72043, 0.95488, 1.13043, 7487.23, 40206.132, 1.96305
442, 8.254, 1.07447, 722.77228, 0.96849, 1.06195, 7451.964, 40284.554, 2.00746
443, 8.258, 1.16667, 737.5, 0.93462, 1.14865, 7439.846, 40358.808, 2.03423
444, 8.206, 1.10667, 784.33735, 0.86175, 1.10112, 7416.93, 40407.516, 2.05109
445, 8.222, 1.08791, 706.06061, 0.95565, 1.07792, 7395.726, 40464.722, 2.0506
446, 8.212, 1.11111, 970.0, 0.90593, 1.08434, 7421.572, 40490.548, 2.03855
447, 8.222, 1.09639, 763.73626, 0.96259, 1.08861, 7415.7, 40531.622, 2.00474
448, 8.212, 1.04762, 732.95455, 1.00775, 1.03488, 7387.102, 40586.428, 2.06311
449, 8.184, 1.07527, 985.0, 0.92995, 1.13978, 7416.182, 40650.428, 2.08252
450, 8.162, 1.07865, 842.70833, 0.93201, 1.05618, 7403.502, 40720.95, 2.10896
451, 8.202, 1.11111, 983.33333, 0.95141, 1.16049, 7423.922, 40774.17, 2.08621
452, 8.192, 1.06667, 996.875, 0.91432, 1.07407, 7454.166, 40831.3, 2.10513
453, 8.222, 1.05556, 925.26316, 0.92491, 1.06452, 7482.764, 40874.126, 2.09453
454, 8.208, 1.075, 727.90698, 0.94089, 1.06522, 7445.262, 40932.484, 2.05651
455, 8.182, 1.09346, 732.47863, 0.99067, 1.08163, 7456.464, 40987.85, 2.08475
456, 8.178, 1.05495, 1041.66667, 0.98, 1.09302, 7498.212, 41041.722, 2.06444
457, 8.198, 1.10588, 837.23404, 1.00762, 1.09211, 7514.198, 41078.528, 2.04728
458, 8.208, 1.08451, 975.32468, 0.91345, 1.0641, 7527.24, 41111.178, 2.01651
459, 8.182, 1.10959, 679.01235, 0.99818, 1.08889, 7453.234, 41189.704, 2.01182
460, 8.198, 1.05376, 854.08163, 1.02628, 1.0375, 7441.072, 41263.55, 2.04286
461, 8.208, 1.05479, 855.84416, 0.89681, 1.04, 7436.318, 41294.292, 2.04808
462, 8.23, 1.09195, 866.31579, 1.02187, 1.08, 7460.004, 41330.096, 2.03571
463, 8.202, 1.08696, 938.66667, 0.96875, 1.14815, 7445.294, 41379.882, 2.03589
464, 8.228, 1.07229, 839.32584, 0.98527, 1.04444, 7422.696, 41446.032, 2.05172
465, 8.242, 1.13333, 914.70588, 1.02894, 1.11111, 7455.19, 41495.53, 2.10025
466, 8.282, 1.075, 881.39535, 0.90897, 1.04819, 7442.17, 41554.61, 2.08418
467, 8.294, 1.07042, 959.21053, 0.94513, 1.09211, 7458.224, 41578.7, 2.07752
468, 8.278, 1.12644, 677.55102, 1.00301, 1.08235, 7433.72, 41630.484, 2.07614
469, 8.254, 1.06383, 881.0, 0.91146, 1.10112, 7437.846, 41695.904, 2.06452
470, 8.28, 1.08955, 679.45205, 1.04032, 1.07353, 7406.262, 41720.878, 2.06297
471, 8.278, 1.06329, 1100.0, 0.95022, 1.10976, 7413.076, 41792.686, 2.02239
472, 8.234, 1.08791, 773.73737, 0.94648, 1.05, 7385.544, 41867.562, 2.03686
473, 8.256, 1.07071, 983.96226, 0.95398, 1.03529, 7455.29, 41899.916, 1.97636
474, 8.256, 1.06173, 848.83721, 0.94658, 1.07143, 7441.352, 41953.838, 1.98095
475, 8.252, 1.07059, 878.02198, 0.95494, 1.08791, 7446.856, 42001.398, 1.99517
476, 8.256, 1.10465, 893.68421, 0.92462, 1.16883, 7474.236, 42036.576, 1.97852
477, 8.234, 1.05435, 804.12371, 0.94231, 1.07143, 7456.684, 42103.426, 1.9952
478, 8.23, 1.08989, 706.18557, 0.96058, 1.08046, 7433.978, 42156.334, 2.00719
479, 8.228, 1.06818, 1130.85106, 0.94826, 1.06098, 7478.156, 42217.766, 2.03614
480, 8.194, 1.04762, 743.18182, 1.03976, 1.11702, 7428.578, 42290.926, 2.01671
