time, seeders, joined, request_count, response_size, left, awareness, bad_data, leechers
0, 0.0, 0.0, 0.0, 0.0, 0.0, 1001.0, 0.0, 0.0
1, 0.0, 13.036, 1020.89598, 0.10345, 0.0, 12833.25, 0.0, 13.036
2, 0.0, 6.168, 461.8677, 0.26109, 1.63, 14112.35, 1451.372, 18.574
3, 0.0, 5.8996, 403.23349, 0.31679, 1.32479, 16090.732, 1832.464, 23.83
4, 0.0, 5.48497, 365.91158, 0.35657, 1.35135, 17690.712, 2231.638, 28.604
5, 0.0, 5.65795, 343.52774, 0.39027, 1.47222, 19151.262, 2699.614, 33.38
6, 0.0, 5.38028, 306.17053, 0.44791, 1.52703, 20285.618, 3198.68, 37.824
7, 0.0, 5.02222, 298.43121, 0.46934, 1.56156, 21255.732, 3707.34, 41.756
8, 0.0, 4.90707, 294.03047, 0.49342, 1.67714, 22117.968, 4268.186, 45.44
9, 0.0, 5.08065, 278.61111, 0.53482, 1.70141, 22969.74, 4814.142, 49.272
10, 0.0, 4.86437, 266.62505, 0.55798, 1.90451, 23594.004, 5464.204, 52.642
11, 10.0568, 4.54453, 261.3363, 0.58701, 1.71347, 24348.958, 5849.44, 46.02
12, 14.806, 4.46169, 260.91279, 0.59456, 1.80278, 24990.772, 6325.944, 44.258
13, 19.22, 4.34406, 248.58731, 0.62027, 1.84167, 25603.698, 6748.288, 42.836
14, 23.266, 4.2, 249.35065, 0.6603, 1.7781, 26227.348, 7122.388, 41.714
15, 27.444, 4.02012, 245.6957, 0.6702, 1.66667, 26753.542, 7538.156, 40.322
16, 31.312, 4.01616, 238.38028, 0.69086, 1.82857, 27254.024, 7945.328, 39.15
17, 34.878, 3.7284, 230.51876, 0.72133, 1.84238, 27618.868, 8374.132, 37.782
18, 38.256, 3.7377, 229.82456, 0.71589, 1.72951, 28018.226, 8770.762, 36.786
19, 41.81, 3.57613, 240.73648, 0.70698, 1.74302, 28397.048, 9186.366, 35.46
20, 45.15, 3.52361, 220.5711, 0.77199, 1.77119, 28717.05, 9580.008, 34.298
21, 48.246, 3.47589, 226.89988, 0.77778, 1.71471, 29070.706, 9935.32, 33.352
22, 51.258, 3.29512, 232.73196, 0.76855, 1.75401, 29376.88, 10306.47, 32.132
23, 54.132, 3.17119, 228.37393, 0.78524, 1.74114, 29640.91, 10690.146, 31.018
24, 56.75, 3.01279, 224.55768, 0.80744, 1.78652, 29853.386, 11066.122, 29.954
25, 59.376, 3.11579, 226.62162, 0.81395, 1.75281, 30116.46, 11426.732, 29.04
26, 61.902, 2.87794, 213.91369, 0.856, 1.76705, 30297.844, 11772.24, 27.958
27, 64.212, 2.73987, 216.34241, 0.8446, 1.71549, 30479.322, 12098.352, 27.0
28, 66.526, 2.72234, 217.84861, 0.86613, 1.68195, 30676.728, 12398.834, 26.022
29, 68.716, 2.63053, 225.82002, 0.81304, 1.73314, 30862.122, 12700.794, 25.028
30, 70.794, 2.81425, 217.80507, 0.8654, 1.69602, 31017.566, 13062.94, 24.362
31, 72.752, 2.53362, 218.15068, 0.87873, 1.77401, 31097.638, 13442.324, 23.484
32, 74.476, 2.58705, 213.97757, 0.8879, 1.68835, 31234.734, 13750.708, 22.832
33, 76.212, 2.39909, 211.34216, 0.89669, 1.73639, 31304.054, 14077.3, 22.0
34, 77.686, 2.41741, 214.5891, 0.92814, 1.74561, 31392.256, 14402.41, 21.498
35, 79.33, 2.33945, 220.68627, 0.92092, 1.71976, 31473.356, 14719.604, 20.728
36, 80.728, 2.29535, 216.21074, 0.88941, 1.67544, 31555.574, 15010.782, 20.158
37, 82.11, 2.29977, 210.69246, 0.92363, 1.64286, 31625.602, 15301.526, 19.59
38, 83.406, 2.18616, 211.24454, 0.92868, 1.67456, 31651.79, 15608.748, 18.994
39, 84.608, 2.23005, 214.21053, 0.94349, 1.66265, 31699.068, 15915.26, 18.588
40, 85.912, 2.11294, 211.91537, 0.97057, 1.71554, 31668.622, 16272.622, 17.91
41, 86.986, 2.06667, 217.2043, 0.95435, 1.72404, 31683.612, 16566.69, 17.348
42, 88.164, 1.9899, 219.03553, 0.92584, 1.70948, 31666.606, 16874.246, 16.628
43, 89.022, 2.05076, 211.75743, 0.94389, 1.70141, 31601.448, 17226.94, 16.178
44, 90.038, 2.01781, 226.1034, 0.92694, 1.69394, 31613.746, 17517.0, 15.63
45, 90.818, 1.90231, 210.40541, 0.97881, 1.78006, 31537.99, 17848.412, 15.116
46, 91.562, 1.85984, 225.94203, 0.966, 1.7147, 31464.304, 18178.194, 14.562
47, 92.308, 1.76344, 213.10976, 0.97353, 1.64201, 31376.098, 18489.368, 14.018
48, 92.972, 1.73889, 219.48882, 0.96361, 1.66563, 31335.328, 18747.804, 13.53
49, 93.686, 1.75532, 221.51515, 0.98837, 1.65306, 31286.344, 19032.664, 13.002
50, 94.26, 1.78552, 214.9766, 1.00798, 1.72622, 31208.138, 19329.362, 12.512
51, 94.774, 1.69364, 213.31058, 1.028, 1.64438, 31133.768, 19596.31, 12.088
52, 95.186, 1.72836, 220.37997, 1.00235, 1.60172, 31062.788, 19864.926, 11.716
53, 95.642, 1.57612, 210.98485, 1.02603, 1.59281, 30924.656, 20168.216, 11.252
54, 95.998, 1.68489, 222.90076, 0.98202, 1.68091, 30801.062, 20467.34, 10.764
55, 96.234, 1.62696, 220.03854, 1.01401, 1.74545, 30584.314, 20855.206, 10.414
56, 96.56, 1.59819, 223.25142, 0.97206, 1.57962, 30478.886, 21138.394, 10.154
57, 96.73, 1.56615, 222.20039, 1.02918, 1.63914, 30375.198, 21409.034, 9.93
58, 96.892, 1.57895, 216.86275, 0.99729, 1.6284, 30294.074, 21653.1, 9.71
59, 97.12, 1.48077, 226.19048, 1.00383, 1.55856, 30171.682, 21925.984, 9.368
60, 97.32, 1.45683, 230.61728, 0.99251, 1.55385, 30048.52, 22176.706, 8.968
61, 97.394, 1.46075, 216.1215, 1.05189, 1.61059, 29937.072, 22413.278, 8.716
62, 97.49, 1.4863, 223.5023, 1.0134, 1.50152, 29802.91, 22682.114, 8.5
63, 97.546, 1.42802, 234.05995, 0.97322, 1.54434, 29698.132, 22899.018, 8.168
64, 97.488, 1.46154, 230.57644, 1.08587, 1.66258, 29528.66, 23193.336, 7.94
65, 97.458, 1.37729, 219.14894, 1.05461, 1.54859, 29372.3, 23454.596, 7.734
66, 97.496, 1.39689, 241.50418, 0.98731, 1.60855, 29274.01, 23666.03, 7.436
67, 97.428, 1.37687, 214.63415, 1.08586, 1.57784, 29122.796, 23916.394, 7.188
68, 97.386, 1.30165, 214.60317, 1.02959, 1.58567, 28974.658, 24139.296, 6.85571
69, 97.316, 1.35745, 243.88715, 1.01157, 1.54063, 28848.29, 24360.852, 6.57715
70, 97.06, 1.3176, 240.39088, 1.07182, 1.62102, 28667.422, 24628.524, 6.42886
71, 96.86, 1.34177, 235.22013, 1.04679, 1.59494, 28524.118, 24861.59, 6.26908
72, 96.744, 1.27313, 226.6436, 1.08702, 1.6, 28362.776, 25093.558, 5.946
73, 96.512, 1.34135, 225.08961, 1.07643, 1.58147, 28179.428, 25342.046, 5.746
74, 96.316, 1.28505, 240.0, 1.08939, 1.56592, 28042.78, 25549.812, 5.518
75, 96.09, 1.27723, 231.39535, 1.08543, 1.5627, 27857.01, 25793.912, 5.30924
76, 95.878, 1.27317, 232.18391, 1.08416, 1.56419, 27700.67, 26010.786, 5.10621
77, 95.59, 1.25381, 227.12551, 1.09447, 1.57003, 27524.492, 26238.614, 4.94366
78, 95.172, 1.2381, 221.53846, 1.125, 1.5981, 27345.53, 26472.582, 4.87123
79, 94.836, 1.22872, 235.49784, 1.10662, 1.58667, 27182.686, 26683.162, 4.7163
80, 94.526, 1.23757, 222.76786, 1.08818, 1.46075, 27010.702, 26893.646, 4.62702
81, 94.238, 1.22892, 241.66667, 1.07302, 1.52508, 26858.438, 27082.694, 4.40927
82, 93.84, 1.19663, 258.68545, 1.03448, 1.5538, 26675.49, 27314.258, 4.25859
83, 93.5, 1.21053, 236.71498, 1.07755, 1.54671, 26526.11, 27501.07, 4.15918
84, 93.152, 1.20395, 248.63388, 1.14066, 1.46358, 26360.866, 27696.464, 3.98571
85, 92.798, 1.2129, 236.17021, 1.05405, 1.43345, 26206.276, 27879.118, 3.81891
86, 92.436, 1.2349, 222.82609, 1.17317, 1.47163, 26029.844, 28077.006, 3.7561
87, 91.97, 1.10366, 255.24862, 1.0671, 1.48553, 25858.604, 28279.362, 3.62903
88, 91.614, 1.15789, 261.36364, 1.01087, 1.47766, 25697.868, 28471.146, 3.50407
89, 91.22, 1.15714, 235.80247, 1.09424, 1.49275, 25518.92, 28665.546, 3.42418
90, 90.754, 1.15556, 228.20513, 1.24438, 1.54266, 25333.932, 28860.976, 3.32919
91, 90.292, 1.14, 251.46199, 1.08372, 1.4527, 25175.152, 29044.822, 3.27801
92, 89.846, 1.2439, 250.98039, 1.09375, 1.49451, 25017.902, 29217.74, 3.2521
93, 89.458, 1.136, 257.74648, 1.02186, 1.50575, 24860.46, 29386.638, 3.14557
94, 88.96, 1.10853, 265.03497, 1.01583, 1.54828, 24666.482, 29594.614, 3.0641
95, 88.566, 1.13861, 260.86957, 1.07333, 1.41637, 24481.778, 29778.158, 2.91775
96, 88.13, 1.184, 282.43243, 1.05502, 1.3617, 24336.236, 29945.934, 2.86022
97, 87.73, 1.16514, 241.73228, 1.03257, 1.44922, 24158.442, 30124.512, 2.80786
98, 87.28, 1.09174, 273.10924, 1.03692, 1.44086, 23984.598, 30301.87, 2.72284
99, 86.842, 1.15888, 262.09677, 1.09538, 1.42481, 23807.116, 30483.01, 2.67265
100, 86.28, 1.14815, 273.3871, 0.99115, 1.47458, 23635.196, 30660.826, 2.65904
101, 85.814, 1.07339, 300.0, 1.06838, 1.42751, 23460.564, 30844.522, 2.57534
102, 85.274, 1.15686, 246.61017, 1.12371, 1.49818, 23206.514, 31095.012, 2.53211
103, 84.736, 1.09211, 284.33735, 0.99576, 1.4927, 23029.35, 31257.886, 2.44626
104, 84.192, 1.1087, 276.47059, 1.00709, 1.43662, 22864.212, 31417.462, 2.41766
105, 83.698, 1.125, 253.7037, 1.14234, 1.42292, 22714.366, 31560.854, 2.42308
106, 83.192, 1.09091, 303.57143, 1.07843, 1.42164, 22520.698, 31743.616, 2.3455
107, 82.668, 1.08421, 266.01942, 1.11679, 1.4542, 22345.072, 31913.024, 2.35821
108, 82.178, 1.15116, 254.54545, 1.05556, 1.42292, 22184.226, 32063.054, 2.30693
109, 81.6, 1.05556, 260.52632, 1.15152, 1.45196, 21981.38, 32244.188, 2.2005
110, 81.1, 1.06329, 279.7619, 1.08511, 1.43023, 21799.348, 32411.562, 2.08293
111, 80.576, 1.1, 297.9798, 1.08136, 1.37729, 21645.84, 32562.18, 2.09227
112, 80.118, 1.12857, 268.35443, 1.00472, 1.4065, 21473.742, 32715.14, 2.03817
113, 79.574, 1.17949, 297.82609, 1.10584, 1.37308, 21326.13, 32855.834, 2.03526
114, 79.044, 1.08219, 307.59494, 1.03292, 1.34926, 21133.86, 33035.352, 1.99746
115, 78.542, 1.05085, 277.41935, 1.11047, 1.36614, 20979.734, 33161.888, 1.91582
116, 78.036, 1.03448, 325.0, 0.90256, 1.4329, 20835.482, 33283.526, 1.87949
117, 77.542, 1.07813, 378.26087, 0.98851, 1.3871, 20686.69, 33423.254, 1.86508
118, 76.986, 1.04918, 365.625, 0.96581, 1.44574, 20530.136, 33565.152, 1.82656
119, 76.422, 1.03571, 287.93103, 1.01796, 1.41667, 20348.614, 33718.02, 1.8
120, 75.938, 1.07692, 264.28571, 1.16216, 1.39407, 20152.288, 33883.108, 1.7535
121, 75.486, 1.06897, 300.0, 1.00538, 1.36975, 19984.942, 34026.36, 1.70435
122, 75.014, 1.12308, 331.50685, 1.09917, 1.36522, 19860.628, 34137.634, 1.66571
123, 74.504, 1.03571, 279.31034, 1.11728, 1.38017, 19706.138, 34263.642, 1.65294
124, 73.964, 1.0, 344.23077, 1.04469, 1.42678, 19538.724, 34405.476, 1.61607
125, 73.46, 1.02326, 320.45455, 1.08511, 1.35498, 19396.376, 34514.61, 1.60366
126, 72.98, 1.09302, 297.87234, 1.15, 1.39171, 19231.8, 34645.49, 1.58696
127, 72.444, 1.02222, 282.6087, 1.10769, 1.36475, 19062.344, 34779.53, 1.56688
128, 71.896, 1.06977, 263.04348, 1.17355, 1.40586, 18868.35, 34937.23, 1.54045
129, 71.336, 1.06977, 321.73913, 1.06757, 1.36735, 18713.826, 35060.376, 1.51623
130, 70.874, 1.11905, 357.44681, 1.01786, 1.30531, 18584.754, 35161.474, 1.53061
131, 70.398, 1.0625, 388.23529, 0.93182, 1.33486, 18449.418, 35262.064, 1.52837
132, 69.94, 1.05, 309.52381, 1.06923, 1.32444, 18284.346, 35391.318, 1.47445
133, 69.45, 1.0, 264.51613, 1.09756, 1.34978, 18113.404, 35516.912, 1.44656
134, 68.97, 1.02564, 395.0, 0.87342, 1.22318, 17982.47, 35618.302, 1.45525
135, 68.45, 1.01923, 294.33962, 1.17308, 1.31276, 17840.294, 35730.608, 1.44314
136, 67.922, 1.11765, 318.42105, 1.08264, 1.34934, 17681.022, 35853.586, 1.42126
137, 67.514, 1.08571, 436.84211, 1.07229, 1.25126, 17548.34, 35958.48, 1.39921
138, 67.022, 1.0, 263.63636, 1.2069, 1.3287, 17412.414, 36050.66, 1.40081
139, 66.548, 1.14286, 396.875, 0.9685, 1.32227, 17261.444, 36166.446, 1.38272
140, 66.084, 1.1, 342.42424, 1.25664, 1.33816, 17106.688, 36282.55, 1.36709
141, 65.54, 1.0, 371.42857, 1.05128, 1.35242, 16927.092, 36417.234, 1.37168
142, 65.108, 1.03448, 326.66667, 1.10204, 1.25248, 16799.652, 36503.338, 1.35874
143, 64.614, 1.0, 388.0, 1.08247, 1.24887, 16674.288, 36587.066, 1.34685
144, 64.222, 1.0, 388.23529, 1.09091, 1.28415, 16524.69, 36689.532, 1.33816
145, 63.754, 1.05, 290.47619, 1.4918, 1.3561, 16364.948, 36801.096, 1.30928
146, 63.324, 1.04, 411.53846, 1.08411, 1.21951, 16243.056, 36883.942, 1.26943
147, 62.914, 1.03846, 270.37037, 1.30137, 1.25758, 16098.996, 36982.124, 1.2459
148, 62.444, 1.06667, 393.75, 1.10317, 1.32353, 15979.082, 37066.32, 1.23626
149, 62.006, 1.0, 392.59259, 1.01887, 1.25888, 15855.798, 37150.008, 1.21858
150, 61.542, 1.0, 361.11111, 0.93846, 1.30846, 15720.964, 37237.074, 1.21387
151, 61.038, 1.0, 369.56522, 0.91765, 1.26168, 15575.82, 37339.524, 1.21469
152, 60.638, 1.05263, 440.0, 0.84091, 1.28652, 15429.604, 37443.474, 1.19075
153, 60.142, 1.05, 261.90476, 1.10909, 1.28302, 15297.856, 37525.89, 1.19412
154, 59.68, 1.0, 459.09091, 1.07921, 1.25126, 15175.114, 37608.618, 1.18966
155, 59.21, 1.0, 383.33333, 1.2029, 1.34392, 15051.892, 37685.614, 1.21893
156, 58.738, 1.0, 516.66667, 1.04301, 1.29902, 14922.666, 37773.35, 1.18182
157, 58.296, 1.0, 533.33333, 0.9375, 1.23077, 14799.474, 37855.498, 1.19018
158, 57.88, 1.05882, 344.44444, 1.14516, 1.1699, 14678.972, 37928.222, 1.16234
159, 57.442, 1.03704, 303.57143, 1.24706, 1.21782, 14559.074, 38005.172, 1.17647
160, 56.966, 1.05263, 255.0, 1.13725, 1.28934, 14418.314, 38096.302, 1.17949
161, 56.554, 1.09091, 575.0, 1.14493, 1.15816, 14300.684, 38168.014, 1.1745
162, 56.1, 1.0, 440.0, 1.0, 1.29688, 14170.94, 38246.474, 1.14789
163, 55.63, 1.0, 400.0, 1.10417, 1.28571, 14041.294, 38325.878, 1.15328
164, 55.226, 1.0, 389.47368, 1.06757, 1.2337, 13909.094, 38413.782, 1.1875
165, 54.828, 1.0, 484.61538, 1.0, 1.19022, 13762.91, 38513.528, 1.19835
166, 54.38, 1.0, 300.0, 1.16667, 1.28272, 13621.304, 38599.074, 1.18182
167, 53.956, 1.08333, 446.15385, 1.10345, 1.19271, 13480.814, 38691.882, 1.14545
168, 53.592, 1.0, 616.66667, 0.83784, 1.23899, 13372.754, 38747.574, 1.13592
169, 53.196, 1.0, 450.0, 1.26389, 1.1658, 13252.99, 38822.472, 1.10417
170, 52.754, 1.0, 400.0, 1.05, 1.19095, 13126.322, 38897.492, 1.1236
171, 52.326, 1.0, 471.42857, 1.15152, 1.21622, 12968.392, 39002.676, 1.11628
172, 51.888, 1.07692, 421.42857, 0.94915, 1.24457, 12856.234, 39067.722, 1.13636
173, 51.498, 1.0, 461.53846, 0.88333, 1.19653, 12755.916, 39120.412, 1.12222
174, 51.09, 1.0, 300.0, 1.33333, 1.20556, 12651.028, 39172.37, 1.1
175, 50.682, 1.0, 433.33333, 0.92308, 1.20556, 12548.478, 39224.072, 1.07955
176, 50.274, 1.0, 406.25, 1.10769, 1.17978, 12444.426, 39282.11, 1.09375
177, 49.874, 1.0, 488.88889, 1.0, 1.18539, 12339.186, 39336.836, 1.09574
178, 49.528, 1.0, 475.0, 0.94737, 1.21477, 12242.582, 39378.51, 1.08791
179, 49.14, 1.0, 400.0, 1.17857, 1.20231, 12134.308, 39433.0, 1.09524
180, 48.734, 1.0, 600.0, 0.8, 1.26036, 12029.882, 39485.33, 1.11538
181, 48.29, 1.0, 545.45455, 0.78333, 1.28492, 11903.814, 39563.94, 1.15385
182, 47.888, 1.16667, 642.85714, 1.11111, 1.25595, 11803.37, 39614.898, 1.12987
183, 47.536, 1.0, 516.66667, 1.0, 1.20382, 11721.966, 39643.926, 1.14286
184, 47.2, 1.0, 366.66667, 0.88636, 1.1375, 11625.374, 39690.302, 1.13043
185, 46.812, 1.0, 220.0, 1.0, 1.22619, 11509.91, 39749.17, 1.12698
186, 46.468, 1.0, 450.0, 1.22222, 1.18065, 11409.82, 39796.524, 1.08197
187, 46.142, 1.0, 375.0, 0.93333, 1.17931, 11329.06, 39821.356, 1.05085
188, 45.758, 1.0, 560.0, 1.17857, 1.19018, 11233.528, 39864.28, 1.04839
189, 45.386, 1.0, 560.0, 1.07143, 1.2037, 11122.634, 39922.79, 1.01667
190, 45.062, 1.0, 550.0, 0.68182, 1.21898, 11023.586, 39967.936, 1.03448
191, 44.722, 1.0, 383.33333, 1.21739, 1.18954, 10932.87, 40004.502, 1.03846
192, 44.366, 1.0, 430.0, 0.90698, 1.17949, 10837.466, 40050.394, 1.03571
193, 44.03, 1.0, 300.0, 0.5, 1.2069, 10739.124, 40091.868, 1.01923
194, 43.7, 1.0, 350.0, 0.78571, 1.20408, 10654.038, 40121.686, 1.0
195, 43.358, 1.0, 433.33333, 1.34615, 1.23944, 10566.784, 40155.824, 1.04545
196, 43.01, 1.0, 650.0, 1.46154, 1.21622, 10465.24, 40201.498, 1.05
197, 42.656, 1.0, 385.71429, 0.85185, 1.16026, 10362.982, 40251.016, 1.02273
198, 42.31, 1.0, 740.0, 1.27027, 1.18, 10238.418, 40325.27, 1.02222
199, 41.99, 1.0, 400.0, 1.0625, 1.19424, 10145.306, 40363.778, 1.04762
200, 41.642, 1.0, 833.33333, 0.98, 1.21233, 10064.12, 40397.088, 1.04444
201, 41.334, 1.0, 166.66667, 0.8, 1.20301, 9972.82, 40431.376, 1.02326
202, 41.036, 1.0, 450.0, 1.27778, 1.16176, 9863.748, 40486.26, 1.05405
203, 40.706, 1.0, 300.0, 1.33333, 1.19149, 9773.066, 40519.85, 1.02778
204, 40.336, 1.0, 400.0, 1.0, 1.18125, 9655.004, 40581.874, 1.0303
205, 39.982, 1.0, 350.0, 1.0, 1.28169, 9563.124, 40617.292, 1.03333
206, 39.676, 1.0, 400.0, 0.875, 1.13971, 9480.97, 40643.644, 1.03333
207, 39.396, 0.0, 0.0, 0.0, 1.18548, 9386.09, 40681.888, 1.04348
208, 39.07, 1.0, 350.0, 0.57143, 1.22963, 9281.076, 40730.724, 1.04545
209, 38.768, 1.0, 440.0, 1.09091, 1.1938, 9202.216, 40756.902, 1.04167
210, 38.464, 1.0, 3800.0, 0.94737, 1.17037, 9134.31, 40775.332, 1.0
211, 38.152, 1.0, 325.0, 1.23077, 1.18797, 9058.06, 40797.25, 1.0
212, 37.814, 1.0, 500.0, 1.1, 1.13072, 8966.524, 40833.844, 1.05263
213, 37.494, 1.0, 700.0, 0.97143, 1.12414, 8858.268, 40892.78, 1.0
214, 37.22, 1.0, 850.0, 0.70588, 1.13115, 8783.856, 40914.27, 1.0
215, 36.936, 1.0, 833.33333, 1.36, 1.15323, 8709.604, 40936.93, 1.0
216, 36.642, 1.0, 400.0, 1.25, 1.21138, 8632.51, 40958.218, 1.0
217, 36.334, 1.0, 350.0, 1.28571, 1.17557, 8562.274, 40973.868, 1.0
218, 36.04, 1.0, 200.0, 0.5, 1.20161, 8483.312, 40996.476, 1.0
219, 35.746, 1.0, 1533.33333, 1.23913, 1.17829, 8405.39, 41027.074, 1.0
220, 35.474, 1.0, 1050.0, 0.7619, 1.104, 8340.528, 41039.494, 1.0
221, 35.226, 1.0, 1300.0, 1.0, 1.15315, 8280.914, 41044.724, 1.0
222, 34.958, 1.0, 700.0, 1.07143, 1.08871, 8213.35, 41058.782, 1.0
223, 34.648, 1.0, 200.0, 3.0, 1.15108, 8135.874, 41080.438, 1.0
224, 34.38, 1.0, 460.0, 1.04348, 1.13333, 8069.454, 41095.418, 1.0
225, 34.108, 1.0, 1900.0, 0.78947, 1.13934, 8006.538, 41109.398, 1.0
226, 33.804, 1.0, 800.0, 0.75, 1.15038, 7930.296, 41130.528, 1.0
227, 33.528, 1.0, 100.0, 1.0, 1.16807, 7854.924, 41150.494, 1.0
228, 33.272, 1.0, 500.0, 0.6, 1.12069, 7793.996, 41156.85, 1.0
229, 32.99, 1.0, 375.0, 0.93333, 1.16129, 7722.228, 41175.468, 1.0
230, 32.716, 1.0, 200.0, 1.0, 1.15702, 7655.94, 41187.376, 1.0
231, 32.464, 1.0, 1600.0, 1.0, 1.17431, 7599.862, 41191.24, 1.0
232, 32.218, 1.0, 950.0, 1.31579, 1.12613, 7540.992, 41197.64, 1.0
233, 31.91, 1.0, 333.33333, 1.3, 1.16296, 7464.348, 41220.258, 1.0
234, 31.624, 1.0, 1150.0, 0.86957, 1.22689, 7392.38, 41241.022, 1.0
235, 31.368, 1.0, 300.0, 1.5, 1.13043, 7331.828, 41247.1, 1.0
236, 31.09, 1.0, 700.0, 1.85714, 1.10236, 7262.756, 41262.19, 1.0
237, 30.85, 1.0, 933.33333, 1.03571, 1.15238, 7203.388, 41271.456, 1.0
238, 30.574, 0.0, 0.0, 0.0, 1.13008, 7128.382, 41291.02, 1.0
239, 30.35, 1.0, 900.0, 0.88889, 1.15, 7066.186, 41299.9, 1.0
240, 30.092, 1.0, 300.0, 1.66667, 1.09091, 6995.948, 41315.046, 1.0
241, 29.868, 1.0, 500.0, 1.0, 1.16495, 6933.174, 41325.358, 1.0
242, 29.59, 1.0, 2700.0, 1.07407, 1.12903, 6869.786, 41338.744, 1.0
243, 29.352, 1.0, 800.0, 0.95833, 1.12963, 6816.098, 41341.696, 1.0
244, 29.146, 0.0, 0.0, 0.0, 1.1383, 6761.896, 41340.902, 1.0
245, 28.876, 1.0, 200.0, 1.5, 1.16949, 6696.184, 41352.23, 1.0
246, 28.662, 0.0, 0.0, 0.0, 1.1134, 6642.166, 41351.884, 1.0
247, 28.432, 1.0, 300.0, 1.0, 1.11429, 6580.752, 41358.228, 1.0
248, 28.17, 1.0, 550.0, 0.72727, 1.09167, 6511.464, 41374.724, 1.0
249, 27.93, 1.0, 433.33333, 1.0, 1.09009, 6449.478, 41384.572, 1.0
250, 27.672, 0.0, 0.0, 0.0, 1.08333, 6388.838, 41390.048, 1.0
251, 27.42, 1.0, 1000.0, 1.13333, 1.13393, 6328.382, 41402.156, 1.0
252, 27.196, 1.0, 600.0, 0.33333, 1.13, 6261.35, 41415.842, 1.0
253, 26.99, 1.0, 1000.0, 1.0, 1.15385, 6199.752, 41424.992, 1.0
254, 26.778, 0.0, 0.0, 0.0, 1.09278, 6149.312, 41421.324, 1.0
255, 26.532, 0.0, 0.0, 0.0, 1.20192, 6090.008, 41426.232, 1.0
256, 26.306, 0.0, 0.0, 0.0, 1.10784, 6027.936, 41433.958, 1.0
257, 26.088, 1.0, 500.0, 1.06667, 1.15789, 5980.798, 41429.836, 1.0
258, 25.858, 0.0, 0.0, 0.0, 1.08411, 5916.65, 41439.734, 1.0
259, 25.604, 1.0, 2700.0, 0.72222, 1.11207, 5857.508, 41455.138, 1.0
260, 25.388, 0.0, 0.0, 0.0, 1.18681, 5803.656, 41454.948, 1.0
261, 25.192, 0.0, 0.0, 0.0, 1.07447, 5743.916, 41460.704, 1.0
262, 25.022, 0.0, 0.0, 0.0, 1.10256, 5708.544, 41442.494, 1.0
263, 24.834, 0.0, 0.0, 0.0, 1.07955, 5652.244, 41445.468, 1.0
264, 24.578, 1.0, 2250.0, 0.82222, 1.10345, 5605.056, 41448.076, 1.0
265, 24.382, 0.0, 0.0, 0.0, 1.15294, 5555.79, 41443.702, 1.0
266, 24.202, 0.0, 0.0, 0.0, 1.03448, 5512.812, 41433.514, 1.0
267, 24.016, 1.0, 1600.0, 0.6875, 1.07865, 5463.65, 41431.932, 1.0
268, 23.814, 1.0, 2150.0, 0.72093, 1.13483, 5418.568, 41432.38, 1.0
269, 23.65, 0.0, 0.0, 0.0, 1.07692, 5366.768, 41431.004, 1.0
270, 23.406, 0.0, 0.0, 0.0, 1.14019, 5309.88, 41434.246, 1.0
271, 23.2, 0.0, 0.0, 0.0, 1.11957, 5257.068, 41433.68, 1.0
272, 23.022, 1.0, 200.0, 0.5, 1.07229, 5215.206, 41422.494, 1.0
273, 22.838, 0.0, 0.0, 0.0, 1.08235, 5165.528, 41418.938, 1.0
274, 22.64, 0.0, 0.0, 0.0, 1.08602, 5113.588, 41417.392, 1.0
275, 22.438, 0.0, 0.0, 0.0, 1.10989, 5069.62, 41408.132, 1.0
276, 22.294, 0.0, 0.0, 0.0, 1.02857, 5038.002, 41387.762, 1.0
277, 22.114, 0.0, 0.0, 0.0, 1.09639, 4994.464, 41378.37, 1.0
278, 21.956, 0.0, 0.0, 0.0, 1.03846, 4961.996, 41357.736, 1.0
279, 21.782, 0.0, 0.0, 0.0, 1.06098, 4925.906, 41340.758, 1.0
280, 21.59, 0.0, 0.0, 0.0, 1.06667, 4863.778, 41350.014, 1.0
281, 21.426, 0.0, 0.0, 0.0, 1.06494, 4813.192, 41347.976, 1.0
282, 21.238, 0.0, 0.0, 0.0, 1.09195, 4768.692, 41339.326, 0.0
283, 21.03, 0.0, 0.0, 0.0, 1.14286, 4711.754, 41343.438, 0.0
284, 20.848, 0.0, 0.0, 0.0, 1.07059, 4671.346, 41331.112, 0.0
285, 20.67, 0.0, 0.0, 0.0, 1.09877, 4630.014, 41319.91, 0.0
286, 20.482, 0.0, 0.0, 0.0, 1.09302, 4584.262, 41313.82, 0.0
287, 20.31, 0.0, 0.0, 0.0, 1.10256, 4544.38, 41301.418, 0.0
288, 20.178, 1.0, 600.0, 0.83333, 1.06452, 4517.67, 41276.82, 1.0
289, 20.026, 0.0, 0.0, 0.0, 1.0411, 4483.144, 41258.512, 1.0
290, 19.83, 0.0, 0.0, 0.0, 1.06522, 4437.052, 41252.088, 1.0
291, 19.672, 0.0, 0.0, 0.0, 1.08219, 4401.062, 41235.676, 1.0
292, 19.484, 0.0, 0.0, 0.0, 1.05618, 4353.866, 41230.484, 1.0
293, 19.346, 0.0, 0.0, 0.0, 1.02985, 4317.39, 41215.086, 1.0
294, 19.196, 0.0, 0.0, 0.0, 1.0274, 4281.066, 41199.64, 1.0
295, 19.066, 0.0, 0.0, 0.0, 1.03175, 4249.574, 41179.396, 1.0
296, 18.91, 0.0, 0.0, 0.0, 1.06849, 4214.984, 41162.006, 1.0
297, 18.758, 0.0, 0.0, 0.0, 1.07042, 4186.642, 41138.246, 1.0
298, 18.564, 0.0, 0.0, 0.0, 1.07692, 4141.91, 41131.066, 0.0
299, 18.438, 0.0, 0.0, 0.0, 1.16667, 4113.29, 41108.036, 0.0
300, 18.304, 0.0, 0.0, 0.0, 1.08065, 4081.124, 41089.212, 0.0
301, 18.17, 0.0, 0.0, 0.0, 1.08065, 4053.816, 41064.916, 0.0
302, 18.016, 0.0, 0.0, 0.0, 1.1, 4010.256, 41056.52, 0.0
303, 17.876, 0.0, 0.0, 0.0, 1.11111, 3972.952, 41042.018, 0.0
304, 17.722, 1.0, 1900.0, 0.89474, 1.08451, 3940.134, 41027.246, 1.0
305, 17.574, 0.0, 0.0, 0.0, 1.12121, 3895.166, 41020.74, 1.0
306, 17.402, 0.0, 0.0, 0.0, 1.11688, 3855.134, 41009.73, 1.0
307, 17.234, 0.0, 0.0, 0.0, 1.10526, 3781.15, 41032.184, 1.0
308, 17.094, 0.0, 0.0, 0.0, 1.06061, 3748.642, 41013.38, 1.0
309, 16.944, 0.0, 0.0, 0.0, 1.08696, 3715.52, 40995.058, 1.0
310, 16.78, 0.0, 0.0, 0.0, 1.06494, 3674.682, 40985.09, 1.0
311, 16.654, 0.0, 0.0, 0.0, 1.0678, 3644.288, 40963.976, 1.0
312, 16.5, 0.0, 0.0, 0.0, 1.06944, 3607.948, 40949.22, 1.0
313, 16.352, 0.0, 0.0, 0.0, 1.12121, 3568.458, 40937.878, 1.0
314, 16.178, 0.0, 0.0, 0.0, 1.04762, 3528.354, 40927.422, 0.0
315, 16.01, 0.0, 0.0, 0.0, 1.10526, 3477.49, 40927.07, 0.0
316, 15.876, 0.0, 0.0, 0.0, 1.11667, 3444.504, 40909.18, 0.0
317, 15.768, 0.0, 0.0, 0.0, 1.08, 3420.178, 40882.906, 0.0
318, 15.626, 0.0, 0.0, 0.0, 1.0597, 3381.336, 40870.958, 0.0
319, 15.486, 0.0, 0.0, 0.0, 1.09375, 3351.176, 40850.08, 0.0
320, 15.398, 0.0, 0.0, 0.0, 1.04762, 3331.846, 40819.352, 0.0
321, 15.31, 0.0, 0.0, 0.0, 1.1, 3311.376, 40789.864, 0.0
322, 15.176, 0.0, 0.0, 0.0, 1.09836, 3282.518, 40768.484, 0.0
323, 15.032, 0.0, 0.0, 0.0, 1.14286, 3253.276, 40746.88, 0.0
324, 14.92, 0.0, 0.0, 0.0, 1.0, 3229.33, 40720.524, 0.0
325, 14.808, 0.0, 0.0, 0.0, 1.07692, 3197.768, 40701.964, 0.0
326, 14.684, 0.0, 0.0, 0.0, 1.06897, 3166.082, 40683.688, 0.0
327, 14.566, 0.0, 0.0, 0.0, 1.05357, 3137.754, 40662.138, 0.0
328, 14.46, 0.0, 0.0, 0.0, 1.03922, 3112.668, 40637.18, 0.0
329, 14.354, 0.0, 0.0, 0.0, 1.0, 3088.514, 40611.638, 0.0
330, 14.268, 0.0, 0.0, 0.0, 1.02381, 3065.37, 40585.374, 0.0
331, 14.142, 1.0, 700.0, 0.85714, 1.01613, 3031.876, 40570.476, 1.0
332, 14.012, 0.0, 0.0, 0.0, 1.04839, 3001.944, 40550.88, 1.0
333, 13.916, 0.0, 0.0, 0.0, 1.06667, 2976.194, 40527.216, 1.0
334, 13.82, 1.0, 200.0, 2.0, 1.02128, 2958.392, 40495.598, 1.0
335, 13.694, 0.0, 0.0, 0.0, 1.0678, 2932.22, 40471.736, 1.0
336, 13.574, 0.0, 0.0, 0.0, 1.01695, 2905.95, 40448.324, 1.0
337, 13.452, 0.0, 0.0, 0.0, 1.0339, 2874.262, 40429.896, 1.0
338, 13.336, 0.0, 0.0, 0.0, 1.07407, 2841.102, 40413.442, 1.0
339, 13.256, 0.0, 0.0, 0.0, 1.05263, 2822.04, 40383.556, 1.0
340, 13.164, 0.0, 0.0, 0.0, 1.0, 2804.718, 40351.516, 1.0
341, 13.056, 0.0, 0.0, 0.0, 1.03774, 2782.766, 40324.748, 1.0
342, 12.982, 0.0, 0.0, 0.0, 1.05714, 2766.986, 40291.908, 1.0
343, 12.884, 0.0, 0.0, 0.0, 1.04255, 2735.9, 40273.486, 1.0
344, 12.776, 0.0, 0.0, 0.0, 1.05769, 2709.972, 40250.62, 0.0
345, 12.676, 0.0, 0.0, 0.0, 1.06383, 2689.436, 40221.952, 0.0
346, 12.584, 0.0, 0.0, 0.0, 1.02222, 2664.894, 40197.66, 0.0
347, 12.478, 0.0, 0.0, 0.0, 1.03922, 2638.284, 40175.664, 0.0
348, 12.378, 0.0, 0.0, 0.0, 1.02041, 2612.922, 40152.03, 0.0
349, 12.32, 0.0, 0.0, 0.0, 1.03571, 2600.046, 40116.49, 0.0
350, 12.194, 0.0, 0.0, 0.0, 1.0678, 2570.136, 40097.156, 0.0
351, 12.108, 0.0, 0.0, 0.0, 1.02381, 2545.91, 40072.242, 0.0
352, 12.038, 0.0, 0.0, 0.0, 1.0, 2528.642, 40040.742, 0.0
353, 11.96, 0.0, 0.0, 0.0, 1.02632, 2506.01, 40015.394, 0.0
354, 11.864, 0.0, 0.0, 0.0, 1.04348, 2481.37, 39991.248, 0.0
355, 11.75, 0.0, 0.0, 0.0, 1.09615, 2441.642, 39982.78, 0.0
356, 11.644, 0.0, 0.0, 0.0, 1.03922, 2419.912, 39956.738, 0.0
357, 11.544, 0.0, 0.0, 0.0, 1.02041, 2396.358, 39932.38, 0.0
358, 11.466, 0.0, 0.0, 0.0, 1.02632, 2377.224, 39903.496, 0.0
359, 11.36, 0.0, 0.0, 0.0, 1.06, 2352.738, 39880.036, 0.0
360, 11.288, 0.0, 0.0, 0.0, 1.09091, 2336.866, 39847.726, 0.0
361, 11.204, 0.0, 0.0, 0.0, 1.07692, 2315.106, 39821.36, 0.0
362, 11.1, 0.0, 0.0, 0.0, 1.04, 2296.006, 39792.61, 0.0
363, 11.014, 0.0, 0.0, 0.0, 1.04878, 2279.27, 39761.272, 0.0
364, 10.898, 0.0, 0.0, 0.0, 1.05455, 2257.326, 39735.274, 0.0
365, 10.832, 0.0, 0.0, 0.0, 1.06452, 2243.144, 39701.752, 0.0
366, 10.734, 0.0, 0.0, 0.0, 1.06522, 2223.102, 39673.878, 0.0
367, 10.652, 0.0, 0.0, 0.0, 1.0, 2204.352, 39644.62, 0.0
368, 10.582, 0.0, 0.0, 0.0, 1.0, 2188.212, 39612.8, 0.0
369, 10.514, 0.0, 0.0, 0.0, 1.0625, 2173.776, 39580.22, 0.0
370, 10.436, 0.0, 0.0, 0.0, 1.02632, 2157.36, 39548.796, 0.0
371, 10.372, 0.0, 0.0, 0.0, 1.06667, 2145.664, 39512.758, 0.0
372, 10.302, 0.0, 0.0, 0.0, 1.02941, 2131.154, 39479.774, 0.0
373, 10.228, 0.0, 0.0, 0.0, 1.02778, 2113.392, 39450.276, 0.0
374, 10.118, 0.0, 0.0, 0.0, 1.01852, 2089.728, 39426.76, 0.0
375, 10.026, 0.0, 0.0, 0.0, 1.04545, 2070.468, 39398.442, 0.0
376, 9.94, 0.0, 0.0, 0.0, 1.075, 2055.612, 39365.69, 0.0
377, 9.858, 0.0, 0.0, 0.0, 1.0, 2037.664, 39336.454, 0.0
378, 9.776, 0.0, 0.0, 0.0, 1.025, 1991.736, 39335.518, 0.0
379, 9.726, 0.0, 0.0, 0.0, 1.04167, 1977.506, 39302.536, 0.0
380, 9.656, 0.0, 0.0, 0.0, 1.02941, 1953.576, 39279.54, 0.0
381, 9.588, 0.0, 0.0, 0.0, 1.0303, 1940.162, 39246.036, 0.0
382, 9.476, 0.0, 0.0, 0.0, 1.09804, 1918.522, 39221.002, 0.0
383, 9.39, 0.0, 0.0, 0.0, 1.02381, 1879.91, 39212.136, 0.0
384, 9.31, 0.0, 0.0, 0.0, 1.02564, 1863.256, 39182.132, 0.0
385, 9.226, 0.0, 0.0, 0.0, 1.07692, 1847.386, 39151.398, 0.0
386, 9.144, 0.0, 0.0, 0.0, 1.07895, 1829.438, 39122.82, 0.0
387, 9.074, 0.0, 0.0, 0.0, 1.02941, 1806.572, 39098.76, 0.0
388, 9.014, 0.0, 0.0, 0.0, 1.0, 1793.954, 39064.928, 0.0
389, 8.938, 0.0, 0.0, 0.0, 1.0, 1777.93, 39034.386, 0.0
390, 8.862, 0.0, 0.0, 0.0, 1.08571, 1758.742, 39007.478, 0.0
391, 8.808, 0.0, 0.0, 0.0, 1.0, 1747.768, 38971.832, 0.0
392, 8.754, 0.0, 0.0, 0.0, 1.03846, 1735.468, 38938.048, 0.0
393, 8.68938, 1.0, 1400.0, 1.07143, 1.0, 1719.5491, 38913.8, 1.0
394, 8.61924, 0.0, 0.0, 0.0, 1.0, 1703.02405, 38880.38878, 1.0
395, 8.5511, 0.0, 0.0, 0.0, 1.0625, 1688.95391, 38848.61323, 1.0
396, 8.48497, 0.0, 0.0, 0.0, 1.06452, 1675.71343, 38815.47094, 1.0
397, 8.42771, 0.0, 0.0, 0.0, 1.0, 1663.6747, 38785.36473, 1.0
398, 8.35141, 0.0, 0.0, 0.0, 1.05556, 1647.73896, 38751.3755, 1.0
399, 8.2751, 0.0, 0.0, 0.0, 1.02703, 1635.33333, 38717.83936, 1.0
400, 8.21687, 0.0, 0.0, 0.0, 1.0, 1622.33133, 38685.19478, 1.0
401, 8.13855, 0.0, 0.0, 0.0, 1.02632, 1606.63655, 38654.96988, 1.0
402, 8.08635, 0.0, 0.0, 0.0, 1.13043, 1594.84337, 38621.04618, 1.0
403, 8.01004, 0.0, 0.0, 0.0, 1.05556, 1578.54618, 38591.85141, 1.0
404, 7.94378, 0.0, 0.0, 0.0, 1.03125, 1565.43775, 38559.32731, 1.0
405, 7.88153, 0.0, 0.0, 0.0, 1.0, 1551.81325, 38526.88956, 1.0
406, 7.83735, 0.0, 0.0, 0.0, 1.0, 1542.36948, 38490.86345, 0.0
407, 7.77711, 0.0, 0.0, 0.0, 1.07143, 1528.93173, 38458.82932, 0.0
408, 7.72435, 0.0, 0.0, 0.0, 1.0, 1518.76056, 38426.53614, 0.0
409, 7.64185, 0.0, 0.0, 0.0, 1.025, 1503.04628, 38388.04628, 0.0
410, 7.57344, 0.0, 0.0, 0.0, 1.0625, 1488.80483, 38357.09658, 0.0
411, 7.51107, 0.0, 0.0, 0.0, 1.06897, 1474.17304, 38326.72435, 0.0
412, 7.45875, 0.0, 0.0, 0.0, 1.0, 1461.46076, 38294.01207, 0.0
413, 7.38229, 0.0, 0.0, 0.0, 1.08571, 1447.08249, 38262.91348, 0.0
414, 7.32394, 0.0, 0.0, 0.0, 1.0, 1425.49899, 38239.31992, 0.0
415, 7.26358, 0.0, 0.0, 0.0, 1.0, 1414.02414, 38205.28974, 0.0
416, 7.19115, 0.0, 0.0, 0.0, 1.0, 1390.5332, 38183.36016, 0.0
417, 7.1167, 0.0, 0.0, 0.0, 1.02778, 1376.12676, 38152.87525, 0.0
418, 7.04628, 0.0, 0.0, 0.0, 1.0, 1361.01408, 38122.61771, 0.0
419, 6.99396, 0.0, 0.0, 0.0, 1.0, 1349.8169, 38088.75453, 0.0
420, 6.92555, 0.0, 0.0, 0.0, 1.0, 1339.00805, 38054.65392, 0.0
421, 6.88531, 0.0, 0.0, 0.0, 1.0, 1329.17103, 38019.65392, 0.0
422, 6.83903, 0.0, 0.0, 0.0, 1.09524, 1317.78471, 37986.46881, 0.0
423, 6.78672, 0.0, 0.0, 0.0, 1.04, 1306.91147, 37952.56539, 0.0
424, 6.74245, 0.0, 0.0, 0.0, 1.04762, 1298.85312, 37915.88732, 0.0
425, 6.69014, 0.0, 0.0, 0.0, 1.04, 1287.87123, 37881.97183, 0.0
426, 6.63179, 0.0, 0.0, 0.0, 1.03571, 1277.15493, 37848.54125, 0.0
427, 6.5674, 0.0, 0.0, 0.0, 1.03226, 1261.65594, 37819.2495, 0.0
428, 6.48692, 0.0, 0.0, 0.0, 1.08108, 1246.07445, 37790.59557, 0.0
429, 6.43461, 0.0, 0.0, 0.0, 1.04, 1233.99195, 37758.04628, 0.0
430, 6.37827, 0.0, 0.0, 0.0, 1.0, 1221.96781, 37725.18913, 0.0
431, 6.33602, 0.0, 0.0, 0.0, 1.0, 1213.52918, 37689.30181, 0.0
432, 6.27364, 0.0, 0.0, 0.0, 1.03333, 1188.13481, 37670.34809, 0.0
433, 6.21932, 0.0, 0.0, 0.0, 1.03846, 1178.75252, 37635.94567, 0.0
434, 6.17304, 0.0, 0.0, 0.0, 1.0, 1170.87123, 37599.40443, 0.0
435, 6.11469, 0.0, 0.0, 0.0, 1.07407, 1160.31992, 37565.64185, 0.0
436, 6.06439, 0.0, 0.0, 0.0, 1.04167, 1152.1328, 37529.43863, 0.0
437, 6.02012, 0.0, 0.0, 0.0, 1.04762, 1142.22938, 37495.03823, 0.0
438, 5.97379, 0.0, 0.0, 0.0, 1.0, 1131.26815, 37463.87726, 0.0
439, 5.9254, 0.0, 0.0, 0.0, 1.04348, 1117.14113, 37426.51411, 0.0
440, 5.87097, 0.0, 0.0, 0.0, 1.03846, 1107.59879, 37391.64315, 0.0
441, 5.82661, 0.0, 0.0, 0.0, 1.04762, 1099.24597, 37355.95968, 0.0
442, 5.77621, 0.0, 0.0, 0.0, 1.08696, 1080.75, 37330.38911, 0.0
443, 5.72379, 0.0, 0.0, 0.0, 1.08333, 1070.36694, 37296.72379, 0.0
444, 5.67137, 0.0, 0.0, 0.0, 1.0, 1059.1996, 37264.48992, 0.0
445, 5.62298, 0.0, 0.0, 0.0, 1.0, 1048.91532, 37230.82056, 0.0
446, 5.57661, 0.0, 0.0, 0.0, 1.0, 1042.10484, 37194.10081, 0.0
447, 5.53024, 0.0, 0.0, 0.0, 1.0, 1033.82056, 37158.90927, 0.0
448, 5.47379, 0.0, 0.0, 0.0, 1.03704, 1025.71573, 37123.64919, 0.0
449, 5.42339, 0.0, 0.0, 0.0, 1.04167, 1016.60081, 37089.03226, 0.0
450, 5.37097, 0.0, 0.0, 0.0, 1.0, 1004.88105, 37057.35484, 0.0
451, 5.32056, 0.0, 0.0, 0.0, 1.13636, 994.41532, 37024.49597, 0.0
452, 5.27823, 0.0, 0.0, 0.0, 1.05, 985.25605, 36990.46976, 0.0
453, 5.22984, 0.0, 0.0, 0.0, 1.04348, 975.14919, 36957.15726, 0.0
454, 5.2202, 0.0, 0.0, 0.0, 1.0, 968.73535, 36922.07661, 0.0
455, 5.17374, 0.0, 0.0, 0.0, 1.0, 960.10101, 36886.79192, 0.0
456, 5.12323, 0.0, 0.0, 0.0, 1.04167, 952.05051, 36852.32929, 0.0
457, 5.08889, 0.0, 0.0, 0.0, 1.0625, 943.87071, 36817.32323, 0.0
458, 5.05051, 0.0, 0.0, 0.0, 1.0, 936.07071, 36782.33535, 0.0
459, 5.02632, 0.0, 0.0, 0.0, 1.0, 933.04858, 36744.55354, 0.0
460, 4.99798, 0.0, 0.0, 0.0, 1.07692, 928.28543, 36706.583, 0.0
461, 4.96755, 0.0, 0.0, 0.0, 1.05263, 921.85598, 36671.54453, 0.0
462, 4.93306, 0.0, 0.0, 0.0, 1.0625, 914.86004, 36623.09128, 0.0
463, 4.89249, 0.0, 0.0, 0.0, 1.0, 905.80527, 36589.56389, 0.0
464, 4.83976, 0.0, 0.0, 0.0, 1.0, 896.50913, 36555.9716, 0.0
465, 4.79513, 0.0, 0.0, 0.0, 1.0, 887.8641, 36521.58012, 0.0
466, 4.74442, 0.0, 0.0, 0.0, 1.04167, 879.31034, 36488.28803, 0.0
467, 4.714, 0.0, 0.0, 0.0, 1.0, 874.40771, 36450.5355, 0.0
468, 4.68293, 0.0, 0.0, 0.0, 1.05263, 864.84146, 36419.26166, 0.0
469, 4.63821, 0.0, 0.0, 0.0, 1.15789, 852.56301, 36386.29675, 0.0
470, 4.61382, 0.0, 0.0, 0.0, 1.0, 847.5, 36349.11179, 0.0
471, 4.58537, 0.0, 0.0, 0.0, 1.0, 841.7378, 36312.05285, 0.0
472, 4.55691, 0.0, 0.0, 0.0, 1.0, 828.78659, 36282.84146, 0.0
473, 4.5122, 0.0, 0.0, 0.0, 1.0, 815.26016, 36254.06504, 0.0
474, 4.48374, 0.0, 0.0, 0.0, 1.0, 808.55691, 36218.73577, 0.0
475, 4.44512, 0.0, 0.0, 0.0, 1.0, 801.03659, 36184.07927, 0.0
476, 4.4126, 0.0, 0.0, 0.0, 1.06667, 795.58333, 36147.98171, 0.0
477, 4.38493, 0.0, 0.0, 0.0, 1.05882, 790.05703, 36112.70935, 0.0
478, 4.34623, 0.0, 0.0, 0.0, 1.0, 782.8167, 36073.611, 0.0
479, 4.31161, 0.0, 0.0, 0.0, 1.0625, 774.05499, 36040.3442, 0.0
480, 4.27291, 0.0, 0.0, 0.0, 1.0, 767.81874, 36004.70468, 0.0
481, 4.22607, 0.0, 0.0, 0.0, 1.04545, 756.02444, 35974.49491, 0.0
482, 4.19145, 0.0, 0.0, 0.0, 1.0625, 751.10387, 35937.51935, 0.0
483, 4.16701, 0.0, 0.0, 0.0, 1.0, 746.95112, 35899.89409, 0.0
484, 4.12627, 0.0, 0.0, 0.0, 1.05263, 738.31161, 35866.86965, 0.0
485, 4.10591, 0.0, 0.0, 0.0, 1.0, 734.65173, 35828.62525, 0.0
486, 4.07128, 0.0, 0.0, 0.0, 1.0625, 727.75356, 35794.20774, 0.0
487, 4.02851, 0.0, 0.0, 0.0, 1.05, 720.28106, 35760.07536, 0.0
488, 4.00407, 0.0, 0.0, 0.0, 1.09091, 716.13442, 35722.99593, 0.0
489, 4.00409, 0.0, 0.0, 0.0, 1.0, 716.9407, 35683.88798, 0.0
490, 3.96115, 0.0, 0.0, 0.0, 1.0, 710.01227, 35627.56237, 0.0
491, 3.93865, 0.0, 0.0, 0.0, 1.0, 705.76892, 35590.06339, 0.0
492, 3.90593, 0.0, 0.0, 0.0, 1.0, 697.17791, 35557.26789, 0.0
493, 3.85685, 0.0, 0.0, 0.0, 1.04348, 686.53988, 35527.35174, 0.0
494, 3.82377, 0.0, 0.0, 0.0, 1.05263, 679.30943, 35495.03476, 0.0
495, 3.80453, 0.0, 0.0, 0.0, 1.0, 675.94033, 35458.09221, 0.0
496, 3.79175, 0.0, 0.0, 0.0, 1.0, 673.15052, 35408.87654, 0.0
497, 3.77226, 0.0, 0.0, 0.0, 1.0, 669.62526, 35367.06186, 0.0
498, 3.73706, 0.0, 0.0, 0.0, 1.0, 664.16563, 35329.02277, 0.0
499, 3.69979, 0.0, 0.0, 0.0, 1.0, 658.64389, 35293.26501, 0.0
500, 3.6646, 0.0, 0.0, 0.0, 1.0, 651.54658, 35259.59006, 0.0
501, 3.62112, 0.0, 0.0, 0.0, 1.05, 645.32919, 35225.0766, 0.0
502, 3.58091, 0.0, 0.0, 0.0, 1.0, 637.43983, 35193.19048, 0.0
503, 3.53942, 0.0, 0.0, 0.0, 1.05263, 628.01245, 35161.91701, 0.0
504, 3.5166, 0.0, 0.0, 0.0, 1.0, 623.77593, 35125.37552, 0.0
505, 3.49792, 0.0, 0.0, 0.0, 1.0, 621.5, 35089.82988, 0.0
506, 3.46667, 0.0, 0.0, 0.0, 1.07143, 616.03958, 35048.275, 0.0
507, 3.46541, 0.0, 0.0, 0.0, 1.0, 615.44025, 35011.95833, 0.0
508, 3.43396, 0.0, 0.0, 0.0, 1.0, 610.17191, 34960.78616, 0.0
509, 3.39623, 0.0, 0.0, 0.0, 1.0, 603.62474, 34926.52621, 0.0
510, 3.36478, 0.0, 0.0, 0.0, 1.0, 597.62264, 34891.76939, 0.0
511, 3.33333, 0.0, 0.0, 0.0, 1.15385, 582.25786, 34866.29769, 0.0
512, 3.30462, 0.0, 0.0, 0.0, 1.0, 577.36555, 34832.14675, 0.0
513, 3.27579, 0.0, 0.0, 0.0, 1.0, 572.70737, 34800.26471, 0.0
514, 3.25105, 0.0, 0.0, 0.0, 1.0, 567.43882, 34769.72, 0.0
515, 3.23207, 0.0, 0.0, 0.0, 1.0, 563.51899, 34731.51477, 0.0
516, 3.21353, 0.0, 0.0, 0.0, 1.0, 561.04863, 34695.06329, 0.0
517, 3.20127, 0.0, 0.0, 0.0, 1.0, 558.77542, 34661.75899, 0.0
518, 3.17197, 0.0, 0.0, 0.0, 1.0, 553.77919, 34631.97881, 0.0
519, 3.138, 0.0, 0.0, 0.0, 1.14286, 548.50743, 34595.83864, 0.0
520, 3.1104, 0.0, 0.0, 0.0, 1.0, 544.50531, 34559.0913, 0.0
521, 3.08493, 0.0, 0.0, 0.0, 1.09091, 540.07856, 34523.58174, 0.0
522, 3.05319, 0.0, 0.0, 0.0, 1.0, 535.76383, 34489.30998, 0.0
523, 3.03198, 0.0, 0.0, 0.0, 1.0, 531.11514, 34450.51277, 0.0
524, 2.98718, 0.0, 0.0, 0.0, 1.0, 510.92949, 34425.76759, 0.0
525, 2.95494, 0.0, 0.0, 0.0, 1.0, 503.72961, 34384.96581, 0.0
526, 2.94397, 0.0, 0.0, 0.0, 1.0, 502.14655, 34332.30043, 0.0
527, 2.91379, 0.0, 0.0, 0.0, 1.0, 491.45905, 34299.42672, 0.0
528, 2.88553, 0.0, 0.0, 0.0, 1.0, 485.7689, 34267.12069, 0.0
529, 2.87852, 0.0, 0.0, 0.0, 1.0, 484.96095, 34233.84233, 0.0
530, 2.86957, 0.0, 0.0, 0.0, 1.0, 483.35652, 34197.78525, 0.0
531, 2.85185, 0.0, 0.0, 0.0, 1.0, 478.69935, 34159.15435, 0.0
532, 2.83007, 0.0, 0.0, 0.0, 1.11111, 474.92375, 34120.38562, 0.0
533, 2.79956, 0.0, 0.0, 0.0, 1.0, 467.56209, 34088.02614, 0.0
534, 2.77778, 0.0, 0.0, 0.0, 1.0, 463.88889, 34052.1939, 0.0
535, 2.77243, 0.0, 0.0, 0.0, 1.0, 461.84902, 34017.122, 0.0
536, 2.75, 0.0, 0.0, 0.0, 1.08333, 459.9386, 33979.76149, 0.0
537, 2.74286, 0.0, 0.0, 0.0, 1.0, 458.61538, 33941.34868, 0.0
538, 2.71868, 0.0, 0.0, 0.0, 1.0, 454.4044, 33904.67473, 0.0
539, 2.70769, 0.0, 0.0, 0.0, 1.0, 450.05055, 33869.96264, 0.0
540, 2.6989, 0.0, 0.0, 0.0, 1.0, 448.51648, 33832.67033, 0.0
541, 2.68212, 0.0, 0.0, 0.0, 1.0, 447.46358, 33796.97582, 0.0
542, 2.66667, 0.0, 0.0, 0.0, 1.0, 444.3532, 33761.08609, 0.0
543, 2.63355, 0.0, 0.0, 0.0, 1.0, 434.09272, 33732.19868, 0.0
544, 2.62306, 0.0, 0.0, 0.0, 1.0, 432.25277, 33697.62914, 0.0
545, 2.60802, 0.0, 0.0, 0.0, 1.0, 429.22049, 33665.8071, 0.0
546, 2.57684, 0.0, 0.0, 0.0, 1.07692, 421.5412, 33626.86192, 0.0
547, 2.57718, 0.0, 0.0, 0.0, 1.0, 421.51007, 33590.35635, 0.0
548, 2.55257, 0.0, 0.0, 0.0, 1.0, 417.16779, 33550.61074, 0.0
549, 2.53691, 0.0, 0.0, 0.0, 1.0, 414.09396, 33514.57047, 0.0
550, 2.52018, 0.0, 0.0, 0.0, 1.0, 410.88117, 33480.19463, 0.0
551, 2.51577, 0.0, 0.0, 0.0, 1.0, 409.46396, 33445.13677, 0.0
552, 2.50113, 0.0, 0.0, 0.0, 1.0, 407.22122, 33404.46847, 0.0
553, 2.48636, 0.0, 0.0, 0.0, 1.0, 404.97273, 33372.2167, 0.0
554, 2.47489, 0.0, 0.0, 0.0, 1.0, 403.65525, 33337.51818, 0.0
555, 2.46575, 0.0, 0.0, 0.0, 1.0, 401.36301, 33301.52283, 0.0
556, 2.45517, 0.0, 0.0, 0.0, 1.0, 400.33103, 33267.06849, 0.0
557, 2.43318, 0.0, 0.0, 0.0, 1.0, 396.06221, 33221.48046, 0.0
558, 2.41801, 0.0, 0.0, 0.0, 1.0, 393.40647, 33187.09677, 0.0
559, 2.40416, 0.0, 0.0, 0.0, 1.0, 390.41801, 33142.71594, 0.0
560, 2.38747, 0.0, 0.0, 0.0, 1.0, 387.73782, 33109.38106, 0.0
561, 2.37123, 0.0, 0.0, 0.0, 1.0, 385.21578, 33070.34107, 0.0
562, 2.35198, 0.0, 0.0, 0.0, 1.0, 383.02564, 33035.86775, 0.0
563, 2.34346, 0.0, 0.0, 0.0, 1.0, 382.26869, 32999.55711, 0.0
564, 2.33803, 0.0, 0.0, 0.0, 1.0, 381.62207, 32964.52336, 0.0
565, 2.32706, 0.0, 0.0, 0.0, 1.0, 378.56235, 32934.69249, 0.0
566, 2.31059, 0.0, 0.0, 0.0, 1.16667, 375.39765, 32901.39529, 0.0
567, 2.30896, 0.0, 0.0, 0.0, 1.0, 374.30896, 32865.26588, 0.0
568, 2.29787, 0.0, 0.0, 0.0, 1.0, 373.12057, 32835.01179, 0.0
569, 2.29384, 0.0, 0.0, 0.0, 1.0, 372.68483, 32798.83215, 0.0
570, 2.27381, 0.0, 0.0, 0.0, 1.08333, 367.60952, 32769.7891, 0.0
571, 2.26014, 0.0, 0.0, 0.0, 1.0, 366.49165, 32729.81429, 0.0
572, 2.23981, 0.0, 0.0, 0.0, 1.08333, 360.27098, 32696.64678, 0.0
573, 2.22892, 0.0, 0.0, 0.0, 1.0, 357.86747, 32664.21823, 0.0
574, 2.22573, 0.0, 0.0, 0.0, 1.0, 358.65777, 32624.52289, 0.0
575, 2.21707, 0.0, 0.0, 0.0, 1.0, 356.96829, 32586.71845, 0.0
576, 2.20833, 0.0, 0.0, 0.0, 1.0, 349.05882, 32552.6878, 0.0
577, 2.19458, 0.0, 0.0, 0.0, 1.0, 347.46798, 32524.29902, 0.0
578, 2.18227, 0.0, 0.0, 0.0, 1.25, 344.25369, 32468.5936, 0.0
579, 2.17327, 0.0, 0.0, 0.0, 1.0, 343.2995, 32433.58621, 0.0
580, 2.16089, 0.0, 0.0, 0.0, 1.0, 341.41584, 32403.17327, 0.0
581, 2.14356, 0.0, 0.0, 0.0, 1.16667, 338.38614, 32369.01238, 0.0
582, 2.13184, 0.0, 0.0, 0.0, 1.0, 337.64179, 32334.12376, 0.0
583, 2.1203, 0.0, 0.0, 0.0, 1.0, 332.46366, 32303.96269, 0.0
584, 2.11028, 0.0, 0.0, 0.0, 1.0, 330.39098, 32270.00752, 0.0
585, 2.11364, 0.0, 0.0, 0.0, 1.0, 330.69444, 32235.2782, 0.0
586, 2.09669, 0.0, 0.0, 0.0, 1.08333, 329.26718, 32209.96212, 0.0
587, 2.08397, 0.0, 0.0, 0.0, 1.0, 327.61832, 32180.257, 0.0
588, 2.0687, 0.0, 0.0, 0.0, 1.0, 325.6285, 32144.96438, 0.0
589, 2.05852, 0.0, 0.0, 0.0, 1.0, 324.6056, 32109.28753, 0.0
590, 2.05089, 0.0, 0.0, 0.0, 1.0, 323.60051, 32073.99237, 0.0
591, 2.03581, 0.0, 0.0, 0.0, 1.0, 317.66496, 32044.61832, 0.0
592, 2.01542, 0.0, 0.0, 0.0, 1.0, 311.90231, 32009.83376, 0.0
593, 2.01289, 0.0, 0.0, 0.0, 1.0, 311.30412, 31972.9383, 0.0
594, 1.99742, 0.0, 0.0, 0.0, 1.0, 309.44072, 31942.32216, 0.0
595, 1.99479, 0.0, 0.0, 0.0, 1.0, 309.13281, 31909.1134, 0.0
596, 1.99474, 0.0, 0.0, 0.0, 1.0, 309.4, 31868.89583, 0.0
597, 1.98417, 0.0, 0.0, 0.0, 1.0, 307.65699, 31822.31579, 0.0
598, 1.98133, 0.0, 0.0, 0.0, 1.0, 308.21067, 31786.82322, 0.0
599, 1.97067, 0.0, 0.0, 0.0, 1.0, 306.07733, 31733.24267, 0.0
600, 1.94933, 0.0, 0.0, 0.0, 1.0, 303.34667, 31699.25867, 0.0
601, 1.93316, 0.0, 0.0, 0.0, 1.0, 301.4492, 31665.63467, 0.0
602, 1.92225, 0.0, 0.0, 0.0, 1.0, 298.87936, 31631.51872, 0.0
603, 1.90885, 0.0, 0.0, 0.0, 1.0, 296.5496, 31596.84182, 0.0
604, 1.89812, 0.0, 0.0, 0.0, 1.0, 295.10456, 31562.17694, 0.0
605, 1.88978, 0.0, 0.0, 0.0, 1.0, 294.29301, 31527.08043, 0.0
606, 1.8916, 0.0, 0.0, 0.0, 1.0, 294.96206, 31492.03495, 0.0
607, 1.87805, 0.0, 0.0, 0.0, 1.25, 293.27642, 31449.77778, 0.0
608, 1.8645, 0.0, 0.0, 0.0, 1.0, 290.8645, 31416.8103, 0.0
609, 1.86849, 0.0, 0.0, 0.0, 1.0, 291.67945, 31382.81572, 0.0
610, 1.8615, 0.0, 0.0, 0.0, 1.0, 289.89751, 31354.1863, 0.0
611, 1.84958, 0.0, 0.0, 0.0, 1.0, 288.89136, 31332.19668, 0.0
612, 1.84958, 0.0, 0.0, 0.0, 0.0, 288.55153, 31291.46797, 0.0
613, 1.8324, 0.0, 0.0, 0.0, 1.0, 285.92737, 31258.62117, 0.0
614, 1.82123, 0.0, 0.0, 0.0, 1.0, 282.74022, 31219.2514, 0.0
615, 1.82584, 0.0, 0.0, 0.0, 1.0, 283.71629, 31184.13128, 0.0
616, 1.80845, 0.0, 0.0, 0.0, 1.0, 280.49014, 31155.55899, 0.0
617, 1.80282, 0.0, 0.0, 0.0, 1.0, 279.69577, 31122.29859, 0.0
618, 1.7831, 0.0, 0.0, 0.0, 1.0, 277.39437, 31089.42254, 0.0
619, 1.7762, 0.0, 0.0, 0.0, 1.0, 276.37394, 31057.03099, 0.0
620, 1.77273, 0.0, 0.0, 0.0, 1.0, 276.08807, 31019.79037, 0.0
621, 1.76353, 0.0, 0.0, 0.0, 1.0, 274.4188, 30976.21875, 0.0
622, 1.75143, 0.0, 0.0, 0.0, 1.0, 272.53714, 30946.31339, 0.0
623, 1.74499, 0.0, 0.0, 0.0, 1.0, 272.17192, 30909.47714, 0.0
624, 1.7341, 0.0, 0.0, 0.0, 1.0, 271.05202, 30883.09169, 0.0
625, 1.72754, 0.0, 0.0, 0.0, 1.0, 270.44348, 30834.99133, 0.0
626, 1.72303, 0.0, 0.0, 0.0, 1.0, 260.85423, 30812.96812, 0.0
627, 1.71471, 0.0, 0.0, 0.0, 1.0, 259.35882, 30774.28863, 0.0
628, 1.70882, 0.0, 0.0, 0.0, 1.0, 257.88529, 30749.11471, 0.0
629, 1.70796, 0.0, 0.0, 0.0, 1.0, 257.59587, 30714.75588, 0.0
630, 1.70623, 0.0, 0.0, 0.0, 1.0, 257.11869, 30684.45133, 0.0
631, 1.69436, 0.0, 0.0, 0.0, 1.0, 255.0178, 30648.1365, 0.0
632, 1.68843, 0.0, 0.0, 0.0, 1.0, 253.97329, 30613.74481, 0.0
633, 1.68452, 0.0, 0.0, 0.0, 1.0, 253.19345, 30580.08012, 0.0
634, 1.67262, 0.0, 0.0, 0.0, 1.0, 251.75298, 30541.97321, 0.0
635, 1.66168, 0.0, 0.0, 0.0, 1.0, 247.7006, 30512.38988, 0.0
636, 1.65766, 0.0, 0.0, 0.0, 1.0, 247.02703, 30486.03593, 0.0
637, 1.64157, 0.0, 0.0, 0.0, 1.16667, 242.44578, 30455.66967, 0.0
638, 1.6303, 0.0, 0.0, 0.0, 1.0, 241.42424, 30424.80422, 0.0
639, 1.625, 0.0, 0.0, 0.0, 1.0, 240.54878, 30389.16667, 0.0
640, 1.60976, 0.0, 0.0, 0.0, 1.0, 239.54573, 30345.61585, 0.0
641, 1.59633, 0.0, 0.0, 0.0, 1.0, 237.79817, 30313.33537, 0.0
642, 1.58769, 0.0, 0.0, 0.0, 1.0, 233.94769, 30282.61162, 0.0
643, 1.58696, 0.0, 0.0, 0.0, 1.0, 234.7205, 30239.10462, 0.0
644, 1.57764, 0.0, 0.0, 0.0, 1.0, 233.26087, 30205.20807, 0.0
645, 1.575, 0.0, 0.0, 0.0, 1.0, 232.81563, 30172.78571, 0.0
646, 1.5768, 0.0, 0.0, 0.0, 1.0, 232.73354, 30145.45938, 0.0
647, 1.56918, 0.0, 0.0, 0.0, 1.0, 232.40566, 30108.43574, 0.0
648, 1.56329, 0.0, 0.0, 0.0, 1.0, 230.97468, 30078.79245, 0.0
649, 1.55556, 0.0, 0.0, 0.0, 1.0, 229.29524, 30050.09494, 0.0
650, 1.55591, 0.0, 0.0, 0.0, 1.0, 228.08626, 30020.52063, 0.0
651, 1.54167, 0.0, 0.0, 0.0, 1.0, 227.12179, 29985.66134, 0.0
652, 1.53698, 0.0, 0.0, 0.0, 1.0, 226.80707, 29952.54808, 0.0
653, 1.53722, 0.0, 0.0, 0.0, 1.0, 222.16828, 29903.00643, 0.0
654, 1.53247, 0.0, 0.0, 0.0, 1.0, 213.49351, 29885.53722, 0.0
655, 1.52614, 0.0, 0.0, 0.0, 1.0, 213.20588, 29853.19156, 0.0
656, 1.51316, 0.0, 0.0, 0.0, 1.0, 211.02632, 29814.15359, 0.0
657, 1.51325, 0.0, 0.0, 0.0, 1.0, 211.23841, 29765.21053, 0.0
658, 1.50166, 0.0, 0.0, 0.0, 1.0, 209.78405, 29720.10927, 0.0
659, 1.48993, 0.0, 0.0, 0.0, 1.14286, 206.63758, 29695.61794, 0.0
660, 1.48822, 0.0, 0.0, 0.0, 1.0, 206.67677, 29657.2349, 0.0
661, 1.48649, 0.0, 0.0, 0.0, 1.0, 206.5, 29619.89562, 0.0
662, 1.48814, 0.0, 0.0, 0.0, 1.0, 206.81356, 29584.41216, 0.0
663, 1.48639, 0.0, 0.0, 0.0, 1.0, 206.93878, 29544.71864, 0.0
664, 1.47782, 0.0, 0.0, 0.0, 1.0, 204.44027, 29518.15646, 0.0
665, 1.46575, 0.0, 0.0, 0.0, 1.0, 203.69863, 29469.8157, 0.0
666, 1.46048, 0.0, 0.0, 0.0, 1.0, 200.90034, 29445.55137, 0.0
667, 1.45017, 0.0, 0.0, 0.0, 1.0, 196.93127, 29408.90722, 0.0
668, 1.45455, 0.0, 0.0, 0.0, 1.0, 197.34266, 29378.78007, 0.0
669, 1.44912, 0.0, 0.0, 0.0, 1.0, 196.77895, 29344.94406, 0.0
670, 1.44366, 0.0, 0.0, 0.0, 1.0, 196.39437, 29306.21754, 0.0
671, 1.44523, 0.0, 0.0, 0.0, 1.0, 195.77385, 29279.43662, 0.0
672, 1.44128, 0.0, 0.0, 0.0, 1.0, 196.27402, 29236.14841, 0.0
673, 1.43728, 0.0, 0.0, 0.0, 1.0, 194.95699, 29209.17438, 0.0
674, 1.43321, 0.0, 0.0, 0.0, 1.0, 194.75812, 29162.47312, 0.0
675, 1.42391, 0.0, 0.0, 0.0, 1.0, 194.31522, 29122.62816, 0.0
676, 1.41971, 0.0, 0.0, 0.0, 1.0, 192.59489, 29092.63043, 0.0
677, 1.42435, 0.0, 0.0, 0.0, 1.0, 192.82288, 29060.33577, 0.0
678, 1.41111, 0.0, 0.0, 0.0, 1.0, 191.97037, 29039.52768, 0.0
679, 1.4052, 0.0, 0.0, 0.0, 1.0, 190.9368, 29005.2, 0.0
680, 1.4052, 0.0, 0.0, 0.0, 0.0, 190.74721, 28974.50929, 0.0
681, 1.40449, 0.0, 0.0, 0.0, 1.0, 189.87266, 28943.82156, 0.0
682, 1.3985, 0.0, 0.0, 0.0, 1.0, 188.78947, 28921.08614, 0.0
683, 1.39924, 0.0, 0.0, 0.0, 1.0, 189.11407, 28895.93609, 0.0
684, 1.39847, 0.0, 0.0, 0.0, 1.0, 189.0613, 28842.97719, 0.0
685, 1.39615, 0.0, 0.0, 0.0, 1.0, 189.01538, 28811.63602, 0.0
686, 1.39535, 0.0, 0.0, 0.0, 1.0, 188.53101, 28782.02692, 0.0
687, 1.3876, 0.0, 0.0, 0.0, 1.0, 187.74806, 28740.15891, 0.0
688, 1.38521, 0.0, 0.0, 0.0, 1.0, 186.85603, 28709.35271, 0.0
689, 1.38431, 0.0, 0.0, 0.0, 1.0, 187.38431, 28675.96109, 0.0
690, 1.37903, 0.0, 0.0, 0.0, 1.0, 187.45565, 28645.64706, 0.0
691, 1.37551, 0.0, 0.0, 0.0, 1.0, 185.7102, 28612.79839, 0.0
692, 1.37449, 0.0, 0.0, 0.0, 1.0, 186.43621, 28584.18367, 0.0
693, 1.3719, 0.0, 0.0, 0.0, 1.0, 186.38017, 28546.58436, 0.0
694, 1.37083, 0.0, 0.0, 0.0, 1.0, 186.32917, 28512.04545, 0.0
695, 1.36402, 0.0, 0.0, 0.0, 1.0, 185.46025, 28479.32917, 0.0
696, 1.35714, 0.0, 0.0, 0.0, 1.0, 184.02101, 28445.29707, 0.0
697, 1.34454, 0.0, 0.0, 0.0, 1.0, 182.44538, 28407.58403, 0.0
698, 1.33193, 0.0, 0.0, 0.0, 1.0, 179.72269, 28377.51261, 0.0
699, 1.32489, 0.0, 0.0, 0.0, 1.0, 177.67932, 28347.84454, 0.0
700, 1.32479, 0.0, 0.0, 0.0, 1.0, 177.78632, 28312.76371, 0.0
701, 1.32328, 0.0, 0.0, 0.0, 1.0, 176.44828, 28278.55128, 0.0
702, 1.31602, 0.0, 0.0, 0.0, 1.0, 176.0303, 28257.46983, 0.0
703, 1.3087, 0.0, 0.0, 0.0, 1.0, 175.86087, 28227.35065, 0.0
704, 1.30568, 0.0, 0.0, 0.0, 1.0, 175.59389, 28186.73478, 0.0
705, 1.30131, 0.0, 0.0, 0.0, 1.0, 175.22707, 28150.58952, 0.0
706, 1.29386, 0.0, 0.0, 0.0, 1.0, 174.5, 28120.38865, 0.0
707, 1.29204, 0.0, 0.0, 0.0, 1.0, 174.80973, 28089.27632, 0.0
708, 1.29596, 0.0, 0.0, 0.0, 1.0, 174.90135, 28045.86726, 0.0
709, 1.29091, 0.0, 0.0, 0.0, 1.0, 175.09545, 28025.36771, 0.0
710, 1.29224, 0.0, 0.0, 0.0, 1.0, 174.56164, 27990.71364, 0.0
711, 1.29032, 0.0, 0.0, 0.0, 1.0, 174.54378, 27950.88584, 0.0
712, 1.28704, 0.0, 0.0, 0.0, 1.0, 174.05093, 27923.23963, 0.0
713, 1.28037, 0.0, 0.0, 0.0, 1.0, 173.11215, 27892.25, 0.0
714, 1.277, 0.0, 0.0, 0.0, 1.0, 170.10798, 27865.47196, 0.0
715, 1.277, 0.0, 0.0, 0.0, 0.0, 169.98122, 27840.38967, 0.0
716, 1.27751, 0.0, 0.0, 0.0, 1.0, 170.38278, 27811.723, 0.0
717, 1.2767, 0.0, 0.0, 0.0, 1.0, 170.90291, 27772.42584, 0.0
718, 1.27451, 0.0, 0.0, 0.0, 1.0, 170.34804, 27750.56311, 0.0
719, 1.26961, 0.0, 0.0, 0.0, 1.0, 169.96078, 27710.30392, 0.0
720, 1.27228, 0.0, 0.0, 0.0, 1.0, 169.61386, 27680.79902, 0.0
721, 1.27363, 0.0, 0.0, 0.0, 1.0, 169.0, 27635.5198, 0.0
722, 1.26633, 0.0, 0.0, 0.0, 1.0, 168.88945, 27614.93532, 0.0
723, 1.26904, 0.0, 0.0, 0.0, 1.0, 166.87817, 27592.59799, 0.0
724, 1.26289, 0.0, 0.0, 0.0, 1.0, 167.63918, 27545.16751, 0.0
725, 1.25258, 0.0, 0.0, 0.0, 1.0, 166.26804, 27516.04639, 0.0
726, 1.25389, 0.0, 0.0, 0.0, 1.0, 166.36269, 27485.58247, 0.0
727, 1.25521, 0.0, 0.0, 0.0, 1.0, 166.78125, 27461.94819, 0.0
728, 1.25131, 0.0, 0.0, 0.0, 1.0, 166.75393, 27417.14583, 0.0
729, 1.24737, 0.0, 0.0, 0.0, 1.0, 167.01579, 27373.28272, 0.0
730, 1.25, 0.0, 0.0, 0.0, 1.0, 166.45745, 27338.83158, 0.0
731, 1.25, 0.0, 0.0, 0.0, 0.0, 166.27128, 27304.88298, 0.0
732, 1.25, 0.0, 0.0, 0.0, 0.0, 166.07979, 27274.19681, 0.0
733, 1.25824, 0.0, 0.0, 0.0, 1.0, 166.86264, 27247.49468, 0.0
734, 1.26111, 0.0, 0.0, 0.0, 1.0, 166.33889, 27211.05495, 0.0
735, 1.26554, 0.0, 0.0, 0.0, 1.0, 168.24294, 27164.28333, 0.0
736, 1.25568, 0.0, 0.0, 0.0, 1.0, 165.91477, 27136.59322, 0.0
737, 1.25714, 0.0, 0.0, 0.0, 1.0, 166.41143, 27110.17614, 0.0
738, 1.24571, 0.0, 0.0, 0.0, 1.0, 164.93714, 27085.41714, 0.0
739, 1.24571, 0.0, 0.0, 0.0, 0.0, 164.73714, 27055.27429, 0.0
740, 1.24419, 0.0, 0.0, 0.0, 1.0, 164.04651, 27027.75429, 0.0
741, 1.23529, 0.0, 0.0, 0.0, 1.0, 164.52941, 27001.87209, 0.0
742, 1.22619, 0.0, 0.0, 0.0, 1.0, 164.10119, 26975.76471, 0.0
743, 1.22289, 0.0, 0.0, 0.0, 1.0, 164.31928, 26931.10119, 0.0
744, 1.22289, 0.0, 0.0, 0.0, 0.0, 164.13253, 26911.35542, 0.0
745, 1.22424, 0.0, 0.0, 0.0, 1.0, 164.13333, 26881.66867, 0.0
746, 1.21818, 0.0, 0.0, 0.0, 1.0, 163.24848, 26842.01818, 0.0
747, 1.21951, 0.0, 0.0, 0.0, 1.0, 162.91463, 26812.77576, 0.0
748, 1.21951, 0.0, 0.0, 0.0, 0.0, 162.7622, 26786.47561, 0.0
749, 1.22086, 0.0, 0.0, 0.0, 1.0, 163.1227, 26756.37195, 0.0
750, 1.22222, 0.0, 0.0, 0.0, 1.0, 163.69136, 26716.36196, 0.0
751, 1.22222, 0.0, 0.0, 0.0, 0.0, 163.50617, 26668.14198, 0.0
752, 1.21739, 0.0, 0.0, 0.0, 1.0, 162.16149, 26640.14198, 0.0
753, 1.21875, 0.0, 0.0, 0.0, 1.0, 162.6875, 26617.36025, 0.0
754, 1.21384, 0.0, 0.0, 0.0, 1.0, 160.73585, 26597.175, 0.0
755, 1.21519, 0.0, 0.0, 0.0, 1.0, 161.25949, 26571.96226, 0.0
756, 1.21519, 0.0, 0.0, 0.0, 0.0, 161.12025, 26534.34177, 0.0
757, 1.21656, 0.0, 0.0, 0.0, 1.0, 161.38854, 26505.21519, 0.0
758, 1.21656, 0.0, 0.0, 0.0, 0.0, 161.23567, 26474.0828, 0.0
759, 1.21795, 0.0, 0.0, 0.0, 1.0, 161.48077, 26444.99363, 0.0
760, 1.2129, 0.0, 0.0, 0.0, 1.0, 161.68387, 26419.66026, 0.0
761, 1.2129, 0.0, 0.0, 0.0, 0.0, 161.51613, 26387.65161, 0.0
762, 1.20645, 0.0, 0.0, 0.0, 1.0, 161.05806, 26357.88387, 0.0
763, 1.2013, 0.0, 0.0, 0.0, 1.0, 159.81818, 26330.26452, 0.0
764, 1.20261, 0.0, 0.0, 0.0, 1.0, 158.48366, 26291.24026, 0.0
765, 1.19608, 0.0, 0.0, 0.0, 1.0, 157.41176, 26267.48366, 0.0
766, 1.19868, 0.0, 0.0, 0.0, 1.0, 158.45033, 26238.81046, 0.0
767, 1.2, 0.0, 0.0, 0.0, 1.0, 159.02, 26193.66225, 0.0
768, 1.2, 0.0, 0.0, 0.0, 0.0, 158.84667, 26172.82667, 0.0
769, 1.2, 0.0, 0.0, 0.0, 0.0, 158.64, 26142.96667, 0.0
770, 1.19463, 0.0, 0.0, 0.0, 1.0, 153.44966, 26119.52667, 0.0
771, 1.18919, 0.0, 0.0, 0.0, 1.0, 152.42568, 26085.63087, 0.0
772, 1.19048, 0.0, 0.0, 0.0, 1.0, 152.55782, 26050.89189, 0.0
773, 1.18493, 0.0, 0.0, 0.0, 1.0, 147.82877, 26022.33333, 0.0
774, 1.1875, 0.0, 0.0, 0.0, 1.0, 147.75694, 25990.23973, 0.0
775, 1.18056, 0.0, 0.0, 0.0, 1.0, 146.625, 25946.84028, 0.0
776, 1.1831, 0.0, 0.0, 0.0, 1.0, 147.62676, 25918.58333, 0.0
777, 1.17606, 0.0, 0.0, 0.0, 1.0, 146.47183, 25895.97887, 0.0
778, 1.17606, 0.0, 0.0, 0.0, 0.0, 146.32394, 25866.23239, 0.0
779, 1.17606, 0.0, 0.0, 0.0, 0.0, 146.21127, 25836.71831, 0.0
780, 1.17986, 0.0, 0.0, 0.0, 1.0, 147.93525, 25807.9507, 0.0
781, 1.17518, 0.0, 0.0, 0.0, 1.0, 149.29927, 25790.46043, 0.0
782, 1.17647, 0.0, 0.0, 0.0, 1.0, 149.86765, 25751.08029, 0.0
783, 1.16912, 0.0, 0.0, 0.0, 1.0, 149.08088, 25729.54412, 0.0
784, 1.17164, 0.0, 0.0, 0.0, 1.0, 149.11194, 25702.57353, 0.0
785, 1.16418, 0.0, 0.0, 0.0, 1.0, 147.91791, 25678.21642, 0.0
786, 1.15672, 0.0, 0.0, 0.0, 1.0, 147.44776, 25649.4403, 0.0
787, 1.14925, 0.0, 0.0, 0.0, 1.0, 146.26119, 25621.62687, 0.0
788, 1.14286, 0.0, 0.0, 0.0, 1.0, 144.24812, 25595.73134, 0.0
789, 1.14394, 0.0, 0.0, 0.0, 1.0, 143.87121, 25560.96992, 0.0
790, 1.14615, 0.0, 0.0, 0.0, 1.0, 144.91538, 25530.86364, 0.0
791, 1.14729, 0.0, 0.0, 0.0, 1.0, 144.82946, 25512.2, 0.0
792, 1.14063, 0.0, 0.0, 0.0, 1.0, 144.75781, 25477.93798, 0.0
793, 1.14173, 0.0, 0.0, 0.0, 1.0, 145.35433, 25429.66406, 0.0
794, 1.14286, 0.0, 0.0, 0.0, 1.0, 146.03175, 25409.8189, 0.0
795, 1.14516, 0.0, 0.0, 0.0, 1.0, 145.26613, 25387.65079, 0.0
796, 1.1371, 0.0, 0.0, 0.0, 1.0, 142.10484, 25373.50806, 0.0
797, 1.13821, 0.0, 0.0, 0.0, 1.0, 142.78862, 25345.23387, 0.0
798, 1.13934, 0.0, 0.0, 0.0, 1.0, 143.39344, 25324.21951, 0.0
799, 1.13223, 0.0, 0.0, 0.0, 1.0, 140.16529, 25296.43443, 0.0
800, 1.13333, 0.0, 0.0, 0.0, 1.0, 138.73333, 25262.80992, 0.0
801, 1.13445, 0.0, 0.0, 0.0, 1.0, 138.63866, 25239.45, 0.0
802, 1.13559, 0.0, 0.0, 0.0, 1.0, 138.31356, 25195.56303, 0.0
803, 1.13675, 0.0, 0.0, 0.0, 1.0, 138.53846, 25168.88136, 0.0
804, 1.13793, 0.0, 0.0, 0.0, 1.0, 138.80172, 25148.49573, 0.0
805, 1.12931, 0.0, 0.0, 0.0, 1.0, 138.19828, 25132.81897, 0.0
806, 1.13274, 0.0, 0.0, 0.0, 1.0, 139.30973, 25106.91379, 0.0
807, 1.13514, 0.0, 0.0, 0.0, 1.0, 140.8018, 25042.56637, 0.0
808, 1.13514, 0.0, 0.0, 0.0, 0.0, 140.71171, 25007.44144, 0.0
809, 1.13514, 0.0, 0.0, 0.0, 0.0, 140.57658, 24979.02703, 0.0
810, 1.13636, 0.0, 0.0, 0.0, 1.0, 140.35455, 24952.27928, 0.0
811, 1.13084, 0.0, 0.0, 0.0, 1.0, 139.6729, 24932.64545, 0.0
812, 1.13084, 0.0, 0.0, 0.0, 0.0, 139.53271, 24884.73832, 0.0
813, 1.13208, 0.0, 0.0, 0.0, 1.0, 139.83962, 24857.26168, 0.0
814, 1.13462, 0.0, 0.0, 0.0, 1.0, 140.77885, 24821.4717, 0.0
815, 1.13592, 0.0, 0.0, 0.0, 1.0, 137.33981, 24818.57692, 0.0
816, 1.13592, 0.0, 0.0, 0.0, 0.0, 137.12621, 24793.33981, 0.0
817, 1.13592, 0.0, 0.0, 0.0, 0.0, 136.94175, 24765.30097, 0.0
818, 1.13592, 0.0, 0.0, 0.0, 0.0, 136.72816, 24737.81553, 0.0
819, 1.13592, 0.0, 0.0, 0.0, 0.0, 136.58252, 24710.3301, 0.0
820, 1.13592, 0.0, 0.0, 0.0, 0.0, 136.42718, 24682.93204, 0.0
821, 1.13592, 0.0, 0.0, 0.0, 0.0, 136.26214, 24654.99029, 0.0
822, 1.12745, 0.0, 0.0, 0.0, 1.0, 134.81373, 24629.74757, 0.0
823, 1.12871, 0.0, 0.0, 0.0, 1.0, 135.28713, 24614.51961, 0.0
824, 1.12871, 0.0, 0.0, 0.0, 0.0, 135.12871, 24598.07921, 0.0
825, 1.13131, 0.0, 0.0, 0.0, 1.0, 135.0303, 24573.57426, 0.0
826, 1.12371, 0.0, 0.0, 0.0, 1.0, 135.21649, 24588.57576, 0.0
827, 1.1134, 0.0, 0.0, 0.0, 1.0, 134.62887, 24530.24742, 0.0
828, 1.11458, 0.0, 0.0, 0.0, 1.0, 133.98958, 24504.68041, 0.0
829, 1.11579, 0.0, 0.0, 0.0, 1.0, 133.50526, 24487.375, 0.0
830, 1.11579, 0.0, 0.0, 0.0, 0.0, 133.34737, 24471.63158, 0.0
831, 1.11579, 0.0, 0.0, 0.0, 0.0, 133.2, 24444.54737, 0.0
832, 1.11828, 0.0, 0.0, 0.0, 1.0, 134.98925, 24418.33684, 0.0
833, 1.10753, 0.0, 0.0, 0.0, 1.0, 133.49462, 24349.31183, 0.0
834, 1.1087, 0.0, 0.0, 0.0, 1.0, 133.65217, 24323.43011, 0.0
835, 1.10989, 0.0, 0.0, 0.0, 1.0, 134.0989, 24306.26087, 0.0
836, 1.11236, 0.0, 0.0, 0.0, 1.0, 134.22472, 24281.28571, 0.0
837, 1.11236, 0.0, 0.0, 0.0, 0.0, 134.07865, 24248.34831, 0.0
838, 1.11236, 0.0, 0.0, 0.0, 0.0, 133.91011, 24220.5618, 0.0
839, 1.11364, 0.0, 0.0, 0.0, 1.0, 134.71591, 24193.41573, 0.0
840, 1.10345, 0.0, 0.0, 0.0, 1.0, 134.65517, 24170.26136, 0.0
841, 1.10588, 0.0, 0.0, 0.0, 1.0, 132.14118, 24114.83908, 0.0
842, 1.09639, 0.0, 0.0, 0.0, 1.0, 130.51807, 24098.58824, 0.0
843, 1.09756, 0.0, 0.0, 0.0, 1.0, 131.09756, 24041.6506, 0.0
844, 1.1, 0.0, 0.0, 0.0, 1.0, 132.5125, 24006.65854, 0.0
845, 1.10127, 0.0, 0.0, 0.0, 1.0, 132.77215, 24011.25, 0.0
846, 1.10127, 0.0, 0.0, 0.0, 0.0, 132.64557, 23996.93671, 0.0
847, 1.10127, 0.0, 0.0, 0.0, 0.0, 132.53165, 23969.96203, 0.0
848, 1.10256, 0.0, 0.0, 0.0, 1.0, 132.69231, 23944.51899, 0.0
849, 1.10526, 0.0, 0.0, 0.0, 1.0, 134.39474, 23918.29487, 0.0
850, 1.10526, 0.0, 0.0, 0.0, 0.0, 134.23684, 23896.19737, 0.0
851, 1.10667, 0.0, 0.0, 0.0, 1.0, 132.2, 23873.14474, 0.0
852, 1.10959, 0.0, 0.0, 0.0, 1.0, 132.80822, 23856.09333, 0.0
853, 1.11111, 0.0, 0.0, 0.0, 1.0, 134.45833, 23831.94521, 0.0
854, 1.11111, 0.0, 0.0, 0.0, 0.0, 134.27778, 23813.76389, 0.0
855, 1.11111, 0.0, 0.0, 0.0, 0.0, 134.08333, 23786.33333, 0.0
856, 1.11111, 0.0, 0.0, 0.0, 0.0, 133.88889, 23758.83333, 0.0
857, 1.09859, 0.0, 0.0, 0.0, 1.0, 133.95775, 23734.16667, 0.0
858, 1.09859, 0.0, 0.0, 0.0, 0.0, 133.85915, 23709.52113, 0.0
859, 1.09859, 0.0, 0.0, 0.0, 0.0, 133.66197, 23681.43662, 0.0
860, 1.09859, 0.0, 0.0, 0.0, 0.0, 133.49296, 23654.61972, 0.0
861, 1.08451, 0.0, 0.0, 0.0, 1.0, 131.21127, 23629.26761, 0.0
862, 1.07042, 0.0, 0.0, 0.0, 1.0, 120.95775, 23612.6338, 0.0
863, 1.07246, 0.0, 0.0, 0.0, 1.0, 121.56522, 23589.07042, 0.0
864, 1.07353, 0.0, 0.0, 0.0, 1.0, 120.94118, 23575.18841, 0.0
865, 1.07353, 0.0, 0.0, 0.0, 0.0, 120.77941, 23525.39706, 0.0
866, 1.07463, 0.0, 0.0, 0.0, 1.0, 121.8209, 23500.05882, 0.0
867, 1.06061, 0.0, 0.0, 0.0, 1.0, 120.21212, 23482.04478, 0.0
868, 1.06061, 0.0, 0.0, 0.0, 0.0, 120.07576, 23454.27273, 0.0
869, 1.06154, 0.0, 0.0, 0.0, 1.0, 121.23077, 23428.72727, 0.0
870, 1.0625, 0.0, 0.0, 0.0, 1.0, 120.92188, 23395.86154, 0.0
871, 1.06349, 0.0, 0.0, 0.0, 1.0, 122.07937, 23389.01563, 0.0
872, 1.06557, 0.0, 0.0, 0.0, 1.0, 123.95082, 23359.28571, 0.0
873, 1.06667, 0.0, 0.0, 0.0, 1.0, 125.15, 23324.4918, 0.0
874, 1.06667, 0.0, 0.0, 0.0, 0.0, 125.0, 23290.78333, 0.0
875, 1.06667, 0.0, 0.0, 0.0, 0.0, 124.83333, 23265.45, 0.0
876, 1.0678, 0.0, 0.0, 0.0, 1.0, 125.55932, 23241.11667, 0.0
877, 1.05085, 0.0, 0.0, 0.0, 1.0, 124.11864, 23189.45763, 0.0
878, 1.05172, 0.0, 0.0, 0.0, 1.0, 124.55172, 23163.72881, 0.0
879, 1.05172, 0.0, 0.0, 0.0, 0.0, 124.41379, 23143.05172, 0.0
880, 1.05172, 0.0, 0.0, 0.0, 0.0, 124.2069, 23116.75862, 0.0
881, 1.05172, 0.0, 0.0, 0.0, 0.0, 124.03448, 23088.84483, 0.0
882, 1.05172, 0.0, 0.0, 0.0, 0.0, 123.93103, 23062.41379, 0.0
883, 1.05263, 0.0, 0.0, 0.0, 1.0, 122.38596, 23040.98276, 0.0
884, 1.05263, 0.0, 0.0, 0.0, 0.0, 122.2807, 23020.14035, 0.0
885, 1.03509, 0.0, 0.0, 0.0, 1.0, 100.12281, 23016.40351, 0.0
886, 1.01754, 0.0, 0.0, 0.0, 1.0, 97.26316, 22992.57895, 0.0
887, 1.0, 0.0, 0.0, 0.0, 1.0, 94.70175, 22969.52632, 0.0
888, 1.0, 0.0, 0.0, 0.0, 0.0, 94.61404, 22943.68421, 0.0
889, 1.0, 0.0, 0.0, 0.0, 1.0, 95.42857, 22918.87719, 0.0
890, 1.0, 0.0, 0.0, 0.0, 1.0, 95.90741, 22891.89286, 0.0
891, 1.0, 0.0, 0.0, 0.0, 1.0, 96.07547, 22873.12963, 0.0
892, 1.0, 0.0, 0.0, 0.0, 0.0, 96.0, 22835.64151, 0.0
893, 1.0, 0.0, 0.0, 0.0, 0.0, 95.96226, 22809.0, 0.0
894, 1.0, 0.0, 0.0, 0.0, 0.0, 95.88679, 22783.0566, 0.0
895, 1.0, 0.0, 0.0, 0.0, 1.0, 94.13462, 22760.56604, 0.0
896, 1.0, 0.0, 0.0, 0.0, 0.0, 93.88462, 22748.07692, 0.0
897, 1.0, 0.0, 0.0, 0.0, 0.0, 93.84615, 22721.61538, 0.0
898, 1.0, 0.0, 0.0, 0.0, 0.0, 93.73077, 22695.38462, 0.0
899, 1.0, 0.0, 0.0, 0.0, 1.0, 94.70588, 22670.34615, 0.0
900, 1.0, 0.0, 0.0, 0.0, 1.0, 94.8, 22653.07843, 0.0
901, 1.0, 0.0, 0.0, 0.0, 1.0, 94.89796, 22620.38, 0.0
902, 1.0, 0.0, 0.0, 0.0, 1.0, 95.85417, 22535.91837, 0.0
903, 1.0, 0.0, 0.0, 0.0, 0.0, 95.75, 22518.14583, 0.0
904, 1.0, 0.0, 0.0, 0.0, 0.0, 95.60417, 22493.125, 0.0
905, 1.0, 0.0, 0.0, 0.0, 0.0, 95.45833, 22466.6875, 0.0
906, 1.0, 0.0, 0.0, 0.0, 1.0, 98.08696, 22444.4375, 0.0
907, 1.0, 0.0, 0.0, 0.0, 1.0, 98.06667, 22392.63043, 0.0
908, 1.0, 0.0, 0.0, 0.0, 0.0, 97.97778, 22379.53333, 0.0
909, 1.0, 0.0, 0.0, 0.0, 1.0, 99.52273, 22354.28889, 0.0
910, 1.0, 0.0, 0.0, 0.0, 1.0, 96.76744, 22338.88636, 0.0
911, 1.0, 0.0, 0.0, 0.0, 0.0, 96.74419, 22321.95349, 0.0
912, 1.0, 0.0, 0.0, 0.0, 0.0, 96.69767, 22295.62791, 0.0
913, 1.0, 0.0, 0.0, 0.0, 0.0, 96.5814, 22269.83721, 0.0
914, 1.0, 0.0, 0.0, 0.0, 0.0, 96.48837, 22243.25581, 0.0
915, 1.0, 0.0, 0.0, 0.0, 0.0, 96.37209, 22218.18605, 0.0
916, 1.0, 0.0, 0.0, 0.0, 0.0, 96.25581, 22192.62791, 0.0
917, 1.0, 0.0, 0.0, 0.0, 0.0, 96.09302, 22167.27907, 0.0
918, 1.0, 0.0, 0.0, 0.0, 1.0, 96.59524, 22143.76744, 0.0
919, 1.0, 0.0, 0.0, 0.0, 1.0, 94.87805, 22081.69048, 0.0
920, 1.0, 0.0, 0.0, 0.0, 0.0, 94.80488, 22074.80488, 0.0
921, 1.0, 0.0, 0.0, 0.0, 0.0, 94.58537, 22049.14634, 0.0
922, 1.0, 0.0, 0.0, 0.0, 0.0, 94.53659, 22024.65854, 0.0
923, 1.0, 0.0, 0.0, 0.0, 1.0, 94.325, 22001.85366, 0.0
924, 1.0, 0.0, 0.0, 0.0, 0.0, 94.225, 21955.575, 0.0
925, 1.0, 0.0, 0.0, 0.0, 0.0, 94.125, 21930.275, 0.0
926, 1.0, 0.0, 0.0, 0.0, 0.0, 94.075, 21905.85, 0.0
927, 1.0, 0.0, 0.0, 0.0, 1.0, 93.02564, 21885.975, 0.0
928, 1.0, 0.0, 0.0, 0.0, 0.0, 92.89744, 21854.38462, 0.0
929, 1.0, 0.0, 0.0, 0.0, 1.0, 93.15789, 21830.12821, 0.0
930, 1.0, 0.0, 0.0, 0.0, 1.0, 92.48649, 21832.73684, 0.0
931, 1.0, 0.0, 0.0, 0.0, 1.0, 92.80556, 21742.32432, 0.0
932, 1.0, 0.0, 0.0, 0.0, 0.0, 92.75, 21637.91667, 0.0
933, 1.0, 0.0, 0.0, 0.0, 0.0, 92.72222, 21613.22222, 0.0
934, 1.0, 0.0, 0.0, 0.0, 0.0, 92.72222, 21589.77778, 0.0
935, 1.0, 0.0, 0.0, 0.0, 0.0, 92.69444, 21565.0, 0.0
936, 1.0, 0.0, 0.0, 0.0, 0.0, 92.55556, 21541.30556, 0.0
937, 1.0, 0.0, 0.0, 0.0, 0.0, 92.44444, 21516.0, 0.0
938, 1.0, 0.0, 0.0, 0.0, 0.0, 92.33333, 21492.83333, 0.0
939, 1.0, 0.0, 0.0, 0.0, 0.0, 92.27778, 21467.69444, 0.0
940, 1.0, 0.0, 0.0, 0.0, 1.0, 93.68571, 21444.80556, 0.0
941, 1.0, 0.0, 0.0, 0.0, 0.0, 93.6, 21415.88571, 0.0
942, 1.0, 0.0, 0.0, 0.0, 0.0, 93.4, 21391.42857, 0.0
943, 1.0, 0.0, 0.0, 0.0, 0.0, 93.31429, 21367.2, 0.0
944, 1.0, 0.0, 0.0, 0.0, 0.0, 93.2, 21343.22857, 0.0
945, 1.0, 0.0, 0.0, 0.0, 0.0, 93.08571, 21318.91429, 0.0
946, 1.0, 0.0, 0.0, 0.0, 0.0, 93.0, 21294.31429, 0.0
947, 1.0, 0.0, 0.0, 0.0, 0.0, 92.88571, 21269.71429, 0.0
948, 1.0, 0.0, 0.0, 0.0, 0.0, 92.74286, 21243.82857, 0.0
949, 1.0, 0.0, 0.0, 0.0, 1.0, 85.35294, 21230.51429, 0.0
950, 1.0, 0.0, 0.0, 0.0, 0.0, 85.26471, 21192.79412, 0.0
951, 1.0, 0.0, 0.0, 0.0, 1.0, 84.45455, 21173.5, 0.0
952, 1.0, 0.0, 0.0, 0.0, 0.0, 84.30303, 21116.27273, 0.0
953, 1.0, 0.0, 0.0, 0.0, 0.0, 84.09091, 21093.06061, 0.0
954, 1.0, 0.0, 0.0, 0.0, 1.0, 78.75, 21076.06061, 0.0
955, 1.0, 0.0, 0.0, 0.0, 0.0, 78.65625, 21039.875, 0.0
956, 1.0, 0.0, 0.0, 0.0, 0.0, 78.59375, 21014.28125, 0.0
957, 1.0, 0.0, 0.0, 0.0, 0.0, 78.5, 20991.4375, 0.0
958, 1.0, 0.0, 0.0, 0.0, 0.0, 78.4375, 20967.3125, 0.0
959, 1.0, 0.0, 0.0, 0.0, 0.0, 78.40625, 20944.4375, 0.0
960, 1.0, 0.0, 0.0, 0.0, 1.0, 79.6129, 20921.25, 0.0
961, 1.0, 0.0, 0.0, 0.0, 1.0, 79.86667, 20967.22581, 0.0
962, 1.0, 0.0, 0.0, 0.0, 0.0, 79.73333, 20958.86667, 0.0
963, 1.0, 0.0, 0.0, 0.0, 0.0, 79.7, 20935.43333, 0.0
964, 1.0, 0.0, 0.0, 0.0, 0.0, 79.7, 20911.03333, 0.0
965, 1.0, 0.0, 0.0, 0.0, 0.0, 79.63333, 20888.43333, 0.0
966, 1.0, 0.0, 0.0, 0.0, 0.0, 79.56667, 20864.03333, 0.0
967, 1.0, 0.0, 0.0, 0.0, 0.0, 79.46667, 20840.9, 0.0
968, 1.0, 0.0, 0.0, 0.0, 0.0, 79.4, 20816.76667, 0.0
969, 1.0, 0.0, 0.0, 0.0, 0.0, 79.3, 20792.86667, 0.0
970, 1.0, 0.0, 0.0, 0.0, 0.0, 79.23333, 20768.53333, 0.0
971, 1.0, 0.0, 0.0, 0.0, 0.0, 79.23333, 20743.56667, 0.0
972, 1.0, 0.0, 0.0, 0.0, 0.0, 79.16667, 20721.23333, 0.0
973, 1.0, 0.0, 0.0, 0.0, 0.0, 79.1, 20696.4, 0.0
974, 1.0, 0.0, 0.0, 0.0, 0.0, 79.03333, 20672.86667, 0.0
975, 1.0, 0.0, 0.0, 0.0, 1.0, 79.48276, 20652.1, 0.0
976, 1.0, 0.0, 0.0, 0.0, 0.0, 79.41379, 20689.7931, 0.0
977, 1.0, 0.0, 0.0, 0.0, 0.0, 79.34483, 20666.31034, 0.0
978, 1.0, 0.0, 0.0, 0.0, 0.0, 79.31034, 20642.03448, 0.0
979, 1.0, 0.0, 0.0, 0.0, 1.0, 77.75, 20624.44828, 0.0
980, 1.0, 0.0, 0.0, 0.0, 0.0, 77.60714, 20626.25, 0.0
981, 1.0, 0.0, 0.0, 0.0, 1.0, 77.51852, 20605.71429, 0.0
982, 1.0, 0.0, 0.0, 0.0, 1.0, 71.69231, 20622.62963, 0.0
983, 1.0, 0.0, 0.0, 0.0, 0.0, 71.61538, 20560.69231, 0.0
984, 1.0, 0.0, 0.0, 0.0, 1.0, 73.0, 20538.80769, 0.0
985, 1.0, 0.0, 0.0, 0.0, 0.0, 72.96, 20502.2, 0.0
986, 1.0, 0.0, 0.0, 0.0, 0.0, 72.76, 20479.92, 0.0
987, 1.0, 0.0, 0.0, 0.0, 0.0, 72.64, 20456.52, 0.0
988, 1.0, 0.0, 0.0, 0.0, 0.0, 72.4, 20434.72, 0.0
989, 1.0, 0.0, 0.0, 0.0, 1.0, 74.0, 20414.28, 0.0
990, 1.0, 0.0, 0.0, 0.0, 0.0, 73.83333, 20355.125, 0.0
991, 1.0, 0.0, 0.0, 0.0, 0.0, 73.75, 20332.20833, 0.0
992, 1.0, 0.0, 0.0, 0.0, 0.0, 73.70833, 20310.08333, 0.0
993, 1.0, 0.0, 0.0, 0.0, 0.0, 73.625, 20288.125, 0.0
994, 1.0, 0.0, 0.0, 0.0, 0.0, 73.5, 20265.41667, 0.0
995, 1.0, 0.0, 0.0, 0.0, 0.0, 73.375, 20243.08333, 0.0
996, 1.0, 0.0, 0.0, 0.0, 0.0, 73.29167, 20222.16667, 0.0
997, 1.0, 0.0, 0.0, 0.0, 0.0, 73.25, 20198.33333, 0.0
998, 1.0, 0.0, 0.0, 0.0, 0.0, 73.25, 20175.125, 0.0
999, 1.0, 0.0, 0.0, 0.0, 1.0, 74.86957, 20153.54167, 0.0
1000, 1.0, 0.0, 0.0, 0.0, 0.0, 74.73913, 20138.0, 0.0
1001, 1.0, 0.0, 0.0, 0.0, 0.0, 74.56522, 20114.69565, 0.0
1002, 1.0, 0.0, 0.0, 0.0, 0.0, 74.43478, 20091.73913, 0.0
1003, 1.0, 0.0, 0.0, 0.0, 1.0, 74.09091, 20072.34783, 0.0
1004, 1.0, 0.0, 0.0, 0.0, 1.0, 74.47619, 20007.77273, 0.0
1005, 1.0, 0.0, 0.0, 0.0, 0.0, 74.47619, 19955.61905, 0.0
1006, 1.0, 0.0, 0.0, 0.0, 0.0, 74.42857, 19934.28571, 0.0
1007, 1.0, 0.0, 0.0, 0.0, 0.0, 74.28571, 19911.19048, 0.0
1008, 1.0, 0.0, 0.0, 0.0, 0.0, 74.2381, 19888.0, 0.0
1009, 1.0, 0.0, 0.0, 0.0, 0.0, 74.14286, 19865.80952, 0.0
1010, 1.0, 0.0, 0.0, 0.0, 0.0, 74.0, 19845.33333, 0.0
1011, 1.0, 0.0, 0.0, 0.0, 0.0, 74.0, 19822.0, 0.0
1012, 1.0, 0.0, 0.0, 0.0, 1.0, 74.6, 19804.7619, 0.0
1013, 1.0, 0.0, 0.0, 0.0, 0.0, 74.5, 19782.4, 0.0
1014, 1.0, 0.0, 0.0, 0.0, 0.0, 74.4, 19760.35, 0.0
1015, 1.0, 0.0, 0.0, 0.0, 0.0, 74.3, 19736.85, 0.0
1016, 1.0, 0.0, 0.0, 0.0, 0.0, 74.2, 19714.3, 0.0
1017, 1.0, 0.0, 0.0, 0.0, 0.0, 74.05, 19691.5, 0.0
1018, 1.0, 0.0, 0.0, 0.0, 0.0, 74.0, 19670.0, 0.0
1019, 1.0, 0.0, 0.0, 0.0, 0.0, 73.8, 19647.2, 0.0
1020, 1.0, 0.0, 0.0, 0.0, 0.0, 73.8, 19624.05, 0.0
1021, 1.0, 0.0, 0.0, 0.0, 0.0, 73.65, 19601.5, 0.0
1022, 1.0, 0.0, 0.0, 0.0, 0.0, 73.6, 19580.15, 0.0
1023, 1.0, 0.0, 0.0, 0.0, 1.0, 75.68421, 19560.4, 0.0
1024, 1.0, 0.0, 0.0, 0.0, 1.0, 67.22222, 19555.68421, 0.0
1025, 1.0, 0.0, 0.0, 0.0, 1.0, 63.17647, 19610.72222, 0.0
1026, 1.0, 0.0, 0.0, 0.0, 0.0, 63.11765, 19562.47059, 0.0
1027, 1.0, 0.0, 0.0, 0.0, 0.0, 63.0, 19537.70588, 0.0
1028, 1.0, 0.0, 0.0, 0.0, 0.0, 62.94118, 19514.47059, 0.0
1029, 1.0, 0.0, 0.0, 0.0, 0.0, 62.88235, 19493.47059, 0.0
1030, 1.0, 0.0, 0.0, 0.0, 0.0, 62.88235, 19469.88235, 0.0
1031, 1.0, 0.0, 0.0, 0.0, 0.0, 62.88235, 19447.52941, 0.0
1032, 1.0, 0.0, 0.0, 0.0, 0.0, 62.82353, 19423.17647, 0.0
1033, 1.0, 0.0, 0.0, 0.0, 0.0, 62.76471, 19401.23529, 0.0
1034, 1.0, 0.0, 0.0, 0.0, 0.0, 62.70588, 19376.35294, 0.0
1035, 1.0, 0.0, 0.0, 0.0, 0.0, 62.58824, 19353.23529, 0.0
1036, 1.0, 0.0, 0.0, 0.0, 0.0, 62.52941, 19332.29412, 0.0
1037, 1.0, 0.0, 0.0, 0.0, 0.0, 62.41176, 19310.70588, 0.0
1038, 1.0, 0.0, 0.0, 0.0, 1.0, 64.375, 19290.17647, 0.0
1039, 1.0, 0.0, 0.0, 0.0, 1.0, 66.33333, 19351.0625, 0.0
1040, 1.0, 0.0, 0.0, 0.0, 0.0, 66.33333, 19373.06667, 0.0
1041, 1.0, 0.0, 0.0, 0.0, 0.0, 66.2, 19351.66667, 0.0
1042, 1.0, 0.0, 0.0, 0.0, 1.0, 68.21429, 19333.06667, 0.0
1043, 1.0, 0.0, 0.0, 0.0, 0.0, 68.21429, 19354.5, 0.0
1044, 1.0, 0.0, 0.0, 0.0, 0.0, 68.07143, 19333.28571, 0.0
1045, 1.0, 0.0, 0.0, 0.0, 0.0, 67.92857, 19311.64286, 0.0
1046, 1.0, 0.0, 0.0, 0.0, 0.0, 67.92857, 19291.21429, 0.0
1047, 1.0, 0.0, 0.0, 0.0, 0.0, 67.64286, 19267.85714, 0.0
1048, 1.0, 0.0, 0.0, 0.0, 0.0, 67.64286, 19247.5, 0.0
1049, 1.0, 0.0, 0.0, 0.0, 0.0, 67.64286, 19226.64286, 0.0
1050, 1.0, 0.0, 0.0, 0.0, 0.0, 67.64286, 19205.92857, 0.0
1051, 1.0, 0.0, 0.0, 0.0, 0.0, 67.64286, 19184.85714, 0.0
1052, 1.0, 0.0, 0.0, 0.0, 1.0, 70.53846, 19164.78571, 0.0
1053, 1.0, 0.0, 0.0, 0.0, 0.0, 70.46154, 19097.23077, 0.0
1054, 1.0, 0.0, 0.0, 0.0, 0.0, 70.38462, 19075.53846, 0.0
1055, 1.0, 0.0, 0.0, 0.0, 0.0, 70.30769, 19054.46154, 0.0
1056, 1.0, 0.0, 0.0, 0.0, 0.0, 70.30769, 19033.92308, 0.0
1057, 1.0, 0.0, 0.0, 0.0, 0.0, 70.15385, 19010.84615, 0.0
1058, 1.0, 0.0, 0.0, 0.0, 0.0, 70.15385, 18987.53846, 0.0
1059, 1.0, 0.0, 0.0, 0.0, 0.0, 70.07692, 18967.23077, 0.0
1060, 1.0, 0.0, 0.0, 0.0, 0.0, 70.0, 18947.69231, 0.0
1061, 1.0, 0.0, 0.0, 0.0, 0.0, 69.92308, 18926.38462, 0.0
1062, 1.0, 0.0, 0.0, 0.0, 0.0, 69.76923, 18903.76923, 0.0
1063, 1.0, 0.0, 0.0, 0.0, 0.0, 69.69231, 18882.53846, 0.0
1064, 1.0, 0.0, 0.0, 0.0, 0.0, 69.53846, 18862.76923, 0.0
1065, 1.0, 0.0, 0.0, 0.0, 0.0, 69.53846, 18841.23077, 0.0
1066, 1.0, 0.0, 0.0, 0.0, 0.0, 69.46154, 18819.46154, 0.0
1067, 1.0, 0.0, 0.0, 0.0, 1.0, 69.58333, 18803.76923, 0.0
1068, 1.0, 0.0, 0.0, 0.0, 0.0, 69.58333, 18833.5, 0.0
1069, 1.0, 0.0, 0.0, 0.0, 1.0, 60.54545, 18825.41667, 0.0
1070, 1.0, 0.0, 0.0, 0.0, 0.0, 60.54545, 18930.09091, 0.0
1071, 1.0, 0.0, 0.0, 0.0, 1.0, 65.33333, 18918.0, 0.0
1072, 1.0, 0.0, 0.0, 0.0, 0.0, 65.22222, 18788.55556, 0.0
1073, 1.0, 0.0, 0.0, 0.0, 0.0, 65.22222, 18769.11111, 0.0
1074, 1.0, 0.0, 0.0, 0.0, 0.0, 65.11111, 18749.55556, 0.0
1075, 1.0, 0.0, 0.0, 0.0, 0.0, 65.0, 18727.0, 0.0
1076, 1.0, 0.0, 0.0, 0.0, 0.0, 64.88889, 18704.55556, 0.0
1077, 1.0, 0.0, 0.0, 0.0, 0.0, 64.77778, 18680.88889, 0.0
1078, 1.0, 0.0, 0.0, 0.0, 0.0, 64.66667, 18656.33333, 0.0
1079, 1.0, 0.0, 0.0, 0.0, 0.0, 64.66667, 18634.33333, 0.0
1080, 1.0, 0.0, 0.0, 0.0, 0.0, 64.55556, 18613.33333, 0.0
1081, 1.0, 0.0, 0.0, 0.0, 0.0, 64.55556, 18593.11111, 0.0
1082, 1.0, 0.0, 0.0, 0.0, 0.0, 64.55556, 18571.44444, 0.0
1083, 1.0, 0.0, 0.0, 0.0, 0.0, 64.44444, 18551.44444, 0.0
1084, 1.0, 0.0, 0.0, 0.0, 0.0, 64.33333, 18533.0, 0.0
1085, 1.0, 0.0, 0.0, 0.0, 0.0, 64.11111, 18510.44444, 0.0
1086, 1.0, 0.0, 0.0, 0.0, 0.0, 64.11111, 18488.77778, 0.0
1087, 1.0, 0.0, 0.0, 0.0, 0.0, 64.11111, 18468.11111, 0.0
1088, 1.0, 0.0, 0.0, 0.0, 0.0, 64.11111, 18449.11111, 0.0
1089, 1.0, 0.0, 0.0, 0.0, 1.0, 68.625, 18432.33333, 0.0
1090, 1.0, 0.0, 0.0, 0.0, 0.0, 68.625, 18460.125, 0.0
1091, 1.0, 0.0, 0.0, 0.0, 0.0, 68.5, 18438.125, 0.0
1092, 1.0, 0.0, 0.0, 0.0, 0.0, 68.375, 18415.375, 0.0
1093, 1.0, 0.0, 0.0, 0.0, 0.0, 68.25, 18394.375, 0.0
1094, 1.0, 0.0, 0.0, 0.0, 0.0, 68.25, 18374.5, 0.0
1095, 1.0, 0.0, 0.0, 0.0, 0.0, 68.25, 18355.125, 0.0
1096, 1.0, 0.0, 0.0, 0.0, 0.0, 68.25, 18336.0, 0.0
1097, 1.0, 0.0, 0.0, 0.0, 0.0, 68.125, 18314.375, 0.0
1098, 1.0, 0.0, 0.0, 0.0, 0.0, 68.0, 18294.75, 0.0
1099, 1.0, 0.0, 0.0, 0.0, 0.0, 67.875, 18276.0, 0.0
1100, 1.0, 0.0, 0.0, 0.0, 0.0, 67.875, 18255.75, 0.0
1101, 1.0, 0.0, 0.0, 0.0, 0.0, 67.875, 18234.875, 0.0
1102, 1.0, 0.0, 0.0, 0.0, 0.0, 67.75, 18218.75, 0.0
1103, 1.0, 0.0, 0.0, 0.0, 0.0, 67.75, 18197.5, 0.0
1104, 1.0, 0.0, 0.0, 0.0, 0.0, 67.75, 18176.75, 0.0
1105, 1.0, 0.0, 0.0, 0.0, 0.0, 67.75, 18153.0, 0.0
1106, 1.0, 0.0, 0.0, 0.0, 0.0, 67.75, 18132.25, 0.0
1107, 1.0, 0.0, 0.0, 0.0, 1.0, 64.42857, 18126.0, 0.0
1108, 1.0, 0.0, 0.0, 0.0, 0.0, 64.42857, 18105.14286, 0.0
1109, 1.0, 0.0, 0.0, 0.0, 0.0, 64.42857, 18085.57143, 0.0
1110, 1.0, 0.0, 0.0, 0.0, 0.0, 64.28571, 18066.71429, 0.0
1111, 1.0, 0.0, 0.0, 0.0, 0.0, 64.28571, 18045.28571, 0.0
1112, 1.0, 0.0, 0.0, 0.0, 0.0, 64.28571, 18022.28571, 0.0
1113, 1.0, 0.0, 0.0, 0.0, 0.0, 64.28571, 18000.57143, 0.0
1114, 1.0, 0.0, 0.0, 0.0, 1.0, 70.83333, 17983.0, 0.0
1115, 1.0, 0.0, 0.0, 0.0, 0.0, 70.5, 18112.16667, 0.0
1116, 1.0, 0.0, 0.0, 0.0, 0.0, 70.33333, 18087.5, 0.0
1117, 1.0, 0.0, 0.0, 0.0, 0.0, 70.33333, 18066.83333, 0.0
1118, 1.0, 0.0, 0.0, 0.0, 0.0, 70.33333, 18045.16667, 0.0
1119, 1.0, 0.0, 0.0, 0.0, 0.0, 70.16667, 18020.66667, 0.0
1120, 1.0, 0.0, 0.0, 0.0, 0.0, 70.16667, 18000.0, 0.0
1121, 1.0, 0.0, 0.0, 0.0, 0.0, 70.0, 17980.66667, 0.0
1122, 1.0, 0.0, 0.0, 0.0, 0.0, 70.0, 17961.33333, 0.0
1123, 1.0, 0.0, 0.0, 0.0, 0.0, 69.83333, 17937.33333, 0.0
1124, 1.0, 0.0, 0.0, 0.0, 0.0, 69.83333, 17917.0, 0.0
1125, 1.0, 0.0, 0.0, 0.0, 0.0, 69.66667, 17896.66667, 0.0
1126, 1.0, 0.0, 0.0, 0.0, 0.0, 69.66667, 17876.83333, 0.0
1127, 1.0, 0.0, 0.0, 0.0, 0.0, 69.5, 17854.83333, 0.0
1128, 1.0, 0.0, 0.0, 0.0, 0.0, 69.33333, 17836.66667, 0.0
1129, 1.0, 0.0, 0.0, 0.0, 0.0, 69.33333, 17816.5, 0.0
1130, 1.0, 0.0, 0.0, 0.0, 0.0, 69.16667, 17794.33333, 0.0
1131, 1.0, 0.0, 0.0, 0.0, 0.0, 69.16667, 17776.0, 0.0
1132, 1.0, 0.0, 0.0, 0.0, 0.0, 69.16667, 17753.5, 0.0
1133, 1.0, 0.0, 0.0, 0.0, 0.0, 69.16667, 17735.83333, 0.0
1134, 1.0, 0.0, 0.0, 0.0, 0.0, 69.16667, 17714.16667, 0.0
1135, 1.0, 0.0, 0.0, 0.0, 1.0, 78.2, 17697.83333, 0.0
1136, 1.0, 0.0, 0.0, 0.0, 0.0, 78.2, 17492.4, 0.0
1137, 1.0, 0.0, 0.0, 0.0, 0.0, 78.0, 17475.2, 0.0
1138, 1.0, 0.0, 0.0, 0.0, 0.0, 78.0, 17459.0, 0.0
1139, 1.0, 0.0, 0.0, 0.0, 0.0, 78.0, 17439.0, 0.0
1140, 1.0, 0.0, 0.0, 0.0, 0.0, 78.0, 17421.6, 0.0
1141, 1.0, 0.0, 0.0, 0.0, 0.0, 78.0, 17401.6, 0.0
1142, 1.0, 0.0, 0.0, 0.0, 0.0, 77.8, 17382.2, 0.0
1143, 1.0, 0.0, 0.0, 0.0, 0.0, 77.8, 17363.2, 0.0
1144, 1.0, 0.0, 0.0, 0.0, 0.0, 77.8, 17343.8, 0.0
1145, 1.0, 0.0, 0.0, 0.0, 0.0, 77.8, 17323.2, 0.0
1146, 1.0, 0.0, 0.0, 0.0, 0.0, 77.6, 17309.0, 0.0
1147, 1.0, 0.0, 0.0, 0.0, 0.0, 77.4, 17292.0, 0.0
1148, 1.0, 0.0, 0.0, 0.0, 0.0, 77.2, 17271.0, 0.0
1149, 1.0, 0.0, 0.0, 0.0, 0.0, 77.2, 17251.6, 0.0
1150, 1.0, 0.0, 0.0, 0.0, 0.0, 77.0, 17230.6, 0.0
1151, 1.0, 0.0, 0.0, 0.0, 0.0, 76.8, 17209.8, 0.0
1152, 1.0, 0.0, 0.0, 0.0, 0.0, 76.8, 17188.4, 0.0
1153, 1.0, 0.0, 0.0, 0.0, 1.0, 79.5, 17180.0, 0.0
1154, 1.0, 0.0, 0.0, 0.0, 0.0, 79.5, 17438.0, 0.0
1155, 1.0, 0.0, 0.0, 0.0, 0.0, 79.5, 17417.5, 0.0
1156, 1.0, 0.0, 0.0, 0.0, 0.0, 79.5, 17398.75, 0.0
1157, 1.0, 0.0, 0.0, 0.0, 0.0, 79.5, 17377.25, 0.0
1158, 1.0, 0.0, 0.0, 0.0, 0.0, 78.75, 17354.75, 0.0
1159, 1.0, 0.0, 0.0, 0.0, 1.0, 77.0, 17361.5, 0.0
1160, 1.0, 0.0, 0.0, 0.0, 0.0, 76.66667, 17239.66667, 0.0
1161, 1.0, 0.0, 0.0, 0.0, 0.0, 76.33333, 17220.33333, 0.0
1162, 1.0, 0.0, 0.0, 0.0, 0.0, 76.33333, 17193.0, 0.0
1163, 1.0, 0.0, 0.0, 0.0, 0.0, 76.33333, 17171.66667, 0.0
1164, 1.0, 0.0, 0.0, 0.0, 0.0, 76.33333, 17146.0, 0.0
1165, 1.0, 0.0, 0.0, 0.0, 0.0, 76.33333, 17131.0, 0.0
1166, 1.0, 0.0, 0.0, 0.0, 0.0, 76.0, 17110.0, 0.0
1167, 1.0, 0.0, 0.0, 0.0, 0.0, 75.66667, 17093.0, 0.0
1168, 1.0, 0.0, 0.0, 0.0, 0.0, 75.66667, 17071.66667, 0.0
1169, 1.0, 0.0, 0.0, 0.0, 0.0, 75.66667, 17049.0, 0.0
1170, 1.0, 0.0, 0.0, 0.0, 0.0, 75.66667, 17027.33333, 0.0
1171, 1.0, 0.0, 0.0, 0.0, 0.0, 75.66667, 17007.66667, 0.0
1172, 1.0, 0.0, 0.0, 0.0, 0.0, 75.33333, 16987.33333, 0.0
1173, 1.0, 0.0, 0.0, 0.0, 0.0, 75.33333, 16970.0, 0.0
1174, 1.0, 0.0, 0.0, 0.0, 0.0, 75.0, 16950.33333, 0.0
1175, 1.0, 0.0, 0.0, 0.0, 0.0, 75.0, 16926.33333, 0.0
1176, 1.0, 0.0, 0.0, 0.0, 0.0, 75.0, 16909.66667, 0.0
1177, 1.0, 0.0, 0.0, 0.0, 0.0, 75.0, 16891.33333, 0.0
1178, 1.0, 0.0, 0.0, 0.0, 0.0, 75.0, 16868.66667, 0.0
1179, 1.0, 0.0, 0.0, 0.0, 0.0, 75.0, 16848.33333, 0.0
1180, 1.0, 0.0, 0.0, 0.0, 0.0, 75.0, 16830.0, 0.0
1181, 1.0, 0.0, 0.0, 0.0, 0.0, 75.0, 16812.33333, 0.0
1182, 1.0, 0.0, 0.0, 0.0, 0.0, 75.0, 16793.66667, 0.0
1183, 1.0, 0.0, 0.0, 0.0, 0.0, 75.0, 16779.33333, 0.0
1184, 1.0, 0.0, 0.0, 0.0, 0.0, 75.0, 16758.66667, 0.0
1185, 1.0, 0.0, 0.0, 0.0, 0.0, 75.0, 16742.66667, 0.0
1186, 1.0, 0.0, 0.0, 0.0, 0.0, 74.33333, 16724.33333, 0.0
1187, 1.0, 0.0, 0.0, 0.0, 0.0, 74.33333, 16706.33333, 0.0
1188, 1.0, 0.0, 0.0, 0.0, 1.0, 69.5, 16717.0, 0.0
1189, 1.0, 0.0, 0.0, 0.0, 0.0, 69.5, 16438.0, 0.0
1190, 1.0, 0.0, 0.0, 0.0, 0.0, 69.5, 16418.5, 0.0
1191, 1.0, 0.0, 0.0, 0.0, 0.0, 69.5, 16400.0, 0.0
1192, 1.0, 0.0, 0.0, 0.0, 0.0, 69.5, 16378.0, 0.0
1193, 1.0, 0.0, 0.0, 0.0, 0.0, 69.5, 16362.0, 0.0
1194, 1.0, 0.0, 0.0, 0.0, 0.0, 69.5, 16346.0, 0.0
1195, 1.0, 0.0, 0.0, 0.0, 0.0, 69.5, 16326.5, 0.0
1196, 1.0, 0.0, 0.0, 0.0, 0.0, 69.5, 16312.5, 0.0
1197, 1.0, 0.0, 0.0, 0.0, 0.0, 69.0, 16296.0, 0.0
1198, 1.0, 0.0, 0.0, 0.0, 0.0, 69.0, 16281.5, 0.0
1199, 1.0, 0.0, 0.0, 0.0, 0.0, 69.0, 16261.0, 0.0
1200, 1.0, 0.0, 0.0, 0.0, 0.0, 69.0, 16240.0, 0.0
1201, 1.0, 0.0, 0.0, 0.0, 0.0, 69.0, 16219.0, 0.0
1202, 1.0, 0.0, 0.0, 0.0, 0.0, 69.0, 16202.0, 0.0
1203, 1.0, 0.0, 0.0, 0.0, 0.0, 69.0, 16181.5, 0.0
1204, 1.0, 0.0, 0.0, 0.0, 0.0, 69.0, 16159.5, 0.0
1205, 1.0, 0.0, 0.0, 0.0, 0.0, 69.0, 16141.5, 0.0
1206, 1.0, 0.0, 0.0, 0.0, 0.0, 69.0, 16123.0, 0.0
1207, 1.0, 0.0, 0.0, 0.0, 0.0, 68.0, 16106.5, 0.0
1208, 1.0, 0.0, 0.0, 0.0, 0.0, 68.0, 16081.5, 0.0
1209, 1.0, 0.0, 0.0, 0.0, 0.0, 68.0, 16062.5, 0.0
1210, 1.0, 0.0, 0.0, 0.0, 0.0, 68.0, 16043.5, 0.0
1211, 1.0, 0.0, 0.0, 0.0, 0.0, 68.0, 16025.5, 0.0
1212, 1.0, 0.0, 0.0, 0.0, 0.0, 68.0, 16009.0, 0.0
1213, 1.0, 0.0, 0.0, 0.0, 0.0, 68.0, 15989.5, 0.0
1214, 1.0, 0.0, 0.0, 0.0, 0.0, 68.0, 15970.5, 0.0
1215, 1.0, 0.0, 0.0, 0.0, 0.0, 68.0, 15955.0, 0.0
1216, 1.0, 0.0, 0.0, 0.0, 0.0, 67.5, 15939.0, 0.0
1217, 1.0, 0.0, 0.0, 0.0, 0.0, 67.0, 15920.5, 0.0
1218, 1.0, 0.0, 0.0, 0.0, 0.0, 67.0, 15902.0, 0.0
1219, 1.0, 0.0, 0.0, 0.0, 0.0, 67.0, 15882.5, 0.0
1220, 1.0, 0.0, 0.0, 0.0, 0.0, 67.0, 15863.5, 0.0
1221, 1.0, 0.0, 0.0, 0.0, 0.0, 67.0, 15846.5, 0.0
1222, 1.0, 0.0, 0.0, 0.0, 0.0, 67.0, 15830.0, 0.0
1223, 1.0, 0.0, 0.0, 0.0, 0.0, 67.0, 15813.5, 0.0
1224, 1.0, 0.0, 0.0, 0.0, 0.0, 67.0, 15793.0, 0.0
1225, 1.0, 0.0, 0.0, 0.0, 0.0, 67.0, 15774.0, 0.0
1226, 1.0, 0.0, 0.0, 0.0, 0.0, 67.0, 15757.5, 0.0
1227, 1.0, 0.0, 0.0, 0.0, 0.0, 67.0, 15744.0, 0.0
1228, 1.0, 0.0, 0.0, 0.0, 0.0, 67.0, 15728.5, 0.0
1229, 1.0, 0.0, 0.0, 0.0, 0.0, 67.0, 15713.5, 0.0
1230, 1.0, 0.0, 0.0, 0.0, 0.0, 67.0, 15698.0, 0.0
1231, 1.0, 0.0, 0.0, 0.0, 0.0, 67.0, 15684.0, 0.0
1232, 1.0, 0.0, 0.0, 0.0, 0.0, 67.0, 15665.5, 0.0
1233, 1.0, 0.0, 0.0, 0.0, 0.0, 67.0, 15646.0, 0.0
1234, 1.0, 0.0, 0.0, 0.0, 0.0, 67.0, 15626.0, 0.0
1235, 1.0, 0.0, 0.0, 0.0, 0.0, 67.0, 15608.5, 0.0
1236, 1.0, 0.0, 0.0, 0.0, 0.0, 67.0, 15596.0, 0.0
1237, 1.0, 0.0, 0.0, 0.0, 0.0, 67.0, 15578.0, 0.0
1238, 1.0, 0.0, 0.0, 0.0, 0.0, 67.0, 15560.0, 0.0
1239, 1.0, 0.0, 0.0, 0.0, 0.0, 67.0, 15540.0, 0.0
1240, 1.0, 0.0, 0.0, 0.0, 0.0, 67.0, 15521.0, 0.0
1241, 1.0, 0.0, 0.0, 0.0, 0.0, 67.0, 15505.0, 0.0
1242, 1.0, 0.0, 0.0, 0.0, 0.0, 67.0, 15484.0, 0.0
1243, 1.0, 0.0, 0.0, 0.0, 0.0, 67.0, 15464.0, 0.0
1244, 1.0, 0.0, 0.0, 0.0, 0.0, 66.5, 15451.5, 0.0
1245, 1.0, 0.0, 0.0, 0.0, 1.0, 109.0, 15450.0, 0.0
1246, 1.0, 0.0, 0.0, 0.0, 0.0, 109.0, 15646.0, 0.0
1247, 1.0, 0.0, 0.0, 0.0, 0.0, 109.0, 15631.0, 0.0
1248, 1.0, 0.0, 0.0, 0.0, 0.0, 109.0, 15616.0, 0.0
1249, 1.0, 0.0, 0.0, 0.0, 0.0, 108.0, 15600.0, 0.0
1250, 1.0, 0.0, 0.0, 0.0, 0.0, 108.0, 15579.0, 0.0
1251, 1.0, 0.0, 0.0, 0.0, 0.0, 108.0, 15557.0, 0.0
1252, 1.0, 0.0, 0.0, 0.0, 0.0, 108.0, 15543.0, 0.0
1253, 1.0, 0.0, 0.0, 0.0, 0.0, 108.0, 15522.0, 0.0
1254, 1.0, 0.0, 0.0, 0.0, 0.0, 108.0, 15509.0, 0.0
1255, 1.0, 0.0, 0.0, 0.0, 0.0, 108.0, 15489.0, 0.0
1256, 1.0, 0.0, 0.0, 0.0, 0.0, 108.0, 15468.0, 0.0
1257, 1.0, 0.0, 0.0, 0.0, 0.0, 107.0, 15443.0, 0.0
1258, 1.0, 0.0, 0.0, 0.0, 0.0, 107.0, 15433.0, 0.0
1259, 1.0, 0.0, 0.0, 0.0, 0.0, 107.0, 15414.0, 0.0
1260, 1.0, 0.0, 0.0, 0.0, 0.0, 106.0, 15399.0, 0.0
1261, 1.0, 0.0, 0.0, 0.0, 0.0, 106.0, 15384.0, 0.0
1262, 1.0, 0.0, 0.0, 0.0, 0.0, 106.0, 15368.0, 0.0
1263, 1.0, 0.0, 0.0, 0.0, 0.0, 106.0, 15349.0, 0.0
1264, 1.0, 0.0, 0.0, 0.0, 0.0, 106.0, 15331.0, 0.0
1265, 1.0, 0.0, 0.0, 0.0, 0.0, 106.0, 15302.0, 0.0
1266, 1.0, 0.0, 0.0, 0.0, 0.0, 106.0, 15283.0, 0.0
1267, 1.0, 0.0, 0.0, 0.0, 0.0, 106.0, 15269.0, 0.0
1268, 1.0, 0.0, 0.0, 0.0, 0.0, 106.0, 15249.0, 0.0
1269, 1.0, 0.0, 0.0, 0.0, 0.0, 106.0, 15233.0, 0.0
1270, 1.0, 0.0, 0.0, 0.0, 0.0, 105.0, 15215.0, 0.0
1271, 1.0, 0.0, 0.0, 0.0, 0.0, 105.0, 15201.0, 0.0
1272, 1.0, 0.0, 0.0, 0.0, 0.0, 105.0, 15192.0, 0.0
1273, 1.0, 0.0, 0.0, 0.0, 0.0, 105.0, 15175.0, 0.0
1274, 1.0, 0.0, 0.0, 0.0, 0.0, 105.0, 15157.0, 0.0
1275, 1.0, 0.0, 0.0, 0.0, 0.0, 105.0, 15148.0, 0.0
1276, 1.0, 0.0, 0.0, 0.0, 0.0, 105.0, 15129.0, 0.0
1277, 1.0, 0.0, 0.0, 0.0, 0.0, 105.0, 15112.0, 0.0
1278, 1.0, 0.0, 0.0, 0.0, 0.0, 105.0, 15093.0, 0.0
1279, 1.0, 0.0, 0.0, 0.0, 0.0, 105.0, 15070.0, 0.0
1280, 1.0, 0.0, 0.0, 0.0, 0.0, 105.0, 15044.0, 0.0
1281, 1.0, 0.0, 0.0, 0.0, 0.0, 105.0, 15025.0, 0.0
1282, 1.0, 0.0, 0.0, 0.0, 0.0, 105.0, 15008.0, 0.0
1283, 1.0, 0.0, 0.0, 0.0, 0.0, 105.0, 14995.0, 0.0
1284, 1.0, 0.0, 0.0, 0.0, 0.0, 104.0, 14972.0, 0.0
1285, 1.0, 0.0, 0.0, 0.0, 0.0, 103.0, 14947.0, 0.0
1286, 1.0, 0.0, 0.0, 0.0, 0.0, 103.0, 14929.0, 0.0
1287, 1.0, 0.0, 0.0, 0.0, 0.0, 103.0, 14910.0, 0.0
1288, 1.0, 0.0, 0.0, 0.0, 0.0, 103.0, 14886.0, 0.0
1289, 1.0, 0.0, 0.0, 0.0, 0.0, 103.0, 14864.0, 0.0
1290, 1.0, 0.0, 0.0, 0.0, 0.0, 103.0, 14843.0, 0.0
1291, 1.0, 0.0, 0.0, 0.0, 0.0, 103.0, 14827.0, 0.0
1292, 1.0, 0.0, 0.0, 0.0, 0.0, 103.0, 14818.0, 0.0
1293, 1.0, 0.0, 0.0, 0.0, 0.0, 103.0, 14798.0, 0.0
1294, 1.0, 0.0, 0.0, 0.0, 0.0, 103.0, 14784.0, 0.0
1295, 1.0, 0.0, 0.0, 0.0, 0.0, 103.0, 14768.0, 0.0
1296, 1.0, 0.0, 0.0, 0.0, 0.0, 103.0, 14754.0, 0.0
1297, 1.0, 0.0, 0.0, 0.0, 0.0, 103.0, 14741.0, 0.0
1298, 1.0, 0.0, 0.0, 0.0, 0.0, 103.0, 14730.0, 0.0
1299, 1.0, 0.0, 0.0, 0.0, 0.0, 103.0, 14714.0, 0.0
1300, 1.0, 0.0, 0.0, 0.0, 0.0, 103.0, 14705.0, 0.0
1301, 1.0, 0.0, 0.0, 0.0, 0.0, 103.0, 14684.0, 0.0
1302, 1.0, 0.0, 0.0, 0.0, 0.0, 103.0, 14667.0, 0.0
1303, 1.0, 0.0, 0.0, 0.0, 0.0, 103.0, 14647.0, 0.0
1304, 1.0, 0.0, 0.0, 0.0, 0.0, 103.0, 14636.0, 0.0
1305, 1.0, 0.0, 0.0, 0.0, 0.0, 103.0, 14620.0, 0.0
1306, 1.0, 0.0, 0.0, 0.0, 0.0, 103.0, 14610.0, 0.0
1307, 1.0, 0.0, 0.0, 0.0, 0.0, 103.0, 14590.0, 0.0
1308, 1.0, 0.0, 0.0, 0.0, 0.0, 103.0, 14582.0, 0.0
1309, 1.0, 0.0, 0.0, 0.0, 0.0, 103.0, 14556.0, 0.0
1310, 1.0, 0.0, 0.0, 0.0, 0.0, 103.0, 14544.0, 0.0
1311, 1.0, 0.0, 0.0, 0.0, 0.0, 103.0, 14529.0, 0.0
1312, 1.0, 0.0, 0.0, 0.0, 0.0, 102.0, 14516.0, 0.0
1313, 1.0, 0.0, 0.0, 0.0, 0.0, 102.0, 14490.0, 0.0
1314, 1.0, 0.0, 0.0, 0.0, 0.0, 102.0, 14468.0, 0.0
1315, 1.0, 0.0, 0.0, 0.0, 0.0, 102.0, 14452.0, 0.0
1316, 1.0, 0.0, 0.0, 0.0, 0.0, 102.0, 14439.0, 0.0
1317, 1.0, 0.0, 0.0, 0.0, 0.0, 102.0, 14426.0, 0.0
1318, 1.0, 0.0, 0.0, 0.0, 0.0, 101.0, 14400.0, 0.0
1319, 1.0, 0.0, 0.0, 0.0, 0.0, 101.0, 14384.0, 0.0
1320, 1.0, 0.0, 0.0, 0.0, 0.0, 101.0, 14376.0, 0.0
1321, 1.0, 0.0, 0.0, 0.0, 0.0, 101.0, 14363.0, 0.0
1322, 1.0, 0.0, 0.0, 0.0, 0.0, 101.0, 14353.0, 0.0
1323, 1.0, 0.0, 0.0, 0.0, 0.0, 101.0, 14337.0, 0.0
1324, 1.0, 0.0, 0.0, 0.0, 0.0, 101.0, 14318.0, 0.0
1325, 1.0, 0.0, 0.0, 0.0, 0.0, 101.0, 14304.0, 0.0
1326, 1.0, 0.0, 0.0, 0.0, 0.0, 101.0, 14288.0, 0.0
1327, 1.0, 0.0, 0.0, 0.0, 0.0, 100.0, 14273.0, 0.0
1328, 1.0, 0.0, 0.0, 0.0, 0.0, 100.0, 14245.0, 0.0
1329, 1.0, 0.0, 0.0, 0.0, 0.0, 100.0, 14232.0, 0.0
1330, 1.0, 0.0, 0.0, 0.0, 0.0, 100.0, 14220.0, 0.0
1331, 1.0, 0.0, 0.0, 0.0, 0.0, 98.0, 14204.0, 0.0
1332, 0.0, 0.0, 0.0, 0.0, 1.0, 0.0, 14297.0, 0.0
