Peers,Torrents
1,397121
2,202599
3,107501
4,60794
5,41367
6,31096
7,25124
8,21042
9,17515
10,15368
11,13276
12,11662
13,10562
14,9501
15,8763
16,7957
17,7412
18,6860
19,6407
20,5857
21,5483
22,5076
23,4949
24,4465
25,4202
26,4111
27,3834
28,3672
29,3387
30,3290
31,3128
32,2968
33,2776
34,2755
35,2598
36,2476
37,2391
38,2280
39,2166
40,2077
41,2072
42,2099
43,1984
44,1955
45,1865
46,1814
47,1715
48,1642
49,1529
50,1540
51,1524
52,1464
53,1376
54,1276
55,1394
56,1256
57,1236
58,1212
59,1239
60,1161
61,1130
62,1127
63,1075
64,1040
65,1040
66,928
67,982
68,949
69,898
70,885
71,897
72,836
73,848
74,828
75,778
76,824
77,733
78,713
79,775
80,747
81,712
82,693
83,702
84,661
85,690
86,625
87,641
88,663
89,611
90,640
91,586
92,582
93,553
94,583
95,594
96,533
97,525
98,522
99,505
100,549
101,519
102,493
103,454
104,472
105,466
106,454
107,474
108,445
109,467
110,437
111,414
112,430
113,391
114,419
115,411
116,399
117,392
118,370
119,396
120,392
121,384
122,379
123,359
124,332
125,336
126,363
127,339
128,363
129,358
130,350
131,329
132,337
133,366
134,314
135,310
136,322
137,321
138,285
139,269
140,261
141,283
142,269
143,254
144,271
145,276
146,269
147,263
148,257
149,251
150,282
151,243
152,271
153,228
154,262
155,247
156,237
157,217
158,242
159,240
160,235
161,222
162,234
163,224
164,258
165,204
166,208
167,204
168,209
169,196
170,232
171,207
172,230
173,202
174,207
175,190
176,224
177,198
178,185
179,176
180,182
181,197
182,204
183,175
184,189
185,172
186,193
187,172
188,161
189,148
190,191
191,189
192,156
193,179
194,165
195,161
196,152
197,172
198,132
199,155
200,158
201,137
202,176
203,167
204,145
205,151
206,141
207,125
208,143
209,140
210,146
211,136
212,115
213,146
214,121
215,166
216,143
217,131
218,151
219,134
220,139
221,117
222,135
223,126
224,145
225,122
226,111
227,124
228,134
229,118
230,127
231,128
232,154
233,126
234,143
235,135
236,107
237,128
238,113
239,96
240,127
241,118
242,116
243,100
244,96
245,114
246,111
247,111
248,103
249,95
250,119
251,116
252,106
253,93
254,85
255,90
256,115
257,109
258,87
259,99
260,94
261,96
262,95
263,95
264,93
265,103
266,120
267,100
268,87
269,90
270,108
271,74
272,93
273,75
274,77
275,107
276,94
277,89
278,110
279,80
280,109
281,83
282,91
283,96
284,71
285,80
286,92
287,82
288,99
289,82
290,84
291,84
292,83
293,90
294,82
295,71
296,63
297,77
298,81
299,78
300,68
301,75
302,65
303,72
304,69
305,74
306,67
307,63
308,82
309,91
310,73
311,72
312,75
313,72
314,65
315,83
316,81
317,74
318,69
319,67
320,68
321,81
322,68
323,74
324,71
325,61
326,89
327,72
328,67
329,65
330,57
331,68
332,73
333,56
334,67
335,62
336,62
337,59
338,53
339,64
340,71
341,64
342,55
343,66
344,67
345,61
346,52
347,60
348,45
349,69
350,50
351,52
352,58
353,62
354,56
355,60
356,47
357,62
358,79
359,56
360,72
361,52
362,65
363,54
364,39
365,43
366,63
367,47
368,49
369,56
370,50
371,58
372,48
373,63
374,45
375,40
376,56
377,42
378,38
379,55
380,43
381,36
382,57
383,56
384,56
385,58
386,45
387,62
388,58
389,48
390,54
391,47
392,54
393,47
394,48
395,38
396,36
397,42
398,44
399,48
400,41
401,46
402,52
403,43
404,45
405,39
406,40
407,50
408,64
409,50
410,50
411,40
412,53
413,32
414,41
415,45
416,48
417,41
418,48
419,49
420,37
421,47
422,41
423,34
424,40
425,43
426,37
427,46
428,39
429,52
430,36
431,42
432,33
433,31
434,32
435,48
436,37
437,49
438,44
439,41
440,24
441,39
442,43
443,39
444,42
445,36
446,38
447,33
448,28
449,32
450,40
451,38
452,29
453,30
454,41
455,34
456,44
457,33
458,31
459,23
460,36
461,32
462,43
463,34
464,38
465,38
466,37
467,42
468,30
469,31
470,32
471,30
472,33
473,34
474,39
475,25
476,29
477,40
478,44
479,22
480,40
481,38
482,24
483,37
484,38
485,29
486,26
487,34
488,33
489,32
490,32
491,25
492,36
493,26
494,31
495,34
496,31
497,27
498,35
499,32
500,25
501,27
502,30
503,30
504,27
505,28
506,26
507,29
508,28
509,53
510,30
511,23
512,25
513,20
514,25
515,30
516,24
517,35
518,26
519,15
520,34
521,23
522,25
523,26
524,34
525,23
526,27
527,34
528,32
529,25
530,25
531,26
532,22
533,38
534,24
535,31
536,22
537,24
538,25
539,31
540,25
541,19
542,24
543,22
544,24
545,26
546,26
547,31
548,24
549,23
550,22
551,18
552,28
553,18
554,22
555,25
556,32
557,29
558,26
559,24
560,15
561,25
562,37
563,23
564,27
565,28
566,20
567,28
568,23
569,23
570,19
571,24
572,26
573,23
574,12
575,24
576,19
577,18
578,20
579,19
580,27
581,24
582,22
583,15
584,16
585,15
586,20
587,26
588,15
589,22
590,27
591,26
592,16
593,18
594,19
595,23
596,24
597,24
598,19
599,16
600,17
601,15
602,24
603,23
604,25
605,20
606,16
607,22
608,17
609,19
610,14
611,13
612,19
613,31
614,28
615,23
616,19
617,21
618,17
619,27
620,20
621,19
622,24
623,27
624,27
625,17
626,19
627,24
628,23
629,23
630,17
631,27
632,24
633,15
634,14
635,24
636,19
637,8
638,14
639,15
640,21
641,24
642,18
643,11
644,18
645,16
646,29
647,13
648,13
649,22
650,29
651,27
652,22
653,16
654,20
655,18
656,20
657,18
658,18
659,19
660,18
661,22
662,15
663,15
664,12
665,11
666,19
667,12
668,13
669,20
670,16
671,11
672,28
673,17
674,18
675,19
676,13
677,14
678,15
679,15
680,12
681,19
682,19
683,22
684,18
685,14
686,15
687,20
688,17
689,16
690,20
691,18
692,12
693,12
694,13
695,16
696,20
697,12
698,19
699,21
700,24
701,18
702,14
703,17
704,15
705,12
706,21
707,15
708,16
709,12
710,12
711,24
712,19
713,16
714,8
715,15
716,12
717,17
718,20
719,14
720,17
721,14
722,13
723,13
724,20
725,17
726,9
727,17
728,13
729,8
730,15
731,15
732,12
733,20
734,17
735,23
736,17
737,17
738,8
739,15
740,12
741,17
742,19
743,11
744,9
745,17
746,15
747,14
748,7
749,19
750,12
751,16
752,16
753,14
754,15
755,12
756,14
757,12
758,20
759,19
760,15
761,10
762,11
763,14
764,10
765,21
766,15
767,10
768,16
769,17
770,13
771,8
772,14
773,11
774,17
775,15
776,18
777,17
778,12
779,15
780,8
781,17
782,13
783,19
784,20
785,14
786,16
787,10
788,10
789,16
790,9
791,12
792,15
793,11
794,17
795,19
796,14
797,13
798,10
799,15
800,9
801,12
802,9
803,15
804,15
805,17
806,14
807,15
808,15
809,9
810,21
811,13
812,18
813,17
814,13
815,12
816,4
817,9
818,13
819,9
820,16
821,18
822,10
823,14
824,15
825,8
826,9
827,9
828,14
829,12
830,11
831,16
832,12
833,7
834,12
835,10
836,11
837,8
838,9
839,16
840,8
841,10
842,14
843,9
844,8
845,15
846,14
847,13
848,9
849,12
850,10
851,11
852,10
853,12
854,16
855,2
856,12
857,14
858,10
859,11
860,8
861,13
862,15
863,10
864,8
865,11
866,4
867,14
868,13
869,10
870,15
871,12
872,12
873,18
874,10
875,13
876,13
877,12
878,8
879,10
880,9
881,14
882,13
883,12
884,7
885,11
886,12
887,9
888,14
889,10
890,17
891,10
892,8
893,10
894,13
895,14
896,6
897,6
898,15
899,5
900,15
901,15
902,12
903,11
904,7
905,9
906,1
907,5
908,11
909,7
910,6
911,13
912,5
913,7
914,11
915,8
916,12
917,10
918,10
919,5
920,8
921,10
922,5
923,9
924,10
925,7
926,3
927,8
928,12
929,13
930,14
931,7
932,6
933,8
934,6
935,14
936,10
937,11
938,8
939,11
940,13
941,6
942,10
943,13
944,10
945,8
946,15
947,9
948,11
949,9
950,8
951,12
952,15
953,7
954,9
955,10
956,12
957,7
958,16
959,9
960,8
961,9
962,8
963,7
964,8
965,10
966,10
967,8
968,6
969,6
970,10
971,3
972,8
973,10
974,10
975,13
976,11
977,5
978,6
979,8
980,15
981,9
982,15
983,9
984,12
985,5
986,10
987,10
988,8
989,12
990,7
991,7
992,10
993,12
994,4
995,8
996,8
997,6
998,11
999,7
1000,10
1001,14
1002,17
1003,7
1004,6
1005,7
1006,12
1007,9
1008,7
1009,11
1010,8
1011,9
1012,12
1013,7
1014,5
1015,13
1016,7
1017,13
1018,5
1019,11
1020,8
1021,12
1022,11
1023,9
1024,10
1025,15
1026,6
1027,6
1028,12
1029,12
1030,9
1031,5
1032,10
1033,6
1034,6
1035,8
1036,8
1037,8
1038,8
1039,9
1040,10
1041,6
1042,5
1043,10
1044,10
1045,4
1046,7
1047,9
1048,3
1049,9
1050,8
1051,9
1052,10
1053,7
1054,6
1055,5
1056,10
1057,7
1058,8
1059,9
1060,11
1061,10
1062,4
1063,6
1064,7
1065,7
1066,7
1067,5
1068,6
1069,11
1070,11
1071,8
1072,11
1073,4
1074,13
1075,8
1076,11
1077,5
1078,4
1079,9
1080,4
1081,9
1082,5
1083,5
1084,5
1085,7
1086,8
1087,3
1088,8
1089,6
1090,4
1091,8
1092,8
1093,10
1094,10
1095,10
1096,9
1097,5
1098,4
1099,9
1100,6
1101,10
1102,11
1103,5
1104,3
1105,12
1106,7
1107,8
1108,4
1109,10
1110,8
1111,7
1112,15
1113,7
1114,10
1115,3
1116,14
1117,8
1118,5
1119,9
1120,16
1121,7
1122,9
1123,13
1124,7
1125,3
1126,11
1127,7
1128,7
1129,11
1130,5
1131,4
1132,5
1133,7
1134,7
1135,8
1136,9
1137,5
1138,8
1139,10
1140,6
1141,6
1142,3
1143,6
1144,7
1145,11
1146,7
1147,3
1148,7
1149,5
1150,9
1151,4
1152,3
1153,4
1154,5
1155,10
1156,9
1157,6
1158,11
1159,9
1160,3
1161,7
1162,5
1163,7
1164,9
1165,6
1166,5
1167,7
1168,5
1169,6
1170,6
1171,11
1172,2
1173,2
1174,8
1175,6
1176,8
1177,5
1178,3
1179,8
1180,3
1181,5
1182,5
1183,4
1184,4
1185,7
1186,6
1187,6
1188,4
1189,10
1190,7
1191,6
1192,4
1193,7
1194,2
1195,7
1196,6
1197,7
1198,10
1199,7
1200,2
1201,9
1202,4
1203,7
1204,4
1205,4
1206,8
1207,4
1208,2
1209,6
1210,6
1211,8
1212,5
1213,2
1214,9
1215,4
1216,10
1217,10
1218,5
1219,8
1220,10
1221,6
1222,5
1223,7
1224,10
1225,4
1226,4
1227,5
1228,7
1229,3
1230,4
1231,6
1232,7
1233,9
1234,3
1235,5
1236,2
1237,1
1238,4
1239,10
1240,6
1241,7
1242,6
1243,9
1244,3
1245,8
1246,4
1247,7
1248,5
1249,10
1250,8
1251,3
1252,4
1253,3
1254,9
1255,4
1256,2
1257,7
1258,6
1259,6
1260,7
1261,1
1262,5
1263,4
1264,7
1265,6
1266,3
1267,2
1268,4
1269,9
1270,6
1271,6
1272,7
1273,5
1274,2
1275,6
1276,7
1277,6
1278,6
1279,9
1280,5
1281,5
1282,3
1283,11
1284,1
1285,4
1286,3
1287,4
1288,5
1289,5
1290,3
1291,4
1292,5
1293,5
1294,2
1295,3
1296,7
1297,8
1298,5
1299,5
1300,4
1301,4
1302,7
1303,3
1304,8
1305,7
1306,7
1307,4
1308,4
1309,8
1310,8
1311,5
1312,4
1313,9
1314,3
1315,5
1316,5
1317,6
1318,2
1319,7
1320,4
1321,3
1322,8
1323,7
1324,5
1325,8
1326,7
1327,7
1328,7
1329,3
1330,5
1331,5
1332,3
1333,6
1334,6
1335,4
1336,4
1337,5
1338,7
1339,1
1340,6
1341,11
1342,7
1343,9
1344,1
1345,5
1346,6
1347,7
1348,6
1349,11
1350,6
1351,6
1352,4
1353,4
1354,4
1355,8
1356,3
1357,6
1358,2
1359,7
1360,4
1361,3
1362,3
1363,6
1364,5
1365,7
1366,7
1367,8
1368,8
1369,10
1370,9
1371,7
1372,4
1373,11
1374,6
1375,6
1376,2
1377,6
1378,3
1379,3
1380,3
1381,5
1382,6
1383,1
1384,2
1385,7
1386,3
1387,5
1388,6
1389,3
1390,9
1391,9
1392,7
1393,8
1394,5
1395,2
1396,3
1397,3
1398,4
1399,6
1400,8
1401,7
1402,4
1403,5
1404,7
1405,4
1406,2
1407,5
1408,7
1409,5
1410,5
1411,5
1412,5
1413,6
1414,3
1415,3
1416,5
1417,3
1418,2
1419,5
1420,6
1421,3
1422,3
1423,9
1424,6
1425,2
1426,11
1427,5
1428,8
1429,9
1430,3
1431,4
1432,9
1433,1
1434,2
1435,4
1436,5
1437,8
1438,5
1439,7
1440,8
1441,4
1442,3
1443,3
1444,7
1445,3
1446,2
1447,5
1448,5
1449,3
1450,6
1451,4
1452,4
1453,7
1454,5
1455,6
1456,4
1457,5
1458,8
1459,3
1460,5
1461,12
1462,2
1463,5
1464,8
1465,4
1466,6
1467,3
1468,3
1469,2
1470,3
1471,8
1472,9
1473,6
1474,10
1475,2
1477,7
1478,1
1479,3
1480,6
1481,5
1482,2
1483,6
1484,4
1485,7
1486,5
1487,8
1488,3
1489,3
1490,5
1491,6
1492,3
1493,2
1494,4
1495,5
1496,6
1497,4
1498,7
1499,4
1500,4
1501,3
1502,6
1503,3
1504,7
1505,4
1506,5
1507,6
1508,6
1509,5
1510,3
1511,5
1512,4
1513,3
1514,2
1515,4
1516,4
1517,3
1518,6
1519,1
1520,3
1521,8
1522,3
1523,4
1524,3
1525,4
1526,3
1527,8
1528,5
1529,4
1530,3
1531,8
1532,3
1533,4
1534,5
1535,2
1536,3
1537,6
1538,6
1539,4
1540,4
1541,5
1542,1
1543,4
1544,6
1545,2
1546,4
1547,3
1548,2
1549,7
1550,2
1551,2
1552,6
1553,6
1554,8
1555,5
1556,5
1557,4
1558,5
1559,4
1560,3
1561,2
1562,4
1563,5
1564,5
1565,1
1566,5
1567,3
1568,6
1569,4
1570,4
1571,6
1572,4
1573,5
1574,4
1575,3
1576,3
1577,3
1578,5
1579,3
1580,4
1581,5
1582,2
1583,4
1584,6
1585,3
1586,7
1587,5
1588,6
1589,2
1590,2
1591,4
1592,1
1593,4
1594,1
1595,6
1596,4
1597,7
1598,2
1599,3
1600,5
1601,2
1602,7
1603,2
1604,4
1605,4
1606,5
1607,1
1608,2
1609,3
1610,3
1611,4
1612,5
1613,4
1614,9
1615,1
1616,4
1617,3
1618,4
1619,3
1620,2
1621,2
1622,5
1623,3
1624,1
1625,5
1626,5
1627,1
1628,1
1629,5
1630,6
1631,2
1632,9
1633,2
1634,5
1635,8
1636,4
1637,3
1638,7
1639,3
1640,4
1641,3
1642,3
1643,2
1644,4
1646,6
1647,5
1648,2
1649,3
1650,2
1652,3
1653,3
1654,7
1655,6
1656,5
1657,2
1658,9
1659,3
1660,7
1661,2
1662,1
1663,4
1664,1
1665,6
1666,1
1668,1
1669,2
1670,3
1671,3
1672,3
1673,4
1674,6
1675,3
1676,3
1677,3
1678,4
1679,2
1680,4
1681,5
1683,3
1684,3
1685,4
1686,2
1687,3
1688,4
1689,2
1690,1
1691,6
1692,1
1693,1
1694,3
1695,2
1696,2
1697,3
1698,1
1699,5
1700,2
1701,4
1702,3
1703,6
1704,4
1705,3
1706,4
1707,2
1708,2
1710,4
1711,4
1712,5
1713,2
1714,4
1715,4
1716,3
1717,2
1718,1
1719,2
1720,4
1721,4
1722,6
1723,6
1725,2
1726,3
1727,4
1728,3
1729,2
1730,1
1731,2
1732,1
1733,6
1734,6
1735,6
1736,1
1737,6
1738,4
1739,2
1740,1
1741,4
1742,1
1743,3
1744,3
1745,1
1746,3
1747,4
1748,1
1749,5
1750,6
1752,2
1753,3
1754,4
1755,3
1756,1
1757,4
1758,5
1759,4
1760,1
1761,2
1762,5
1764,4
1765,6
1766,2
1767,1
1768,4
1770,5
1771,5
1772,1
1773,2
1774,2
1775,1
1776,1
1777,4
1778,3
1779,2
1780,1
1781,2
1783,3
1784,3
1785,4
1786,2
1787,5
1788,4
1789,5
1790,4
1791,7
1792,2
1793,2
1794,1
1795,4
1796,4
1797,2
1798,2
1799,3
1800,4
1801,2
1802,2
1803,3
1804,1
1806,3
1807,3
1808,5
1809,6
1810,4
1811,1
1812,4
1813,1
1814,2
1816,1
1817,7
1818,4
1819,1
1820,4
1821,2
1822,3
1823,4
1824,2
1825,1
1826,4
1827,4
1828,2
1829,3
1830,1
1831,3
1832,4
1834,1
1835,3
1836,3
1837,1
1838,3
1839,4
1840,2
1841,2
1842,2
1843,2
1844,2
1845,1
1846,1
1847,3
1848,1
1849,2
1850,2
1851,2
1852,3
1853,4
1854,3
1855,1
1856,4
1857,2
1858,3
1859,3
1860,4
1861,1
1862,2
1863,2
1864,1
1865,5
1866,1
1867,1
1869,1
1870,3
1871,2
1873,3
1874,4
1875,1
1876,2
1877,1
1878,6
1879,3
1880,1
1881,6
1882,6
1883,3
1884,3
1885,3
1887,4
1888,1
1889,3
1890,3
1892,4
1893,3
1894,2
1895,1
1896,2
1897,2
1898,1
1900,1
1901,3
1902,1
1903,4
1905,4
1906,3
1907,4
1908,4
1909,4
1910,1
1911,4
1912,3
1913,4
1914,3
1915,1
1916,2
1917,3
1918,4
1919,1
1920,2
1921,1
1924,1
1925,3
1929,1
1930,4
1932,4
1933,1
1934,1
1935,1
1936,1
1937,2
1938,1
1939,3
1940,1
1941,4
1942,4
1943,1
1945,1
1946,4
1947,3
1948,1
1949,5
1950,2
1952,3
1953,3
1954,1
1955,2
1957,3
1958,4
1959,3
1960,3
1961,2
1962,1
1963,2
1964,1
1968,1
1969,3
1970,1
1971,2
1973,1
1974,2
1975,3
1976,1
1977,2
1978,2
1979,5
1982,4
1983,1
1984,2
1985,1
1986,1
1987,3
1988,3
1989,1
1990,5
1991,1
1992,1
1993,2
1994,1
1995,2
1996,3
1998,2
1999,1
2000,2
2002,3
2003,1
2004,1
2005,4
2007,1
2009,2
2010,6
2011,1
2012,1
2013,4
2014,1
2015,2
2016,2
2018,4
2019,3
2021,4
2022,5
2024,1
2026,1
2028,3
2029,1
2030,5
2031,1
2032,1
2033,3
2034,5
2035,1
2036,5
2037,2
2039,3
2040,2
2042,3
2043,2
2044,3
2045,1
2046,2
2047,1
2048,2
2049,2
2050,2
2053,2
2054,3
2055,3
2057,2
2059,4
2060,1
2061,1
2062,2
2063,5
2065,2
2066,1
2067,1
2068,1
2070,4
2071,1
2072,4
2073,3
2074,1
2076,1
2078,1
2079,1
2080,2
2081,1
2082,2
2084,2
2085,4
2086,1
2087,2
2088,3
2089,1
2090,1
2092,3
2093,2
2096,1
2097,2
2099,2
2102,3
2103,4
2104,1
2105,1
2106,1
2107,2
2109,2
2110,1
2111,1
2112,1
2113,1
2114,3
2115,1
2118,2
2119,2
2120,1
2121,2
2122,1
2123,2
2124,1
2125,2
2129,3
2130,1
2131,3
2132,1
2133,2
2136,1
2138,1
2140,4
2142,3
2143,1
2145,4
2146,3
2147,2
2148,2
2150,2
2151,1
2152,1
2153,3
2154,2
2155,2
2156,5
2158,3
2159,1
2160,1
2161,1
2162,1
2163,1
2164,1
2165,2
2167,3
2168,2
2169,1
2170,1
2174,1
2177,4
2179,2
2181,1
2182,3
2183,1
2184,1
2185,4
2186,2
2187,1
2188,3
2189,2
2190,3
2191,6
2193,1
2195,3
2197,2
2198,1
2199,3
2201,1
2203,1
2205,5
2207,1
2208,2
2210,1
2211,1
2212,1
2213,4
2214,1
2215,1
2216,3
2217,1
2218,2
2219,1
2220,1
2222,1
2223,2
2224,2
2225,2
2226,3
2227,1
2228,1
2229,1
2230,3
2231,2
2232,1
2234,2
2238,1
2239,3
2240,1
2241,1
2243,1
2244,3
2245,1
2246,2
2247,2
2249,1
2250,1
2252,2
2253,1
2255,1
2256,1
2257,1
2258,1
2260,2
2261,2
2262,3
2263,2
2266,2
2270,2
2271,1
2272,2
2273,1
2274,2
2276,2
2278,1
2280,3
2281,1
2283,3
2284,2
2285,2
2287,4
2289,1
2290,1
2291,1
2293,1
2294,1
2296,2
2297,1
2298,1
2299,3
2300,1
2301,1
2302,2
2303,3
2305,1
2306,3
2307,1
2308,2
2310,1
2312,1
2313,3
2315,1
2316,1
2318,3
2319,1
2321,1
2324,4
2325,1
2326,1
2328,3
2330,1
2331,2
2332,1
2333,4
2335,2
2336,1
2337,4
2338,2
2341,1
2342,2
2343,1
2345,2
2346,3
2347,1
2348,2
2351,3
2353,2
2354,3
2355,1
2356,1
2357,1
2359,2
2360,1
2361,1
2364,2
2365,1
2366,1
2367,2
2368,1
2370,1
2371,2
2374,1
2377,1
2380,1
2381,2
2388,1
2389,2
2390,1
2392,1
2393,1
2394,1
2396,1
2398,1
2400,1
2402,1
2405,1
2407,4
2408,1
2411,2
2412,1
2413,1
2416,1
2418,1
2419,1
2420,1
2421,1
2423,1
2426,1
2428,1
2429,1
2430,2
2431,1
2433,1
2435,1
2437,1
2439,1
2441,2
2442,1
2444,2
2445,2
2447,2
2448,1
2449,1
2450,2
2452,2
2454,1
2456,2
2457,1
2458,2
2465,2
2466,1
2467,1
2471,1
2472,1
2474,1
2476,1
2477,1
2480,4
2481,1
2482,1
2483,2
2485,1
2486,1
2487,1
2488,1
2489,1
2492,3
2493,1
2494,1
2495,1
2496,2
2497,2
2498,1
2499,1
2500,1
2501,2
2502,2
2503,1
2505,1
2507,1
2509,1
2510,1
2511,2
2513,2
2514,1
2515,3
2516,1
2520,1
2521,2
2522,2
2524,2
2525,2
2526,2
2527,1
2530,2
2531,1
2532,1
2536,1
2537,2
2538,2
2539,1
2540,2
2541,1
2543,2
2544,2
2545,1
2546,1
2549,3
2550,1
2551,3
2552,1
2553,1
2555,1
2556,1
2558,2
2560,1
2562,1
2564,2
2567,1
2570,1
2573,1
2576,2
2579,1
2584,2
2586,2
2587,3
2590,1
2591,1
2592,2
2593,2
2594,1
2601,1
2602,1
2604,1
2605,2
2606,1
2607,1
2610,1
2611,1
2612,1
2614,2
2616,2
2620,1
2621,1
2628,2
2629,2
2631,1
2632,1
2633,2
2634,1
2636,2
2637,1
2642,2
2643,1
2646,1
2647,1
2648,1
2649,1
2650,1
2652,1
2657,2
2659,1
2660,2
2661,1
2662,2
2664,1
2665,3
2668,1
2671,1
2675,1
2677,2
2678,1
2679,2
2680,1
2682,1
2683,2
2684,2
2685,1
2686,1
2688,1
2689,1
2690,1
2695,2
2696,1
2699,2
2700,1
2701,1
2702,1
2707,1
2714,2
2715,2
2716,1
2720,1
2721,1
2724,1
2725,1
2728,1
2729,1
2731,1
2732,1
2736,2
2738,1
2739,3
2740,1
2742,1
2743,1
2745,2
2747,3
2749,1
2751,1
2752,1
2754,2
2757,1
2758,1
2759,1
2761,1
2763,1
2765,1
2771,1
2776,1
2779,1
2780,1
2782,1
2784,1
2788,1
2789,1
2790,2
2791,1
2792,2
2793,1
2796,1
2797,1
2798,1
2799,2
2800,1
2801,2
2802,2
2805,2
2806,1
2809,2
2811,1
2812,1
2813,2
2814,2
2822,1
2823,1
2824,3
2825,2
2826,1
2828,1
2829,2
2831,2
2832,1
2834,1
2836,3
2837,1
2838,1
2843,1
2844,1
2845,1
2846,4
2847,3
2849,1
2851,1
2852,1
2856,2
2857,1
2859,1
2864,1
2865,1
2868,1
2870,1
2873,1
2875,1
2876,1
2878,1
2879,1
2880,1
2882,1
2883,1
2886,2
2887,1
2888,1
2889,1
2890,1
2892,1
2895,1
2906,1
2908,2
2911,1
2913,2
2914,1
2915,1
2916,2
2917,1
2922,1
2926,1
2927,1
2929,2
2930,3
2933,2
2939,1
2942,1
2943,1
2944,1
2945,3
2946,2
2949,1
2950,1
2954,1
2958,1
2961,1
2963,1
2966,1
2967,1
2968,1
2971,1
2972,1
2973,1
2974,2
2976,2
2982,1
2983,1
2985,1
2986,1
2990,1
2991,1
2993,2
2996,1
3000,1
3002,1
3004,1
3005,1
3007,1
3010,1
3015,3
3018,2
3019,1
3020,3
3022,1
3023,1
3029,1
3034,1
3036,1
3049,1
3054,1
3063,1
3064,1
3065,2
3076,1
3077,1
3078,1
3080,1
3081,1
3084,1
3086,1
3089,1
3090,1
3091,2
3098,1
3101,1
3102,1
3104,2
3116,1
3118,1
3119,1
3123,2
3125,1
3132,1
3134,2
3139,1
3146,2
3154,2
3157,1
3158,1
3161,2
3164,1
3165,2
3166,1
3167,2
3170,1
3176,1
3178,1
3179,1
3180,1
3181,1
3189,1
3197,1
3199,1
3200,1
3201,2
3209,1
3211,1
3212,1
3222,1
3229,1
3230,1
3234,1
3235,1
3236,1
3239,2
3241,2
3243,1
3246,3
3252,1
3256,1
3259,2
3262,1
3264,1
3270,1
3271,1
3273,1
3275,1
3278,1
3281,2
3282,1
3284,1
3285,1
3287,1
3292,1
3293,1
3295,1
3296,1
3297,1
3301,3
3302,1
3306,1
3307,1
3313,1
3318,1
3320,1
3322,1
3325,1
3327,1
3328,1
3330,1
3331,1
3332,1
3334,2
3347,1
3348,1
3349,1
3350,1
3352,1
3357,1
3358,1
3369,1
3370,1
3371,2
3373,1
3375,1
3378,1
3382,1
3390,2
3393,1
3397,1
3404,2
3409,1
3410,1
3415,1
3417,1
3422,1
3424,1
3425,1
3432,1
3438,2
3440,1
3447,1
3448,2
3450,1
3451,1
3455,1
3457,1
3458,1
3461,1
3464,2
3465,3
3467,1
3472,1
3474,1
3477,1
3478,1
3479,1
3480,2
3481,1
3486,1
3488,1
3489,1
3490,1
3493,1
3494,1
3495,1
3501,1
3502,1
3508,1
3509,2
3515,1
3516,1
3526,1
3527,1
3532,1
3536,2
3538,1
3544,1
3552,1
3557,2
3559,1
3566,1
3567,1
3580,1
3581,1
3582,1
3584,1
3588,1
3598,1
3600,1
3601,2
3602,1
3603,1
3610,1
3612,1
3615,1
3617,1
3618,2
3621,1
3622,1
3625,2
3628,1
3630,1
3631,1
3640,2
3646,1
3649,1
3653,1
3654,2
3662,1
3666,1
3676,1
3680,1
3682,1
3690,1
3691,1
3693,1
3694,1
3700,1
3705,1
3710,2
3714,1
3716,2
3725,1
3726,1
3733,1
3735,1
3736,2
3738,1
3746,1
3756,1
3758,1
3759,1
3761,1
3762,1
3765,1
3767,1
3769,2
3777,2
3781,1
3784,1
3786,1
3792,1
3797,1
3799,1
3800,1
3804,1
3805,2
3806,2
3814,1
3822,1
3825,1
3826,1
3830,1
3831,1
3832,1
3854,2
3856,2
3862,1
3879,2
3884,1
3888,1
3894,1
3899,1
3900,1
3912,2
3919,3
3920,1
3934,1
3944,1
3945,1
3946,1
3947,1
3950,1
3955,1
3961,1
3965,1
3967,1
3973,1
3974,2
3975,2
3981,1
3984,2
3986,1
3990,2
3992,2
3993,1
3994,1
3995,1
4001,2
4004,1
4009,1
4014,1
4019,1
4026,2
4032,1
4033,1
4035,1
4038,1
4040,1
4043,1
4044,1
4045,1
4051,1
4057,1
4059,2
4060,1
4062,1
4067,1
4068,1
4071,1
4078,1
4079,1
4087,1
4090,1
4092,1
4095,1
4100,1
4105,1
4108,1
4110,2
4111,1
4113,1
4116,1
4117,1
4119,1
4125,1
4130,1
4134,1
4137,1
4140,1
4141,1
4142,3
4145,1
4146,1
4148,1
4154,1
4157,1
4159,3
4160,1
4162,1
4163,1
4164,1
4166,2
4173,1
4175,1
4180,1
4181,1
4197,1
4199,1
4202,1
4211,1
4218,1
4220,2
4224,1
4227,1
4233,1
4248,1
4249,1
4252,2
4254,1
4263,1
4271,1
4279,1
4289,2
4290,1
4298,1
4300,1
4302,1
4310,2
4317,1
4325,1
4328,2
4342,1
4343,1
4348,1
4357,1
4360,1
4361,1
4365,1
4368,1
4374,1
4380,1
4381,1
4388,1
4402,2
4403,1
4404,1
4413,1
4416,1
4431,1
4435,1
4439,1
4454,1
4459,2
4461,1
4464,1
4470,1
4479,1
4480,1
4498,1
4501,1
4502,1
4520,1
4522,1
4526,1
4541,1
4547,1
4555,1
4557,2
4558,1
4567,1
4574,1
4581,2
4583,1
4586,1
4595,1
4597,1
4602,1
4603,1
4605,1
4610,1
4611,2
4619,1
4629,1
4642,2
4662,1
4675,1
4679,1
4686,1
4692,1
4695,1
4702,1
4705,1
4724,1
4725,1
4728,1
4734,2
4752,1
4759,1
4778,2
4780,2
4783,1
4791,1
4793,1
4796,1
4797,1
4812,1
4827,1
4841,1
4843,1
4844,1
4850,1
4853,1
4861,1
4868,1
4876,2
4879,1
4883,1
4894,1
4897,1
4904,1
4912,1
4913,1
4921,1
4925,1
4932,1
4938,1
4940,1
4943,1
4950,1
4953,1
4961,1
4962,1
4972,1
4973,1
4978,1
4987,1
4990,1
4991,1
5005,1
5022,1
5046,1
5051,1
5054,1
5058,1
5072,1
5088,1
5092,1
5129,1
5131,1
5133,1
5143,1
5150,1
5154,1
5160,1
5174,1
5180,1
5186,1
5217,1
5222,1
5227,1
5245,1
5283,1
5302,1
5309,1
5314,1
5316,1
5319,1
5333,1
5334,1
5343,1
5347,1
5360,1
5374,1
5387,1
5405,1
5408,1
5411,1
5418,2
5422,1
5430,1
5434,1
5441,1
5452,1
5456,1
5475,1
5488,1
5503,1
5508,1
5511,1
5563,1
5571,1
5599,1
5606,1
5612,2
5613,1
5621,1
5641,1
5650,1
5655,1
5663,1
5675,1
5679,2
5680,1
5686,1
5698,1
5713,1
5716,1
5734,1
5744,1
5745,1
5751,1
5762,1
5778,1
5781,1
5785,1
5818,1
5827,1
5836,1
5855,1
5862,1
5863,1
5865,1
5873,1
5875,1
5924,1
5928,1
5929,1
5937,1
5940,1
5942,1
5966,1
5968,1
5973,1
5977,1
5978,1
5985,1
6010,1
6017,1
6028,1
6035,1
6044,1
6053,2
6062,1
6076,1
6085,1
6109,1
6114,1
6122,1
6128,2
6190,1
6191,1
6202,1
6216,1
6219,1
6250,1
6270,1
6279,1
6288,1
6292,1
6305,1
6307,1
6330,1
6338,1
6345,1
6351,1
6361,1
6398,1
6404,2
6429,1
6432,1
6447,1
6463,1
6473,1
6478,1
6485,1
6501,1
6502,1
6510,2
6522,1
6566,1
6568,1
6599,1
6606,1
6608,1
6613,1
6632,1
6650,1
6653,1
6656,1
6695,1
6736,1
6737,1
6745,1
6759,1
6763,1
6778,1
6811,1
6818,1
6820,1
6852,1
6863,1
6865,1
6876,1
6898,1
6946,1
6960,1
6985,1
7001,1
7031,1
7042,1
7047,1
7057,1
7069,1
7081,2
7089,1
7099,1
7101,1
7107,1
7124,1
7127,1
7136,1
7137,1
7149,1
7153,1
7173,1
7255,1
7271,1
7272,1
7363,1
7373,1
7381,1
7408,1
7433,2
7442,1
7465,1
7479,1
7484,1
7498,1
7505,1
7543,1
7549,1
7552,1
7569,1
7592,1
7596,1
7620,1
7646,1
7674,1
7681,1
7738,1
7842,1
7855,1
7866,1
7875,1
7909,1
7923,1
7955,1
7961,1
7980,1
8004,1
8011,1
8047,1
8073,1
8165,1
8217,1
8218,1
8231,1
8259,2
8280,1
8292,1
8296,1
8312,1
8329,1
8352,1
8365,1
8375,1
8385,1
8401,1
8408,1
8439,1
8474,1
8481,1
8482,1
8490,1
8504,1
8551,1
8605,1
8614,1
8617,1
8655,1
8681,1
8717,1
8744,1
8754,1
8767,1
8789,1
8795,1
8797,1
8817,1
8879,1
8949,1
8979,1
8989,1
9033,1
9043,1
9070,1
9121,1
9132,1
9169,1
9235,1
9283,1
9286,1
9288,1
9330,1
9340,1
9427,1
9490,1
9520,1
9538,1
9554,1
9556,1
9615,1
9693,1
9796,1
9832,1
9900,1
9932,1
9974,1
9977,1
9982,1
10003,1
10077,1
10152,1
10318,2
10533,1
10537,1
10552,1
10601,1
10622,1
10657,1
10679,1
10731,1
10798,2
10824,1
10873,1
10932,1
11008,1
11140,1
11154,1
11156,1
11196,1
11199,1
11212,1
11275,1
11281,1
11483,1
11499,1
11521,1
11585,2
11604,1
11694,1
11820,1
11889,1
11895,1
12013,1
12079,1
12094,1
12123,1
12136,1
12172,1
12222,1
12289,1
12502,1
12519,1
12537,1
12601,1
12613,1
12657,1
12695,1
12724,1
12725,1
12748,1
12769,1
12770,1
12825,1
12868,1
12910,1
12980,1
13051,1
13123,1
13353,1
13402,1
13611,1
13742,1
13759,1
13898,1
13915,1
14004,1
14209,1
14305,1
14426,1
14542,1
14671,1
14682,1
14712,1
14870,1
15025,1
15452,1
15766,1
15795,1
16061,1
16332,1
16443,1
16469,1
16550,1
16756,1
16938,1
17449,1
18246,1
18552,1
19833,1
20975,1
21584,1
29186,1
31292,1
34391,1
