1 18050919
2 5313017
3 2291873
4 1199100
5 708314
6 454568
7 310112
8 222216
9 164973
10 125865
11 97733
12 78429
13 63180
14 52226
15 43459
16 36611
17 31243
18 26889
19 23143
20 20273
21 17786
22 15565
23 13800
24 12319
25 11141
26 9703
27 8896
28 7888
29 7285
30 6575
31 6048
32 5546
33 5044
34 4732
35 4436
36 3958
37 3635
38 3538
39 3215
40 3046
41 2866
42 2657
43 2341
44 2315
45 2082
46 1989
47 1932
48 1860
49 1682
50 1553
51 1439
52 1463
53 1316
54 1217
55 1221
56 1147
57 1081
58 1025
59 976
60 931
61 900
62 899
63 811
64 822
65 727
66 732
67 679
68 601
69 609
70 640
71 595
72 574
73 570
74 494
75 507
76 505
77 460
78 446
79 435
80 409
81 380
82 412
83 324
84 351
85 335
86 381
87 293
88 326
89 320
90 281
91 275
92 290
93 283
94 251
95 248
96 255
97 247
98 223
99 204
100 215
101 226
102 209
103 196
104 181
105 197
106 186
107 194
108 176
109 154
110 168
111 138
112 154
113 143
114 160
115 156
116 128
117 125
118 163
119 134
120 119
121 131
122 125
123 126
124 123
125 109
126 105
127 95
128 98
129 96
130 84
131 110
132 89
133 88
134 118
135 91
136 85
137 83
138 92
139 87
140 86
141 96
142 92
143 63
144 84
145 84
146 61
147 86
148 63
149 59
150 62
151 61
152 59
153 67
154 57
155 58
156 66
157 48
158 52
159 56
160 52
161 58
162 48
163 53
164 47
165 42
166 63
167 45
168 39
169 59
170 37
171 41
172 38
173 41
174 49
175 37
176 50
177 34
178 46
179 38
180 47
181 44
182 49
183 41
184 39
185 45
186 32
187 43
188 38
189 37
190 22
191 34
192 30
193 36
194 34
195 32
196 24
197 29
198 35
199 27
200 38
201 39
202 32
203 22
204 31
205 42
206 36
207 29
208 24
209 27
210 27
211 19
212 30
213 36
214 19
215 28
216 19
217 23
218 18
219 37
220 21
221 24
222 24
223 23
224 33
225 25
226 20
227 26
228 24
229 28
230 23
231 18
232 20
233 13
234 15
235 33
236 16
237 12
238 24
239 19
240 27
241 27
242 23
243 19
244 19
245 23
246 18
247 11
248 16
249 14
250 18
251 24
252 13
253 12
254 16
255 16
256 20
257 14
258 14
259 13
260 18
261 13
262 10
263 9
264 9
265 16
266 10
267 12
268 23
269 17
270 9
271 16
272 12
273 16
274 14
275 16
276 11
277 13
278 12
279 7
280 15
281 16
282 18
283 11
284 9
285 13
286 6
287 10
288 11
289 10
290 15
291 10
292 12
293 9
294 7
295 14
296 12
297 8
298 11
299 9
300 12
301 13
302 13
303 12
304 6
305 9
306 6
307 11
308 8
309 11
310 5
311 5
312 8
313 10
314 6
315 13
316 6
317 8
318 17
319 5
320 11
321 12
322 4
323 8
324 12
325 7
326 5
327 6
328 3
329 4
330 8
331 5
332 12
333 13
334 4
335 5
336 3
337 5
338 2
339 10
340 6
341 2
342 7
343 4
344 6
345 4
346 6
347 13
348 4
349 6
350 5
351 4
352 3
353 4
354 6
355 3
356 2
357 6
358 9
359 11
360 10
361 6
362 7
363 9
364 9
365 6
366 10
367 4
368 8
369 5
370 2
371 6
372 6
373 8
374 6
375 6
376 5
377 5
378 10
379 3
380 3
381 4
382 12
383 2
384 6
385 3
386 4
387 7
388 3
389 7
390 5
391 4
392 7
393 10
394 7
395 5
396 5
397 5
398 6
399 1
400 5
401 3
402 7
403 8
404 4
405 3
406 3
407 4
408 10
409 4
410 5
411 3
412 7
413 1
414 4
415 4
416 3
417 4
418 3
419 4
420 7
421 3
422 5
423 7
424 4
425 3
426 7
427 6
428 5
429 4
430 3
431 4
432 1
433 2
434 1
435 5
436 8
437 5
438 4
439 5
440 6
441 4
442 5
443 4
444 6
445 7
446 7
447 3
448 4
449 1
450 9
451 6
452 3
453 7
454 3
455 2
456 5
457 2
458 3
459 2
460 3
461 4
462 6
463 3
464 7
465 8
466 2
467 1
468 2
469 7
470 6
471 3
472 6
473 5
474 4
475 6
476 3
477 5
478 4
479 5
480 4
481 3
482 1
483 2
484 2
485 5
486 4
487 4
488 4
489 2
490 7
491 8
492 4
493 4
494 5
495 5
496 3
497 5
499 4
500 3
501 5
502 5
503 2
504 2
505 7
506 4
507 2
508 4
509 6
510 2
511 6
512 5
513 3
514 4
515 7
517 4
518 2
519 3
520 1
521 3
522 2
523 1
524 3
525 6
526 2
527 4
528 1
529 4
530 3
531 3
532 6
533 2
534 2
535 4
536 3
537 2
538 3
539 2
540 3
541 2
542 1
543 1
544 1
545 4
546 3
547 4
548 1
549 3
550 2
552 2
553 4
554 1
555 4
556 4
557 3
558 3
559 1
560 5
561 1
562 1
563 2
564 2
565 5
566 2
567 2
568 4
569 3
570 4
571 3
573 2
574 7
575 1
576 2
577 1
578 4
579 6
580 4
581 4
582 3
583 4
585 1
586 1
588 2
589 4
590 5
591 4
592 1
593 1
594 2
595 3
596 2
597 3
598 2
599 6
600 2
602 2
603 5
604 2
605 1
606 3
607 2
608 4
609 1
610 4
611 4
612 3
613 4
614 4
615 3
616 2
617 2
618 2
619 1
620 2
621 2
622 1
623 3
624 2
626 3
627 2
628 1
630 3
631 3
632 3
633 3
634 4
635 3
637 4
638 1
639 3
640 4
641 2
642 1
643 1
644 1
645 3
646 3
647 2
648 3
649 4
650 1
651 1
652 2
653 3
654 1
655 1
656 2
657 1
658 2
659 4
660 1
662 1
664 1
667 1
668 3
669 2
673 3
674 1
675 1
676 1
677 1
680 1
681 2
682 3
683 2
684 2
685 1
686 1
687 2
691 1
692 1
693 2
694 1
696 2
697 3
700 1
701 1
702 1
703 3
704 3
706 4
707 1
708 2
709 1
710 3
714 1
715 3
716 3
719 1
720 2
721 2
722 1
724 1
725 3
728 2
730 2
731 2
732 2
733 1
734 1
736 4
737 1
738 3
740 1
742 2
743 1
744 2
745 1
748 1
749 1
750 1
751 3
752 1
753 1
754 3
755 2
756 3
757 1
758 1
759 1
762 1
765 1
767 1
768 3
769 3
770 2
771 1
774 1
775 2
776 3
778 2
779 2
780 2
781 3
782 1
783 1
785 1
786 2
787 3
788 2
790 3
791 2
792 1
793 5
794 4
795 3
799 1
800 2
802 2
804 2
805 2
806 2
807 2
808 1
811 1
813 3
815 1
816 1
817 1
819 2
821 3
822 2
826 2
827 1
828 1
830 3
831 2
832 3
833 1
836 2
839 1
840 1
844 2
848 2
849 1
850 2
851 3
852 1
854 1
855 1
858 1
859 2
860 2
862 4
864 2
865 2
867 2
870 1
871 1
873 1
874 1
875 2
879 2
880 1
882 3
885 1
891 1
892 1
894 1
895 1
896 1
898 2
902 1
903 1
905 1
906 1
907 1
908 1
910 1
911 1
912 2
913 1
914 1
915 2
920 1
923 2
929 1
930 2
931 1
932 1
944 1
946 1
947 1
953 1
954 2
955 1
958 1
970 1
971 2
978 1
980 1
988 1
989 1
991 1
995 2
1000 2
1005 1
1007 1
1008 1
1009 1
1014 1
1018 1
1019 1
1023 1
1027 1
1033 1
1042 1
1045 1
1046 1
1047 1
1053 1
1058 1
1065 2
1067 2
1069 2
1078 1
1080 1
1083 2
1093 1
1098 1
1102 1
1107 1
1108 1
1109 1
1115 1
1121 1
1122 1
1124 1
1125 1
1130 1
1132 2
1133 1
1143 2
1147 1
1150 3
1151 2
1154 1
1155 1
1165 1
1175 1
1185 1
1186 1
1189 1
1190 1
1195 1
1197 1
1202 1
1219 1
1224 1
1233 1
1235 1
1241 2
1247 2
1248 1
1249 1
1267 1
1282 1
1286 1
1290 1
1296 2
1309 1
1311 1
1313 1
1318 1
1325 1
1329 1
1344 1
1348 1
1350 1
1354 1
1365 1
1381 1
1401 1
1414 1
1417 1
1432 1
1437 1
1443 1
1449 1
1453 1
1454 1
1493 1
1515 1
1527 1
1539 1
1572 1
1639 1
1652 1
1667 1
1669 1
1670 1
1676 1
1721 1
1723 1
1785 1
1790 1
1889 1
1916 1
1918 1
1966 1
2113 1
2128 1
2284 1
2335 1
2357 1
2642 1
2815 1
2839 1
2856 1
2892 1
2955 1
3034 1
3099 1
3128 1
3176 1
3205 1
3211 1
3266 1
3308 1
3327 1
3372 1
3375 1
3401 1
3402 1
3515 1
3547 1
3575 1
3622 1
3644 1
3696 1
3827 1
3832 2
3851 1
3869 1
3879 1
3906 1
3922 1
3949 1
3984 1
3985 1
4002 1
4006 1
4099 1
4147 1
4177 1
4255 1
4282 1
4283 1
4378 1
4479 2
4511 1
4558 1
4568 1
4569 1
4598 1
4621 1
4628 1
4639 1
4653 1
4684 1
4719 1
4766 1
4816 1
4915 1
4950 1
4962 1
4965 1
5049 1
5132 1
5163 1
5170 1
5184 1
5186 1
5251 1
5466 1
5471 1
5483 1
5521 1
5529 1
5542 1
5558 1
5559 1
5569 1
5590 1
5592 1
5603 1
5611 1
5612 1
5629 1
8487 1
8687 1
8915 1
14235 1
342614 1
458276 1
838318 1
1042463 1
