time, seeders, joined, request_count, response_size, left, awareness, bad_data, leechers
0, 0.0, 0.0, 0.0, 0.0, 0.0, 1001.0, 0.0, 0.0
1, 0.0, 707.818, 163.65704, 1.10564, 0.0, 105904.516, 0.0, 707.818
2, 0.0, 338.304, 107.25797, 2.47776, 35.42, 134514.96, 5919.206, 1011.702
3, 0.0, 327.734, 101.98271, 3.16629, 33.65, 162939.24, 10209.446, 1305.786
4, 0.0, 315.624, 99.1699, 3.81954, 40.472, 188596.216, 15138.322, 1580.938
5, 0.0, 304.998, 97.37965, 4.41998, 47.25, 211993.436, 20662.848, 1838.686
6, 0.0, 294.364, 96.469, 5.02131, 53.086, 233547.96, 26660.812, 2079.964
7, 0.0, 286.702, 95.60798, 5.57471, 58.45, 253513.016, 33209.402, 2308.216
8, 0.0, 275.828, 94.98746, 6.11461, 63.808, 271778.172, 40214.644, 2520.236
9, 0.0, 266.948, 94.5967, 6.62547, 68.996, 288555.14, 47735.996, 2718.188
10, 0.0, 258.622, 94.09718, 7.14101, 73.324, 304167.702, 55477.08, 2903.486
11, 550.81, 250.372, 93.84835, 7.59822, 63.594, 319919.64, 61526.654, 2539.454
12, 796.31, 242.63, 93.39158, 8.03645, 80.378, 332495.466, 69941.52, 2456.206
13, 1034.084, 233.102, 93.0983, 8.47219, 77.452, 344783.52, 77611.566, 2374.082
14, 1258.294, 225.834, 92.90452, 8.89904, 79.724, 356167.57, 85447.498, 2295.982
15, 1470.986, 218.922, 92.63847, 9.27875, 81.026, 366689.33, 93447.146, 2221.186
16, 1672.574, 212.276, 92.45511, 9.65682, 81.846, 376589.834, 101401.288, 2150.028
17, 1863.722, 204.55, 92.34319, 10.01941, 84.42, 385591.022, 109523.684, 2079.01
18, 2044.158, 197.98, 92.03455, 10.37572, 85.352, 393881.228, 117700.914, 2011.202
19, 2214.818, 190.978, 91.9729, 10.72612, 86.046, 401465.856, 125936.712, 1945.474
20, 2376.808, 185.838, 91.64756, 11.01049, 87.322, 408519.028, 134174.904, 1882.0
21, 2529.666, 178.604, 91.68776, 11.35827, 88.608, 414823.116, 142520.898, 1819.138
22, 2673.586, 172.292, 91.43895, 11.63984, 89.106, 420410.21, 150977.424, 1758.404
23, 2807.648, 166.372, 91.18241, 11.92541, 90.308, 425464.292, 159387.152, 1700.406
24, 2934.152, 163.074, 91.20154, 12.21062, 91.472, 430170.006, 167838.312, 1645.504
25, 3053.002, 156.758, 91.07924, 12.49271, 92.032, 434192.756, 176397.906, 1591.38
26, 3165.45, 151.446, 91.0265, 12.7195, 92.258, 437813.802, 184869.61, 1538.12
27, 3269.952, 146.296, 90.96763, 12.9534, 92.376, 441028.016, 193276.064, 1487.538
28, 3367.152, 141.678, 90.84685, 13.20089, 93.154, 443770.232, 201727.412, 1438.862
29, 3458.528, 136.508, 90.95438, 13.4438, 93.126, 446096.736, 210149.778, 1390.868
30, 3543.742, 133.42, 90.86044, 13.6439, 93.286, 448202.172, 218494.206, 1345.788
31, 3622.742, 128.336, 90.77266, 13.86255, 93.756, 449819.706, 226873.842, 1301.368
32, 3695.072, 124.038, 90.53677, 14.05952, 93.838, 451063.852, 235219.87, 1259.238
33, 3762.104, 119.582, 90.73272, 14.22192, 94.278, 451921.26, 243588.656, 1217.51
34, 3824.822, 115.608, 90.60619, 14.43111, 94.042, 452497.064, 251863.634, 1176.358
35, 3881.48, 112.7, 90.685, 14.61277, 93.916, 452868.56, 260090.11, 1138.484
36, 3934.27, 107.928, 90.67526, 14.73197, 93.218, 452926.474, 268209.326, 1100.404
37, 3981.014, 104.94, 90.63084, 14.93738, 94.158, 452635.894, 276410.348, 1064.442
38, 4023.8, 102.148, 90.46482, 15.07268, 93.874, 452119.66, 284575.558, 1029.93
39, 4060.908, 97.862, 90.74207, 15.24637, 94.218, 451295.806, 292692.21, 996.466
40, 4095.916, 95.514, 90.6799, 15.34293, 93.296, 450434.378, 300619.598, 963.676
41, 4126.518, 92.532, 90.42493, 15.51556, 93.176, 449303.294, 308527.454, 932.43
42, 4152.95, 89.202, 90.88361, 15.61214, 93.324, 447936.994, 316425.552, 901.876
43, 4175.688, 86.044, 90.28404, 15.7548, 92.15, 446411.082, 324136.252, 873.032
44, 4194.784, 83.316, 90.67406, 15.87647, 92.112, 444697.824, 331827.558, 845.14
45, 4211.486, 80.24, 90.6007, 16.00591, 91.532, 442742.396, 339483.584, 817.146
46, 4224.642, 78.174, 90.73605, 16.08986, 91.124, 440726.03, 347018.268, 791.04
47, 4235.076, 75.086, 90.69334, 16.25375, 90.088, 438564.872, 354410.228, 765.604
48, 4243.332, 72.35, 90.61507, 16.28774, 89.788, 436195.908, 361770.348, 739.91
49, 4248.352, 71.034, 91.11975, 16.41214, 89.188, 433774.172, 369086.438, 716.736
50, 4251.348, 68.232, 91.01008, 16.51995, 88.952, 431201.706, 376295.098, 693.02
51, 4252.416, 65.922, 90.85586, 16.55785, 88.07, 428505.08, 383407.044, 669.804
52, 4250.622, 63.418, 90.79126, 16.67126, 87.632, 425577.064, 390530.826, 647.384
53, 4246.052, 61.366, 91.09931, 16.74717, 87.766, 422568.552, 397559.136, 625.554
54, 4239.218, 59.784, 91.19497, 16.80293, 86.946, 419490.012, 404519.594, 605.226
55, 4230.718, 57.836, 91.09551, 16.86532, 85.896, 416403.094, 411289.936, 585.666
56, 4221.252, 55.576, 91.00691, 16.96085, 85.104, 413170.434, 417997.508, 565.604
57, 4208.252, 53.766, 90.96083, 17.04866, 84.846, 409833.402, 424641.752, 547.524
58, 4193.726, 52.176, 91.37534, 17.06326, 83.986, 406435.842, 431226.016, 530.24
59, 4179.266, 50.226, 91.4825, 17.08022, 83.14, 402990.936, 437680.728, 511.786
60, 4162.404, 49.532, 91.20165, 17.17851, 82.194, 399567.332, 444028.548, 495.986
61, 4143.574, 47.578, 91.4162, 17.1958, 82.516, 395979.394, 450377.102, 479.878
62, 4123.856, 45.5, 91.45055, 17.28738, 80.684, 392429.908, 456480.852, 464.412
63, 4102.212, 43.81, 91.75074, 17.32307, 80.864, 388714.534, 462619.13, 449.002
64, 4079.826, 42.772, 91.33078, 17.35444, 80.132, 384963.72, 468675.074, 434.028
65, 4056.578, 40.73, 91.84876, 17.39802, 79.462, 381141.902, 474634.156, 418.544
66, 4032.104, 39.966, 91.54281, 17.37594, 78.156, 377351.936, 480470.784, 404.828
67, 4006.73, 38.722, 91.56035, 17.46325, 77.086, 373572.338, 486178.634, 391.838
68, 3980.148, 36.792, 92.24288, 17.47104, 76.792, 369696.62, 491828.574, 378.42
69, 3952.546, 35.88, 92.22965, 17.54714, 76.046, 365839.308, 497370.09, 365.856
70, 3925.568, 34.42, 92.23126, 17.54117, 74.652, 361950.15, 502804.678, 352.602
71, 3896.08, 33.96, 92.09658, 17.61485, 75.152, 358010.188, 508238.566, 340.898
72, 3866.738, 32.196, 92.06113, 17.5639, 73.094, 354074.182, 513499.008, 329.342
73, 3836.324, 32.002, 92.46922, 17.61226, 72.588, 350207.39, 518673.116, 319.17
74, 3805.336, 30.962, 92.53278, 17.6497, 71.744, 346307.694, 523787.91, 309.376
75, 3773.742, 29.646, 92.93665, 17.71356, 70.816, 342416.38, 528772.864, 299.8
76, 3741.382, 28.784, 92.68344, 17.6496, 70.55, 338495.41, 533699.402, 290.394
77, 3708.494, 27.744, 92.36592, 17.75299, 69.944, 334537.908, 538556.976, 281.082
78, 3675.56, 26.83, 92.89601, 17.62791, 68.65, 330633.28, 543284.45, 272.196
79, 3642.542, 25.958, 93.00408, 17.69464, 67.618, 326740.986, 547914.324, 263.554
80, 3608.876, 25.01, 92.29108, 17.67048, 66.896, 322823.154, 552459.818, 255.334
81, 3575.316, 24.144, 93.35653, 17.76797, 66.362, 318926.766, 556923.896, 246.676
82, 3541.244, 23.166, 92.95519, 17.73112, 65.026, 315046.066, 561264.854, 238.888
83, 3508.556, 23.018, 92.96203, 17.68577, 63.906, 311280.78, 565468.812, 230.688
84, 3474.074, 21.898, 93.59759, 17.6976, 64.098, 307408.976, 569692.038, 222.97
85, 3439.344, 21.306, 93.10054, 17.71557, 63.31, 303549.606, 573833.284, 215.696
86, 3404.7, 20.364, 93.44922, 17.73379, 62.356, 299708.632, 577871.602, 208.348
87, 3369.692, 19.786, 93.52067, 17.6645, 61.824, 295854.322, 581870.602, 201.318
88, 3334.518, 19.47, 93.54905, 17.70561, 61.17, 292047.622, 585786.23, 194.792
89, 3299.234, 18.556, 93.64087, 17.61268, 60.178, 288234.654, 589623.198, 188.454
90, 3263.456, 18.088, 93.46528, 17.71064, 59.806, 284471.534, 593354.778, 182.514
91, 3228.3, 17.456, 94.19111, 17.73677, 58.532, 280737.526, 597007.968, 176.594
92, 3191.966, 16.812, 94.45634, 17.70693, 58.55, 276974.038, 600632.274, 171.19
93, 3156.642, 16.48, 93.96845, 17.75023, 57.282, 273280.13, 604143.212, 165.712
94, 3121.322, 15.604, 94.1938, 17.6307, 56.336, 269603.088, 607558.124, 160.3
95, 3085.95, 15.172, 94.19984, 17.7337, 55.846, 265953.38, 610897.558, 154.998
96, 3051.266, 14.69, 94.20014, 17.61772, 54.526, 262389.128, 614101.59, 149.846
97, 3015.776, 14.288, 94.76484, 17.68227, 54.698, 258754.57, 617350.622, 144.926
98, 2981.328, 13.598, 94.60215, 17.65376, 53.36, 255186.682, 620461.736, 139.612
99, 2945.914, 13.37, 94.86911, 17.63056, 53.146, 251636.424, 623535.592, 135.25
100, 2910.68, 12.784, 94.96245, 17.6425, 52.604, 248093.454, 626538.594, 130.664
101, 2875.5, 12.432, 94.96461, 17.62392, 51.972, 244562.572, 629496.75, 126.304
102, 2841.042, 12.154, 94.98108, 17.57225, 50.622, 241131.056, 632330.688, 122.294
103, 2806.618, 11.802, 95.33977, 17.58283, 50.112, 237745.272, 635083.854, 118.408
104, 2771.478, 11.008, 95.40334, 17.64121, 50.106, 234278.658, 637842.27, 114.45
105, 2737.142, 10.924, 95.55108, 17.51274, 48.884, 230924.438, 640482.1, 110.826
106, 2703.144, 10.6, 95.26415, 17.50426, 48.212, 227569.502, 643085.162, 107.212
107, 2669.832, 10.17635, 96.14021, 17.44244, 47.13, 224298.86, 645565.966, 103.55
108, 2636.332, 9.94, 95.89537, 17.46874, 46.718, 221075.614, 647972.762, 100.272
109, 2602.976, 9.602, 95.85503, 17.39983, 46.21, 217843.016, 650361.848, 97.02
110, 2570.1, 9.308, 96.32574, 17.44234, 45.092, 214684.852, 652647.558, 94.112
111, 2537.032, 8.962, 96.02767, 17.37462, 45.254, 211497.556, 654921.27, 90.888
112, 2504.288, 8.704, 96.20864, 17.29687, 44.33, 208362.494, 657122.468, 88.006
113, 2471.812, 8.23, 96.59781, 17.45887, 43.878, 205220.978, 659288.716, 84.834
114, 2439.142, 8.304, 96.09827, 17.31178, 43.374, 202137.362, 661403.108, 82.434
115, 2406.936, 7.692, 97.08788, 17.24424, 42.698, 199078.376, 663435.026, 79.634
116, 2375.17, 7.384, 96.77681, 17.3241, 41.952, 196055.902, 665399.888, 76.832
117, 2343.946, 7.272, 96.9747, 17.33522, 41.042, 193136.826, 667244.994, 74.286
118, 2312.66, 6.86974, 97.17036, 17.20534, 40.886, 190165.996, 669111.742, 71.542
119, 2281.926, 7.016, 96.32269, 17.19118, 39.95, 187315.962, 670865.146, 69.342
120, 2251.76, 6.768, 98.02009, 17.15858, 38.988, 184518.9, 672553.24, 67.288
121, 2221.292, 6.404, 98.40725, 17.21041, 39.16, 181686.894, 674242.436, 65.0
122, 2191.11, 6.4509, 98.75738, 17.17364, 38.656, 178875.502, 675919.282, 62.964
123, 2161.0, 6.05455, 98.2983, 17.24338, 38.164, 176103.618, 677500.96, 60.904
124, 2131.594, 5.74194, 98.27949, 17.1672, 37.242, 173381.512, 679009.456, 58.764
125, 2102.406, 5.52008, 98.98145, 17.03381, 36.536, 170686.244, 680472.602, 56.914
126, 2072.99, 5.184, 99.15123, 17.08016, 36.642, 167981.006, 681919.676, 54.872
127, 2044.636, 5.24597, 99.57725, 17.11964, 35.338, 165402.358, 683244.718, 53.092
128, 2016.122, 5.15832, 99.18415, 17.01175, 35.242, 162826.894, 684557.832, 51.512
129, 1988.14, 4.9336, 100.32626, 16.97398, 34.722, 160265.61, 685843.798, 49.676
130, 1960.41, 4.70968, 99.82877, 16.96012, 34.266, 157711.608, 687092.332, 47.812
131, 1932.66, 4.65726, 100.08658, 16.95978, 33.856, 155220.328, 688278.628, 46.326
132, 1905.604, 4.48992, 101.16749, 16.89614, 33.208, 152760.462, 689417.694, 44.628
133, 1878.774, 4.36456, 100.18665, 16.7578, 32.578, 150334.392, 690505.592, 43.166
134, 1852.158, 4.19669, 101.18402, 16.65236, 32.024, 147944.24, 691539.244, 41.812
135, 1826.112, 4.14431, 101.71653, 16.82112, 31.32, 145620.978, 692510.57, 40.616
136, 1799.822, 3.97959, 101.48718, 16.60131, 31.306, 143287.434, 693472.706, 39.5
137, 1774.04, 3.72614, 103.2294, 16.89644, 30.826, 140984.69, 694378.994, 38.048
138, 1748.772, 3.78763, 102.61296, 16.62122, 30.192, 138740.186, 695235.66, 36.798
139, 1723.66, 3.61475, 102.72109, 16.70971, 29.794, 136508.848, 696068.808, 35.644
140, 1698.528, 3.56092, 103.42183, 16.58528, 29.6, 134308.192, 696858.03, 34.566
141, 1674.136, 3.45588, 103.95137, 16.70175, 28.788, 132156.62, 697592.204, 33.46
142, 1649.874, 3.26471, 105.34106, 16.68112, 28.572, 130016.73, 698307.112, 32.258
143, 1625.636, 3.28661, 105.28326, 16.6058, 28.314, 127916.97, 698983.878, 31.324
144, 1601.72, 3.11691, 104.48761, 16.67692, 27.922, 125836.244, 699621.254, 30.304
145, 1578.16, 3.13948, 105.12645, 16.60663, 27.38, 123759.184, 700258.216, 29.41
146, 1554.954, 2.93952, 105.58413, 16.59221, 27.058, 121734.602, 700820.252, 28.28
147, 1532.08, 2.84861, 107.41018, 16.36028, 26.398, 119748.404, 701346.09, 27.428
148, 1509.34, 2.87473, 108.18043, 16.47067, 26.264, 117771.472, 701861.678, 26.52
149, 1486.976, 2.64488, 107.08402, 16.38231, 25.744, 115834.228, 702313.762, 25.568
150, 1465.034, 2.71922, 108.41938, 16.21612, 25.2, 113951.742, 702724.72, 24.828
151, 1443.244, 2.58705, 109.74978, 16.3294, 24.986, 112066.656, 703124.936, 23.95
152, 1421.356, 2.46882, 108.13845, 16.16869, 24.906, 110188.75, 703496.604, 23.07
153, 1400.282, 2.50661, 109.84183, 16.2544, 24.008, 108383.064, 703819.246, 22.412
154, 1379.3, 2.40509, 109.43215, 16.18118, 23.884, 106583.3, 704112.016, 21.588
155, 1358.78, 2.46065, 111.85325, 16.05551, 23.29, 104844.886, 704360.122, 20.944
156, 1338.2, 2.35185, 112.69685, 16.03581, 23.246, 103104.58, 704596.544, 20.31
157, 1318.394, 2.28009, 111.37056, 15.88332, 22.414, 101422.302, 704771.922, 19.672
158, 1298.47, 2.32319, 114.61694, 16.1759, 22.482, 99736.186, 704962.584, 19.098
159, 1278.426, 2.16386, 114.92205, 16.05814, 22.372, 98051.358, 705135.52, 18.566
160, 1259.506, 2.12687, 111.57895, 16.08386, 21.422, 96434.716, 705221.412, 17.774
161, 1240.026, 2.00494, 112.31527, 16.01864, 21.762, 94781.418, 705337.464, 17.116
162, 1221.136, 2.03722, 112.66748, 16.02162, 20.958, 93190.064, 705396.012, 16.69
163, 1202.664, 1.93873, 113.02149, 15.99105, 20.624, 91638.674, 705417.014, 16.12
164, 1184.288, 2.0285, 116.73052, 15.93764, 20.342, 90115.318, 705415.596, 15.72
165, 1166.496, 1.92875, 116.22691, 15.99773, 19.872, 88621.136, 705379.166, 15.156
166, 1148.704, 1.87978, 119.0407, 15.81074, 19.772, 87125.392, 705336.314, 14.552
167, 1131.2, 1.86243, 120.88068, 15.79318, 19.378, 85674.1, 705260.106, 14.086
168, 1114.158, 1.80267, 122.92899, 15.6414, 18.924, 84261.746, 705138.78, 13.556
169, 1097.464, 1.78723, 119.19643, 15.93383, 18.342, 82887.94, 704977.27, 13.252
170, 1080.578, 1.65426, 118.97106, 15.46892, 18.56, 81483.074, 704838.566, 12.822
171, 1063.928, 1.64507, 123.28767, 15.32083, 18.254, 80093.202, 704684.966, 12.386
172, 1047.212, 1.68644, 126.80067, 15.47556, 18.318, 78725.564, 704518.812, 11.978
173, 1030.81, 1.56941, 122.02166, 15.51923, 17.946, 77369.67, 704325.976, 11.542
174, 1015.266, 1.61442, 125.04854, 15.77484, 17.056, 76081.828, 704062.65, 11.06
175, 999.706, 1.58025, 125.58594, 15.49922, 17.078, 74786.404, 703809.674, 10.566
176, 984.112, 1.68471, 122.1172, 15.80495, 16.934, 73503.512, 703542.13, 10.284
177, 968.566, 1.60208, 125.70194, 15.57216, 16.872, 72221.14, 703268.976, 9.884
178, 953.468, 1.63518, 125.69721, 14.97147, 16.39, 70988.382, 702957.432, 9.596
179, 938.662, 1.53, 127.88671, 15.53322, 16.062, 69781.22, 702616.448, 9.258
180, 924.202, 1.48718, 126.2931, 15.35666, 15.652, 68609.542, 702241.092, 8.994
181, 909.74, 1.55263, 127.75424, 15.42123, 15.61, 67439.49, 701871.024, 8.79
182, 895.652, 1.46021, 134.36019, 15.31041, 15.25, 66288.166, 701482.806, 8.472
183, 881.7, 1.44681, 132.10784, 15.52505, 14.96, 65161.36, 701066.902, 8.28
184, 867.896, 1.42222, 132.03125, 15.6213, 14.782, 64064.308, 700613.948, 8.07
185, 854.212, 1.39643, 140.15345, 15.38321, 14.704, 62976.08, 700162.848, 7.832
186, 840.84, 1.36032, 133.33333, 15.61161, 14.374, 61893.218, 699691.428, 7.502
187, 827.566, 1.42802, 142.23433, 14.81418, 14.164, 60830.584, 699219.98, 7.346
188, 814.624, 1.42259, 139.41176, 15.34599, 13.91, 59790.812, 698717.686, 7.058
189, 802.086, 1.33074, 146.19883, 14.79, 13.438, 58787.29, 698186.144, 6.842
190, 789.618, 1.35366, 149.54955, 14.79116, 13.39, 57791.418, 697648.278, 6.586
191, 777.33, 1.39035, 152.36593, 15.08903, 13.232, 56811.216, 697096.562, 6.276
192, 764.934, 1.40086, 150.46154, 15.04703, 13.162, 55842.02, 696537.652, 6.16
193, 752.76, 1.30396, 144.59459, 15.15421, 12.958, 54862.848, 695980.378, 5.968
194, 740.962, 1.31364, 144.29066, 14.72182, 12.582, 53923.498, 695382.898, 5.762
195, 729.166, 1.311, 136.86131, 14.88533, 12.544, 52982.156, 694780.254, 5.57315
196, 717.4, 1.27225, 168.72428, 15.2439, 12.39, 52058.646, 694172.15, 5.43487
197, 706.222, 1.28022, 144.20601, 15.16369, 11.868, 51158.488, 693528.024, 5.21042
198, 695.038, 1.30526, 158.06452, 15.04337, 11.834, 50282.144, 692876.074, 5.08669
199, 684.26, 1.31579, 152.88889, 14.49419, 11.416, 49416.018, 692207.738, 4.88732
200, 673.51, 1.27919, 159.12698, 14.92519, 11.356, 48586.908, 691516.694, 4.84318
201, 663.006, 1.26776, 156.03448, 14.55249, 11.124, 47753.56, 690826.228, 4.6748
202, 652.71, 1.18079, 173.20574, 14.55249, 10.938, 46940.896, 690114.528, 4.43813
203, 642.474, 1.23913, 161.84211, 15.02981, 10.822, 46133.896, 689402.334, 4.34151
204, 632.41, 1.19643, 174.62687, 14.62393, 10.64, 45330.052, 688687.184, 4.13821
205, 622.442, 1.15789, 173.73737, 14.52035, 10.462, 44563.01, 687939.074, 4.03862
206, 612.79, 1.2129, 181.91489, 14.59357, 10.12, 43817.624, 687169.952, 3.98563
207, 602.95, 1.21233, 172.31638, 14.68525, 10.29, 43053.104, 686418.762, 3.89506
208, 593.4, 1.20732, 187.87879, 14.36828, 10.024, 42331.694, 685639.102, 3.77597
209, 583.934, 1.2381, 177.47253, 14.18885, 9.922, 41610.708, 684854.048, 3.66734
210, 574.488, 1.2027, 184.83146, 14.45897, 9.94, 40886.048, 684078.728, 3.54898
211, 565.178, 1.15217, 181.13208, 14.37847, 9.762, 40159.154, 683301.752, 3.42623
212, 556.244, 1.1831, 161.30952, 14.41328, 9.332, 39474.796, 682475.846, 3.34898
213, 547.63, 1.13846, 185.81081, 14.24727, 9.042, 38808.938, 681637.038, 3.26087
214, 538.734, 1.08029, 191.89189, 13.92606, 9.298, 38134.216, 680809.774, 3.21097
215, 529.918, 1.18447, 168.85246, 14.34951, 9.188, 37445.122, 679988.58, 3.14903
216, 521.156, 1.10236, 175.0, 14.00816, 9.122, 36773.186, 679157.502, 3.08261
217, 512.862, 1.11111, 213.0, 14.22535, 8.632, 36126.636, 678300.472, 2.91991
218, 504.708, 1.08738, 185.71429, 14.27885, 8.512, 35494.504, 677430.608, 2.78696
219, 496.66, 1.06604, 203.53982, 14.74783, 8.364, 34884.876, 676545.904, 2.72467
220, 488.642, 1.10345, 199.21875, 14.19216, 8.39279, 34277.754, 675664.372, 2.67117
221, 480.64, 1.09091, 184.375, 14.58192, 8.3, 33666.24, 674777.004, 2.51778
222, 473.0, 1.12903, 188.57143, 14.81313, 7.97, 33074.816, 673877.298, 2.42212
223, 465.41, 1.17172, 201.72414, 13.90598, 7.898, 32506.298, 672962.294, 2.34694
224, 457.968, 1.11009, 222.31405, 14.15985, 7.71, 31960.024, 672040.074, 2.3018
225, 450.662, 1.07955, 213.68421, 13.73399, 7.564, 31411.692, 671106.47, 2.24545
226, 443.408, 1.125, 202.22222, 14.63736, 7.54709, 30850.338, 670182.154, 2.19906
227, 436.304, 1.15464, 185.71429, 14.14904, 7.32, 30315.338, 669245.274, 2.22406
228, 429.364, 1.09091, 205.20833, 13.91371, 7.156, 29797.298, 668287.602, 2.20616
229, 422.462, 1.11268, 231.64557, 13.94536, 7.126, 29283.644, 667331.218, 2.15865
230, 415.648, 1.09195, 220.0, 13.80861, 7.044, 28787.518, 666361.532, 2.13107
231, 408.81, 1.06557, 241.53846, 13.64331, 7.028, 28278.636, 665399.636, 2.08867
232, 402.118, 1.0303, 236.76471, 13.68944, 6.9, 27770.064, 664440.602, 2.0
233, 395.618, 1.04688, 217.91045, 13.69863, 6.76305, 27279.208, 663463.926, 1.92172
234, 389.41, 1.09859, 252.5641, 13.77665, 6.42, 26821.612, 662466.92, 1.89406
235, 383.002, 1.07576, 230.98592, 13.31707, 6.6338, 26344.218, 661485.172, 1.84675
236, 376.826, 1.08197, 263.63636, 13.98276, 6.354, 25889.69, 660490.32, 1.82011
237, 370.92, 1.09524, 202.89855, 13.78571, 6.14056, 25445.792, 659478.432, 1.72944
238, 364.92, 1.06667, 239.0625, 13.49673, 6.1984, 24991.106, 658484.82, 1.72576
239, 359.088, 1.07463, 291.66667, 13.59524, 6.01807, 24567.604, 657475.058, 1.73938
240, 353.298, 1.07843, 210.90909, 13.63793, 5.97992, 24132.582, 656458.498, 1.72861
241, 347.554, 1.06944, 250.64935, 13.99482, 5.90763, 23722.258, 655432.922, 1.72384
242, 342.12, 1.07547, 249.12281, 13.35915, 5.568, 23313.67, 654400.744, 1.68497
243, 336.446, 1.0678, 279.36508, 13.65909, 5.79559, 22914.596, 653369.43, 1.70809
244, 331.04, 1.08, 314.81481, 13.77647, 5.56112, 22528.784, 652329.336, 1.69527
245, 325.724, 1.08696, 350.0, 13.74857, 5.442, 22148.086, 651285.718, 1.64706
246, 320.496, 1.04, 288.46154, 13.26667, 5.36948, 21771.722, 650238.054, 1.61877
247, 315.282, 1.05263, 282.5, 12.9292, 5.37952, 21372.424, 649204.67, 1.571
248, 310.206, 1.01724, 269.49153, 13.2956, 5.25151, 21009.092, 648147.546, 1.55521
249, 305.17, 1.1087, 301.96078, 13.21429, 5.19478, 20644.106, 647095.804, 1.54259
250, 300.08, 1.07547, 322.80702, 13.30978, 5.25605, 20287.186, 646048.238, 1.53651
251, 295.092, 1.04762, 350.0, 12.91558, 5.15895, 19935.4, 644991.856, 1.53177
252, 290.316, 1.0, 297.36842, 13.40708, 4.91935, 19574.368, 643935.592, 1.50508
253, 285.666, 1.10526, 226.19048, 13.57895, 4.83198, 19230.97, 642864.266, 1.47735
254, 281.046, 1.0, 283.78378, 13.22857, 4.7666, 18894.0, 641791.576, 1.44604
255, 276.668, 1.0, 375.0, 12.91667, 4.51004, 18577.47, 640709.582, 1.4556
256, 272.314, 1.0, 330.30303, 13.27523, 4.47984, 18258.608, 639628.062, 1.42023
257, 267.872, 1.0, 330.95238, 12.93525, 4.56452, 17946.18, 638546.408, 1.38931
258, 263.61, 1.125, 362.96296, 13.19388, 4.38833, 17636.838, 637456.916, 1.38057
259, 259.298, 1.07895, 314.63415, 12.86047, 4.49491, 17326.458, 636374.626, 1.37344
260, 255.096, 1.0, 386.66667, 12.44828, 4.39104, 17027.71, 635282.996, 1.33624
261, 250.932, 1.03125, 306.06061, 12.89109, 4.25502, 16728.526, 634191.852, 1.35426
262, 246.83, 1.0, 347.05882, 12.99153, 4.28074, 16437.714, 633099.58, 1.30702
263, 242.748, 1.06667, 350.0, 12.90179, 4.22561, 16146.588, 632009.614, 1.30942
264, 238.898, 1.03333, 293.54839, 12.98901, 3.97972, 15869.814, 630907.436, 1.33023
265, 234.982, 1.0, 450.0, 12.68254, 4.0551, 15577.35, 629814.546, 1.32843
266, 231.22, 1.0303, 423.52941, 12.95833, 3.89024, 15318.536, 628708.508, 1.30769
267, 227.662, 1.0, 385.71429, 13.30864, 3.78706, 15072.332, 627576.702, 1.24638
268, 223.968, 1.04167, 284.0, 12.60563, 3.8905, 14790.096, 626484.87, 1.22277
269, 220.348, 1.04762, 386.36364, 13.08235, 3.84615, 14539.764, 625365.724, 1.23784
270, 216.944, 1.0, 304.7619, 13.04688, 3.54209, 14293.684, 624242.722, 1.26111
271, 213.444, 1.0, 305.55556, 12.63636, 3.64139, 14043.488, 623124.17, 1.26744
272, 210.09, 1.0, 457.14286, 13.09375, 3.58159, 13806.65, 622001.186, 1.2439
273, 206.668, 1.0, 394.11765, 12.34328, 3.59711, 13569.746, 620877.664, 1.19375
274, 203.326, 1.0625, 435.29412, 12.94595, 3.55115, 13322.216, 619769.356, 1.17105
275, 199.996, 1.08333, 484.61538, 12.28571, 3.49792, 13084.996, 618649.398, 1.17219
276, 196.576, 1.0, 544.44444, 12.89796, 3.61203, 12844.638, 617542.18, 1.17986
277, 193.386, 1.06667, 650.0, 12.67308, 3.38075, 12626.992, 616413.566, 1.16912
278, 190.148, 1.0, 448.0, 12.85714, 3.38763, 12406.048, 615298.012, 1.11111
279, 187.102, 1.0, 378.57143, 11.64151, 3.2416, 12189.138, 614166.98, 1.11594
280, 184.044, 1.0, 311.11111, 13.07143, 3.28118, 11967.486, 613037.472, 1.10236
281, 181.056, 1.0, 346.66667, 12.65385, 3.23391, 11758.824, 611906.75, 1.11811
282, 178.118, 1.0, 490.0, 12.22449, 3.13655, 11548.89, 610778.614, 1.10345
283, 175.202, 1.0, 500.0, 12.43529, 3.12979, 11357.548, 609644.358, 1.11864
284, 172.278, 1.0, 658.33333, 12.22785, 3.10504, 11151.61, 608525.01, 1.14286
285, 169.618, 1.06667, 668.75, 12.29907, 2.9026, 10976.52, 607379.276, 1.17699
286, 166.888, 1.0, 409.09091, 12.68889, 2.96983, 10788.428, 606240.028, 1.15929
287, 164.106, 1.0, 642.85714, 12.97778, 2.97463, 10597.6, 605117.646, 1.14159
288, 161.388, 1.0, 426.66667, 11.95313, 2.9383, 10409.088, 603984.96, 1.14019
289, 158.65, 1.0, 425.0, 11.76471, 2.95299, 10221.38, 602861.144, 1.16822
290, 156.072, 1.0, 433.33333, 12.94872, 2.78112, 10042.722, 601721.358, 1.13393
291, 153.552, 1.06667, 737.5, 12.38136, 2.7382, 9875.238, 600593.592, 1.15455
292, 150.854, 1.0, 616.66667, 11.83784, 2.91435, 9695.234, 599468.108, 1.13393
293, 148.474, 1.0, 476.92308, 12.85484, 2.67849, 9534.288, 598321.65, 1.11927
294, 146.136, 1.0, 785.71429, 11.98182, 2.62306, 9374.49, 597180.59, 1.13861
295, 143.696, 1.0, 480.0, 12.29167, 2.68547, 9203.524, 596043.03, 1.14607
296, 141.3, 1.0, 713.33333, 12.62617, 2.69333, 9046.872, 594914.592, 1.11957
297, 139.036, 1.0, 633.33333, 12.0, 2.54667, 8888.074, 593778.642, 1.13953
298, 136.702, 1.0, 633.33333, 12.22807, 2.59341, 8738.94, 592640.112, 1.13253
299, 134.45, 1.0, 661.53846, 11.89535, 2.51991, 8587.634, 591511.32, 1.11905
300, 132.158, 1.0, 888.88889, 12.0125, 2.56098, 8432.096, 590386.824, 1.10588
301, 129.886, 1.0, 666.66667, 11.6, 2.51747, 8265.408, 589263.568, 1.09589
302, 127.732, 1.0, 725.0, 12.12069, 2.45824, 8126.05, 588121.594, 1.10145
303, 125.552, 1.0, 733.33333, 11.45455, 2.52874, 7976.662, 586987.586, 1.07813
304, 123.454, 1.0, 1075.0, 11.69767, 2.42759, 7831.792, 585857.722, 1.08197
305, 121.442, 1.0, 600.0, 12.70833, 2.4038, 7683.512, 584727.492, 1.06667
306, 119.542, 1.0, 560.0, 11.96429, 2.30383, 7560.31, 583583.692, 1.07018
307, 117.63, 1.0, 500.0, 11.0, 2.23095, 7422.572, 582448.37, 1.09804
308, 115.752, 1.0, 200.0, 11.7, 2.2178, 7288.974, 581307.338, 1.08163
309, 113.954, 1.0, 583.33333, 12.45714, 2.1088, 7160.704, 580171.274, 1.04444
310, 112.074, 1.0, 1316.66667, 11.87342, 2.27338, 7043.634, 579033.034, 1.0
311, 110.202, 1.0, 980.0, 11.55102, 2.18097, 6917.12, 577906.024, 1.0
312, 108.35, 1.0, 850.0, 11.23529, 2.18458, 6793.36, 576770.282, 1.0
313, 106.638, 1.0, 416.66667, 11.28, 2.05516, 6676.032, 575633.036, 1.0
314, 104.854, 1.0, 400.0, 11.375, 2.1878, 6556.804, 574500.164, 1.0
315, 103.212, 1.0, 1214.28571, 11.70588, 2.0396, 6457.064, 573362.616, 1.0
316, 101.564, 1.0, 475.0, 11.05263, 2.085, 6341.422, 572228.17, 1.0
317, 99.99, 1.0, 462.5, 12.08108, 1.98995, 6233.662, 571093.552, 1.04545
318, 98.316, 1.0, 725.0, 9.72414, 2.08128, 6110.442, 569978.05, 1.05
319, 96.75, 1.0, 350.0, 12.85714, 2.03101, 5997.756, 568848.61, 1.05128
320, 95.228, 1.0, 2325.0, 11.29032, 2.0026, 5903.196, 567721.784, 1.05714
321, 93.65, 1.0, 200.0, 13.0, 2.0437, 5784.16, 566603.256, 1.06667
322, 92.116, 1.0, 533.33333, 10.8125, 1.89409, 5680.442, 565474.376, 1.06452
323, 90.662, 1.0, 633.33333, 11.0, 1.94947, 5579.96, 564344.816, 1.0
324, 89.164, 1.0, 633.33333, 11.52632, 1.85679, 5480.68, 563219.162, 1.03125
325, 87.678, 1.0, 975.0, 12.23077, 1.90816, 5377.182, 562101.698, 1.06667
326, 86.198, 1.0, 1525.0, 10.91803, 1.96042, 5273.466, 560992.908, 1.06452
327, 84.73, 1.0, 1433.33333, 11.55814, 1.92468, 5181.298, 559871.96, 1.07407
328, 83.272, 1.0, 816.66667, 10.91837, 1.91146, 5091.614, 558750.264, 1.07143
329, 81.968, 1.0, 1016.66667, 11.7541, 1.82961, 5008.036, 557626.87, 1.03125
330, 80.63, 1.0, 350.0, 13.85714, 1.77573, 4920.858, 556499.558, 1.03333
331, 79.316, 1.0, 2100.0, 11.26984, 1.77358, 4858.292, 555374.574, 1.02857
332, 77.986, 1.0, 1066.66667, 10.4375, 1.75066, 4775.128, 554256.108, 1.0
333, 76.728, 1.0, 1400.0, 10.71429, 1.76257, 4694.782, 553133.094, 1.0
334, 75.484, 1.0, 450.0, 10.33333, 1.71585, 4615.072, 552011.638, 1.0
335, 74.272, 1.0, 1740.0, 10.54023, 1.71348, 4537.858, 550906.63, 1.02941
336, 73.066, 1.0, 150.0, 14.0, 1.74425, 4454.244, 549793.878, 1.0
337, 71.828, 1.0, 1400.0, 11.53571, 1.78963, 4381.278, 548676.352, 1.0
338, 70.694, 0.0, 0.0, 0.0, 1.74164, 4306.594, 547559.038, 1.0
339, 69.608, 1.0, 600.0, 10.25, 1.62242, 4222.114, 546452.11, 1.0
340, 68.308, 1.0, 1333.33333, 10.65, 1.83146, 4137.718, 545354.754, 1.0
341, 67.18, 1.0, 200.0, 14.0, 1.67552, 4059.282, 544248.272, 1.0
342, 66.064, 1.0, 3466.66667, 11.51923, 1.73148, 4002.522, 543145.604, 1.0
343, 64.99, 1.0, 200.0, 8.5, 1.65538, 3927.928, 542038.492, 1.0
344, 63.914, 1.0, 6000.0, 11.26667, 1.62275, 3866.336, 540933.902, 1.0
345, 62.842, 1.0, 650.0, 12.0, 1.68438, 3797.272, 539830.194, 1.0
346, 61.868, 1.0, 2100.0, 11.11905, 1.54747, 3742.534, 538720.876, 1.0
347, 60.858, 1.0, 200.0, 12.5, 1.57453, 3679.036, 537615.678, 1.0
348, 59.812, 1.0, 500.0, 12.8, 1.63438, 3614.506, 536511.428, 1.0
349, 58.862, 1.0, 933.33333, 9.75, 1.59, 3550.166, 535416.456, 1.0
350, 57.88, 1.0, 600.0, 11.16667, 1.57827, 3490.736, 534312.156, 1.0
351, 56.966, 1.0, 1400.0, 10.57143, 1.55068, 3423.298, 533227.356, 1.0
352, 56.076, 1.0, 1500.0, 9.73333, 1.53767, 3362.994, 532131.54, 1.0
353, 55.098, 0.0, 0.0, 0.0, 1.57235, 3291.87, 531045.456, 1.0
354, 54.172, 1.0, 950.0, 11.10526, 1.52303, 3234.458, 529955.408, 1.0
355, 53.276, 1.0, 2300.0, 10.80435, 1.49169, 3185.052, 528859.806, 1.0
356, 52.468, 0.0, 0.0, 0.0, 1.46403, 3132.374, 527764.636, 1.0
357, 51.648, 0.0, 0.0, 0.0, 1.4767, 3070.08, 526682.248, 1.0
358, 50.868, 1.0, 400.0, 11.25, 1.48106, 3006.374, 525602.374, 1.0
359, 50.02, 1.0, 3500.0, 10.42857, 1.56044, 2958.922, 524514.54, 1.0
360, 49.228, 1.0, 3500.0, 9.91429, 1.45421, 2916.056, 523427.204, 1.0
361, 48.386, 1.0, 1100.0, 13.63636, 1.48252, 2866.594, 522342.81, 1.0
362, 47.612, 1.0, 650.0, 10.61538, 1.42125, 2819.326, 521256.868, 1.0
363, 46.88, 1.0, 3800.0, 10.5, 1.40458, 2778.04, 520173.67, 1.0
364, 46.072, 0.0, 0.0, 0.0, 1.42606, 2728.682, 519095.06, 1.0
365, 45.352, 0.0, 0.0, 0.0, 1.39382, 2684.416, 518011.826, 1.0
366, 44.546, 1.0, 1600.0, 10.25, 1.49077, 2637.472, 516936.722, 1.0
367, 43.824, 1.0, 1400.0, 8.92857, 1.47347, 2585.908, 515870.848, 1.0
368, 43.11, 0.0, 0.0, 0.0, 1.3876, 2543.48, 514791.86, 1.0
369, 42.408, 0.0, 0.0, 0.0, 1.41365, 2496.284, 513722.274, 1.0
370, 41.724, 1.0, 1300.0, 11.07692, 1.372, 2456.158, 512650.16, 1.0
371, 40.984, 1.0, 600.0, 10.33333, 1.34545, 2411.84, 511586.128, 1.0
372, 40.322, 0.0, 0.0, 0.0, 1.3719, 2370.284, 510519.244, 1.0
373, 39.634, 1.0, 400.0, 11.25, 1.36364, 2326.412, 509455.676, 1.0
374, 39.01, 0.0, 0.0, 0.0, 1.3991, 2280.586, 508394.822, 1.0
375, 38.348, 1.0, 300.0, 9.0, 1.34008, 2240.748, 507332.666, 1.0
376, 37.702, 1.0, 7900.0, 9.53165, 1.37872, 2213.882, 506277.278, 1.0
377, 37.072, 0.0, 0.0, 0.0, 1.33054, 2153.078, 505242.334, 1.0
378, 36.46, 0.0, 0.0, 0.0, 1.29114, 2113.632, 504188.24, 1.0
379, 35.894, 0.0, 0.0, 0.0, 1.30415, 2079.132, 503128.718, 1.0
380, 35.276, 1.0, 500.0, 8.9, 1.37333, 2042.864, 502076.148, 1.0
381, 34.71, 0.0, 0.0, 0.0, 1.36364, 2009.008, 501023.376, 1.0
382, 34.154, 1.0, 2200.0, 12.0, 1.29907, 1976.994, 499972.698, 1.0
383, 33.556, 1.0, 1300.0, 10.30769, 1.41981, 1933.864, 498934.838, 1.0
384, 32.962, 1.0, 3100.0, 10.51613, 1.34389, 1906.072, 497887.776, 1.0
385, 32.398, 0.0, 0.0, 0.0, 1.34928, 1865.208, 496850.316, 1.0
386, 31.826, 0.0, 0.0, 0.0, 1.27679, 1828.208, 495809.366, 1.0
387, 31.328, 0.0, 0.0, 0.0, 1.245, 1795.376, 494763.944, 1.0
388, 30.844, 0.0, 0.0, 0.0, 1.20398, 1765.856, 493722.03, 1.0
389, 30.386, 0.0, 0.0, 0.0, 1.21164, 1738.716, 492679.828, 1.0
390, 29.854, 0.0, 0.0, 0.0, 1.32178, 1707.862, 491646.324, 1.0
391, 29.368, 0.0, 0.0, 0.0, 1.2398, 1674.794, 490616.842, 1.0
392, 28.914, 0.0, 0.0, 0.0, 1.20635, 1644.01, 489585.888, 1.0
393, 28.412, 0.0, 0.0, 0.0, 1.27919, 1600.044, 488568.212, 1.0
394, 27.908, 0.0, 0.0, 0.0, 1.24631, 1569.78, 487541.462, 0.0
395, 27.42, 0.0, 0.0, 0.0, 1.29101, 1533.78, 486521.206, 0.0
396, 27.018, 1.0, 500.0, 9.4, 1.24845, 1508.518, 485494.89, 1.0
397, 26.588, 0.0, 0.0, 0.0, 1.15591, 1479.96, 484473.76, 1.0
398, 26.128, 0.0, 0.0, 0.0, 1.27072, 1449.866, 483454.302, 1.0
399, 25.698, 0.0, 0.0, 0.0, 1.22159, 1423.934, 482432.852, 1.0
400, 25.28, 0.0, 0.0, 0.0, 1.26667, 1396.562, 481420.276, 1.0
401, 24.836, 1.0, 12900.0, 9.75969, 1.26857, 1397.196, 480403.264, 1.0
402, 24.418, 0.0, 0.0, 0.0, 1.1875, 1373.68, 479387.57, 1.0
403, 24.064, 1.0, 6600.0, 9.51515, 1.22069, 1359.56, 478375.594, 1.0
404, 23.694, 0.0, 0.0, 0.0, 1.20915, 1338.172, 477361.262, 1.0
405, 23.31, 1.0, 4250.0, 9.91765, 1.23871, 1332.85, 476350.248, 1.0
406, 22.986, 0.0, 0.0, 0.0, 1.20741, 1309.93, 475343.206, 1.0
407, 22.608, 0.0, 0.0, 0.0, 1.20382, 1287.194, 474338.11, 1.0
408, 22.266, 0.0, 0.0, 0.0, 1.15541, 1266.084, 473332.056, 1.0
409, 21.914, 1.0, 4900.0, 9.2449, 1.18121, 1267.038, 472326.686, 1.2
410, 21.518, 0.0, 0.0, 0.0, 1.1716, 1229.506, 471344.5, 1.2
411, 21.154, 1.0, 1100.0, 9.81818, 1.15823, 1210.694, 470346.752, 1.2
412, 20.83, 0.0, 0.0, 0.0, 1.15714, 1190.904, 469347.154, 1.2
413, 20.466, 0.0, 0.0, 0.0, 1.14375, 1168.236, 468351.554, 1.25
414, 20.134, 0.0, 0.0, 0.0, 1.19424, 1148.91, 467358.224, 1.25
415, 19.83, 0.0, 0.0, 0.0, 1.14074, 1132.25, 466366.522, 1.0
416, 19.512, 0.0, 0.0, 0.0, 1.15217, 1114.922, 465373.032, 1.0
417, 19.148, 0.0, 0.0, 0.0, 1.19737, 1093.366, 464386.054, 1.0
418, 18.834, 0.0, 0.0, 0.0, 1.1295, 1070.218, 463404.928, 1.0
419, 18.542, 1.0, 10800.0, 9.0463, 1.12977, 1074.784, 462420.834, 1.0
420, 18.22, 0.0, 0.0, 0.0, 1.09524, 1056.358, 461441.962, 1.0
421, 17.902, 0.0, 0.0, 0.0, 1.16788, 1035.148, 460462.77, 1.0
422, 17.602, 0.0, 0.0, 0.0, 1.21951, 1017.662, 459482.828, 1.0
423, 17.314, 1.0, 1100.0, 10.0, 1.17073, 1000.622, 458508.802, 1.0
424, 16.996, 0.0, 0.0, 0.0, 1.12766, 983.158, 457534.49, 1.0
425, 16.698, 0.0, 0.0, 0.0, 1.12879, 963.164, 456566.952, 1.0
426, 16.422, 0.0, 0.0, 0.0, 1.104, 946.904, 455598.386, 1.0
427, 16.116, 0.0, 0.0, 0.0, 1.20472, 930.15, 454631.346, 1.0
428, 15.848, 1.0, 15600.0, 8.87821, 1.13559, 946.43, 453663.956, 1.0
429, 15.554, 0.0, 0.0, 0.0, 1.16667, 930.242, 452699.822, 1.0
430, 15.344, 0.0, 0.0, 0.0, 1.11579, 918.848, 451733.264, 1.0
431, 15.086, 0.0, 0.0, 0.0, 1.13158, 885.16, 450791.35, 1.0
432, 14.814, 0.0, 0.0, 0.0, 1.13333, 870.718, 449832.438, 1.0
433, 14.56, 1.0, 200.0, 9.0, 1.13274, 857.676, 448872.548, 1.0
434, 14.318, 0.0, 0.0, 0.0, 1.12963, 812.488, 447950.094, 1.0
435, 14.09, 0.0, 0.0, 0.0, 1.09615, 796.694, 446998.178, 1.0
436, 13.87, 0.0, 0.0, 0.0, 1.1828, 771.124, 446056.922, 1.0
437, 13.666, 0.0, 0.0, 0.0, 1.13333, 760.538, 445104.882, 1.0
438, 13.46, 0.0, 0.0, 0.0, 1.0404, 746.968, 444155.856, 1.0
439, 13.232, 0.0, 0.0, 0.0, 1.1068, 733.918, 443209.034, 1.0
440, 12.996, 0.0, 0.0, 0.0, 1.06306, 720.95, 442264.754, 1.0
441, 12.764, 0.0, 0.0, 0.0, 1.12621, 707.726, 441322.52, 1.0
442, 12.526, 0.0, 0.0, 0.0, 1.12264, 691.264, 440386.654, 1.0
443, 12.338, 0.0, 0.0, 0.0, 1.07955, 680.806, 439444.65, 0.0
444, 12.148, 0.0, 0.0, 0.0, 1.13095, 645.67, 438531.142, 0.0
445, 11.94, 0.0, 0.0, 0.0, 1.10638, 632.852, 437597.26, 0.0
446, 11.726, 0.0, 0.0, 0.0, 1.08081, 621.622, 436661.1, 0.0
447, 11.524, 0.0, 0.0, 0.0, 1.12222, 610.532, 435729.956, 0.0
448, 11.298, 0.0, 0.0, 0.0, 1.10784, 596.486, 434804.63, 0.0
449, 11.086, 0.0, 0.0, 0.0, 1.21839, 586.742, 433872.92, 0.0
450, 10.908, 0.0, 0.0, 0.0, 1.03488, 578.25, 432945.334, 0.0
451, 10.714, 0.0, 0.0, 0.0, 1.10227, 567.554, 432023.144, 0.0
452, 10.53, 0.0, 0.0, 0.0, 1.06977, 555.11, 431101.304, 0.0
453, 10.35, 0.0, 0.0, 0.0, 1.11111, 546.714, 430177.442, 0.0
454, 10.198, 0.0, 0.0, 0.0, 1.07042, 538.786, 429256.922, 0.0
455, 10.024, 0.0, 0.0, 0.0, 1.14474, 528.604, 428337.794, 0.0
456, 9.856, 0.0, 0.0, 0.0, 1.12, 519.556, 427420.058, 0.0
457, 9.68, 0.0, 0.0, 0.0, 1.07317, 501.716, 426515.702, 0.0
458, 9.53, 0.0, 0.0, 0.0, 1.05634, 494.204, 425601.398, 0.0
459, 9.38, 0.0, 0.0, 0.0, 1.1194, 485.432, 424693.292, 0.0
460, 9.2, 0.0, 0.0, 0.0, 1.07143, 473.456, 423788.042, 0.0
461, 9.068, 0.0, 0.0, 0.0, 1.06452, 446.77, 422896.67, 0.0
462, 8.896, 0.0, 0.0, 0.0, 1.16216, 438.886, 421990.932, 0.0
463, 8.75, 0.0, 0.0, 0.0, 1.12308, 429.268, 421086.926, 0.0
464, 8.578, 0.0, 0.0, 0.0, 1.10256, 420.236, 420184.988, 0.0
465, 8.428, 0.0, 0.0, 0.0, 1.10294, 413.372, 419285.25, 0.0
466, 8.302, 0.0, 0.0, 0.0, 1.03279, 407.186, 418383.85, 0.0
467, 8.142, 1.0, 5400.0, 9.05556, 1.03896, 410.616, 417488.1, 1.0
468, 8.016, 0.0, 0.0, 0.0, 1.0678, 402.552, 416594.372, 1.0
469, 7.882, 0.0, 0.0, 0.0, 1.08065, 395.872, 415699.692, 1.0
470, 7.772, 0.0, 0.0, 0.0, 1.0, 389.616, 414808.74, 1.0
471, 7.646, 0.0, 0.0, 0.0, 1.03279, 383.696, 413920.84, 1.0
472, 7.518, 0.0, 0.0, 0.0, 1.06667, 375.452, 413033.782, 1.0
473, 7.404, 0.0, 0.0, 0.0, 1.01786, 370.338, 412148.236, 1.0
474, 7.248, 0.0, 0.0, 0.0, 1.04, 362.668, 411265.454, 1.0
475, 7.102, 0.0, 0.0, 0.0, 1.05797, 355.744, 410385.334, 1.0
476, 6.978, 0.0, 0.0, 0.0, 1.05085, 349.57, 409507.854, 1.0
477, 6.888, 0.0, 0.0, 0.0, 1.04651, 345.184, 408629.524, 1.0
478, 6.774, 0.0, 0.0, 0.0, 1.03636, 338.694, 407752.18, 1.0
479, 6.656, 0.0, 0.0, 0.0, 1.01724, 330.836, 406879.296, 1.0
480, 6.546, 0.0, 0.0, 0.0, 1.07692, 325.056, 406007.14, 0.0
481, 6.434, 0.0, 0.0, 0.0, 1.07692, 316.074, 405136.94, 0.0
482, 6.32866, 0.0, 0.0, 0.0, 1.05357, 310.85371, 404269.662, 0.0
483, 6.20842, 0.0, 0.0, 0.0, 1.07143, 304.89379, 403401.90381, 0.0
484, 6.13427, 0.0, 0.0, 0.0, 1.02778, 300.07214, 402535.25651, 0.0
485, 6.0481, 0.0, 0.0, 0.0, 1.075, 295.78557, 401668.9018, 0.0
486, 5.95591, 0.0, 0.0, 0.0, 1.02222, 288.38277, 400809.70541, 0.0
487, 5.84369, 0.0, 0.0, 0.0, 1.0566, 281.95391, 399952.54509, 0.0
488, 5.71743, 0.0, 0.0, 0.0, 1.14545, 275.97395, 399095.37475, 0.0
489, 5.61245, 0.0, 0.0, 0.0, 1.05455, 271.45984, 398237.98196, 0.0
490, 5.52314, 0.0, 0.0, 0.0, 1.08696, 267.37626, 397379.73092, 0.0
491, 5.43863, 0.0, 0.0, 0.0, 1.07692, 263.66398, 396517.62173, 0.0
492, 5.34406, 0.0, 0.0, 0.0, 1.04444, 259.26962, 395664.82696, 0.0
493, 5.24748, 0.0, 0.0, 0.0, 1.11628, 252.94567, 394818.90543, 0.0
494, 5.16499, 0.0, 0.0, 0.0, 1.025, 249.25151, 393972.07847, 0.0
495, 5.07056, 0.0, 0.0, 0.0, 1.04, 244.72581, 393125.86318, 0.0
496, 4.98586, 0.0, 0.0, 0.0, 1.04444, 240.0404, 392279.42944, 0.0
497, 4.89495, 0.0, 0.0, 0.0, 1.0, 235.93535, 391432.7899, 0.0
498, 4.81984, 0.0, 0.0, 0.0, 1.05, 232.62955, 390593.3697, 0.0
499, 4.72874, 0.0, 0.0, 0.0, 1.04651, 228.5749, 389758.18219, 0.0
500, 4.6572, 0.0, 0.0, 0.0, 1.05263, 224.40162, 388924.60121, 0.0
501, 4.58452, 0.0, 0.0, 0.0, 1.0, 221.21792, 388090.82759, 0.0
502, 4.53673, 0.0, 0.0, 0.0, 1.03704, 219.0551, 387248.47454, 0.0
503, 4.47035, 0.0, 0.0, 0.0, 1.02778, 216.39673, 386420.90612, 0.0
504, 4.39468, 0.0, 0.0, 0.0, 1.02778, 213.16155, 385591.14519, 0.0
505, 4.32106, 0.0, 0.0, 0.0, 1.02857, 209.58896, 384764.89162, 0.0
506, 4.25971, 0.0, 0.0, 0.0, 1.0, 197.01022, 383949.61963, 0.0
507, 4.19223, 0.0, 0.0, 0.0, 1.06452, 193.56851, 383127.52352, 0.0
508, 4.12474, 0.0, 0.0, 0.0, 1.03125, 190.26994, 382303.1002, 0.0
509, 4.04508, 0.0, 0.0, 0.0, 1.04878, 187.20492, 381481.50716, 0.0
510, 3.96509, 0.0, 0.0, 0.0, 1.075, 183.9692, 380662.82787, 0.0
511, 3.91564, 0.0, 0.0, 0.0, 1.03704, 181.77366, 379839.75975, 0.0
512, 3.86214, 0.0, 0.0, 0.0, 1.04, 179.36008, 379019.21399, 0.0
513, 3.79218, 0.0, 0.0, 0.0, 1.0, 176.44239, 378201.04321, 0.0
514, 3.73868, 0.0, 0.0, 0.0, 1.0, 173.80453, 377388.35185, 0.0
515, 3.68247, 0.0, 0.0, 0.0, 1.03333, 171.66392, 376578.55761, 0.0
516, 3.63354, 0.0, 0.0, 0.0, 1.10714, 169.33954, 375769.15464, 0.0
517, 3.56936, 0.0, 0.0, 0.0, 1.03333, 160.1118, 374967.25466, 0.0
518, 3.51975, 0.0, 0.0, 0.0, 1.0, 157.43243, 374166.0352, 0.0
519, 3.46875, 0.0, 0.0, 0.0, 1.07692, 155.63333, 373369.69231, 0.0
520, 3.41719, 0.0, 0.0, 0.0, 1.02941, 153.60377, 372568.075, 0.0
521, 3.36478, 0.0, 0.0, 0.0, 1.04167, 148.09015, 371779.27044, 0.0
522, 3.32558, 0.0, 0.0, 0.0, 1.06667, 146.21353, 370982.78616, 0.0
523, 3.25793, 0.0, 0.0, 0.0, 1.03226, 143.30655, 370165.95349, 0.0
524, 3.22199, 0.0, 0.0, 0.0, 1.0, 141.78224, 369367.84355, 0.0
525, 3.19108, 0.0, 0.0, 0.0, 1.05, 140.43737, 368576.22833, 0.0
526, 3.13433, 0.0, 0.0, 0.0, 1.0, 137.7548, 367790.86412, 0.0
527, 3.08742, 0.0, 0.0, 0.0, 1.1, 135.72068, 366998.76759, 0.0
528, 3.04274, 0.0, 0.0, 0.0, 1.04348, 133.81838, 366210.85288, 0.0
529, 2.99573, 0.0, 0.0, 0.0, 1.04762, 131.69872, 365420.01709, 0.0
530, 2.95905, 0.0, 0.0, 0.0, 1.0, 130.30819, 364638.0641, 0.0
531, 2.90281, 0.0, 0.0, 0.0, 1.11538, 127.87257, 363860.24784, 0.0
532, 2.87852, 0.0, 0.0, 0.0, 1.0, 126.7462, 363083.96328, 0.0
533, 2.80694, 0.0, 0.0, 0.0, 1.03125, 123.15618, 362305.50325, 0.0
534, 2.76419, 0.0, 0.0, 0.0, 1.03704, 122.10262, 361527.24078, 0.0
535, 2.73465, 0.0, 0.0, 0.0, 1.05556, 120.8136, 360751.28821, 0.0
536, 2.71778, 0.0, 0.0, 0.0, 1.0, 120.30222, 359981.02193, 0.0
537, 2.68904, 0.0, 0.0, 0.0, 1.0, 119.14989, 359208.96667, 0.0
538, 2.65324, 0.0, 0.0, 0.0, 1.0, 117.71588, 358426.50112, 0.0
539, 2.62896, 0.0, 0.0, 0.0, 1.04348, 112.88462, 357663.65996, 0.0
540, 2.58503, 0.0, 0.0, 0.0, 1.04762, 110.90703, 356895.09729, 0.0
541, 2.53759, 0.0, 0.0, 0.0, 1.0, 108.35763, 356126.24263, 0.0
542, 2.51945, 0.0, 0.0, 0.0, 1.0, 107.51716, 355350.7836, 0.0
543, 2.48165, 0.0, 0.0, 0.0, 1.0, 105.69037, 354589.97941, 0.0
544, 2.4447, 0.0, 0.0, 0.0, 1.0, 104.31336, 353828.17431, 0.0
545, 2.40972, 0.0, 0.0, 0.0, 1.05263, 102.65509, 353074.05069, 0.0
546, 2.37442, 0.0, 0.0, 0.0, 1.05263, 100.02791, 352314.78935, 0.0
547, 2.35047, 0.0, 0.0, 0.0, 1.0, 99.14486, 351551.88837, 0.0
548, 2.32787, 0.0, 0.0, 0.0, 1.0, 97.66511, 350789.1729, 0.0
549, 2.29108, 0.0, 0.0, 0.0, 1.0, 96.49531, 350036.5363, 0.0
550, 2.25708, 0.0, 0.0, 0.0, 1.0, 95.36557, 349284.23709, 0.0
551, 2.2209, 0.0, 0.0, 0.0, 1.04762, 88.71021, 348541.57547, 0.0
552, 2.18333, 0.0, 0.0, 0.0, 1.0, 85.14286, 347790.28029, 0.0
553, 2.1555, 0.0, 0.0, 0.0, 1.06667, 83.73445, 347038.68571, 0.0
554, 2.13559, 0.0, 0.0, 0.0, 1.0, 83.09443, 346303.10766, 0.0
555, 2.10437, 0.0, 0.0, 0.0, 1.0, 81.89806, 345561.46005, 0.0
556, 2.08824, 0.0, 0.0, 0.0, 1.07143, 81.24265, 344820.9466, 0.0
557, 2.0665, 0.0, 0.0, 0.0, 1.0, 80.18966, 344082.82108, 0.0
558, 2.05473, 0.0, 0.0, 0.0, 1.0, 79.62687, 343340.08374, 0.0
559, 2.01995, 0.0, 0.0, 0.0, 1.0, 78.2419, 342579.90547, 0.0
560, 2.01523, 0.0, 0.0, 0.0, 1.0, 77.30964, 341852.49377, 0.0
561, 1.98469, 0.0, 0.0, 0.0, 1.0, 76.06888, 341120.13706, 0.0
562, 1.96667, 0.0, 0.0, 0.0, 1.0, 75.26667, 340383.28571, 0.0
563, 1.94103, 0.0, 0.0, 0.0, 1.11111, 73.94359, 339638.81795, 0.0
564, 1.90181, 0.0, 0.0, 0.0, 1.0, 72.67442, 338911.52564, 0.0
565, 1.87047, 0.0, 0.0, 0.0, 1.0, 71.59585, 338170.23256, 0.0
566, 1.84974, 0.0, 0.0, 0.0, 1.0, 70.79016, 337432.79016, 0.0
567, 1.83727, 0.0, 0.0, 0.0, 1.0, 70.45407, 336708.65285, 0.0
568, 1.8189, 0.0, 0.0, 0.0, 1.0, 69.69291, 335976.49869, 0.0
569, 1.81167, 0.0, 0.0, 0.0, 1.0, 69.53846, 335252.86877, 0.0
570, 1.776, 0.0, 0.0, 0.0, 1.0, 68.208, 334520.8939, 0.0
571, 1.75134, 0.0, 0.0, 0.0, 1.0, 67.41444, 333802.01333, 0.0
572, 1.72995, 0.0, 0.0, 0.0, 1.0, 66.05615, 333077.40374, 0.0
573, 1.70856, 0.0, 0.0, 0.0, 1.0, 64.87166, 332360.47326, 0.0
574, 1.69542, 0.0, 0.0, 0.0, 1.0, 64.36119, 331648.39305, 0.0
575, 1.68665, 0.0, 0.0, 0.0, 1.0, 64.10354, 330939.12399, 0.0
576, 1.66667, 0.0, 0.0, 0.0, 1.0, 63.18579, 330220.69755, 0.0
577, 1.64917, 0.0, 0.0, 0.0, 1.0, 62.25691, 329513.56284, 0.0
578, 1.64146, 0.0, 0.0, 0.0, 1.0, 61.86835, 328807.88122, 0.0
579, 1.6338, 0.0, 0.0, 0.0, 1.0, 59.4507, 328089.81793, 0.0
580, 1.60907, 0.0, 0.0, 0.0, 1.0, 58.12748, 327392.92958, 0.0
581, 1.59026, 0.0, 0.0, 0.0, 1.0, 56.71347, 326681.35411, 0.0
582, 1.57925, 0.0, 0.0, 0.0, 1.0, 56.14121, 325976.22923, 0.0
583, 1.56268, 0.0, 0.0, 0.0, 1.0, 55.57143, 325274.01153, 0.0
584, 1.56418, 0.0, 0.0, 0.0, 1.0, 55.41194, 324584.8105, 0.0
585, 1.5509, 0.0, 0.0, 0.0, 1.0, 54.86527, 323879.98209, 0.0
586, 1.55319, 0.0, 0.0, 0.0, 1.0, 54.93921, 323186.6018, 0.0
587, 1.54268, 0.0, 0.0, 0.0, 1.0, 54.52134, 322490.51672, 0.0
588, 1.53416, 0.0, 0.0, 0.0, 1.0, 54.25466, 321807.56707, 0.0
589, 1.52038, 0.0, 0.0, 0.0, 1.0, 53.68025, 321117.97205, 0.0
590, 1.51582, 0.0, 0.0, 0.0, 1.0, 53.61076, 320433.42006, 0.0
591, 1.52412, 0.0, 0.0, 0.0, 1.0, 53.89711, 319757.37658, 0.0
592, 1.51133, 0.0, 0.0, 0.0, 1.0, 53.43689, 319062.17363, 0.0
593, 1.48701, 0.0, 0.0, 0.0, 1.0, 52.57792, 318370.19741, 0.0
594, 1.47883, 0.0, 0.0, 0.0, 1.0, 52.21824, 317688.04221, 0.0
595, 1.47682, 0.0, 0.0, 0.0, 1.0, 52.13907, 317021.01629, 0.0
596, 1.47492, 0.0, 0.0, 0.0, 1.0, 52.0602, 316322.61589, 0.0
597, 1.46801, 0.0, 0.0, 0.0, 1.0, 51.81818, 315642.35786, 0.0
598, 1.46416, 0.0, 0.0, 0.0, 1.0, 51.6041, 314961.27609, 0.0
599, 1.4669, 0.0, 0.0, 0.0, 1.0, 51.65505, 314272.51195, 0.0
600, 1.45455, 0.0, 0.0, 0.0, 1.0, 51.23077, 313580.45296, 0.0
601, 1.43662, 0.0, 0.0, 0.0, 1.0, 50.70423, 312903.13986, 0.0
602, 1.41696, 0.0, 0.0, 0.0, 1.0, 49.93993, 312231.77465, 0.0
603, 1.41281, 0.0, 0.0, 0.0, 1.0, 49.62989, 311564.10601, 0.0
604, 1.40143, 0.0, 0.0, 0.0, 1.0, 49.26165, 310899.54804, 0.0
605, 1.38129, 0.0, 0.0, 0.0, 1.0, 48.53957, 310225.37276, 0.0
606, 1.38828, 0.0, 0.0, 0.0, 1.0, 48.7326, 309559.95683, 0.0
607, 1.37918, 0.0, 0.0, 0.0, 1.0, 48.45725, 308901.8022, 0.0
608, 1.36226, 0.0, 0.0, 0.0, 1.0, 48.0566, 308249.52788, 0.0
609, 1.35632, 0.0, 0.0, 0.0, 1.0, 47.92337, 307596.36226, 0.0
610, 1.35294, 0.0, 0.0, 0.0, 1.0, 47.6, 306949.45977, 0.0
611, 1.3451, 0.0, 0.0, 0.0, 1.0, 47.23529, 306291.30196, 0.0
612, 1.34387, 0.0, 0.0, 0.0, 1.0, 47.14625, 305633.44314, 0.0
613, 1.33333, 0.0, 0.0, 0.0, 1.0, 46.83936, 304979.66008, 0.0
614, 1.31855, 0.0, 0.0, 0.0, 1.0, 46.27016, 304302.73494, 0.0
615, 1.31687, 0.0, 0.0, 0.0, 1.0, 46.33333, 303659.55242, 0.0
616, 1.31381, 0.0, 0.0, 0.0, 1.0, 46.12552, 303017.107, 0.0
617, 1.31064, 0.0, 0.0, 0.0, 1.0, 46.06809, 302346.45188, 0.0
618, 1.30769, 0.0, 0.0, 0.0, 1.0, 46.07265, 301704.06809, 0.0
619, 1.30303, 0.0, 0.0, 0.0, 1.0, 45.95238, 301053.33333, 0.0
620, 1.30568, 0.0, 0.0, 0.0, 1.0, 46.13974, 300431.36364, 0.0
621, 1.30804, 0.0, 0.0, 0.0, 1.0, 46.28571, 299783.0655, 0.0
622, 1.31081, 0.0, 0.0, 0.0, 1.0, 45.81532, 299059.94196, 0.0
623, 1.30317, 0.0, 0.0, 0.0, 1.0, 45.25792, 298408.27928, 0.0
624, 1.29412, 0.0, 0.0, 0.0, 1.0, 44.70588, 297769.57466, 0.0
625, 1.28507, 0.0, 0.0, 0.0, 1.0, 44.34842, 297127.70588, 0.0
626, 1.27982, 0.0, 0.0, 0.0, 1.0, 44.27982, 296490.90045, 0.0
627, 1.27064, 0.0, 0.0, 0.0, 1.0, 43.89908, 295849.62385, 0.0
628, 1.2757, 0.0, 0.0, 0.0, 1.0, 44.11682, 295222.62844, 0.0
629, 1.25822, 0.0, 0.0, 0.0, 1.0, 43.66667, 294565.78972, 0.0
630, 1.25943, 0.0, 0.0, 0.0, 1.0, 43.67453, 293938.49296, 0.0
631, 1.25714, 0.0, 0.0, 0.0, 1.0, 43.62857, 293301.92925, 0.0
632, 1.26087, 0.0, 0.0, 0.0, 1.0, 43.64734, 292665.10952, 0.0
633, 1.25366, 0.0, 0.0, 0.0, 1.0, 43.39512, 292035.95652, 0.0
634, 1.25248, 0.0, 0.0, 0.0, 1.0, 43.34158, 291417.30244, 0.0
635, 1.245, 0.0, 0.0, 0.0, 1.0, 43.21, 290780.86139, 0.0
636, 1.23116, 0.0, 0.0, 0.0, 1.0, 42.74874, 290144.51, 0.0
637, 1.22449, 0.0, 0.0, 0.0, 1.0, 42.54082, 289532.15578, 0.0
638, 1.22165, 0.0, 0.0, 0.0, 1.0, 42.58763, 288902.80612, 0.0
639, 1.21164, 0.0, 0.0, 0.0, 1.0, 41.61905, 288289.18041, 0.0
640, 1.20745, 0.0, 0.0, 0.0, 1.0, 41.40957, 287664.33862, 0.0
641, 1.20652, 0.0, 0.0, 0.0, 1.0, 41.48913, 287059.49468, 0.0
642, 1.20442, 0.0, 0.0, 0.0, 1.0, 41.47514, 286423.13043, 0.0
643, 1.19553, 0.0, 0.0, 0.0, 1.0, 41.35196, 285820.74586, 0.0
644, 1.19209, 0.0, 0.0, 0.0, 1.0, 41.38983, 285202.35754, 0.0
645, 1.1875, 0.0, 0.0, 0.0, 1.0, 41.18182, 284588.68927, 0.0
646, 1.19186, 0.0, 0.0, 0.0, 1.0, 41.54651, 283983.14773, 0.0
647, 1.18824, 0.0, 0.0, 0.0, 1.0, 41.52353, 283372.91279, 0.0
648, 1.17857, 0.0, 0.0, 0.0, 1.0, 41.18452, 282763.66471, 0.0
649, 1.17576, 0.0, 0.0, 0.0, 1.0, 41.2, 282142.91071, 0.0
650, 1.17178, 0.0, 0.0, 0.0, 1.0, 41.10429, 281525.83636, 0.0
651, 1.17391, 0.0, 0.0, 0.0, 1.0, 41.20497, 280910.45399, 0.0
652, 1.17834, 0.0, 0.0, 0.0, 1.0, 40.03822, 280310.26708, 0.0
653, 1.18182, 0.0, 0.0, 0.0, 1.0, 39.90909, 279726.20382, 0.0
654, 1.18667, 0.0, 0.0, 0.0, 1.0, 40.28667, 279143.15584, 0.0
655, 1.18792, 0.0, 0.0, 0.0, 1.0, 40.18792, 278532.2, 0.0
656, 1.17931, 0.0, 0.0, 0.0, 1.0, 40.01379, 277942.3557, 0.0
657, 1.17361, 0.0, 0.0, 0.0, 1.0, 40.20139, 277326.64828, 0.0
658, 1.14789, 0.0, 0.0, 0.0, 1.0, 39.48592, 276727.55556, 0.0
659, 1.14894, 0.0, 0.0, 0.0, 1.0, 39.53901, 276143.97887, 0.0
660, 1.13571, 0.0, 0.0, 0.0, 1.0, 38.54286, 275545.01418, 0.0
661, 1.1295, 0.0, 0.0, 0.0, 1.0, 38.51079, 274943.73571, 0.0
662, 1.1295, 0.0, 0.0, 0.0, 0.0, 38.43165, 274367.96403, 0.0
663, 1.12593, 0.0, 0.0, 0.0, 1.0, 38.68889, 273790.94245, 0.0
664, 1.10687, 0.0, 0.0, 0.0, 1.0, 38.37405, 273233.27407, 0.0
665, 1.10938, 0.0, 0.0, 0.0, 1.0, 38.57813, 272627.08397, 0.0
666, 1.11024, 0.0, 0.0, 0.0, 1.0, 38.01575, 272015.40625, 0.0
667, 1.09524, 0.0, 0.0, 0.0, 1.0, 37.50794, 271422.88976, 0.0
668, 1.08871, 0.0, 0.0, 0.0, 1.5, 37.42742, 270840.18254, 0.0
669, 1.09091, 0.0, 0.0, 0.0, 1.0, 37.72727, 270274.90323, 0.0
670, 1.08475, 0.0, 0.0, 0.0, 1.0, 37.72881, 269704.00826, 0.0
671, 1.08547, 0.0, 0.0, 0.0, 1.0, 37.68376, 269133.32203, 0.0
672, 1.0885, 0.0, 0.0, 0.0, 1.0, 37.82301, 268559.35043, 0.0
673, 1.0885, 0.0, 0.0, 0.0, 0.0, 37.71681, 267983.9469, 0.0
674, 1.09009, 0.0, 0.0, 0.0, 1.0, 37.86486, 267411.40708, 0.0
675, 1.09091, 0.0, 0.0, 0.0, 1.0, 37.99091, 266828.03604, 0.0
676, 1.09174, 0.0, 0.0, 0.0, 1.0, 38.04587, 266236.89091, 0.0
677, 1.09259, 0.0, 0.0, 0.0, 1.0, 37.99074, 265676.00917, 0.0
678, 1.08333, 0.0, 0.0, 0.0, 1.0, 37.69444, 265113.05556, 0.0
679, 1.08491, 0.0, 0.0, 0.0, 1.0, 37.79245, 264543.5463, 0.0
680, 1.08491, 0.0, 0.0, 0.0, 0.0, 37.72642, 263975.70755, 0.0
681, 1.08491, 0.0, 0.0, 0.0, 0.0, 37.67925, 263408.21698, 0.0
682, 1.08654, 0.0, 0.0, 0.0, 1.0, 37.80769, 262847.70755, 0.0
683, 1.08738, 0.0, 0.0, 0.0, 1.0, 37.92233, 262286.13462, 0.0
684, 1.08824, 0.0, 0.0, 0.0, 1.0, 37.90196, 261730.92233, 0.0
685, 1.09091, 0.0, 0.0, 0.0, 1.0, 38.0202, 261165.19608, 0.0
686, 1.08333, 0.0, 0.0, 0.0, 1.0, 38.25, 260627.92929, 0.0
687, 1.08333, 0.0, 0.0, 0.0, 0.0, 38.1875, 260024.26042, 0.0
688, 1.08333, 0.0, 0.0, 0.0, 0.0, 38.13542, 259466.73958, 0.0
689, 1.08421, 0.0, 0.0, 0.0, 1.0, 38.27368, 258910.4375, 0.0
690, 1.08602, 0.0, 0.0, 0.0, 1.0, 38.43011, 258381.83158, 0.0
691, 1.08602, 0.0, 0.0, 0.0, 0.0, 38.35484, 257741.07527, 0.0
692, 1.07609, 0.0, 0.0, 0.0, 1.0, 38.1413, 257189.33333, 0.0
693, 1.07955, 0.0, 0.0, 0.0, 1.0, 36.21591, 256674.83696, 0.0
694, 1.0814, 0.0, 0.0, 0.0, 1.0, 36.40698, 256115.68182, 0.0
695, 1.08333, 0.0, 0.0, 0.0, 1.0, 36.46429, 255585.46512, 0.0
696, 1.08537, 0.0, 0.0, 0.0, 1.0, 36.58537, 255044.60714, 0.0
697, 1.07595, 0.0, 0.0, 0.0, 1.0, 36.74684, 254508.68293, 0.0
698, 1.07595, 0.0, 0.0, 0.0, 0.0, 36.64557, 253935.73418, 0.0
699, 1.07792, 0.0, 0.0, 0.0, 1.0, 36.77922, 253393.25316, 0.0
700, 1.08, 0.0, 0.0, 0.0, 1.0, 36.14667, 252805.41558, 0.0
701, 1.08, 0.0, 0.0, 0.0, 0.0, 36.06667, 252256.98667, 0.0
702, 1.08333, 0.0, 0.0, 0.0, 1.0, 36.48611, 251727.90667, 0.0
703, 1.08571, 0.0, 0.0, 0.0, 1.0, 37.18571, 251187.25, 0.0
704, 1.07246, 0.0, 0.0, 0.0, 1.0, 36.81159, 250657.31429, 0.0
705, 1.07246, 0.0, 0.0, 0.0, 0.0, 36.68116, 250101.76812, 0.0
706, 1.07353, 0.0, 0.0, 0.0, 1.0, 36.75, 249568.17391, 0.0
707, 1.07463, 0.0, 0.0, 0.0, 1.0, 36.85075, 249053.36765, 0.0
708, 1.07576, 0.0, 0.0, 0.0, 1.0, 37.04545, 248486.92537, 0.0
709, 1.07576, 0.0, 0.0, 0.0, 0.0, 36.98485, 247951.42424, 0.0
710, 1.07937, 0.0, 0.0, 0.0, 1.0, 37.36508, 247429.72727, 0.0
711, 1.07937, 0.0, 0.0, 0.0, 0.0, 37.30159, 246948.96825, 0.0
712, 1.08065, 0.0, 0.0, 0.0, 1.0, 37.35484, 246416.52381, 0.0
713, 1.08197, 0.0, 0.0, 0.0, 1.0, 37.85246, 245874.67742, 0.0
714, 1.08333, 0.0, 0.0, 0.0, 1.0, 37.9, 245311.72131, 0.0
715, 1.06897, 0.0, 0.0, 0.0, 1.0, 37.7931, 244805.93333, 0.0
716, 1.06897, 0.0, 0.0, 0.0, 0.0, 37.74138, 244314.89655, 0.0
717, 1.07018, 0.0, 0.0, 0.0, 1.0, 37.82456, 243782.98276, 0.0
718, 1.07018, 0.0, 0.0, 0.0, 0.0, 37.73684, 243250.17544, 0.0
719, 1.07018, 0.0, 0.0, 0.0, 0.0, 37.63158, 242726.66667, 0.0
720, 1.07018, 0.0, 0.0, 0.0, 0.0, 37.5614, 242201.82456, 0.0
721, 1.05357, 0.0, 0.0, 0.0, 1.0, 37.35714, 241686.24561, 0.0
722, 1.05357, 0.0, 0.0, 0.0, 0.0, 37.30357, 241177.51786, 0.0
723, 1.05455, 0.0, 0.0, 0.0, 1.0, 37.43636, 240662.125, 0.0
724, 1.05556, 0.0, 0.0, 0.0, 1.0, 37.5, 240151.01818, 0.0
725, 1.0566, 0.0, 0.0, 0.0, 1.0, 37.69811, 239637.33333, 0.0
726, 1.05769, 0.0, 0.0, 0.0, 1.0, 37.67308, 239117.26415, 0.0
727, 1.05769, 0.0, 0.0, 0.0, 0.0, 37.57692, 238584.88462, 0.0
728, 1.05882, 0.0, 0.0, 0.0, 1.0, 37.80392, 238072.61538, 0.0
729, 1.06, 0.0, 0.0, 0.0, 1.0, 37.78, 237591.66667, 0.0
730, 1.06, 0.0, 0.0, 0.0, 0.0, 37.7, 237073.1, 0.0
731, 1.06122, 0.0, 0.0, 0.0, 1.0, 38.08163, 236570.08, 0.0
732, 1.0625, 0.0, 0.0, 0.0, 1.0, 33.0625, 236075.44898, 0.0
733, 1.0625, 0.0, 0.0, 0.0, 0.0, 33.02083, 235563.95833, 0.0
734, 1.0625, 0.0, 0.0, 0.0, 0.0, 32.9375, 235059.0625, 0.0
735, 1.0625, 0.0, 0.0, 0.0, 0.0, 32.89583, 234550.29167, 0.0
736, 1.0625, 0.0, 0.0, 0.0, 0.0, 32.875, 234047.10417, 0.0
737, 1.06383, 0.0, 0.0, 0.0, 1.0, 32.91489, 233547.75, 0.0
738, 1.06383, 0.0, 0.0, 0.0, 0.0, 32.87234, 233043.38298, 0.0
739, 1.06383, 0.0, 0.0, 0.0, 0.0, 32.82979, 232540.87234, 0.0
740, 1.06522, 0.0, 0.0, 0.0, 1.0, 32.8913, 232047.51064, 0.0
741, 1.06522, 0.0, 0.0, 0.0, 0.0, 32.86957, 231528.15217, 0.0
742, 1.06667, 0.0, 0.0, 0.0, 1.0, 33.08889, 231031.04348, 0.0
743, 1.06667, 0.0, 0.0, 0.0, 0.0, 33.04444, 230537.37778, 0.0
744, 1.06667, 0.0, 0.0, 0.0, 0.0, 33.0, 230046.68889, 0.0
745, 1.06667, 0.0, 0.0, 0.0, 0.0, 32.93333, 229545.66667, 0.0
746, 1.06977, 0.0, 0.0, 0.0, 1.0, 33.11628, 229061.4, 0.0
747, 1.06977, 0.0, 0.0, 0.0, 0.0, 33.04651, 228612.60465, 0.0
748, 1.06977, 0.0, 0.0, 0.0, 0.0, 33.02326, 228116.2093, 0.0
749, 1.06977, 0.0, 0.0, 0.0, 0.0, 32.95349, 227620.90698, 0.0
750, 1.06977, 0.0, 0.0, 0.0, 0.0, 32.93023, 227127.04651, 0.0
751, 1.06977, 0.0, 0.0, 0.0, 0.0, 32.83721, 226630.34884, 0.0
752, 1.07317, 0.0, 0.0, 0.0, 1.0, 33.0, 226153.25581, 0.0
753, 1.075, 0.0, 0.0, 0.0, 1.0, 33.25, 225644.58537, 0.0
754, 1.07692, 0.0, 0.0, 0.0, 1.0, 34.07692, 225180.35, 0.0
755, 1.07692, 0.0, 0.0, 0.0, 0.0, 34.05128, 224683.4359, 0.0
756, 1.07895, 0.0, 0.0, 0.0, 1.0, 34.26316, 224208.35897, 0.0
757, 1.08108, 0.0, 0.0, 0.0, 1.0, 34.35135, 223740.60526, 0.0
758, 1.08333, 0.0, 0.0, 0.0, 1.0, 34.25, 223240.2973, 0.0
759, 1.08333, 0.0, 0.0, 0.0, 0.0, 34.13889, 222762.25, 0.0
760, 1.08333, 0.0, 0.0, 0.0, 0.0, 34.13889, 222286.5, 0.0
761, 1.08333, 0.0, 0.0, 0.0, 0.0, 34.08333, 221807.02778, 0.0
762, 1.08333, 0.0, 0.0, 0.0, 0.0, 34.02778, 221325.41667, 0.0
763, 1.08571, 0.0, 0.0, 0.0, 1.0, 34.28571, 220849.16667, 0.0
764, 1.08824, 0.0, 0.0, 0.0, 1.0, 34.70588, 220389.88571, 0.0
765, 1.08824, 0.0, 0.0, 0.0, 0.0, 34.55882, 219898.55882, 0.0
766, 1.08824, 0.0, 0.0, 0.0, 0.0, 34.52941, 219425.55882, 0.0
767, 1.08824, 0.0, 0.0, 0.0, 0.0, 34.47059, 218949.55882, 0.0
768, 1.08824, 0.0, 0.0, 0.0, 0.0, 34.44118, 218468.73529, 0.0
769, 1.08824, 0.0, 0.0, 0.0, 0.0, 34.35294, 217996.20588, 0.0
770, 1.06061, 0.0, 0.0, 0.0, 1.0, 34.0303, 217542.85294, 0.0
771, 1.06061, 0.0, 0.0, 0.0, 0.0, 33.87879, 217020.12121, 0.0
772, 1.06061, 0.0, 0.0, 0.0, 0.0, 33.87879, 216553.72727, 0.0
773, 1.06061, 0.0, 0.0, 0.0, 0.0, 33.81818, 216085.0, 0.0
774, 1.0625, 0.0, 0.0, 0.0, 1.0, 34.21875, 215624.69697, 0.0
775, 1.0625, 0.0, 0.0, 0.0, 0.0, 34.15625, 215140.84375, 0.0
776, 1.0625, 0.0, 0.0, 0.0, 0.0, 34.0625, 214670.8125, 0.0
777, 1.0625, 0.0, 0.0, 0.0, 0.0, 34.0, 214205.84375, 0.0
778, 1.0625, 0.0, 0.0, 0.0, 0.0, 33.9375, 213740.40625, 0.0
779, 1.0625, 0.0, 0.0, 0.0, 0.0, 33.90625, 213281.96875, 0.0
780, 1.0625, 0.0, 0.0, 0.0, 0.0, 33.84375, 212824.5, 0.0
781, 1.06452, 0.0, 0.0, 0.0, 1.0, 34.25806, 212380.6875, 0.0
782, 1.06667, 0.0, 0.0, 0.0, 1.0, 34.5, 211863.90323, 0.0
783, 1.06667, 0.0, 0.0, 0.0, 0.0, 34.46667, 211362.86667, 0.0
784, 1.06897, 0.0, 0.0, 0.0, 1.0, 34.58621, 210915.33333, 0.0
785, 1.06897, 0.0, 0.0, 0.0, 0.0, 34.48276, 210482.65517, 0.0
786, 1.06897, 0.0, 0.0, 0.0, 0.0, 34.41379, 210029.13793, 0.0
787, 1.06897, 0.0, 0.0, 0.0, 0.0, 34.41379, 209570.0, 0.0
788, 1.03448, 0.0, 0.0, 0.0, 1.0, 33.75862, 209114.13793, 0.0
789, 1.03571, 0.0, 0.0, 0.0, 1.0, 33.92857, 208676.17241, 0.0
790, 1.03704, 0.0, 0.0, 0.0, 1.0, 34.2963, 208195.28571, 0.0
791, 1.03846, 0.0, 0.0, 0.0, 1.0, 34.84615, 207744.11111, 0.0
792, 1.03846, 0.0, 0.0, 0.0, 0.0, 34.76923, 207368.30769, 0.0
793, 1.03846, 0.0, 0.0, 0.0, 0.0, 34.69231, 206927.30769, 0.0
794, 1.04, 0.0, 0.0, 0.0, 1.0, 35.44, 206482.73077, 0.0
795, 1.04, 0.0, 0.0, 0.0, 0.0, 35.32, 206052.52, 0.0
796, 1.04, 0.0, 0.0, 0.0, 0.0, 35.32, 205602.4, 0.0
797, 1.04, 0.0, 0.0, 0.0, 0.0, 35.2, 205156.12, 0.0
798, 1.04, 0.0, 0.0, 0.0, 0.0, 35.12, 204713.88, 0.0
799, 1.04, 0.0, 0.0, 0.0, 0.0, 35.0, 204268.36, 0.0
800, 1.04, 0.0, 0.0, 0.0, 0.0, 35.0, 203831.56, 0.0
801, 1.04167, 0.0, 0.0, 0.0, 1.0, 35.25, 203406.24, 0.0
802, 1.04167, 0.0, 0.0, 0.0, 0.0, 35.16667, 202935.875, 0.0
803, 1.04167, 0.0, 0.0, 0.0, 0.0, 35.16667, 202501.54167, 0.0
804, 1.04348, 0.0, 0.0, 0.0, 1.0, 35.3913, 202072.25, 0.0
805, 1.04348, 0.0, 0.0, 0.0, 0.0, 35.21739, 201587.30435, 0.0
806, 1.04348, 0.0, 0.0, 0.0, 0.0, 35.17391, 201155.17391, 0.0
807, 1.04348, 0.0, 0.0, 0.0, 0.0, 35.04348, 200720.65217, 0.0
808, 1.04348, 0.0, 0.0, 0.0, 0.0, 34.91304, 200283.69565, 0.0
809, 1.04348, 0.0, 0.0, 0.0, 0.0, 34.91304, 199853.47826, 0.0
810, 1.04348, 0.0, 0.0, 0.0, 0.0, 34.86957, 199414.56522, 0.0
811, 1.04348, 0.0, 0.0, 0.0, 0.0, 34.78261, 198982.21739, 0.0
812, 1.04348, 0.0, 0.0, 0.0, 0.0, 34.78261, 198553.82609, 0.0
813, 1.04348, 0.0, 0.0, 0.0, 0.0, 34.78261, 198121.82609, 0.0
814, 1.04348, 0.0, 0.0, 0.0, 0.0, 34.73913, 197692.3913, 0.0
815, 1.04545, 0.0, 0.0, 0.0, 1.0, 35.68182, 197274.56522, 0.0
816, 1.04762, 0.0, 0.0, 0.0, 1.0, 36.42857, 196884.22727, 0.0
817, 1.04762, 0.0, 0.0, 0.0, 0.0, 36.14286, 196496.04762, 0.0
818, 1.04762, 0.0, 0.0, 0.0, 0.0, 36.04762, 196073.04762, 0.0
819, 1.05263, 0.0, 0.0, 0.0, 1.0, 37.68421, 195678.0, 0.0
820, 1.05263, 0.0, 0.0, 0.0, 0.0, 37.47368, 195256.63158, 0.0
821, 1.05263, 0.0, 0.0, 0.0, 0.0, 37.36842, 194843.42105, 0.0
822, 1.05556, 0.0, 0.0, 0.0, 1.0, 38.11111, 194446.21053, 0.0
823, 1.05556, 0.0, 0.0, 0.0, 0.0, 38.05556, 194023.61111, 0.0
824, 1.05556, 0.0, 0.0, 0.0, 0.0, 38.0, 193597.88889, 0.0
825, 1.05556, 0.0, 0.0, 0.0, 0.0, 37.88889, 193177.66667, 0.0
826, 1.05556, 0.0, 0.0, 0.0, 0.0, 37.88889, 192755.66667, 0.0
827, 1.05556, 0.0, 0.0, 0.0, 0.0, 37.88889, 192338.33333, 0.0
828, 1.05556, 0.0, 0.0, 0.0, 0.0, 37.72222, 191928.55556, 0.0
829, 1.0, 0.0, 0.0, 0.0, 1.0, 36.61111, 191513.5, 0.0
830, 1.0, 0.0, 0.0, 0.0, 0.0, 36.44444, 191099.66667, 0.0
831, 1.0, 0.0, 0.0, 0.0, 0.0, 36.44444, 190683.11111, 0.0
832, 1.0, 0.0, 0.0, 0.0, 0.0, 36.27778, 190272.88889, 0.0
833, 1.0, 0.0, 0.0, 0.0, 0.0, 36.22222, 189867.33333, 0.0
834, 1.0, 0.0, 0.0, 0.0, 1.0, 20.53333, 189500.0, 0.0
835, 1.0, 0.0, 0.0, 0.0, 0.0, 20.4, 189010.0, 0.0
836, 1.0, 0.0, 0.0, 0.0, 0.0, 20.4, 188600.33333, 0.0
837, 1.0, 0.0, 0.0, 0.0, 0.0, 20.4, 188196.4, 0.0
838, 1.0, 0.0, 0.0, 0.0, 0.0, 20.4, 187798.33333, 0.0
839, 1.0, 0.0, 0.0, 0.0, 1.0, 18.23077, 187406.2, 0.0
840, 1.0, 0.0, 0.0, 0.0, 0.0, 18.07692, 186932.15385, 0.0
841, 1.0, 0.0, 0.0, 0.0, 0.0, 18.0, 186535.07692, 0.0
842, 1.0, 0.0, 0.0, 0.0, 0.0, 17.92308, 186126.84615, 0.0
843, 1.0, 0.0, 0.0, 0.0, 0.0, 17.92308, 185729.76923, 0.0
844, 1.0, 0.0, 0.0, 0.0, 0.0, 17.84615, 185322.84615, 0.0
845, 1.0, 0.0, 0.0, 0.0, 0.0, 17.76923, 184926.61538, 0.0
846, 1.0, 0.0, 0.0, 0.0, 0.0, 17.69231, 184520.69231, 0.0
847, 1.0, 0.0, 0.0, 0.0, 0.0, 17.69231, 184110.53846, 0.0
848, 1.0, 0.0, 0.0, 0.0, 0.0, 17.69231, 183711.76923, 0.0
849, 1.0, 0.0, 0.0, 0.0, 0.0, 17.61538, 183299.0, 0.0
850, 1.0, 0.0, 0.0, 0.0, 0.0, 17.61538, 182902.92308, 0.0
851, 1.0, 0.0, 0.0, 0.0, 0.0, 17.61538, 182513.92308, 0.0
852, 1.0, 0.0, 0.0, 0.0, 1.0, 17.83333, 182125.92308, 0.0
853, 1.0, 0.0, 0.0, 0.0, 0.0, 17.83333, 181588.66667, 0.0
854, 1.0, 0.0, 0.0, 0.0, 0.0, 17.75, 181199.33333, 0.0
855, 1.0, 0.0, 0.0, 0.0, 0.0, 17.75, 180805.75, 0.0
856, 1.0, 0.0, 0.0, 0.0, 0.0, 17.75, 180418.25, 0.0
857, 1.0, 0.0, 0.0, 0.0, 1.0, 17.2, 180071.33333, 0.0
858, 1.0, 0.0, 0.0, 0.0, 0.0, 17.2, 179728.0, 0.0
859, 1.0, 0.0, 0.0, 0.0, 0.0, 17.1, 179330.3, 0.0
860, 1.0, 0.0, 0.0, 0.0, 0.0, 17.0, 178949.0, 0.0
861, 1.0, 0.0, 0.0, 0.0, 0.0, 16.9, 178559.8, 0.0
862, 1.0, 0.0, 0.0, 0.0, 0.0, 16.9, 178177.5, 0.0
863, 1.0, 0.0, 0.0, 0.0, 0.0, 16.9, 177799.3, 0.0
864, 1.0, 0.0, 0.0, 0.0, 0.0, 16.9, 177415.7, 0.0
865, 1.0, 0.0, 0.0, 0.0, 0.0, 16.9, 177046.1, 0.0
866, 1.0, 0.0, 0.0, 0.0, 1.0, 16.66667, 176678.4, 0.0
867, 1.0, 0.0, 0.0, 0.0, 1.0, 17.375, 176308.0, 0.0
868, 1.0, 0.0, 0.0, 0.0, 0.0, 17.25, 176008.875, 0.0
869, 1.0, 0.0, 0.0, 0.0, 0.0, 17.25, 175623.375, 0.0
870, 1.0, 0.0, 0.0, 0.0, 0.0, 17.25, 175233.625, 0.0
871, 1.0, 0.0, 0.0, 0.0, 0.0, 17.25, 174853.25, 0.0
872, 1.0, 0.0, 0.0, 0.0, 0.0, 17.25, 174476.375, 0.0
873, 1.0, 0.0, 0.0, 0.0, 0.0, 17.25, 174087.25, 0.0
874, 1.0, 0.0, 0.0, 0.0, 0.0, 17.25, 173724.875, 0.0
875, 1.0, 0.0, 0.0, 0.0, 0.0, 17.25, 173356.875, 0.0
876, 1.0, 0.0, 0.0, 0.0, 0.0, 17.25, 172993.375, 0.0
877, 1.0, 0.0, 0.0, 0.0, 0.0, 17.25, 172625.25, 0.0
878, 1.0, 0.0, 0.0, 0.0, 0.0, 17.25, 172256.0, 0.0
879, 1.0, 0.0, 0.0, 0.0, 0.0, 17.25, 171882.5, 0.0
880, 1.0, 0.0, 0.0, 0.0, 1.0, 16.71429, 171553.625, 0.0
881, 1.0, 0.0, 0.0, 0.0, 0.0, 16.71429, 171081.85714, 0.0
882, 1.0, 0.0, 0.0, 0.0, 0.0, 16.71429, 170715.28571, 0.0
883, 1.0, 0.0, 0.0, 0.0, 0.0, 16.71429, 170355.57143, 0.0
884, 1.0, 0.0, 0.0, 0.0, 0.0, 16.71429, 169987.28571, 0.0
885, 1.0, 0.0, 0.0, 0.0, 0.0, 16.71429, 169621.71429, 0.0
886, 1.0, 0.0, 0.0, 0.0, 0.0, 16.71429, 169259.71429, 0.0
887, 1.0, 0.0, 0.0, 0.0, 0.0, 16.71429, 168902.0, 0.0
888, 1.0, 0.0, 0.0, 0.0, 1.0, 16.33333, 168588.28571, 0.0
889, 1.0, 0.0, 0.0, 0.0, 0.0, 16.33333, 168179.16667, 0.0
890, 1.0, 0.0, 0.0, 0.0, 0.0, 16.33333, 167819.33333, 0.0
891, 1.0, 0.0, 0.0, 0.0, 0.0, 16.33333, 167443.66667, 0.0
892, 1.0, 0.0, 0.0, 0.0, 0.0, 16.33333, 167083.83333, 0.0
893, 1.0, 0.0, 0.0, 0.0, 0.0, 16.33333, 166727.83333, 0.0
894, 1.0, 0.0, 0.0, 0.0, 0.0, 16.16667, 166366.0, 0.0
895, 1.0, 0.0, 0.0, 0.0, 0.0, 16.16667, 166010.16667, 0.0
896, 1.0, 0.0, 0.0, 0.0, 0.0, 16.16667, 165658.83333, 0.0
897, 1.0, 0.0, 0.0, 0.0, 0.0, 16.16667, 165295.33333, 0.0
898, 1.0, 0.0, 0.0, 0.0, 0.0, 16.16667, 164947.5, 0.0
899, 1.0, 0.0, 0.0, 0.0, 0.0, 16.0, 164589.5, 0.0
900, 1.0, 0.0, 0.0, 0.0, 1.0, 16.0, 164229.66667, 0.0
901, 1.0, 0.0, 0.0, 0.0, 0.0, 15.8, 163765.8, 0.0
902, 1.0, 0.0, 0.0, 0.0, 1.0, 13.5, 163471.6, 0.0
903, 1.0, 0.0, 0.0, 0.0, 0.0, 13.5, 162974.0, 0.0
904, 1.0, 0.0, 0.0, 0.0, 0.0, 13.5, 162617.75, 0.0
905, 1.0, 0.0, 0.0, 0.0, 0.0, 13.5, 162272.5, 0.0
906, 1.0, 0.0, 0.0, 0.0, 0.0, 13.5, 161927.75, 0.0
907, 1.0, 0.0, 0.0, 0.0, 0.0, 13.25, 161587.25, 0.0
908, 1.0, 0.0, 0.0, 0.0, 0.0, 13.25, 161232.5, 0.0
909, 1.0, 0.0, 0.0, 0.0, 0.0, 13.25, 160897.25, 0.0
910, 1.0, 0.0, 0.0, 0.0, 0.0, 13.25, 160539.5, 0.0
911, 1.0, 0.0, 0.0, 0.0, 0.0, 13.0, 160186.75, 0.0
912, 1.0, 0.0, 0.0, 0.0, 0.0, 13.0, 159831.25, 0.0
913, 1.0, 0.0, 0.0, 0.0, 0.0, 13.0, 159493.25, 0.0
914, 1.0, 0.0, 0.0, 0.0, 0.0, 13.0, 159158.5, 0.0
915, 1.0, 0.0, 0.0, 0.0, 0.0, 13.0, 158808.5, 0.0
916, 1.0, 0.0, 0.0, 0.0, 0.0, 13.0, 158465.75, 0.0
917, 1.0, 0.0, 0.0, 0.0, 0.0, 13.0, 158121.25, 0.0
918, 1.0, 0.0, 0.0, 0.0, 0.0, 13.0, 157785.0, 0.0
919, 1.0, 0.0, 0.0, 0.0, 0.0, 13.0, 157440.5, 0.0
920, 1.0, 0.0, 0.0, 0.0, 0.0, 13.0, 157109.5, 0.0
921, 1.0, 0.0, 0.0, 0.0, 0.0, 13.0, 156766.0, 0.0
922, 1.0, 0.0, 0.0, 0.0, 0.0, 13.0, 156413.5, 0.0
923, 1.0, 0.0, 0.0, 0.0, 0.0, 13.0, 156089.25, 0.0
924, 1.0, 0.0, 0.0, 0.0, 0.0, 13.0, 155755.0, 0.0
925, 1.0, 0.0, 0.0, 0.0, 0.0, 13.0, 155430.5, 0.0
926, 1.0, 0.0, 0.0, 0.0, 0.0, 13.0, 155094.75, 0.0
927, 1.0, 0.0, 0.0, 0.0, 0.0, 13.0, 154772.5, 0.0
928, 1.0, 0.0, 0.0, 0.0, 1.0, 17.0, 154477.5, 0.0
929, 1.0, 0.0, 0.0, 0.0, 0.0, 17.0, 154107.66667, 0.0
930, 1.0, 0.0, 0.0, 0.0, 0.0, 17.0, 153786.33333, 0.0
931, 1.0, 0.0, 0.0, 0.0, 0.0, 17.0, 153438.0, 0.0
932, 1.0, 0.0, 0.0, 0.0, 0.0, 17.0, 153110.33333, 0.0
933, 1.0, 0.0, 0.0, 0.0, 0.0, 17.0, 152774.0, 0.0
934, 1.0, 0.0, 0.0, 0.0, 0.0, 17.0, 152448.33333, 0.0
935, 1.0, 0.0, 0.0, 0.0, 0.0, 17.0, 152124.66667, 0.0
936, 1.0, 0.0, 0.0, 0.0, 0.0, 17.0, 151784.66667, 0.0
937, 1.0, 0.0, 0.0, 0.0, 0.0, 17.0, 151456.66667, 0.0
938, 1.0, 0.0, 0.0, 0.0, 1.0, 18.0, 151225.0, 0.0
939, 1.0, 0.0, 0.0, 0.0, 0.0, 18.0, 151153.5, 0.0
940, 1.0, 0.0, 0.0, 0.0, 0.0, 18.0, 150835.0, 0.0
941, 1.0, 0.0, 0.0, 0.0, 0.0, 18.0, 150510.5, 0.0
942, 1.0, 0.0, 0.0, 0.0, 0.0, 18.0, 150198.5, 0.0
943, 1.0, 0.0, 0.0, 0.0, 0.0, 18.0, 149868.0, 0.0
944, 1.0, 0.0, 0.0, 0.0, 0.0, 18.0, 149566.0, 0.0
945, 1.0, 0.0, 0.0, 0.0, 0.0, 18.0, 149244.0, 0.0
946, 1.0, 0.0, 0.0, 0.0, 0.0, 18.0, 148927.0, 0.0
947, 1.0, 0.0, 0.0, 0.0, 0.0, 18.0, 148618.5, 0.0
948, 1.0, 0.0, 0.0, 0.0, 0.0, 18.0, 148311.0, 0.0
949, 1.0, 0.0, 0.0, 0.0, 0.0, 18.0, 147994.5, 0.0
950, 1.0, 0.0, 0.0, 0.0, 0.0, 18.0, 147665.0, 0.0
951, 1.0, 0.0, 0.0, 0.0, 0.0, 17.5, 147328.0, 0.0
952, 1.0, 0.0, 0.0, 0.0, 0.0, 17.5, 147012.5, 0.0
953, 1.0, 0.0, 0.0, 0.0, 0.0, 17.5, 146691.0, 0.0
954, 1.0, 0.0, 0.0, 0.0, 0.0, 17.5, 146364.0, 0.0
955, 1.0, 0.0, 0.0, 0.0, 1.0, 24.0, 146120.0, 0.0
956, 1.0, 0.0, 0.0, 0.0, 0.0, 24.0, 145940.0, 0.0
957, 1.0, 0.0, 0.0, 0.0, 0.0, 24.0, 145634.0, 0.0
958, 1.0, 0.0, 0.0, 0.0, 0.0, 24.0, 145348.0, 0.0
959, 1.0, 0.0, 0.0, 0.0, 0.0, 24.0, 145032.0, 0.0
960, 1.0, 0.0, 0.0, 0.0, 0.0, 24.0, 144741.0, 0.0
961, 0.0, 0.0, 0.0, 0.0, 1.0, 0.0, 144740.0, 0.0
