time, seeders, joined, request_count, response_size, left, awareness, bad_data, leechers
0, 0.0, 0.0, 0.0, 0.0, 0.0, 5001.0, 0.0, 0.0
1, 0.0, 2060.804, 837.68277, 150.31717, 0.0, 1359248.18, 0.0, 2060.804
2, 0.0, 982.304, 667.39421, 349.16446, 101.26, 1734846.07, 81287.502, 2942.848
3, 0.0, 951.62, 600.23329, 458.32061, 96.478, 2044769.732, 149985.68, 3797.99
4, 0.0, 917.204, 548.13542, 555.15756, 116.132, 2283586.74, 228222.702, 4599.062
5, 0.0, 887.536, 506.6003, 640.87447, 135.698, 2471195.082, 315183.326, 5350.9
6, 0.0, 860.714, 474.91501, 717.9655, 154.082, 2621341.74, 411066.95, 6057.532
7, 0.0, 831.086, 447.79, 787.79545, 170.54, 2742834.124, 512063.978, 6718.078
8, 0.0, 804.242, 424.77762, 851.24863, 185.198, 2842167.014, 617661.38, 7337.122
9, 0.0, 776.19, 408.17583, 909.39945, 201.154, 2923588.866, 729244.956, 7912.158
10, 0.0, 752.324, 394.63316, 963.25011, 213.136, 2992130.194, 843504.654, 8451.346
11, 1605.178, 726.91, 379.87646, 1009.32393, 187.248, 3032647.064, 923065.1, 7385.83
12, 2078.982, 702.17, 374.57026, 1047.12462, 472.26, 2988884.23, 1207124.064, 7141.936
13, 2556.568, 677.638, 378.87486, 1083.131, 439.124, 2962290.674, 1445442.148, 6902.864
14, 2964.732, 656.192, 378.8952, 1118.25415, 475.552, 2931370.0, 1693467.21, 6675.34
15, 3311.146, 636.738, 383.63032, 1152.3458, 508.558, 2899204.44, 1946312.584, 6457.106
16, 3606.598, 614.494, 388.98997, 1186.10216, 531.126, 2866922.666, 2198952.316, 6245.022
17, 3853.256, 595.334, 392.80135, 1219.18485, 551.108, 2834309.406, 2450925.454, 6042.59
18, 4058.174, 575.542, 397.28812, 1251.56829, 570.602, 2801091.406, 2701817.886, 5842.612
19, 4222.098, 557.1, 404.71729, 1283.35991, 583.84, 2768791.138, 2949253.756, 5651.948
20, 4355.24, 538.924, 409.16344, 1314.91732, 591.722, 2736811.418, 3192293.198, 5466.008
21, 4455.962, 520.722, 416.03389, 1345.24824, 598.76, 2704154.42, 3428072.396, 5287.248
22, 4530.722, 504.284, 422.25809, 1374.32531, 602.06, 2671364.452, 3655139.02, 5114.712
23, 4582.464, 488.488, 428.00233, 1402.24147, 602.87, 2638431.146, 3873984.334, 4948.588
24, 4611.018, 469.836, 435.19015, 1428.86555, 603.666, 2604303.518, 4087201.422, 4786.204
25, 4624.858, 456.614, 440.78806, 1454.37943, 599.74, 2571089.246, 4292172.174, 4629.238
26, 4621.766, 440.91, 447.80567, 1478.98723, 595.874, 2537819.282, 4490928.582, 4477.366
27, 4603.938, 427.588, 455.68631, 1502.8955, 590.86, 2505442.758, 4683274.77, 4331.922
28, 4573.782, 413.714, 459.29313, 1525.81691, 583.446, 2472837.246, 4869651.78, 4192.346
29, 4532.404, 399.644, 465.40921, 1547.82217, 577.632, 2439941.538, 5051300.338, 4055.736
30, 4483.524, 385.37, 473.40997, 1568.72459, 568.51, 2407331.788, 5227829.088, 3921.476
31, 4425.652, 372.976, 478.78148, 1589.25403, 558.558, 2375126.588, 5398427.302, 3793.766
32, 4363.484, 360.296, 485.08449, 1609.0345, 548.868, 2343194.284, 5563216.286, 3667.362
33, 4294.336, 349.762, 491.68292, 1628.05318, 538.77, 2311723.5, 5722688.178, 3547.502
34, 4216.906, 336.464, 496.71882, 1646.03208, 530.57, 2278762.824, 5878525.604, 3430.826
35, 4140.502, 327.498, 503.5817, 1663.38195, 515.926, 2248039.762, 6026149.716, 3318.802
36, 4060.164, 316.364, 513.56033, 1680.15507, 505.478, 2217334.34, 6169790.938, 3210.026
37, 3975.542, 305.886, 518.28459, 1696.00671, 496.146, 2185751.272, 6309489.734, 3104.388
38, 3891.91, 295.784, 526.71544, 1711.48283, 482.056, 2155270.638, 6443056.04, 3001.748
39, 3805.714, 285.348, 529.71109, 1725.93509, 470.796, 2124138.198, 6571723.122, 2902.496
40, 3715.038, 276.518, 537.9686, 1739.35062, 461.52, 2092545.63, 6697647.838, 2808.17
41, 3626.92, 268.176, 543.12094, 1752.63773, 447.956, 2061649.866, 6818086.394, 2716.508
42, 3537.586, 257.776, 548.98827, 1764.97551, 435.604, 2030740.882, 6933244.906, 2628.014
43, 3449.63, 249.784, 556.27262, 1776.34853, 424.862, 2000541.854, 7043565.864, 2540.892
44, 3360.348, 242.436, 559.36412, 1787.5453, 414.58, 1969208.618, 7151472.074, 2458.03
45, 3273.096, 234.028, 569.56433, 1797.80344, 403.3, 1938987.912, 7254175.558, 2376.01
46, 3186.474, 225.492, 573.56359, 1807.4048, 391.024, 1908504.024, 7352438.516, 2297.1
47, 3099.496, 219.846, 581.18865, 1817.4657, 382.33, 1878137.844, 7447959.084, 2221.594
48, 3013.732, 211.954, 587.78792, 1825.7971, 370.174, 1847948.994, 7539178.13, 2149.138
49, 2927.968, 204.41, 597.80833, 1834.13977, 361.312, 1817820.562, 7627033.544, 2078.0
50, 2846.138, 198.524, 601.82144, 1841.48175, 347.982, 1788908.97, 7709375.53, 2010.372
51, 2764.496, 191.486, 607.658, 1848.91659, 338.904, 1758966.478, 7789510.424, 1944.596
52, 2684.2, 185.208, 616.0317, 1854.65835, 328.9, 1729997.818, 7865175.066, 1881.2
53, 2603.958, 179.322, 619.2436, 1860.29911, 320.402, 1700655.172, 7937724.078, 1820.362
54, 2526.83, 173.098, 622.98813, 1866.10239, 309.676, 1670904.712, 8006993.434, 1760.912
55, 2452.882, 168.39, 632.81668, 1870.46969, 299.402, 1642837.042, 8071877.892, 1703.848
56, 2380.926, 161.022, 641.93713, 1875.06766, 290.308, 1614582.46, 8133282.938, 1646.518
57, 2310.546, 156.894, 643.88696, 1879.21201, 281.662, 1586451.3, 8191615.328, 1592.13
58, 2240.918, 151.968, 651.95304, 1882.65404, 273.62, 1558116.72, 8247868.65, 1540.106
59, 2172.24, 147.13, 658.09828, 1885.75407, 265.546, 1530510.558, 8300291.036, 1490.368
60, 2106.054, 141.858, 664.79155, 1887.84088, 257.046, 1502588.7, 8350257.708, 1441.366
61, 2041.758, 137.838, 671.29529, 1890.18634, 248.504, 1475702.496, 8396535.234, 1394.996
62, 1978.086, 133.354, 672.12082, 1892.05826, 242.532, 1448078.296, 8440644.994, 1349.49
63, 1917.644, 128.754, 681.47009, 1893.31419, 233.292, 1421440.0, 8481078.714, 1305.394
64, 1858.604, 123.546, 685.9955, 1894.49809, 226.328, 1394099.66, 8519195.206, 1261.652
65, 1801.95, 119.806, 690.81682, 1894.69414, 218.032, 1367453.626, 8554061.856, 1220.08
66, 1743.846, 116.11, 700.31866, 1894.65925, 213.702, 1340935.928, 8587091.35, 1180.592
67, 1690.004, 112.814, 704.89478, 1894.7822, 204.934, 1315210.64, 8616943.618, 1142.314
68, 1636.692, 108.55, 712.35375, 1893.89302, 200.068, 1289041.252, 8645026.058, 1104.108
69, 1584.972, 104.34, 715.00863, 1892.33824, 193.246, 1262904.816, 8670156.914, 1066.922
70, 1534.068, 101.962, 722.01408, 1891.68008, 187.198, 1237615.636, 8693044.422, 1032.59
71, 1486.376, 98.812, 725.74181, 1889.91424, 180.044, 1212870.358, 8713103.564, 999.05
72, 1439.606, 95.064, 731.82277, 1887.87791, 175.242, 1187876.416, 8731266.084, 965.642
73, 1394.518, 92.21, 734.5841, 1885.24164, 169.004, 1162987.91, 8747358.314, 933.936
74, 1349.422, 89.494, 740.92118, 1882.51955, 164.144, 1139060.378, 8760687.238, 904.382
75, 1305.52, 85.53, 743.15445, 1879.593, 159.262, 1114253.312, 8772366.81, 874.552
76, 1264.284, 83.342, 752.63373, 1877.03884, 153.006, 1090908.856, 8781282.172, 846.124
77, 1223.94, 80.304, 759.91233, 1872.8319, 148.606, 1067428.73, 8788770.718, 818.166
78, 1184.144, 78.104, 762.18888, 1869.72931, 144.15, 1044264.402, 8794314.754, 791.916
79, 1145.502, 75.19, 767.52228, 1865.57869, 139.762, 1021524.686, 8797474.92, 765.986
80, 1109.44, 72.468, 773.03085, 1860.83067, 134.146, 999091.734, 8798647.476, 740.37
81, 1074.05, 70.864, 782.42831, 1856.48162, 130.664, 977304.338, 8798567.562, 715.96
82, 1039.854, 67.684, 787.8376, 1851.64207, 125.752, 955247.372, 8796751.036, 692.088
83, 1006.662, 66.062, 785.32288, 1846.12467, 121.706, 933977.604, 8792631.382, 669.636
84, 973.938, 63.996, 791.08069, 1841.3785, 119.062, 912642.968, 8787416.556, 647.294
85, 941.818, 62.106, 801.85489, 1835.8661, 114.612, 892125.032, 8780451.116, 626.908
86, 912.03, 59.73, 803.31492, 1830.56271, 109.77, 872378.518, 8770940.52, 606.656
87, 882.104, 57.648, 807.48682, 1824.29577, 107.662, 851967.982, 8760934.472, 586.568
88, 853.822, 55.58, 812.59446, 1818.69954, 103.352, 832226.346, 8748908.58, 567.078
89, 826.48, 54.614, 819.89966, 1812.88619, 99.902, 813473.48, 8735550.726, 549.132
90, 799.486, 52.16, 821.01227, 1806.58229, 97.214, 794025.612, 8721195.794, 531.072
91, 773.816, 51.082, 827.72797, 1800.42098, 93.886, 775748.98, 8705112.026, 513.938
92, 748.59, 49.18, 831.39488, 1793.62429, 90.636, 757698.556, 8687633.628, 497.708
93, 724.012, 47.526, 829.94571, 1786.2773, 88.332, 739280.252, 8669403.966, 481.48
94, 700.548, 45.512, 838.41624, 1779.30783, 85.234, 720934.35, 8649986.332, 465.222
95, 677.826, 44.272, 841.20889, 1772.77708, 82.282, 703242.074, 8629179.176, 449.934
96, 655.016, 43.034, 845.65692, 1764.77176, 80.274, 685804.46, 8607509.674, 435.504
97, 633.546, 41.566, 847.71207, 1757.45096, 77.616, 668479.822, 8584801.896, 420.924
98, 612.916, 39.99, 853.2133, 1749.86676, 73.798, 651972.33, 8560273.566, 407.746
99, 593.268, 38.742, 857.98358, 1742.60349, 72.232, 635764.844, 8534825.924, 393.904
100, 573.396, 37.588, 858.30584, 1734.64131, 70.04, 619498.194, 8508763.648, 381.324
101, 554.884, 36.044, 861.22517, 1727.47375, 67.464, 603509.89, 8481491.952, 368.416
102, 536.934, 34.97, 863.59737, 1718.13914, 65.198, 587792.586, 8453426.814, 356.138
103, 520.186, 33.782, 866.43775, 1710.74752, 62.826, 572612.328, 8424115.302, 343.842
104, 502.77, 33.288, 876.29176, 1702.14775, 60.936, 558497.618, 8393834.23, 333.61
105, 486.244, 31.17, 876.03465, 1693.32901, 59.152, 543442.59, 8363093.744, 322.154
106, 470.286, 30.972, 875.3713, 1685.69239, 57.344, 529162.874, 8331648.458, 311.74
107, 454.742, 29.806, 879.28605, 1676.74718, 55.346, 515118.81, 8299373.406, 301.744
108, 439.83, 28.492, 885.93289, 1668.0988, 53.654, 501114.922, 8266444.704, 291.494
109, 425.332, 27.896, 890.23516, 1660.12716, 51.81, 487994.128, 8232477.532, 282.078
110, 411.39, 26.934, 892.3294, 1651.64018, 50.204, 474884.486, 8198052.246, 272.75
111, 397.644, 26.076, 895.84292, 1642.18981, 48.698, 461909.62, 8163195.05, 263.874
112, 384.822, 25.1, 897.76892, 1634.55516, 46.534, 449678.884, 8127091.044, 255.262
113, 372.278, 24.202, 900.17354, 1624.34609, 45.136, 437420.332, 8090617.412, 246.872
114, 360.582, 23.27, 905.11388, 1615.33093, 43.77, 425355.13, 8053555.498, 238.068
115, 348.218, 22.56, 900.44326, 1608.00325, 42.43, 413340.822, 8016079.778, 230.562
116, 337.504, 21.898, 909.94611, 1597.03955, 40.518, 402216.91, 7977649.802, 222.656
117, 326.61, 21.194, 911.57875, 1589.33406, 39.674, 390984.726, 7939118.56, 215.07
118, 315.77, 20.586, 916.83669, 1578.71612, 38.31, 380238.82, 7900042.412, 208.186
119, 305.662, 19.762, 918.73292, 1570.16799, 36.852, 369622.352, 7860500.282, 201.204
120, 295.414, 19.358, 918.79326, 1560.8157, 36.144, 359237.47, 7820768.932, 194.666
121, 285.302, 18.636, 919.61794, 1551.84712, 35.058, 348939.358, 7780652.324, 188.356
122, 276.078, 17.886, 920.16102, 1542.64188, 33.386, 339161.448, 7739681.73, 182.08
123, 267.038, 17.234, 921.66647, 1533.10577, 32.216, 329514.252, 7698406.28, 176.138
124, 257.722, 16.984, 926.87235, 1523.01499, 31.68, 320196.048, 7657069.824, 170.758
125, 249.1, 16.49, 930.62462, 1514.84426, 30.3, 311283.922, 7615328.518, 165.57
126, 241.19, 15.596, 929.21262, 1506.26773, 28.92, 302510.172, 7572975.754, 160.156
127, 233.326, 15.144, 932.38246, 1495.64887, 28.298, 293875.072, 7530528.83, 154.866
128, 225.928, 14.872, 938.40775, 1486.60977, 27.068, 285800.888, 7487740.756, 150.068
129, 218.612, 14.178, 937.08563, 1478.25952, 26.18, 277704.364, 7444686.856, 145.382
130, 211.402, 13.568, 937.79481, 1468.42377, 25.734, 269346.854, 7401812.504, 140.426
131, 204.884, 13.202, 941.6755, 1457.20447, 24.77, 261475.664, 7358507.51, 135.376
132, 198.13, 12.618, 945.63322, 1450.58364, 24.1, 253605.99, 7315149.916, 130.648
133, 191.602, 12.466, 948.33948, 1439.51633, 23.2, 246220.326, 7271538.698, 126.442
134, 185.866, 12.0, 948.16667, 1431.98875, 22.266, 239138.822, 7227613.712, 121.912
135, 179.884, 11.73, 945.60955, 1421.02074, 21.704, 232151.45, 7183728.858, 117.92
136, 174.234, 11.348, 952.06204, 1412.50148, 20.826, 225555.65, 7139571.136, 114.092
137, 168.362, 10.974, 951.52178, 1402.19824, 20.546, 218905.98, 7095508.702, 110.392
138, 162.996, 10.894, 952.63448, 1393.81576, 19.522, 212791.158, 7051244.404, 107.13
139, 157.534, 10.124, 954.95851, 1383.0904, 19.146, 206340.952, 7007090.59, 103.57
140, 151.818, 10.11, 956.08309, 1375.62901, 18.62, 200195.916, 6962988.854, 100.776
141, 146.79, 9.45, 956.40212, 1365.6705, 17.77, 194177.806, 6918545.368, 97.484
142, 141.898, 9.352, 957.2284, 1357.10121, 17.178, 188582.262, 6873981.93, 94.55
143, 137.256, 8.924, 959.43523, 1348.78276, 16.692, 182925.814, 6829517.296, 91.424
144, 133.06, 8.52, 951.40845, 1338.99334, 15.81, 177404.038, 6784879.832, 88.33
145, 128.718, 8.588, 954.35491, 1328.70449, 15.77, 172120.078, 6740496.836, 85.49
146, 124.318, 8.064, 960.31746, 1319.44163, 15.31, 166691.79, 6696203.518, 82.644
147, 120.118, 7.762, 963.15383, 1310.74612, 14.798, 161416.666, 6651863.31, 79.808
148, 116.512, 7.70741, 961.25845, 1301.46091, 14.026, 156627.022, 6607380.258, 77.08
149, 112.354, 7.202, 966.39822, 1294.54511, 13.974, 151456.304, 6563292.792, 74.466
150, 108.746, 7.13427, 969.10112, 1282.96957, 13.27, 146809.442, 6518968.936, 71.924
151, 105.136, 6.902, 965.80701, 1273.75578, 12.706, 142481.008, 6474507.758, 69.73
152, 101.906, 6.842, 970.76878, 1264.99368, 12.478, 138220.958, 6430374.636, 67.324
153, 98.686, 6.44578, 967.60125, 1257.17514, 11.86, 134030.148, 6386163.726, 65.104
154, 95.322, 6.31526, 970.11129, 1247.30187, 11.696, 129858.924, 6342166.194, 63.062
155, 92.414, 5.99198, 972.57525, 1238.10213, 11.146, 125839.7, 6298236.898, 60.804
156, 89.19, 5.728, 966.48045, 1228.12392, 10.898, 121826.718, 6254358.222, 58.858
157, 86.176, 5.73747, 975.55012, 1218.18904, 10.52, 118183.554, 6210517.358, 57.078
158, 83.634, 5.54418, 973.19812, 1212.55006, 9.89, 114744.668, 6166653.38, 55.252
159, 80.644, 5.37702, 975.25309, 1204.71165, 9.944, 111163.534, 6123178.724, 53.632
160, 77.926, 5.01406, 977.57309, 1194.23105, 9.516, 107593.23, 6079761.476, 51.828
161, 75.23, 5.05231, 976.90163, 1184.68243, 9.284, 104215.07, 6036515.5, 50.262
162, 72.926, 4.71053, 982.38075, 1176.90814, 8.91, 100846.472, 5993341.462, 48.31
163, 70.516, 4.56112, 981.54657, 1168.20725, 8.592, 97656.35, 5950279.94, 46.68
164, 68.352, 4.54065, 978.51388, 1159.59332, 8.154, 94734.592, 5907223.616, 45.158
165, 66.146, 4.37678, 982.78269, 1152.16903, 7.996, 91772.184, 5864458.1, 43.666
166, 63.768, 4.17339, 983.09179, 1143.32482, 7.92, 88722.144, 5821988.592, 42.264
167, 61.932, 4.15152, 987.83455, 1132.69803, 7.324, 86179.18, 5779406.272, 40.886
168, 60.088, 3.90535, 981.03267, 1125.9855, 7.18, 83501.518, 5736978.64, 39.346
169, 58.108, 3.78689, 982.68398, 1117.96971, 7.156, 80676.292, 5694986.83, 37.866
170, 56.208, 3.66061, 988.4106, 1107.36404, 6.616, 78290.996, 5652875.79, 36.774
171, 54.312, 3.53512, 980.12858, 1100.90638, 6.604, 75716.292, 5611091.248, 35.488
172, 52.418, 3.5528, 983.68298, 1090.99941, 6.33667, 73346.96, 5569500.712, 34.49
173, 50.674, 3.45041, 982.63473, 1085.22243, 6.10621, 71090.276, 5528086.094, 33.48
174, 49.072, 3.34238, 985.00937, 1076.35257, 5.91383, 68903.356, 5486826.826, 32.382
175, 47.204, 3.21548, 985.6864, 1069.4066, 6.0, 66549.96, 5445980.162, 31.36
176, 45.872, 3.09485, 982.01199, 1060.21913, 5.356, 64590.302, 5404996.804, 30.338
177, 44.414, 3.00432, 984.90295, 1052.63942, 5.424, 62404.33, 5364371.84, 29.154
178, 42.756, 3.03347, 983.44828, 1043.65638, 5.42972, 60322.886, 5324109.728, 28.304
179, 41.36, 2.95532, 986.32109, 1034.98394, 4.9839, 58556.88, 5283774.766, 27.524
180, 39.952, 2.71645, 991.23506, 1028.45096, 5.01822, 56526.396, 5243809.97, 26.484
181, 38.528, 2.73171, 984.57792, 1020.93157, 4.77126, 54634.736, 5203970.808, 25.658
182, 37.314, 2.65208, 990.92409, 1012.14738, 4.62525, 52879.614, 5164362.98, 24.754
183, 36.246, 2.67568, 991.58249, 1005.9618, 4.35152, 51282.5, 5124854.028, 23.89
184, 35.114, 2.6875, 990.86379, 996.75105, 4.27181, 49818.022, 5085625.386, 23.218
185, 34.106, 2.57556, 987.92062, 989.78341, 4.03036, 48433.006, 5046518.112, 22.562
186, 32.972, 2.39013, 986.86679, 985.4173, 4.0587, 46832.404, 5007792.614, 21.818
187, 31.822, 2.46387, 991.48534, 973.25095, 4.0625, 45355.086, 4969271.07, 21.182
188, 30.936, 2.24138, 987.69231, 967.84735, 3.80913, 43890.26, 4930886.578, 20.346
189, 29.992, 2.25121, 990.34335, 960.44745, 3.71399, 42425.476, 4892785.39, 19.544
190, 28.806, 2.18052, 991.2854, 952.70659, 3.68595, 40973.946, 4854972.642, 18.998
191, 27.79, 2.26877, 991.46211, 943.29279, 3.5462, 39631.392, 4817399.478, 18.434
192, 26.868, 2.14914, 990.89875, 938.21699, 3.38046, 38389.652, 4779935.55, 17.862
193, 26.066, 2.12114, 995.52072, 931.82002, 3.22013, 37347.918, 4742613.32, 17.378
194, 25.344, 1.97462, 992.28792, 922.75, 3.20545, 36063.422, 4705633.58, 16.598
195, 24.504, 2.07323, 991.47381, 916.99386, 3.15417, 34877.178, 4668933.53, 16.052
196, 23.718, 2.04261, 995.09202, 904.11591, 3.02326, 33849.276, 4632410.948, 15.608
197, 22.876, 1.94937, 989.61039, 899.36745, 3.04034, 32729.8, 4596217.694, 15.126
198, 22.092, 1.91339, 989.02606, 894.23162, 2.86551, 31709.256, 4560137.87, 14.726
199, 21.356, 1.8067, 994.29387, 891.17934, 2.7679, 30735.896, 4524243.684, 14.312
200, 20.614, 1.68661, 994.93243, 880.28353, 2.7689, 29547.87, 4488684.552, 13.674
201, 20.05, 1.84167, 1001.5083, 872.40512, 2.57987, 28674.376, 4453267.534, 13.206
202, 19.368, 1.85556, 998.50299, 866.006, 2.60832, 27795.314, 4418165.516, 12.84
203, 18.874, 1.71745, 996.77419, 860.59385, 2.44719, 27009.502, 4383177.314, 12.396
204, 18.256, 1.75516, 1001.68067, 856.44295, 2.35189, 26240.566, 4348411.498, 12.092
205, 17.654, 1.68946, 1005.05902, 847.97651, 2.42793, 25432.77, 4313971.226, 11.724
206, 17.168, 1.66038, 1001.89394, 837.18336, 2.38407, 24599.694, 4279728.468, 11.23
207, 16.542, 1.60661, 1005.60748, 833.10595, 2.35535, 23750.562, 4245821.698, 10.858
208, 16.036, 1.66563, 1003.75235, 823.92897, 2.20323, 23048.906, 4212020.08, 10.522
209, 15.56, 1.51827, 1006.56455, 821.91087, 2.1957, 22240.98, 4178481.124, 10.072
210, 14.906, 1.51316, 1013.04348, 815.07296, 2.17577, 21477.756, 4145213.508, 9.814
211, 14.408, 1.48377, 1019.69365, 807.26609, 2.11408, 20774.066, 4112184.536, 9.484
212, 13.976, 1.56584, 1022.72727, 799.71556, 2.05679, 20132.872, 4079307.682, 9.13
213, 13.636, 1.52903, 1008.43882, 790.92678, 1.94789, 19626.02, 4046631.152, 8.848
214, 13.154, 1.49097, 1029.05569, 788.11529, 1.9902, 18953.152, 4014291.208, 8.532
215, 12.646, 1.42806, 1007.55668, 783.1175, 2.04988, 18221.26, 3982213.44, 8.19
216, 12.122, 1.46743, 1031.33159, 774.29114, 1.97423, 17586.586, 3950356.038, 7.96393
217, 11.658, 1.34962, 1025.06964, 771.89674, 1.93655, 16886.022, 3918750.53, 7.604
218, 11.316, 1.31008, 1047.33728, 766.78814, 1.79737, 16321.858, 3887257.226, 7.256
219, 10.864, 1.43902, 1039.54802, 759.1087, 1.84973, 15797.236, 3855994.212, 7.062
220, 10.504, 1.41096, 1064.72492, 749.65957, 1.74148, 15285.864, 3824945.792, 6.814
221, 10.188, 1.37052, 1069.76744, 744.86957, 1.69492, 14881.076, 3794119.52, 6.618
222, 9.906, 1.3178, 1125.40193, 738.69429, 1.6257, 14486.12, 3763512.954, 6.358
223, 9.654, 1.26027, 1076.08696, 732.42088, 1.68657, 14000.442, 3733170.3, 6.032
224, 9.306, 1.26638, 1106.89655, 724.80374, 1.64368, 13548.022, 3703066.65, 5.816
225, 8.958, 1.2973, 1065.97222, 726.74593, 1.61043, 13148.56, 3673143.846, 5.71285
226, 8.654, 1.29412, 1115.38462, 714.02194, 1.59048, 12818.978, 3643425.286, 5.59759
227, 8.29, 1.27957, 1142.85714, 715.80882, 1.56563, 12398.504, 3613956.304, 5.42369
228, 8.01002, 1.33838, 1113.20755, 706.08814, 1.57516, 12060.28, 3584681.426, 5.30645
229, 7.73747, 1.26316, 1191.66667, 697.40909, 1.59416, 11688.464, 3555669.152, 5.0746
230, 7.41683, 1.25532, 1211.86441, 690.32168, 1.56997, 11357.894, 3526864.42, 4.9257
231, 7.18036, 1.31818, 1172.41379, 688.32026, 1.44558, 11130.9, 3498203.122, 4.83333
232, 6.91767, 1.19487, 1201.71674, 686.66071, 1.47038, 10875.936, 3469797.45, 4.73092
233, 6.7249, 1.26816, 1180.61674, 679.17537, 1.39015, 10667.372, 3441537.4, 4.63327
234, 6.41165, 1.24419, 1168.2243, 672.172, 1.40625, 10371.336, 3413567.572, 4.58149
235, 6.25151, 1.24432, 1141.55251, 672.06, 1.36331, 10108.76, 3385835.302, 4.42369
236, 5.98381, 1.21311, 1274.77477, 663.49117, 1.46014, 9873.094, 3358356.628, 4.36345
237, 5.77642, 1.24277, 1190.69767, 655.31641, 1.36735, 9711.06, 3330997.97, 4.36016
238, 5.58215, 1.15094, 1240.43716, 653.60793, 1.30952, 9503.528, 3303816.608, 4.24547
239, 5.32245, 1.16901, 1168.6747, 642.95876, 1.44167, 9190.164, 3276928.884, 4.19838
240, 5.11585, 1.15244, 1275.13228, 638.74689, 1.33898, 9031.618, 3250209.594, 4.12551
241, 4.94512, 1.21622, 1244.44444, 630.83036, 1.35556, 8861.046, 3223697.794, 4.02621
242, 4.78745, 1.16197, 1315.15152, 628.8894, 1.32159, 8666.538, 3197392.418, 3.89899
243, 4.57317, 1.16084, 1253.01205, 625.92788, 1.39367, 8423.444, 3171357.408, 3.83669
244, 4.47531, 1.22481, 1259.49367, 619.73367, 1.28899, 8201.276, 3145494.652, 3.76268
245, 4.36232, 1.07317, 1356.06061, 613.50838, 1.29189, 8053.716, 3119727.356, 3.67611
246, 4.21042, 1.15179, 1395.34884, 614.37778, 1.315, 7875.94, 3094222.554, 3.57895
247, 4.07113, 1.10092, 1408.33333, 606.02959, 1.295, 7660.914, 3068946.538, 3.4918
248, 3.87683, 1.21277, 1315.78947, 605.20667, 1.31841, 7390.37, 3043903.378, 3.36475
249, 3.78692, 1.14516, 1436.61972, 597.63725, 1.22632, 7279.558, 3019039.912, 3.31893
250, 3.64392, 1.16822, 1496.0, 586.21925, 1.2809, 7155.102, 2994334.154, 3.25051
251, 3.48172, 1.14167, 1503.64964, 586.33495, 1.23118, 7077.834, 2969852.798, 3.26639
252, 3.36188, 1.18085, 1468.46847, 580.56442, 1.23313, 6977.498, 2945476.686, 3.20868
253, 3.2334, 1.10309, 1429.90654, 573.14379, 1.22727, 6839.386, 2921335.87, 3.18295
254, 3.1128, 1.05435, 1484.53608, 573.35417, 1.22941, 6625.244, 2897437.706, 3.1125
255, 3.01762, 1.13333, 1478.9916, 564.36364, 1.17722, 6567.39078, 2873704.85, 3.10833
256, 2.90529, 1.14563, 1635.59322, 561.04663, 1.2028, 6555.00401, 2850057.29058, 3.12815
257, 2.80222, 1.07229, 1595.50562, 558.49296, 1.17037, 6465.25852, 2826643.31663, 3.09853
258, 2.73394, 1.15476, 1577.31959, 547.90196, 1.16438, 6383.26506, 2803468.93587, 3.08368
259, 2.70023, 1.10417, 1613.20755, 550.97661, 1.15328, 6348.43173, 2780434.11847, 3.06933
260, 2.61501, 1.05882, 1811.11111, 544.93865, 1.17949, 6235.46988, 2757672.4257, 3.02521
261, 2.48916, 1.10127, 1862.06897, 536.10494, 1.16312, 6149.17137, 2735133.29518, 2.94979
262, 2.40482, 1.07895, 1670.73171, 531.64234, 1.18699, 6021.02016, 2712705.05242, 2.9135
263, 2.34634, 1.07143, 1700.0, 527.85621, 1.20472, 5941.18586, 2690474.31653, 2.88085
264, 2.29353, 1.0, 1569.23077, 528.84314, 1.15323, 5814.01822, 2668307.04242, 2.8
265, 2.25954, 1.02899, 1915.49296, 522.73529, 1.21296, 5804.73931, 2646346.78138, 2.73305
266, 2.20619, 1.05797, 1890.41096, 517.52899, 1.2, 5780.30612, 2624557.75764, 2.71277
267, 2.14136, 1.09677, 1529.41176, 518.10577, 1.15152, 5677.03885, 2602952.97755, 2.68432
268, 2.10933, 1.08929, 1868.85246, 503.13158, 1.1165, 5607.55328, 2581571.71984, 2.6327
269, 2.0303, 1.08772, 2048.3871, 501.66142, 1.14545, 5545.50513, 2560351.61475, 2.61702
270, 2.01408, 1.10345, 2093.75, 507.73881, 1.13265, 5503.96914, 2539324.7269, 2.55297
271, 1.96264, 1.03509, 2355.9322, 493.41007, 1.16832, 5435.65979, 2518435.12757, 2.49576
272, 1.95294, 1.15094, 1606.55738, 491.81633, 1.12195, 5412.14108, 2497811.22268, 2.49679
273, 1.94065, 1.05357, 2254.23729, 494.21805, 1.0875, 5431.40125, 2477160.21369, 2.49024
274, 1.86826, 1.1, 1527.27273, 491.78571, 1.12195, 5349.81913, 2456689.87318, 2.49672
275, 1.81346, 1.02041, 1660.0, 477.63855, 1.11957, 5269.64435, 2436563.57588, 2.44858
276, 1.81538, 1.04651, 2444.44444, 479.45455, 1.09859, 5224.76151, 2416423.54603, 2.37773
277, 1.78095, 1.06, 1490.56604, 478.16456, 1.09877, 5133.10063, 2396552.58368, 2.36761
278, 1.75497, 1.01786, 2649.12281, 463.17881, 1.09524, 5236.64119, 2376922.86792, 2.41163
279, 1.7415, 1.09091, 1666.66667, 468.13333, 1.05, 5113.07889, 2357255.06582, 2.36569
280, 1.7614, 1.04762, 2000.0, 462.93182, 1.11594, 5087.95043, 2337871.59915, 2.36175
281, 1.74286, 1.03125, 1909.09091, 449.1746, 1.05882, 5010.92174, 2318548.77586, 2.32558
282, 1.73818, 1.0, 3085.10638, 451.74483, 1.10938, 5076.46711, 2299556.28696, 2.30374
283, 1.71062, 1.02381, 2046.51163, 452.54545, 1.08475, 5054.30617, 2280505.10526, 2.29108
284, 1.66923, 1.0, 1793.10345, 455.96154, 1.11594, 4990.96429, 2261753.69383, 2.26651
285, 1.64341, 1.02564, 2675.0, 447.31776, 1.05085, 5034.4843, 2242965.00446, 2.26492
286, 1.672, 1.0, 2685.71429, 442.55319, 1.12963, 5010.76404, 2224497.76009, 2.24396
287, 1.62249, 1.06897, 1903.22581, 439.16949, 1.03571, 4904.82619, 2206210.00449, 2.23415
288, 1.62241, 1.0, 3100.0, 428.6129, 1.08696, 4973.32653, 2187953.56208, 2.21707
289, 1.61925, 1.03571, 2620.68966, 435.76316, 1.07407, 4938.01831, 2169939.69841, 2.17199
290, 1.62609, 1.07143, 2333.33333, 435.15714, 1.01786, 4910.38337, 2151968.36156, 2.14286
291, 1.58744, 1.0, 2939.39394, 433.15464, 1.11268, 4853.37442, 2134231.21247, 2.10474
292, 1.56054, 1.06452, 1666.66667, 411.12727, 1.07273, 4708.47775, 2116710.60465, 2.08608
293, 1.51852, 1.03846, 2777.77778, 408.86667, 1.06154, 4618.07981, 2099263.55269, 2.06701
294, 1.48325, 1.0, 2318.18182, 419.68627, 1.06557, 4575.56429, 2082086.58216, 2.02344
295, 1.46766, 1.0, 2476.19048, 404.07692, 1.10638, 4540.51914, 2064775.88095, 1.97662
296, 1.46632, 1.0, 1941.17647, 397.27273, 1.05769, 4431.85301, 2047861.56938, 1.9496
297, 1.45789, 1.0, 1652.17391, 409.63158, 1.125, 4391.47445, 2030964.08193, 1.91223
298, 1.49451, 1.05263, 2850.0, 388.68421, 1.02326, 4376.52088, 2014261.84428, 1.86667
299, 1.48588, 1.09524, 3043.47826, 393.25714, 1.0, 4324.95771, 1997715.38084, 1.83602
300, 1.47126, 1.0, 2500.0, 410.26667, 1.05263, 4260.33166, 1981259.31095, 1.81522
301, 1.38372, 1.07692, 4500.0, 393.95238, 1.11628, 4259.54962, 1964805.96985, 1.81111
302, 1.33728, 1.0, 6750.0, 385.56481, 1.04878, 4296.69487, 1948704.77354, 1.79437
303, 1.30769, 1.07143, 2800.0, 379.02381, 1.10811, 4170.74352, 1932748.41026, 1.78035
304, 1.31169, 1.0, 4666.66667, 377.45714, 1.02273, 4233.16446, 1916917.43264, 1.77941
305, 1.31847, 1.0, 2923.07692, 380.28947, 1.0, 4281.49459, 1900947.24934, 1.75375
306, 1.3141, 1.0, 1333.33333, 387.25, 1.03571, 4242.23562, 1885133.01081, 1.72036
307, 1.30263, 1.0, 2272.72727, 367.68, 1.0, 4229.52778, 1869498.89863, 1.72274
308, 1.29932, 1.0, 4214.28571, 364.71186, 1.03571, 4282.11549, 1853990.06111, 1.73016
309, 1.30986, 1.0, 2714.28571, 358.92105, 1.03226, 4319.19828, 1838841.81408, 1.71613
310, 1.30935, 1.1, 7545.45455, 362.84337, 1.0, 4426.51884, 1823474.8477, 1.69381
311, 1.35606, 1.08333, 3153.84615, 353.46341, 1.0, 4415.57434, 1808351.88696, 1.68771
312, 1.35606, 1.0, 5181.81818, 358.0, 1.0, 4503.59172, 1793488.38192, 1.65993
313, 1.31148, 1.0, 7777.77778, 352.38571, 1.02941, 4504.58133, 1778808.64793, 1.65306
314, 1.28571, 1.0, 3000.0, 361.02778, 1.05263, 4530.20973, 1763794.33133, 1.67241
315, 1.29464, 1.0, 4600.0, 344.47826, 1.03333, 4518.53727, 1749288.77508, 1.6386
316, 1.30435, 1.0, 1600.0, 331.75, 1.0, 4406.45794, 1734702.91925, 1.60498
317, 1.27523, 1.0, 3500.0, 329.32143, 1.0, 4405.56369, 1720605.07165, 1.60289
318, 1.30841, 1.0, 1500.0, 358.0, 1.0, 4344.85161, 1706217.47134, 1.55882
319, 1.29474, 1.0, 1444.44444, 331.07692, 1.0, 4223.38667, 1692324.08387, 1.55263
320, 1.24211, 1.0, 1333.33333, 333.375, 1.08, 4098.02357, 1678198.18667, 1.52107
321, 1.24211, 1.0, 2000.0, 325.75, 1.0, 3980.93174, 1664306.0404, 1.50394
322, 1.21176, 1.0, 6333.33333, 341.89474, 1.0, 3911.70383, 1650744.00683, 1.48606
323, 1.19767, 1.0, 3555.55556, 327.40625, 1.0, 3957.71886, 1636951.24739, 1.47581
324, 1.16854, 1.0, 4444.44444, 324.525, 1.0, 4059.34182, 1623491.76512, 1.48963
325, 1.20455, 1.0, 6000.0, 322.16667, 1.06667, 4099.61481, 1610173.93455, 1.45992
326, 1.20879, 1.0, 3142.85714, 323.63636, 1.0, 3951.85393, 1596721.54444, 1.4329
327, 1.2, 1.0, 7833.33333, 312.21277, 1.06667, 4070.13688, 1583462.17228, 1.42424
328, 1.2375, 1.0, 7250.0, 327.93103, 1.04762, 4151.73518, 1570538.41445, 1.42081
329, 1.23377, 1.0, 1000.0, 286.25, 1.0, 4110.27869, 1557665.3913, 1.40187
330, 1.22785, 1.14286, 1750.0, 311.92857, 1.0, 4055.93724, 1544532.94262, 1.41951
331, 1.20253, 1.0, 8000.0, 305.75, 1.05882, 3922.30769, 1531860.61925, 1.385
332, 1.19444, 1.0, 1500.0, 311.33333, 1.0, 4017.81279, 1519462.71368, 1.38298
333, 1.18182, 1.0, 1500.0, 288.33333, 1.0, 3956.71831, 1506784.71233, 1.34409
334, 1.16923, 1.0, 2000.0, 258.5, 1.0, 3953.29327, 1494307.60094, 1.33149
335, 1.17188, 1.0, 9500.0, 279.84211, 1.0, 3808.02488, 1482113.80288, 1.31609
336, 1.18182, 0.0, 0.0, 0.0, 1.0, 3756.8731, 1469586.73632, 1.28313
337, 1.21538, 1.0, 11000.0, 301.60606, 1.0, 3896.48205, 1457028.45685, 1.29193
338, 1.24194, 0.0, 0.0, 0.0, 1.08333, 3754.45263, 1445239.28205, 1.27922
339, 1.26667, 1.0, 1000.0, 277.5, 1.0, 3834.92222, 1433183.38947, 1.27586
340, 1.17742, 0.0, 0.0, 0.0, 1.07692, 3637.64804, 1420814.35, 1.26087
341, 1.125, 1.0, 9750.0, 277.05128, 1.0, 3821.01156, 1409204.55307, 1.23134
342, 1.09524, 1.0, 5500.0, 277.72727, 1.0, 3662.87647, 1397418.64162, 1.22481
343, 1.08197, 1.0, 2000.0, 260.5, 1.0, 3577.96319, 1385978.41176, 1.2
344, 1.07937, 1.0, 2250.0, 279.0, 1.0, 3641.40252, 1374323.76687, 1.18852
345, 1.12903, 1.0, 5250.0, 266.09524, 1.0, 3517.51613, 1363181.41509, 1.20175
346, 1.12281, 1.0, 2333.33333, 266.85714, 1.0, 3296.16327, 1352345.88387, 1.19266
347, 1.11765, 1.0, 1500.0, 251.0, 1.0, 3283.40426, 1340678.85034, 1.20755
348, 1.09259, 0.0, 0.0, 0.0, 1.0, 3278.86765, 1329257.47518, 1.17647
349, 1.1, 1.0, 2500.0, 257.6, 1.0, 3411.74803, 1318506.18382, 1.19792
350, 1.10638, 0.0, 0.0, 0.0, 1.0, 3395.104, 1307310.72441, 1.18947
351, 1.11628, 0.0, 0.0, 0.0, 1.0, 3407.55833, 1296826.44, 1.17391
352, 1.07692, 0.0, 0.0, 0.0, 1.0, 3422.01724, 1286134.05833, 1.16484
353, 1.05263, 1.0, 3000.0, 251.33333, 1.0, 3210.07965, 1275605.60345, 1.16854
354, 1.05405, 1.0, 1000.0, 316.0, 1.0, 3253.96364, 1264924.10619, 1.17045
355, 1.12121, 1.0, 1000.0, 248.0, 1.0, 3227.66019, 1254933.8, 1.17073
356, 1.09677, 0.0, 0.0, 0.0, 1.0, 2993.54455, 1244100.05825, 1.13924
357, 1.06452, 1.0, 1000.0, 291.0, 1.0, 2996.47959, 1233822.87129, 1.11842
358, 1.10345, 1.0, 3500.0, 253.42857, 1.0, 3105.94505, 1223792.11224, 1.11111
359, 1.07143, 0.0, 0.0, 0.0, 1.0, 3014.67045, 1213567.43956, 1.11594
360, 1.11111, 0.0, 0.0, 0.0, 1.0, 3035.34524, 1203883.625, 1.12308
361, 1.13636, 0.0, 0.0, 0.0, 1.0, 3031.34177, 1193963.35714, 1.10938
362, 1.16667, 0.0, 0.0, 0.0, 1.0, 2996.40789, 1183986.78481, 1.09524
363, 1.11765, 1.0, 4500.0, 245.66667, 1.0, 3129.78378, 1173555.57895, 1.1129
364, 1.13333, 1.0, 10000.0, 229.6, 1.0, 3325.6, 1163871.37838, 1.13333
365, 1.125, 0.0, 0.0, 0.0, 1.0, 3108.65714, 1154279.9, 1.10169
366, 1.11765, 0.0, 0.0, 0.0, 1.0, 3142.73529, 1144851.65714, 1.10714
367, 1.11765, 0.0, 0.0, 0.0, 1.0, 3061.50746, 1135260.88235, 1.11111
368, 1.125, 1.0, 2000.0, 227.0, 1.0, 3102.77273, 1125561.14925, 1.12963
369, 1.125, 0.0, 0.0, 0.0, 1.0, 3097.1875, 1116366.72727, 1.13725
370, 1.125, 0.0, 0.0, 0.0, 1.0, 3121.7377, 1107240.89063, 1.14583
371, 1.14286, 0.0, 0.0, 0.0, 1.0, 3026.7193, 1098373.16393, 1.15217
372, 1.14286, 0.0, 0.0, 0.0, 1.0, 3040.39286, 1088642.98246, 1.15556
373, 1.06667, 1.0, 1000.0, 256.0, 1.0, 3049.6, 1079498.73214, 1.16279
374, 1.07692, 0.0, 0.0, 0.0, 1.0, 3073.60377, 1070941.34545, 1.13953
375, 1.06667, 0.0, 0.0, 0.0, 1.0, 2732.21569, 1062412.16981, 1.12821
376, 1.0625, 0.0, 0.0, 0.0, 1.0, 2758.7551, 1053406.68627, 1.11111
377, 1.0, 1.0, 16000.0, 213.125, 1.0, 3110.14894, 1044758.55102, 1.11111
378, 1.0, 0.0, 0.0, 0.0, 0.0, 3084.78723, 1035977.95745, 1.11111
379, 1.0, 0.0, 0.0, 0.0, 1.0, 3182.84091, 1027752.74468, 1.11429
380, 1.0, 0.0, 0.0, 0.0, 1.0, 3199.5814, 1019064.54545, 1.125
381, 1.0, 0.0, 0.0, 0.0, 1.0, 3289.87805, 1010960.18605, 1.09375
382, 1.0, 0.0, 0.0, 0.0, 0.0, 3263.36585, 1002276.02439, 1.09677
383, 1.0, 0.0, 0.0, 0.0, 1.0, 3223.80488, 993952.5122, 1.09677
384, 1.0, 1.0, 6000.0, 208.83333, 1.0, 3368.75, 985912.26829, 1.1
385, 1.0, 0.0, 0.0, 0.0, 1.0, 3368.5641, 977438.25, 1.07407
386, 1.0, 0.0, 0.0, 0.0, 1.0, 3418.21053, 969149.05128, 1.07407
387, 1.0, 0.0, 0.0, 0.0, 1.0, 3403.78378, 961025.0, 1.07692
388, 1.0, 0.0, 0.0, 0.0, 1.0, 3431.22857, 953240.7027, 1.08
389, 1.0, 0.0, 0.0, 0.0, 1.0, 3244.51429, 945231.91429, 1.08333
390, 1.0, 0.0, 0.0, 0.0, 1.0, 3115.66667, 937987.11429, 1.08696
391, 1.0, 0.0, 0.0, 0.0, 1.0, 2934.4375, 930185.81818, 1.08696
392, 1.0, 0.0, 0.0, 0.0, 1.0, 2838.90625, 922739.125, 1.09524
393, 1.0, 0.0, 0.0, 0.0, 1.0, 2890.29032, 915198.3125, 1.09524
394, 1.0, 0.0, 0.0, 0.0, 1.0, 2997.41379, 907733.35484, 1.09524
395, 1.0, 0.0, 0.0, 0.0, 1.0, 2590.82143, 900622.2069, 1.1
396, 1.0, 0.0, 0.0, 0.0, 1.0, 2639.0, 892501.32143, 1.10526
397, 1.0, 0.0, 0.0, 0.0, 1.0, 2679.8, 885480.18519, 1.05556
398, 1.0, 0.0, 0.0, 0.0, 0.0, 2656.48, 878274.84, 1.05556
399, 1.0, 0.0, 0.0, 0.0, 0.0, 2635.04, 870947.32, 1.05882
400, 1.0, 0.0, 0.0, 0.0, 1.0, 2702.29167, 863746.96, 1.0625
401, 1.0, 0.0, 0.0, 0.0, 1.0, 2521.95652, 856608.95833, 1.06667
402, 1.0, 1.0, 15000.0, 162.4, 1.0, 3248.14286, 849747.08696, 1.06667
403, 1.0, 0.0, 0.0, 0.0, 0.0, 3219.71429, 842172.90476, 1.06667
404, 1.0, 0.0, 0.0, 0.0, 0.0, 3193.80952, 835158.52381, 1.07143
405, 1.0, 0.0, 0.0, 0.0, 0.0, 3168.71429, 828244.19048, 1.0
406, 1.0, 0.0, 0.0, 0.0, 1.0, 3245.05, 821641.52381, 1.0
407, 1.0, 0.0, 0.0, 0.0, 1.0, 3442.22222, 814926.95, 1.0
408, 1.0, 0.0, 0.0, 0.0, 0.0, 3413.77778, 807985.88889, 1.0
409, 1.0, 0.0, 0.0, 0.0, 0.0, 3387.61111, 801174.88889, 1.0
410, 1.0, 0.0, 0.0, 0.0, 1.0, 3530.70588, 794546.94444, 1.0
411, 1.0, 0.0, 0.0, 0.0, 1.0, 3616.9375, 788305.52941, 1.0
412, 1.0, 0.0, 0.0, 0.0, 1.0, 3720.0, 780889.9375, 1.0
413, 1.0, 0.0, 0.0, 0.0, 1.0, 3650.08333, 775603.64286, 1.0
414, 1.0, 0.0, 0.0, 0.0, 0.0, 3621.25, 767959.41667, 1.0
415, 1.0, 0.0, 0.0, 0.0, 0.0, 3591.16667, 761505.33333, 1.0
416, 1.0, 0.0, 0.0, 0.0, 1.0, 3579.81818, 755740.25, 1.0
417, 1.0, 0.0, 0.0, 0.0, 0.0, 3550.54545, 749084.90909, 1.0
418, 1.0, 0.0, 0.0, 0.0, 0.0, 3524.45455, 742858.63636, 1.0
419, 1.0, 0.0, 0.0, 0.0, 0.0, 3497.09091, 736690.54545, 1.0
420, 1.0, 0.0, 0.0, 0.0, 1.0, 3712.0, 731119.63636, 1.0
421, 0.0, 0.0, 0.0, 0.0, 1.0, 4485.625, 725111.5, 1.0
422, 1.0, 0.0, 0.0, 0.0, 0.0, 4448.125, 718917.375, 1.0
423, 1.0, 0.0, 0.0, 0.0, 0.0, 4409.5, 713043.75, 1.0
424, 1.0, 0.0, 0.0, 0.0, 0.0, 4374.0, 707146.125, 1.0
425, 1.0, 0.0, 0.0, 0.0, 1.0, 4583.71429, 701596.375, 1.0
426, 1.0, 0.0, 0.0, 0.0, 1.0, 3261.83333, 698188.42857, 1.0
427, 1.0, 0.0, 0.0, 0.0, 1.0, 3786.6, 689930.0, 1.0
428, 1.0, 0.0, 0.0, 0.0, 0.0, 3754.8, 682766.4, 1.0
429, 1.0, 0.0, 0.0, 0.0, 0.0, 3724.6, 677175.4, 1.0
430, 1.0, 0.0, 0.0, 0.0, 0.0, 3694.8, 671503.4, 1.0
431, 1.0, 0.0, 0.0, 0.0, 0.0, 3665.8, 665890.0, 1.0
432, 1.0, 0.0, 0.0, 0.0, 0.0, 3633.4, 660271.8, 1.0
433, 1.0, 0.0, 0.0, 0.0, 0.0, 3608.0, 654710.8, 1.0
434, 1.0, 0.0, 0.0, 0.0, 0.0, 3580.0, 649218.6, 1.0
435, 1.0, 0.0, 0.0, 0.0, 1.0, 4219.5, 644499.6, 1.0
436, 1.0, 0.0, 0.0, 0.0, 0.0, 4189.0, 638862.25, 1.0
437, 1.0, 0.0, 0.0, 0.0, 1.0, 5390.33333, 633877.0, 1.0
438, 1.0, 0.0, 0.0, 0.0, 0.0, 5347.66667, 630410.66667, 1.0
439, 1.0, 0.0, 0.0, 0.0, 1.0, 7407.0, 627299.66667, 1.0
440, 1.0, 0.0, 0.0, 0.0, 0.0, 7352.0, 618889.0, 1.0
441, 1.0, 0.0, 0.0, 0.0, 0.0, 7296.5, 613677.5, 1.0
442, 1.0, 0.0, 0.0, 0.0, 0.0, 7236.0, 608448.5, 1.0
443, 1.0, 0.0, 0.0, 0.0, 0.0, 7161.0, 603507.0, 1.0
444, 1.0, 0.0, 0.0, 0.0, 0.0, 7103.5, 598524.0, 1.0
445, 1.0, 0.0, 0.0, 0.0, 0.0, 7044.5, 593461.0, 1.0
446, 1.0, 0.0, 0.0, 0.0, 0.0, 6991.5, 588618.0, 1.0
447, 1.0, 0.0, 0.0, 0.0, 0.0, 6936.0, 583673.0, 1.0
448, 1.0, 0.0, 0.0, 0.0, 0.0, 6880.0, 578838.5, 1.0
449, 1.0, 0.0, 0.0, 0.0, 0.0, 6829.5, 574023.5, 1.0
450, 1.0, 0.0, 0.0, 0.0, 0.0, 6778.0, 569090.0, 1.0
451, 1.0, 0.0, 0.0, 0.0, 0.0, 6721.5, 564250.0, 1.0
452, 1.0, 0.0, 0.0, 0.0, 0.0, 6666.0, 559592.0, 0.0
453, 1.0, 0.0, 0.0, 0.0, 1.0, 9811.0, 558414.0, 0.0
454, 1.0, 0.0, 0.0, 0.0, 0.0, 9733.0, 548277.0, 0.0
455, 1.0, 0.0, 0.0, 0.0, 0.0, 9655.0, 543670.0, 0.0
456, 1.0, 0.0, 0.0, 0.0, 0.0, 9572.0, 539231.0, 0.0
457, 0.0, 0.0, 0.0, 0.0, 1.0, 0.0, 546108.0, 0.0
