time, seeders, joined, request_count, response_size, left, awareness, bad_data, leechers
0, 0.0, 0.0, 0.0, 0.0, 0.0, 1001.0, 0.0, 0.0
1, 0.0, 710.058, 497.6016, 16.3143, 0.0, 317150.784, 0.0, 710.058
2, 0.0, 337.248, 459.89005, 39.19263, 35.542, 440232.13, 16778.102, 1012.764
3, 0.0, 326.264, 447.5762, 53.6658, 33.252, 557897.938, 31816.062, 1305.776
4, 0.0, 316.518, 436.24059, 67.53651, 40.442, 663197.836, 50012.286, 1581.852
5, 0.0, 305.548, 427.23238, 80.57884, 46.828, 757313.668, 70889.952, 1840.572
6, 0.0, 295.544, 418.1577, 93.03138, 52.312, 841578.536, 94099.392, 2083.804
7, 0.0, 285.272, 410.2716, 104.66259, 58.33, 916882.954, 119601.01, 2310.746
8, 0.0, 277.116, 403.76954, 115.88159, 63.968, 984816.116, 147305.246, 2523.894
9, 0.0, 267.4, 396.67539, 126.39764, 69.276, 1045262.08, 177116.236, 2722.018
10, 0.0, 258.19, 390.59607, 136.54927, 73.74, 1099410.758, 208459.53, 2906.468
11, 552.012, 249.91, 384.60246, 145.9771, 64.52, 1150816.602, 234880.34, 2539.846
12, 797.852, 242.44, 380.13529, 154.83632, 79.716, 1193228.83, 267719.936, 2456.73
13, 1034.686, 233.992, 376.55988, 163.21862, 78.086, 1232971.082, 299191.392, 2375.802
14, 1259.284, 225.794, 372.67598, 171.30418, 80.072, 1268794.0, 331228.366, 2296.926
15, 1472.776, 218.412, 368.46877, 178.91204, 80.602, 1301600.48, 363054.66, 2221.244
16, 1675.02, 212.522, 363.73646, 186.30505, 82.766, 1331275.208, 395451.15, 2148.756
17, 1866.134, 205.53, 363.10514, 193.25621, 83.352, 1358898.134, 427545.462, 2079.82
18, 2047.504, 197.164, 359.63969, 199.91182, 85.2, 1383162.89, 460148.968, 2010.414
19, 2218.606, 190.532, 356.90068, 206.27783, 86.794, 1404862.288, 493072.048, 1943.05
20, 2379.53, 185.746, 354.65097, 212.42402, 87.6, 1424728.048, 526149.188, 1880.272
21, 2531.514, 178.26, 352.83855, 218.29502, 88.57, 1442207.272, 559305.002, 1817.978
22, 2675.218, 173.558, 350.96049, 223.79708, 89.018, 1458157.566, 592375.078, 1758.814
23, 2810.206, 166.518, 348.27466, 229.12684, 90.236, 1471758.814, 625630.374, 1700.108
24, 2936.528, 162.89, 348.35165, 234.21368, 91.158, 1484397.034, 658803.31, 1645.518
25, 3056.086, 156.306, 346.10316, 239.18178, 91.236, 1495175.196, 691814.224, 1591.03
26, 3168.348, 151.33, 345.30496, 243.94416, 92.768, 1504222.364, 725296.718, 1537.33
27, 3272.694, 145.65, 345.00515, 248.24939, 92.726, 1512014.14, 758433.774, 1485.908
28, 3369.56, 142.25, 342.72056, 252.6812, 93.136, 1518687.682, 791572.224, 1438.156
29, 3459.938, 136.466, 342.50289, 256.67482, 93.138, 1524044.086, 824477.008, 1391.106
30, 3544.756, 132.422, 341.87673, 260.8166, 93.504, 1528416.982, 857226.84, 1345.206
31, 3622.68, 128.044, 341.61694, 264.40165, 93.982, 1531673.86, 889993.744, 1301.344
32, 3695.648, 124.394, 340.21737, 268.15304, 94.24, 1533824.964, 922848.008, 1258.53
33, 3761.962, 119.554, 339.66241, 271.71001, 94.102, 1534913.102, 955448.158, 1217.668
34, 3825.324, 116.47, 339.65828, 274.86092, 93.678, 1535587.662, 987536.43, 1177.098
35, 3881.828, 111.616, 338.688, 278.10809, 94.18, 1534928.172, 1019731.238, 1138.03
36, 3933.378, 109.666, 339.00206, 281.26705, 94.142, 1533942.614, 1051710.528, 1102.004
37, 3980.596, 104.65, 339.63688, 284.14408, 93.638, 1532010.016, 1083363.39, 1065.798
38, 4023.67, 101.488, 339.80372, 286.96854, 93.95, 1529398.736, 1114902.018, 1030.262
39, 4061.48, 97.916, 340.53679, 289.66372, 93.554, 1526183.01, 1146106.202, 996.814
40, 4095.218, 94.948, 339.94397, 292.16114, 93.654, 1522408.942, 1176996.146, 964.37
41, 4124.546, 91.548, 341.82068, 294.62222, 93.368, 1517950.37, 1207859.052, 933.222
42, 4151.602, 89.088, 340.65194, 296.97094, 92.732, 1513137.198, 1238224.142, 902.522
43, 4175.006, 86.302, 340.1891, 299.32985, 92.366, 1507732.336, 1268419.366, 873.054
44, 4194.84, 82.96, 340.64609, 301.565, 92.64, 1501588.422, 1298509.578, 843.54
45, 4211.362, 80.632, 340.99365, 303.52195, 90.708, 1495492.676, 1327719.95, 816.942
46, 4225.788, 77.922, 342.21401, 305.53353, 90.598, 1488772.006, 1356938.858, 789.84
47, 4235.786, 75.234, 343.31552, 307.48875, 90.938, 1481578.026, 1385945.458, 764.138
48, 4243.738, 72.902, 343.74914, 309.35535, 90.004, 1474078.352, 1414577.73, 739.084
49, 4248.5, 70.352, 343.82818, 310.9126, 89.24, 1466260.94, 1442743.51, 715.434
50, 4251.004, 68.086, 345.09297, 312.76132, 88.976, 1458008.988, 1470783.97, 692.04
51, 4251.118, 66.32, 345.1146, 314.3913, 88.554, 1449444.246, 1498593.12, 669.692
52, 4249.026, 63.372, 345.04197, 316.1061, 87.974, 1440357.316, 1526071.894, 647.182
53, 4244.642, 61.762, 347.13902, 317.31026, 87.252, 1431154.36, 1553229.598, 626.076
54, 4237.096, 59.952, 346.2937, 318.77424, 87.484, 1421590.414, 1580184.346, 606.09
55, 4228.428, 57.804, 347.3981, 319.91325, 86.418, 1411794.364, 1606713.598, 586.144
56, 4217.854, 55.566, 352.24778, 321.18904, 85.51, 1401944.798, 1632763.31, 566.774
57, 4205.636, 53.73, 347.83175, 322.116, 84.72, 1391729.198, 1658379.492, 548.002
58, 4191.616, 52.632, 350.1102, 323.16394, 84.66, 1381370.598, 1683885.926, 529.994
59, 4176.414, 50.34, 352.62217, 324.50932, 83.106, 1370991.358, 1708690.216, 512.43
60, 4159.558, 48.996, 354.4371, 325.57169, 82.4, 1360473.806, 1733244.216, 495.882
61, 4141.056, 47.51, 353.35719, 326.61478, 82.17, 1349571.146, 1757702.336, 479.724
62, 4120.452, 45.534, 354.61413, 327.35542, 81.534, 1338322.02, 1781949.758, 464.328
63, 4100.038, 44.348, 357.03978, 328.21858, 79.706, 1327367.638, 1805405.058, 449.384
64, 4078.104, 42.798, 358.05411, 329.21646, 79.868, 1316002.986, 1828863.902, 434.248
65, 4054.058, 40.894, 357.36294, 329.79773, 79.304, 1304309.398, 1852026.872, 419.884
66, 4029.484, 39.958, 359.37735, 330.45564, 78.028, 1292877.078, 1874510.782, 406.388
67, 4003.994, 38.448, 360.09675, 331.18483, 77.142, 1281317.862, 1896592.952, 393.184
68, 3978.212, 37.488, 361.449, 332.0724, 76.38, 1269727.222, 1918359.778, 380.074
69, 3950.944, 36.336, 364.76222, 332.52437, 76.116, 1257974.28, 1939995.868, 367.562
70, 3922.354, 34.97, 363.25422, 333.3692, 75.634, 1246029.658, 1961294.762, 355.488
71, 3894.152, 33.954, 365.93627, 333.69835, 74.086, 1234252.044, 1982039.16, 343.558
72, 3864.608, 33.1, 365.34743, 334.31638, 73.06, 1222462.674, 2002397.512, 333.142
73, 3834.506, 31.588, 366.21502, 334.65629, 72.602, 1210450.028, 2022473.356, 322.23
74, 3804.558, 30.594, 366.77126, 335.15712, 71.41, 1198471.366, 2042103.326, 311.362
75, 3773.046, 29.714, 371.00357, 335.21235, 70.908, 1186443.806, 2061558.122, 301.68
76, 3741.426, 28.404, 371.28573, 335.8479, 70.49, 1174196.364, 2080763.74, 291.214
77, 3709.032, 27.5, 368.58182, 335.81285, 69.588, 1161917.84, 2099554.43, 281.52
78, 3675.92, 26.574, 370.88884, 335.98438, 68.984, 1149613.088, 2118054.012, 272.222
79, 3642.658, 25.994, 372.0474, 336.5897, 68.098, 1137363.33, 2136248.742, 263.38
80, 3610.228, 25.126, 375.38804, 336.77979, 66.42, 1125370.712, 2153814.318, 254.516
81, 3576.84, 24.104, 373.92134, 336.53966, 66.086, 1113143.308, 2171219.698, 245.922
82, 3543.152, 22.896, 376.17925, 337.17253, 65.664, 1100882.494, 2188212.186, 236.842
83, 3509.272, 22.562, 376.20778, 337.31574, 64.532, 1088711.258, 2204925.298, 228.752
84, 3474.862, 21.666, 376.3962, 337.41263, 63.608, 1076564.506, 2221230.472, 221.22
85, 3439.904, 21.308, 379.66961, 337.36465, 63.388, 1064440.062, 2237386.622, 214.098
86, 3405.148, 20.464, 381.15715, 337.06231, 61.966, 1052469.108, 2253019.592, 207.352
87, 3369.978, 20.076, 386.92967, 337.39804, 61.758, 1040572.05, 2268490.242, 200.84
88, 3334.116, 18.954, 383.82399, 337.50694, 61.612, 1028392.38, 2283777.644, 194.044
89, 3298.84, 18.432, 384.49436, 337.27924, 60.218, 1016212.868, 2298828.764, 187.534
90, 3263.576, 17.982, 385.32977, 336.8779, 59.406, 1004311.844, 2313337.376, 181.374
91, 3228.474, 17.61, 390.28961, 337.56744, 58.248, 992604.566, 2327496.826, 175.838
92, 3191.844, 16.902, 384.21489, 336.79119, 58.45, 980656.928, 2341550.79, 170.92
93, 3156.664, 16.28, 388.69779, 337.32759, 56.966, 968914.94, 2355133.876, 165.414
94, 3121.174, 15.564, 389.29581, 337.41211, 56.47, 957093.398, 2368504.96, 159.998
95, 3085.972, 15.364, 388.83103, 337.05474, 55.744, 945400.724, 2381607.36, 154.82
96, 3050.822, 14.638, 394.931, 336.71441, 54.962, 933756.476, 2394410.128, 149.646
97, 3015.856, 14.158, 395.95988, 336.72387, 54.31, 922091.734, 2407031.386, 144.46
98, 2980.292, 13.714, 397.33119, 336.67719, 54.026, 910438.444, 2419432.926, 139.712
99, 2945.016, 13.396, 392.72917, 336.08896, 52.948, 898872.928, 2431510.18, 135.436
100, 2909.806, 12.984, 396.565, 335.63372, 52.602, 887421.23, 2443308.04, 131.028
101, 2874.784, 12.56, 398.24841, 335.68473, 52.022, 876017.994, 2454863.842, 126.588
102, 2840.058, 12.108, 403.86521, 335.78303, 50.998, 864752.274, 2466110.116, 122.424
103, 2806.21, 11.82, 401.01523, 334.96857, 49.596, 853757.33, 2476843.146, 118.496
104, 2771.976, 11.7, 405.64103, 334.80088, 49.278, 842830.796, 2487474.884, 115.152
105, 2737.662, 10.95, 401.00457, 334.93532, 48.936, 831737.008, 2497923.832, 111.48
106, 2703.91, 10.59, 405.85458, 334.47417, 48.02, 820812.194, 2508041.676, 107.802
107, 2670.142, 10.028, 402.47308, 334.02775, 47.398, 809902.828, 2517850.162, 104.2
108, 2636.248, 9.728, 406.3528, 333.65419, 47.094, 798903.364, 2527674.738, 100.728
109, 2602.576, 9.566, 405.49864, 333.1142, 46.542, 788040.998, 2537228.006, 97.424
110, 2569.174, 9.092, 408.93093, 332.93276, 46.112, 777281.43, 2546466.018, 93.806
111, 2536.25, 8.75, 411.31429, 332.45707, 44.904, 766688.666, 2555366.082, 90.576
112, 2503.168, 8.756, 411.03243, 331.84774, 44.684, 756169.134, 2564171.722, 87.73
113, 2470.772, 8.27, 411.97098, 332.05048, 43.662, 745813.128, 2572550.55, 84.734
114, 2438.662, 8.39759, 411.40603, 331.43185, 43.314, 735481.082, 2580920.038, 81.894
115, 2406.832, 7.716, 414.72265, 331.81906, 42.358, 725320.212, 2588816.494, 79.082
116, 2375.206, 7.682, 411.35121, 331.4693, 41.928, 715244.704, 2596557.65, 76.462
117, 2343.218, 7.24248, 417.81959, 329.81854, 41.758, 705104.746, 2604227.93, 73.92
118, 2312.564, 6.948, 423.71906, 330.35394, 39.982, 695386.338, 2611293.776, 71.54
119, 2281.698, 7.062, 420.41914, 329.3934, 39.906, 685711.462, 2618315.23, 69.562
120, 2250.74, 6.568, 419.00122, 328.9306, 39.818, 675848.084, 2625334.294, 67.27
121, 2219.784, 6.33868, 413.68954, 329.00994, 39.356, 666111.836, 2632050.276, 65.196
122, 2189.896, 6.02004, 421.60453, 328.42756, 38.394, 656522.024, 2638491.528, 62.698
123, 2160.398, 6.0121, 421.52918, 327.84646, 37.508, 647169.648, 2644625.926, 60.652
124, 2130.92, 5.744, 427.5766, 327.39129, 37.342, 637818.534, 2650694.68, 58.532
125, 2101.36, 5.57, 425.31418, 326.70621, 37.074, 628518.02, 2656598.472, 56.588
126, 2072.62, 5.38632, 430.70601, 326.46618, 36.02, 619473.058, 2662128.092, 54.662
127, 2043.736, 5.34, 428.46442, 325.55944, 35.846, 610487.502, 2667568.906, 53.04
128, 2015.15, 5.03414, 424.61109, 324.99859, 35.288, 601538.016, 2672804.344, 51.352
129, 1987.46, 4.81339, 429.41424, 323.63984, 34.44, 592641.87, 2677878.788, 49.348
130, 1959.682, 4.76815, 427.90698, 324.15909, 33.956, 583939.278, 2682699.796, 47.9
131, 1932.11, 4.38462, 431.2096, 324.24679, 33.698, 575251.934, 2687340.514, 46.106
132, 1904.644, 4.36473, 430.89991, 323.85136, 33.228, 566613.09, 2691926.692, 44.7
133, 1877.578, 4.40574, 438.13953, 323.13535, 32.796, 558215.906, 2696233.66, 43.27
134, 1850.974, 4.1446, 430.22113, 322.96745, 32.27, 549780.346, 2700439.834, 41.674
135, 1824.516, 3.85772, 434.93151, 322.24349, 31.774, 541443.092, 2704437.96, 40.154
136, 1799.23, 3.92843, 427.38157, 321.50914, 30.446, 533458.706, 2708013.42, 38.836
137, 1773.614, 3.76749, 441.28891, 320.63181, 30.846, 525338.506, 2711712.158, 37.268
138, 1748.162, 3.62733, 438.92694, 320.44408, 30.314, 517261.36, 2715269.448, 35.91
139, 1722.718, 3.62933, 441.07744, 319.52163, 30.016, 509394.902, 2718637.902, 34.902
140, 1697.654, 3.55031, 436.66859, 318.78079, 29.566, 501545.626, 2721919.762, 33.858
141, 1672.532, 3.49482, 443.12796, 318.54746, 29.328, 493788.374, 2725074.212, 33.028
142, 1648.37, 3.31224, 435.98726, 318.04383, 28.408, 486226.056, 2727880.754, 31.922
143, 1624.132, 3.19792, 434.85342, 317.96255, 28.338, 478609.224, 2730712.532, 30.892
144, 1600.7, 3.14979, 439.04889, 317.99161, 27.336, 471265.578, 2733213.362, 29.974
145, 1577.266, 3.10448, 435.43956, 316.99132, 27.07, 464006.812, 2735576.072, 29.25
146, 1554.22, 2.83441, 438.92261, 315.8401, 26.722, 456759.71, 2737822.692, 28.21
147, 1531.332, 2.84946, 447.54717, 315.22344, 26.444, 449589.66, 2740001.302, 27.304
148, 1508.81, 2.86266, 442.27886, 314.8339, 25.966, 442612.456, 2741974.208, 26.528
149, 1486.88, 2.88767, 448.1312, 314.35064, 25.384, 435783.96, 2743766.106, 25.696
150, 1464.636, 2.67912, 436.01313, 312.67074, 25.604, 428764.934, 2745659.346, 24.774
151, 1443.026, 2.73026, 442.97189, 313.99456, 24.898, 422020.066, 2747303.844, 23.976
152, 1421.986, 2.58681, 444.77485, 312.41452, 24.072, 415502.316, 2748622.538, 23.298
153, 1400.982, 2.37071, 440.63707, 312.42497, 23.992, 408872.876, 2749937.622, 22.382
154, 1379.66, 2.39052, 452.78565, 311.84046, 24.248, 402264.116, 2751285.65, 21.574
155, 1358.938, 2.3093, 441.08761, 310.85616, 23.456, 395781.958, 2752420.212, 20.826
156, 1338.564, 2.40185, 456.73077, 310.27263, 22.896, 389558.758, 2753334.35, 20.384
157, 1318.416, 2.23544, 447.33985, 310.31675, 22.644, 383293.696, 2754178.246, 19.73
158, 1298.856, 2.19613, 447.07828, 309.94575, 22.08, 377171.884, 2754862.536, 19.024
159, 1279.554, 2.24882, 447.83983, 309.14471, 21.802, 371235.852, 2755376.768, 18.422
160, 1260.426, 2.0665, 455.30393, 307.62304, 21.44, 365255.28, 2755858.5, 17.788
161, 1241.488, 2.01683, 458.28367, 307.83485, 21.356, 359303.336, 2756325.164, 17.048
162, 1222.98, 2.08852, 450.17182, 307.38804, 20.798, 353579.95, 2756554.47, 16.504
163, 1204.374, 2.06083, 458.67769, 306.99356, 20.572, 347912.88, 2756721.592, 16.232
164, 1185.836, 1.93766, 467.15818, 304.7231, 20.694, 342155.856, 2756915.04, 15.568
165, 1168.236, 1.87895, 457.98319, 304.98777, 19.5, 336653.96, 2756800.488, 15.096
166, 1150.922, 1.85156, 456.39944, 304.22958, 19.238, 331306.776, 2756512.842, 14.594
167, 1133.544, 1.85676, 458.51528, 303.81587, 19.224, 325961.168, 2756210.55, 14.122
168, 1116.07, 1.80163, 458.52187, 302.92434, 19.238, 320557.936, 2755951.12, 13.684
169, 1098.832, 1.83651, 456.97329, 303.24026, 19.094, 315216.208, 2755641.176, 13.176
170, 1081.788, 1.7726, 469.8609, 301.40625, 18.688, 310017.498, 2755175.268, 12.826
171, 1065.164, 1.69061, 468.13725, 302.4904, 18.22, 304938.962, 2754550.296, 12.454
172, 1048.7, 1.68661, 461.99324, 302.53382, 18.186, 299796.88, 2753986.882, 11.916
173, 1032.294, 1.64458, 458.79121, 301.1018, 18.022, 294686.054, 2753344.148, 11.392
174, 1016.306, 1.5619, 459.34959, 300.86947, 17.398, 289756.48, 2752462.606, 10.966
175, 1000.8, 1.58065, 466.32653, 298.78775, 16.858, 284961.078, 2751453.602, 10.594
176, 985.256, 1.58199, 473.57724, 298.20815, 16.898, 280224.574, 2750392.602, 10.224
177, 969.75, 1.60131, 466.32653, 299.67615, 16.828, 275470.864, 2749361.27, 9.882
178, 954.746, 1.57372, 462.32179, 298.44714, 16.258, 270918.534, 2748112.936, 9.61
179, 940.366, 1.50987, 458.60566, 297.84323, 15.688, 266496.58, 2746700.93, 9.22
180, 925.832, 1.53846, 472.72727, 298.5, 15.768, 262017.13, 2745352.768, 8.866
181, 911.294, 1.47842, 464.72019, 295.03403, 15.682, 257603.614, 2743914.078, 8.544
182, 897.186, 1.4863, 474.65438, 295.74272, 15.224, 253325.248, 2742371.284, 8.296
183, 883.266, 1.47273, 460.49383, 292.06702, 14.976, 249104.324, 2740733.988, 8.06613
184, 869.512, 1.425, 473.68421, 295.11376, 14.724, 244939.98, 2739046.768, 7.878
185, 856.086, 1.38403, 461.53846, 295.08036, 14.404, 240851.406, 2737250.122, 7.628
186, 842.686, 1.42169, 474.57627, 293.39881, 14.346, 236729.874, 2735497.902, 7.39
187, 829.574, 1.38397, 477.13415, 292.57827, 14.09, 232735.414, 2733594.146, 7.068
188, 816.732, 1.40664, 458.70206, 291.93248, 13.784, 228790.26, 2731641.578, 6.81764
189, 804.04, 1.34052, 467.84566, 291.99656, 13.558, 224938.082, 2729574.846, 6.58635
190, 791.154, 1.35686, 479.76879, 289.90964, 13.724, 221053.106, 2727600.888, 6.45272
191, 778.83, 1.36325, 471.78683, 289.55814, 13.12, 217348.048, 2725424.822, 6.30645
192, 766.784, 1.28194, 477.66323, 288.83453, 12.884, 213674.858, 2723190.804, 6.04839
193, 755.042, 1.33498, 470.4797, 288.58431, 12.504, 210108.994, 2720838.95, 5.82661
194, 743.116, 1.34783, 470.96774, 288.81849, 12.67, 206530.9, 2718545.01, 5.69014
195, 731.29, 1.24658, 474.35897, 288.66795, 12.542, 202889.024, 2716286.844, 5.49699
196, 719.558, 1.25854, 470.93023, 286.7284, 12.418, 199330.87, 2713949.078, 5.32665
197, 708.16, 1.25, 466.66667, 284.96429, 12.034, 195899.982, 2711453.638, 5.21212
198, 697.156, 1.30508, 467.53247, 287.56944, 11.67, 192574.716, 2708863.706, 5.01619
199, 686.064, 1.2268, 476.89076, 286.77974, 11.716, 189253.344, 2706289.14, 4.89613
200, 675.176, 1.26203, 476.69492, 284.79111, 11.528, 185955.83, 2703692.432, 4.72505
201, 664.38, 1.22283, 475.55556, 284.60748, 11.434, 182692.172, 2701071.722, 4.4879
202, 653.696, 1.19527, 477.72277, 283.48187, 11.226, 179463.328, 2698394.634, 4.37525
203, 643.308, 1.23757, 482.14286, 282.93056, 10.898, 176373.342, 2695610.222, 4.29495
204, 633.292, 1.18713, 485.22167, 283.08629, 10.578, 173363.878, 2692720.97, 4.15416
205, 623.232, 1.14379, 480.0, 280.73214, 10.596, 170325.188, 2689852.662, 4.01437
206, 613.122, 1.21084, 482.58706, 280.50515, 10.588, 167367.622, 2686941.406, 3.92828
207, 603.416, 1.21472, 482.32323, 281.49215, 10.18, 164480.474, 2683970.254, 3.87216
208, 593.622, 1.13636, 480.0, 280.36111, 10.218, 161537.352, 2681019.858, 3.73663
209, 583.77, 1.15436, 485.46512, 278.7006, 10.302, 158649.302, 2678041.704, 3.62757
210, 574.556, 1.14394, 473.50993, 277.8951, 9.674, 155901.688, 2674902.842, 3.49378
211, 565.61, 1.18571, 475.90361, 277.68987, 9.38, 153244.242, 2671703.664, 3.38797
212, 556.606, 1.15574, 489.3617, 279.30435, 9.428, 150539.48, 2668542.986, 3.26778
213, 547.828, 1.13768, 471.33758, 277.01351, 9.182, 147980.46, 2665254.218, 3.17364
214, 539.058, 1.17857, 473.48485, 275.512, 9.162, 145375.094, 2661991.232, 3.0654
215, 530.236, 1.14173, 468.96552, 276.02206, 9.176, 142797.526, 2658732.608, 3.01699
216, 521.948, 1.12264, 478.9916, 277.66667, 8.65, 140346.138, 2655329.468, 2.89765
217, 513.65, 1.0963, 472.97297, 273.65, 8.698, 137895.264, 2651960.82, 2.81681
218, 505.328, 1.15741, 472.0, 270.80508, 8.638, 135454.714, 2648570.978, 2.76957
219, 497.02, 1.06931, 495.37037, 273.78505, 8.652, 132994.356, 2645200.964, 2.61905
220, 488.954, 1.11111, 470.0, 271.76596, 8.364, 130616.498, 2641747.676, 2.54048
221, 481.124, 1.18947, 486.72566, 273.24545, 8.134, 128306.38, 2638250.964, 2.49889
222, 473.276, 1.07609, 444.44444, 269.02273, 8.132, 126008.358, 2634731.076, 2.41928
223, 465.784, 1.11702, 485.71429, 271.57843, 7.778, 123816.68, 2631125.622, 2.40416
224, 458.292, 1.11538, 500.0, 271.52874, 7.768, 121588.518, 2627547.372, 2.29698
225, 450.892, 1.1375, 461.53846, 269.57143, 7.654, 119421.376, 2623929.038, 2.21346
226, 443.396, 1.09901, 481.98198, 268.41121, 7.742, 117276.8, 2620316.622, 2.17552
227, 436.19, 1.16456, 478.26087, 268.38636, 7.484, 115155.876, 2616675.628, 2.09602
228, 429.406, 1.12, 500.0, 267.96429, 7.022, 113148.006, 2612922.576, 2.08738
229, 422.588, 1.08333, 489.01099, 269.08989, 7.02806, 111210.048, 2609109.12, 2.10099
230, 415.768, 1.07595, 500.0, 270.32941, 7.028, 109227.674, 2605354.248, 2.07463
231, 409.082, 1.08333, 467.94872, 265.24658, 6.888, 107281.288, 2601566.468, 2.07949
232, 402.484, 1.16667, 488.09524, 269.07317, 6.79559, 105382.742, 2597731.102, 2.11316
233, 396.022, 1.03125, 462.12121, 264.16393, 6.66733, 103542.28, 2593842.406, 1.97698
234, 389.724, 1.10145, 493.42105, 263.89333, 6.48898, 101748.948, 2589923.918, 1.95373
235, 383.418, 1.12, 482.14286, 263.66667, 6.498, 99968.318, 2586017.04, 1.91795
236, 377.148, 1.01408, 479.16667, 262.82609, 6.486, 98168.586, 2582127.68, 1.90374
237, 371.258, 1.08571, 486.84211, 258.52703, 6.074, 96495.82, 2578128.396, 1.88108
238, 365.288, 1.1, 493.50649, 259.05263, 6.18474, 94788.916, 2574176.89, 1.85753
239, 359.302, 1.07018, 500.0, 260.88525, 6.17034, 93083.5, 2570225.302, 1.78415
240, 353.384, 1.07547, 482.45614, 263.2, 6.072, 91397.746, 2566246.578, 1.7831
241, 347.686, 1.07692, 492.85714, 263.02899, 5.88353, 89767.314, 2562236.168, 1.75211
242, 342.074, 1.03774, 472.72727, 260.19231, 5.78357, 88154.168, 2558202.738, 1.73043
243, 336.486, 1.02174, 500.0, 255.74468, 5.73494, 86555.618, 2554171.294, 1.68696
244, 330.782, 1.06522, 479.59184, 256.23404, 5.826, 84951.08, 2550154.192, 1.70659
245, 325.402, 1.025, 475.60976, 253.46154, 5.56513, 83400.718, 2546088.534, 1.6375
246, 320.056, 1.04255, 489.79592, 256.4375, 5.52016, 81898.502, 2541987.552, 1.60759
247, 314.902, 1.02, 470.58824, 258.14583, 5.298, 80463.908, 2537835.372, 1.57605
248, 309.8, 1.02326, 500.0, 263.88636, 5.25651, 79009.704, 2533698.866, 1.56122
249, 304.868, 1.05263, 487.5, 257.76923, 5.056, 77617.36, 2529519.566, 1.51736
250, 299.872, 1.05, 500.0, 256.71429, 5.13682, 76194.298, 2525372.23, 1.47735
251, 295.188, 1.06977, 489.13043, 258.15556, 4.85223, 74880.482, 2521135.168, 1.45105
252, 290.366, 1.07692, 500.0, 261.25, 4.9497, 73529.746, 2516934.832, 1.43273
253, 285.666, 1.02564, 475.0, 257.65789, 4.85455, 72196.314, 2512740.52, 1.39051
254, 281.058, 1.0, 489.3617, 255.17391, 4.74899, 70933.996, 2508484.476, 1.42435
255, 276.288, 1.06061, 500.0, 257.37143, 4.90101, 69608.166, 2504301.976, 1.40221
256, 271.766, 1.03448, 483.33333, 246.44828, 4.67409, 68325.668, 2500078.114, 1.41961
257, 267.48, 1.03846, 481.48148, 256.23077, 4.43347, 67112.644, 2495796.554, 1.40506
258, 263.148, 1.075, 488.37209, 250.30952, 4.47773, 65898.576, 2491539.73, 1.39831
259, 258.656, 1.08696, 520.0, 252.53846, 4.61089, 64665.236, 2487301.316, 1.37118
260, 254.194, 1.0, 460.0, 247.73913, 4.55912, 63421.264, 2483071.768, 1.35945
261, 250.134, 1.075, 500.0, 249.74419, 4.19838, 62306.274, 2478751.542, 1.37383
262, 245.984, 1.02564, 500.0, 251.05, 4.21486, 61201.498, 2474429.118, 1.37168
263, 242.056, 1.04, 500.0, 248.96154, 4.08961, 60098.46, 2470094.824, 1.30942
264, 238.066, 1.0, 500.0, 253.86957, 4.16973, 58992.424, 2465776.17, 1.2783
265, 234.096, 1.0, 500.0, 255.95455, 4.08081, 57887.652, 2461480.594, 1.28358
266, 230.154, 1.0, 500.0, 253.85185, 4.08998, 56790.12, 2457179.04, 1.28
267, 226.308, 1.0, 479.16667, 241.43478, 3.9959, 55736.892, 2452837.742, 1.27136
268, 222.69, 1.03571, 500.0, 245.96552, 3.75051, 54739.668, 2448456.494, 1.22843
269, 218.984, 1.05556, 500.0, 246.78947, 3.87449, 53727.056, 2444093.78, 1.23529
270, 215.266, 1.0, 500.0, 242.88, 3.85306, 52728.244, 2439738.598, 1.25414
271, 211.626, 1.0, 500.0, 246.0, 3.78776, 51740.064, 2435377.232, 1.22619
272, 208.15, 1.05263, 525.0, 245.52381, 3.57172, 50804.902, 2430978.198, 1.2327
273, 204.776, 1.0, 500.0, 245.66667, 3.50307, 49886.316, 2426562.97, 1.22876
274, 201.272, 1.0, 500.0, 243.71429, 3.63655, 48939.026, 2422199.032, 1.1875
275, 197.934, 1.0, 529.41176, 236.61111, 3.47423, 48045.448, 2417782.068, 1.20126
276, 194.648, 1.0, 500.0, 243.73684, 3.43416, 47154.102, 2413385.136, 1.21854
277, 191.45, 1.13333, 500.0, 245.47059, 3.36439, 46278.03, 2408979.534, 1.19048
278, 188.32, 1.0, 500.0, 235.36364, 3.32359, 45431.132, 2404548.524, 1.16912
279, 185.302, 1.05556, 473.68421, 242.83333, 3.22105, 44629.914, 2400091.908, 1.18045
280, 182.212, 1.0, 500.0, 241.76471, 3.29895, 43797.184, 2395670.5, 1.20635
281, 179.15, 1.0, 527.77778, 242.47368, 3.19588, 42980.92, 2391246.446, 1.17054
282, 176.262, 1.0, 500.0, 246.6875, 3.07789, 42213.574, 2386783.048, 1.22131
283, 173.374, 1.0, 437.5, 246.85714, 3.0865, 41436.036, 2382329.612, 1.18966
284, 170.604, 1.06667, 531.25, 245.41176, 2.96406, 40708.274, 2377856.21, 1.15126
285, 167.862, 1.0, 500.0, 228.81818, 2.93432, 39985.924, 2373373.372, 1.1453
286, 165.054, 1.0, 500.0, 234.0, 3.02335, 39245.574, 2368916.222, 1.17143
287, 162.306, 1.09091, 500.0, 240.0, 2.89627, 38506.662, 2364468.958, 1.16495
288, 159.73, 1.0, 500.0, 236.6, 2.75584, 37825.584, 2359981.414, 1.11881
289, 156.976, 1.0, 470.58824, 236.0625, 2.93882, 37115.914, 2355541.686, 1.08571
290, 154.45, 1.0, 500.0, 228.14286, 2.7744, 36428.342, 2351077.282, 1.08247
291, 151.93, 1.0, 500.0, 246.84615, 2.78431, 35773.64, 2346601.424, 1.11111
292, 149.532, 1.0, 500.0, 231.0, 2.70089, 35153.718, 2342094.09, 1.08791
293, 147.068, 1.0, 500.0, 233.1, 2.67241, 34500.862, 2337629.886, 1.13483
294, 144.774, 1.0, 500.0, 226.0, 2.56388, 33879.018, 2333137.864, 1.08434
295, 142.324, 1.0, 611.11111, 228.18182, 2.7713, 33251.082, 2328674.598, 1.07317
296, 140.0, 1.0, 500.0, 238.28571, 2.52155, 32631.472, 2324203.968, 1.06098
297, 137.628, 1.0, 400.0, 231.5, 2.58658, 32018.302, 2319735.268, 1.05063
298, 135.356, 1.0, 500.0, 243.0, 2.60181, 31427.748, 2315257.652, 1.0137
299, 133.13, 1.0, 500.0, 223.33333, 2.55455, 30855.74, 2310772.924, 1.01408
300, 130.954, 1.0, 541.66667, 227.23077, 2.41943, 30287.458, 2306299.772, 1.05556
301, 128.814, 1.0, 562.5, 226.22222, 2.44796, 29730.852, 2301823.25, 1.02857
302, 126.74, 1.0, 500.0, 231.61538, 2.34004, 29210.324, 2297329.266, 1.0411
303, 124.728, 1.0, 500.0, 228.125, 2.32798, 28676.222, 2292859.61, 1.04167
304, 122.736, 1.0, 583.33333, 236.71429, 2.338, 28157.474, 2288375.988, 1.04225
305, 120.652, 1.0, 250.0, 192.0, 2.40046, 27608.738, 2283936.306, 1.04545
306, 118.678, 1.0, 600.0, 224.66667, 2.30394, 27098.454, 2279465.802, 1.04615
307, 116.8, 1.0, 500.0, 240.0, 2.23404, 26613.35, 2274972.006, 1.04839
308, 114.89, 1.0, 500.0, 238.88889, 2.21659, 26127.112, 2270501.024, 1.08065
309, 113.108, 1.0, 562.5, 218.77778, 2.18932, 25653.552, 2266034.48, 1.08475
310, 111.196, 1.0, 700.0, 239.28571, 2.32452, 25155.604, 2261601.448, 1.07407
311, 109.334, 1.0, 500.0, 222.33333, 2.28851, 24681.118, 2257154.084, 1.0566
312, 107.578, 1.0, 500.0, 220.71429, 2.14423, 24229.012, 2252697.396, 1.08889
313, 105.822, 1.0, 500.0, 235.4, 2.09739, 23788.892, 2248237.854, 1.06522
314, 104.056, 1.0, 500.0, 222.25, 2.19212, 23335.206, 2243796.41, 1.04545
315, 102.302, 1.0, 833.33333, 215.6, 2.14112, 22895.034, 2239360.222, 1.04545
316, 100.65, 1.0, 1000.0, 224.25, 2.12245, 22479.702, 2234907.692, 1.02439
317, 99.04, 1.0, 625.0, 227.8, 2.0, 22073.106, 2230455.214, 1.02273
318, 97.46, 1.0, 500.0, 273.0, 2.04348, 21671.74, 2226005.704, 1.02778
319, 95.88, 1.0, 500.0, 204.0, 1.98005, 21278.214, 2221558.738, 1.02941
320, 94.362, 1.0, 500.0, 222.0, 1.97933, 20888.28, 2217121.654, 1.03226
321, 92.794, 1.0, 500.0, 229.33333, 2.01023, 20503.808, 2212689.216, 1.0
322, 91.27, 1.0, 500.0, 218.5, 1.93216, 20128.988, 2208249.374, 1.0
323, 89.712, 1.0, 500.0, 226.25, 1.99745, 19743.866, 2203838.168, 1.0
324, 88.184, 1.0, 500.0, 215.2, 1.94416, 19371.282, 2199419.742, 1.0
325, 86.672, 1.0, 625.0, 225.8, 1.97143, 19015.38, 2194995.308, 1.0
326, 85.262, 1.0, 500.0, 207.0, 1.89037, 18675.568, 2190568.368, 1.0
327, 83.844, 1.0, 500.0, 241.0, 1.91444, 18318.642, 2186157.16, 1.0
328, 82.45, 1.0, 625.0, 220.8, 1.83508, 17980.23, 2181752.062, 1.03571
329, 80.946, 1.0, 500.0, 205.5, 1.93095, 17612.87, 2177381.264, 1.0
330, 79.688, 1.0, 500.0, 216.25, 1.73297, 17294.288, 2172968.242, 1.0
331, 78.406, 1.0, 500.0, 208.5, 1.78393, 16986.72, 2168561.644, 1.04
332, 77.026, 1.0, 500.0, 206.0, 1.87297, 16654.134, 2164186.34, 1.08
333, 75.768, 1.0, 500.0, 208.33333, 1.81662, 16351.838, 2159789.076, 1.0
334, 74.524, 1.0, 1000.0, 204.16667, 1.76338, 16048.498, 2155413.304, 1.0
335, 73.314, 1.0, 500.0, 221.0, 1.72238, 15745.192, 2151026.824, 1.0
336, 72.084, 1.0, 500.0, 212.0, 1.74716, 15443.61, 2146654.884, 1.0
337, 70.896, 1.0, 750.0, 214.66667, 1.67887, 15164.326, 2142273.91, 1.04545
338, 69.662, 1.0, 1000.0, 196.0, 1.80758, 14865.376, 2137923.714, 1.04762
339, 68.524, 1.0, 500.0, 208.33333, 1.70958, 14599.834, 2133545.504, 1.04545
340, 67.42, 1.0, 500.0, 225.0, 1.75079, 14334.002, 2129176.89, 1.0
341, 66.228, 1.0, 500.0, 239.0, 1.69492, 14048.016, 2124842.838, 1.0
342, 65.118, 1.0, 750.0, 209.33333, 1.70122, 13781.196, 2120492.186, 1.0
343, 64.032, 1.0, 500.0, 227.0, 1.64458, 13520.95, 2116138.05, 1.0
344, 63.034, 1.0, 250.0, 246.0, 1.55418, 13281.66, 2111777.604, 1.0
345, 61.942, 1.0, 1000.0, 212.0, 1.65257, 13024.444, 2107448.514, 1.0
346, 60.936, 1.0, 625.0, 210.6, 1.51964, 12797.828, 2103107.222, 1.0
347, 59.924, 1.0, 500.0, 236.0, 1.59561, 12557.872, 2098786.37, 1.0
348, 58.95, 1.0, 500.0, 202.0, 1.50462, 12330.31, 2094463.422, 1.0
349, 58.018, 1.0, 833.33333, 211.2, 1.59184, 12113.642, 2090138.732, 1.0
350, 57.048, 1.0, 500.0, 207.0, 1.52336, 11892.716, 2085815.252, 1.0
351, 56.064, 1.0, 1000.0, 197.0, 1.58013, 11657.1, 2081526.386, 1.0
352, 55.154, 0.0, 0.0, 0.0, 1.53356, 11439.982, 2077220.626, 1.0
353, 54.246, 0.0, 0.0, 0.0, 1.5, 11238.272, 2072917.576, 1.0
354, 53.348, 1.0, 500.0, 199.0, 1.47386, 11020.976, 2068643.068, 1.0
355, 52.552, 1.0, 1000.0, 191.5, 1.45091, 10829.098, 2064349.716, 1.0
356, 51.67, 1.0, 1000.0, 225.0, 1.47508, 10627.786, 2060073.594, 1.0
357, 50.776, 0.0, 0.0, 0.0, 1.53242, 10425.884, 2055807.132, 1.0
358, 49.974, 1.0, 1000.0, 205.25, 1.50936, 10247.002, 2051532.608, 1.0
359, 49.16, 1.0, 500.0, 192.0, 1.48905, 10056.7, 2047281.748, 1.0
360, 48.356, 0.0, 0.0, 0.0, 1.46545, 9874.382, 2043024.548, 1.0
361, 47.522, 1.0, 2000.0, 207.75, 1.45139, 9684.13, 2038787.784, 1.0
362, 46.714, 1.0, 500.0, 190.0, 1.45848, 9507.052, 2034547.878, 1.0
363, 45.964, 0.0, 0.0, 0.0, 1.38889, 9343.23, 2030306.354, 1.0
364, 45.28, 1.0, 2500.0, 185.2, 1.39431, 9187.71, 2026067.128, 1.0
365, 44.528, 1.0, 1000.0, 177.5, 1.39259, 9022.674, 2021846.832, 1.0
366, 43.814, 1.0, 1000.0, 194.5, 1.40392, 8859.446, 2017631.54, 1.0
367, 43.114, 0.0, 0.0, 0.0, 1.36576, 8703.26, 2013409.522, 1.0
368, 42.37, 1.0, 500.0, 220.0, 1.41132, 8534.594, 2009213.238, 1.0
369, 41.72, 0.0, 0.0, 0.0, 1.3682, 8385.082, 2005007.042, 1.0
370, 41.044, 1.0, 750.0, 197.33333, 1.352, 8234.412, 2000828.624, 1.0
371, 40.396, 0.0, 0.0, 0.0, 1.42982, 8087.97, 1996644.12, 1.0
372, 39.66, 1.0, 500.0, 192.0, 1.41923, 7924.462, 1992489.782, 1.0
373, 39.008, 0.0, 0.0, 0.0, 1.42982, 7780.63, 1988312.504, 1.0
374, 38.37, 0.0, 0.0, 0.0, 1.35021, 7635.386, 1984152.506, 1.0
375, 37.74, 0.0, 0.0, 0.0, 1.33898, 7492.952, 1980005.742, 1.0
376, 37.106, 0.0, 0.0, 0.0, 1.34746, 7352.116, 1975851.234, 1.0
377, 36.488, 1.0, 500.0, 198.0, 1.3038, 7214.412, 1971715.676, 1.0
378, 35.786, 0.0, 0.0, 0.0, 1.37647, 7063.894, 1967601.514, 1.0
379, 35.234, 1.0, 500.0, 180.0, 1.26606, 6945.048, 1963464.488, 1.0
380, 34.64, 1.0, 1500.0, 202.33333, 1.32889, 6815.782, 1959342.042, 1.0
381, 34.04, 0.0, 0.0, 0.0, 1.31441, 6678.724, 1955234.682, 1.0
382, 33.502, 1.0, 1500.0, 211.33333, 1.31707, 6559.986, 1951118.496, 1.0
383, 32.906, 0.0, 0.0, 0.0, 1.35455, 6425.928, 1947030.656, 1.0
384, 32.364, 0.0, 0.0, 0.0, 1.30288, 6303.358, 1942938.068, 1.0
385, 31.866, 1.0, 500.0, 204.0, 1.27041, 6192.812, 1938851.108, 1.0
386, 31.314, 0.0, 0.0, 0.0, 1.27189, 6075.53, 1934772.562, 1.0
387, 30.742, 0.0, 0.0, 0.0, 1.24242, 5954.206, 1930705.818, 1.0
388, 30.21, 1.0, 1500.0, 193.0, 1.32836, 5839.058, 1926647.496, 1.0
389, 29.664, 1.0, 500.0, 176.0, 1.26852, 5720.604, 1922600.342, 1.0
390, 29.162, 1.0, 500.0, 202.0, 1.27411, 5611.614, 1918550.182, 1.0
391, 28.632, 1.0, 1750.0, 196.14286, 1.26794, 5504.78, 1914512.01, 1.0
392, 28.13, 0.0, 0.0, 0.0, 1.26768, 5394.068, 1910486.686, 1.0
393, 27.646, 0.0, 0.0, 0.0, 1.30108, 5293.226, 1906455.08, 1.0
394, 27.204, 0.0, 0.0, 0.0, 1.24157, 5197.892, 1902426.906, 1.0
395, 26.744, 0.0, 0.0, 0.0, 1.21579, 5100.752, 1898411.904, 1.0
396, 26.284, 0.0, 0.0, 0.0, 1.24865, 4999.146, 1894409.08, 1.0
397, 25.854, 0.0, 0.0, 0.0, 1.27219, 4905.144, 1890412.72, 1.0
398, 25.392, 0.0, 0.0, 0.0, 1.24731, 4806.748, 1886420.676, 1.0
399, 24.974, 0.0, 0.0, 0.0, 1.23529, 4711.948, 1882440.918, 1.0
400, 24.574, 1.0, 1500.0, 190.66667, 1.25625, 4631.312, 1878456.18, 1.0
401, 24.146, 0.0, 0.0, 0.0, 1.19444, 4543.524, 1874484.846, 1.0
402, 23.782, 1.0, 2166.66667, 190.61538, 1.24658, 4476.164, 1870509.808, 1.0
403, 23.394, 1.0, 2000.0, 191.25, 1.21118, 4399.606, 1866547.11, 1.0
404, 22.992, 1.0, 1000.0, 188.5, 1.22561, 4319.408, 1862594.664, 1.0
405, 22.606, 0.0, 0.0, 0.0, 1.25325, 4234.672, 1858652.762, 1.0
406, 22.216, 0.0, 0.0, 0.0, 1.22642, 4156.928, 1854712.13, 1.0
407, 21.904, 0.0, 0.0, 0.0, 1.19084, 4088.978, 1850770.178, 1.0
408, 21.504, 0.0, 0.0, 0.0, 1.21212, 4006.076, 1846844.33, 1.0
409, 21.142, 0.0, 0.0, 0.0, 1.18182, 3929.116, 1842930.59, 1.0
410, 20.832, 0.0, 0.0, 0.0, 1.2093, 3864.088, 1839013.128, 1.0
411, 20.488, 0.0, 0.0, 0.0, 1.18621, 3789.83, 1835114.67, 1.0
412, 20.182, 0.0, 0.0, 0.0, 1.13971, 3724.038, 1831212.496, 1.0
413, 19.844, 0.0, 0.0, 0.0, 1.15753, 3658.308, 1827318.772, 1.0
414, 19.542, 0.0, 0.0, 0.0, 1.16923, 3590.474, 1823437.186, 0.0
415, 19.182, 0.0, 0.0, 0.0, 1.16883, 3515.286, 1819569.428, 0.0
416, 18.868, 0.0, 0.0, 0.0, 1.13768, 3450.312, 1815701.052, 0.0
417, 18.54, 0.0, 0.0, 0.0, 1.14685, 3373.956, 1811861.362, 0.0
418, 18.198, 0.0, 0.0, 0.0, 1.16327, 3302.778, 1808021.774, 0.0
419, 17.942, 0.0, 0.0, 0.0, 1.11304, 3249.99, 1804161.768, 0.0
420, 17.62, 0.0, 0.0, 0.0, 1.22901, 3185.79, 1800326.502, 0.0
421, 17.342, 0.0, 0.0, 0.0, 1.13934, 3131.084, 1796494.298, 0.0
422, 17.074, 0.0, 0.0, 0.0, 1.1453, 3078.354, 1792666.93, 0.0
423, 16.758, 0.0, 0.0, 0.0, 1.12057, 3012.482, 1788859.798, 0.0
424, 16.428, 0.0, 0.0, 0.0, 1.19565, 2946.122, 1785061.924, 0.0
425, 16.162, 1.0, 4750.0, 182.63158, 1.16667, 2911.548, 1781258.418, 1.0
426, 15.908, 0.0, 0.0, 0.0, 1.10435, 2860.98, 1777457.58, 1.0
427, 15.65, 0.0, 0.0, 0.0, 1.19266, 2790.862, 1773686.478, 1.0
428, 15.37, 0.0, 0.0, 0.0, 1.11111, 2733.08, 1769913.694, 1.0
429, 15.122, 0.0, 0.0, 0.0, 1.13761, 2686.814, 1766136.296, 1.0
430, 14.876, 0.0, 0.0, 0.0, 1.13889, 2635.406, 1762377.886, 1.0
431, 14.63, 0.0, 0.0, 0.0, 1.05983, 2582.948, 1758626.148, 0.0
432, 14.4, 0.0, 0.0, 0.0, 1.13861, 2539.458, 1754876.518, 0.0
433, 14.182, 0.0, 0.0, 0.0, 1.10101, 2497.59, 1751125.452, 0.0
434, 13.912, 0.0, 0.0, 0.0, 1.15385, 2447.152, 1747388.048, 0.0
435, 13.682, 0.0, 0.0, 0.0, 1.10577, 2401.084, 1743665.548, 0.0
436, 13.474, 0.0, 0.0, 0.0, 1.18182, 2362.478, 1739931.468, 0.0
437, 13.312, 0.0, 0.0, 0.0, 1.06579, 2329.474, 1736203.434, 0.0
438, 13.056, 0.0, 0.0, 0.0, 1.17431, 2281.44, 1732502.12, 0.0
439, 12.842, 0.0, 0.0, 0.0, 1.15054, 2241.29, 1728800.83, 0.0
440, 12.626, 0.0, 0.0, 0.0, 1.10204, 2196.752, 1725114.594, 0.0
441, 12.404, 0.0, 0.0, 0.0, 1.12121, 2157.512, 1721421.556, 0.0
442, 12.21, 0.0, 0.0, 0.0, 1.11494, 2117.034, 1717748.452, 0.0
443, 12.044, 0.0, 0.0, 0.0, 1.0641, 2082.338, 1714068.968, 0.0
444, 11.832, 0.0, 0.0, 0.0, 1.0495, 2040.894, 1710411.138, 0.0
445, 11.632, 0.0, 0.0, 0.0, 1.0989, 2000.702, 1706757.53, 0.0
446, 11.428, 0.0, 0.0, 0.0, 1.09677, 1958.122, 1703114.822, 0.0
447, 11.248, 0.0, 0.0, 0.0, 1.16883, 1926.262, 1699469.678, 0.0
448, 11.074, 0.0, 0.0, 0.0, 1.10127, 1893.966, 1695832.264, 0.0
449, 10.888, 0.0, 0.0, 0.0, 1.0814, 1857.964, 1692209.844, 0.0
450, 10.684, 0.0, 0.0, 0.0, 1.17241, 1819.316, 1688591.502, 0.0
451, 10.51, 0.0, 0.0, 0.0, 1.07407, 1788.642, 1684979.086, 0.0
452, 10.32, 0.0, 0.0, 0.0, 1.17284, 1753.158, 1681375.852, 0.0
453, 10.19, 0.0, 0.0, 0.0, 1.06557, 1728.012, 1677770.592, 0.0
454, 10.044, 0.0, 0.0, 0.0, 1.05797, 1698.122, 1674173.976, 0.0
455, 9.856, 0.0, 0.0, 0.0, 1.09302, 1662.05, 1670594.266, 0.0
456, 9.68, 0.0, 0.0, 0.0, 1.07317, 1630.598, 1667019.604, 0.0
457, 9.558, 0.0, 0.0, 0.0, 1.01667, 1606.696, 1663441.196, 0.0
458, 9.428, 0.0, 0.0, 0.0, 1.06557, 1580.506, 1659879.862, 0.0
459, 9.308, 0.0, 0.0, 0.0, 1.01695, 1556.06, 1656320.384, 0.0
460, 9.162, 0.0, 0.0, 0.0, 1.04286, 1519.658, 1652784.2, 0.0
461, 9.0, 1.0, 5500.0, 156.09091, 1.09459, 1503.308, 1649241.5, 1.0
462, 8.87, 0.0, 0.0, 0.0, 1.08333, 1474.372, 1645712.398, 1.0
463, 8.732, 0.0, 0.0, 0.0, 1.07813, 1449.564, 1642183.136, 1.0
464, 8.552, 0.0, 0.0, 0.0, 1.09756, 1416.232, 1638672.774, 1.0
465, 8.412, 0.0, 0.0, 0.0, 1.06061, 1392.298, 1635162.538, 1.0
466, 8.258, 0.0, 0.0, 0.0, 1.06944, 1362.898, 1631659.674, 1.0
467, 8.108, 0.0, 0.0, 0.0, 1.07143, 1335.896, 1628160.142, 1.0
468, 8.0, 0.0, 0.0, 0.0, 1.10204, 1315.246, 1624661.55, 1.0
469, 7.866, 0.0, 0.0, 0.0, 1.03077, 1291.292, 1621183.968, 1.0
470, 7.752, 0.0, 0.0, 0.0, 1.03636, 1269.484, 1617707.12, 1.0
471, 7.636, 0.0, 0.0, 0.0, 1.11538, 1248.836, 1614238.424, 1.0
472, 7.514, 0.0, 0.0, 0.0, 1.08929, 1228.65, 1610773.888, 1.0
473, 7.422, 0.0, 0.0, 0.0, 1.09302, 1211.768, 1607314.392, 0.0
474, 7.29, 0.0, 0.0, 0.0, 1.1, 1188.328, 1603864.376, 0.0
475, 7.196, 0.0, 0.0, 0.0, 1.09302, 1172.074, 1600410.61, 0.0
476, 7.072, 0.0, 0.0, 0.0, 1.12727, 1145.72, 1596987.066, 0.0
477, 6.954, 0.0, 0.0, 0.0, 1.07273, 1125.26, 1593562.848, 0.0
478, 6.856, 0.0, 0.0, 0.0, 1.02083, 1106.816, 1590146.886, 0.0
479, 6.748, 0.0, 0.0, 0.0, 1.10204, 1087.47, 1586736.658, 0.0
480, 6.636, 0.0, 0.0, 0.0, 1.0566, 1065.966, 1583329.478, 0.0
481, 6.52, 0.0, 0.0, 0.0, 1.03571, 1043.228, 1579933.356, 0.0
482, 6.42, 0.0, 0.0, 0.0, 1.04167, 1024.094, 1576547.04, 0.0
483, 6.322, 0.0, 0.0, 0.0, 1.08889, 1004.704, 1573166.718, 0.0
484, 6.232, 0.0, 0.0, 0.0, 1.02273, 987.188, 1569787.944, 0.0
485, 6.134, 0.0, 0.0, 0.0, 1.06522, 969.754, 1566413.854, 0.0
486, 6.034, 0.0, 0.0, 0.0, 1.0, 953.046, 1563046.918, 0.0
487, 5.938, 0.0, 0.0, 0.0, 1.14286, 936.182, 1559690.73, 0.0
488, 5.836, 0.0, 0.0, 0.0, 1.0, 920.0, 1556336.234, 0.0
489, 5.736, 0.0, 0.0, 0.0, 1.04167, 903.184, 1552995.22, 0.0
490, 5.642, 0.0, 0.0, 0.0, 1.04444, 885.024, 1549664.628, 0.0
491, 5.554, 0.0, 0.0, 0.0, 1.04762, 868.08, 1546337.388, 0.0
492, 5.488, 0.0, 0.0, 0.0, 1.03125, 855.992, 1543010.96, 0.0
493, 5.396, 0.0, 0.0, 0.0, 1.04545, 840.28, 1539700.638, 0.0
494, 5.296, 0.0, 0.0, 0.0, 1.04167, 824.534, 1536391.522, 0.0
495, 5.2, 0.0, 0.0, 0.0, 1.04348, 809.456, 1533091.106, 0.0
496, 5.088, 0.0, 0.0, 0.0, 1.03704, 790.056, 1529805.32, 0.0
497, 5.002, 0.0, 0.0, 0.0, 1.0, 775.904, 1526518.87, 0.0
498, 4.93, 0.0, 0.0, 0.0, 1.02857, 764.31, 1523240.148, 0.0
499, 4.86573, 0.0, 0.0, 0.0, 1.02778, 753.19639, 1519973.224, 0.0
500, 4.80885, 0.0, 0.0, 0.0, 1.05556, 740.44064, 1516712.53908, 0.0
501, 4.70423, 0.0, 0.0, 0.0, 1.06122, 722.43461, 1513427.43058, 0.0
502, 4.61569, 0.0, 0.0, 0.0, 1.04762, 706.88732, 1510177.15091, 0.0
503, 4.52918, 0.0, 0.0, 0.0, 1.13158, 693.22133, 1506930.33199, 0.0
504, 4.46169, 0.0, 0.0, 0.0, 1.11765, 681.51613, 1503696.76861, 0.0
505, 4.38788, 0.0, 0.0, 0.0, 1.07895, 670.02626, 1500462.85887, 0.0
506, 4.30769, 0.0, 0.0, 0.0, 1.07317, 656.68826, 1497254.54545, 0.0
507, 4.22065, 0.0, 0.0, 0.0, 1.0, 644.38259, 1494028.14575, 0.0
508, 4.15992, 0.0, 0.0, 0.0, 1.0, 633.55466, 1490814.74899, 0.0
509, 4.09514, 0.0, 0.0, 0.0, 1.03226, 620.23077, 1487615.37247, 0.0
510, 4.02227, 0.0, 0.0, 0.0, 1.0, 607.91498, 1484417.3502, 0.0
511, 3.95142, 0.0, 0.0, 0.0, 1.09375, 598.51619, 1481223.2247, 0.0
512, 3.8783, 0.0, 0.0, 0.0, 1.02564, 586.5071, 1478042.4413, 0.0
513, 3.81301, 0.0, 0.0, 0.0, 1.05882, 575.84146, 1474858.80527, 0.0
514, 3.75, 0.0, 0.0, 0.0, 1.0, 563.23577, 1471678.30691, 0.0
515, 3.69857, 0.0, 0.0, 0.0, 1.03571, 555.40733, 1468517.66463, 0.0
516, 3.63951, 0.0, 0.0, 0.0, 1.0, 545.53157, 1465321.1833, 0.0
517, 3.59796, 0.0, 0.0, 0.0, 1.0, 539.25714, 1462174.98982, 0.0
518, 3.54918, 0.0, 0.0, 0.0, 1.0, 529.20082, 1459026.71837, 0.0
519, 3.46926, 0.0, 0.0, 0.0, 1.0, 517.93443, 1455869.625, 0.0
520, 3.42094, 0.0, 0.0, 0.0, 1.0, 512.51129, 1452741.0123, 0.0
521, 3.36008, 0.0, 0.0, 0.0, 1.03125, 503.29218, 1449629.11499, 0.0
522, 3.30515, 0.0, 0.0, 0.0, 1.15385, 496.2, 1446520.73663, 0.0
523, 3.28125, 0.0, 0.0, 0.0, 1.03704, 491.97708, 1443473.82474, 0.0
524, 3.21875, 0.0, 0.0, 0.0, 1.03448, 482.08542, 1440376.47708, 0.0
525, 3.17083, 0.0, 0.0, 0.0, 1.0, 474.075, 1437273.86667, 0.0
526, 3.13987, 0.0, 0.0, 0.0, 1.0, 469.32985, 1434181.4125, 0.0
527, 3.09186, 0.0, 0.0, 0.0, 1.0, 462.98121, 1431093.9666, 0.0
528, 3.04603, 0.0, 0.0, 0.0, 1.04167, 456.15272, 1428019.29228, 0.0
529, 3.01471, 0.0, 0.0, 0.0, 1.0, 450.69118, 1424929.74477, 0.0
530, 2.97479, 0.0, 0.0, 0.0, 1.05556, 443.46218, 1421854.14916, 0.0
531, 2.93474, 0.0, 0.0, 0.0, 1.0, 435.84, 1418794.01471, 0.0
532, 2.89662, 0.0, 0.0, 0.0, 1.0, 428.79747, 1415734.64632, 0.0
533, 2.85805, 0.0, 0.0, 0.0, 1.0, 422.54237, 1412663.36076, 0.0
534, 2.80597, 0.0, 0.0, 0.0, 1.03125, 413.92111, 1409627.10169, 0.0
535, 2.77039, 0.0, 0.0, 0.0, 1.0, 408.95279, 1406577.21962, 0.0
536, 2.73922, 0.0, 0.0, 0.0, 1.0, 403.44181, 1403564.12446, 0.0
537, 2.70996, 0.0, 0.0, 0.0, 1.0, 398.34416, 1400543.49138, 0.0
538, 2.68122, 0.0, 0.0, 0.0, 1.0, 392.57642, 1397516.72727, 0.0
539, 2.631, 0.0, 0.0, 0.0, 1.0, 384.70961, 1394481.84498, 0.0
540, 2.62031, 0.0, 0.0, 0.0, 1.125, 383.38852, 1391487.66594, 0.0
541, 2.58628, 0.0, 0.0, 0.0, 1.0, 377.71903, 1388469.07947, 0.0
542, 2.56696, 0.0, 0.0, 0.0, 1.0, 372.90179, 1385482.50664, 0.0
543, 2.54036, 0.0, 0.0, 0.0, 1.0, 367.287, 1382438.64732, 0.0
544, 2.5191, 0.0, 0.0, 0.0, 1.0, 364.62022, 1379490.01794, 0.0
545, 2.5, 0.0, 0.0, 0.0, 1.14286, 359.3914, 1376540.14831, 0.0
546, 2.47836, 0.0, 0.0, 0.0, 1.0, 355.89294, 1373546.73077, 0.0
547, 2.43964, 0.0, 0.0, 0.0, 1.0, 349.56264, 1370557.43736, 0.0
548, 2.4289, 0.0, 0.0, 0.0, 1.0, 347.09174, 1367622.63326, 0.0
549, 2.3954, 0.0, 0.0, 0.0, 1.0, 342.89655, 1364673.1789, 0.0
550, 2.34943, 0.0, 0.0, 0.0, 1.0, 325.64828, 1361764.23448, 0.0
551, 2.32028, 0.0, 0.0, 0.0, 1.07143, 321.18894, 1358837.94943, 0.0
552, 2.28009, 0.0, 0.0, 0.0, 1.0, 312.57407, 1355904.79032, 0.0
553, 2.25701, 0.0, 0.0, 0.0, 1.0, 308.31776, 1353008.78935, 0.0
554, 2.22951, 0.0, 0.0, 0.0, 1.0, 303.60187, 1350064.13551, 0.0
555, 2.22459, 0.0, 0.0, 0.0, 1.0, 301.82979, 1347176.11241, 0.0
556, 2.20476, 0.0, 0.0, 0.0, 1.0, 298.9619, 1344241.34279, 0.0
557, 2.17857, 0.0, 0.0, 0.0, 1.0, 294.42143, 1341288.22381, 0.0
558, 2.15072, 0.0, 0.0, 0.0, 1.0, 289.53349, 1338421.09524, 0.0
559, 2.12319, 0.0, 0.0, 0.0, 1.05263, 285.31643, 1335543.1244, 0.0
560, 2.10219, 0.0, 0.0, 0.0, 1.0, 280.98297, 1332648.14976, 0.0
561, 2.09069, 0.0, 0.0, 0.0, 1.0, 278.92892, 1329747.04866, 0.0
562, 2.06143, 0.0, 0.0, 0.0, 1.0, 274.27518, 1326866.08578, 0.0
563, 2.04691, 0.0, 0.0, 0.0, 1.0, 271.54074, 1323993.46683, 0.0
564, 2.02475, 0.0, 0.0, 0.0, 1.0, 267.43812, 1321118.15062, 0.0
565, 2.01493, 0.0, 0.0, 0.0, 1.0, 265.89801, 1318289.62624, 0.0
566, 2.0, 0.0, 0.0, 0.0, 1.0, 262.96241, 1315454.53483, 0.0
567, 1.98982, 0.0, 0.0, 0.0, 1.0, 260.15522, 1312653.65664, 0.0
568, 1.97179, 0.0, 0.0, 0.0, 1.0, 257.38974, 1309797.95674, 0.0
569, 1.94832, 0.0, 0.0, 0.0, 1.0, 253.6124, 1306949.97949, 0.0
570, 1.93282, 0.0, 0.0, 0.0, 1.0, 251.56331, 1304124.47287, 0.0
571, 1.92188, 0.0, 0.0, 0.0, 1.0, 248.78906, 1301331.07235, 0.0
572, 1.90814, 0.0, 0.0, 0.0, 1.0, 246.07087, 1298520.79948, 0.0
573, 1.90476, 0.0, 0.0, 0.0, 1.0, 245.79894, 1295740.04462, 0.0
574, 1.88564, 0.0, 0.0, 0.0, 1.0, 242.21277, 1292976.71958, 0.0
575, 1.84987, 0.0, 0.0, 0.0, 1.0, 235.90885, 1290198.23138, 0.0
576, 1.83019, 0.0, 0.0, 0.0, 1.0, 232.4717, 1287415.23324, 0.0
577, 1.82834, 0.0, 0.0, 0.0, 1.0, 231.08719, 1284727.61725, 0.0
578, 1.81768, 0.0, 0.0, 0.0, 1.0, 228.45856, 1281965.51226, 0.0
579, 1.80726, 0.0, 0.0, 0.0, 1.0, 225.47486, 1279204.40055, 0.0
580, 1.79213, 0.0, 0.0, 0.0, 1.0, 222.71067, 1276402.5419, 0.0
581, 1.77746, 0.0, 0.0, 0.0, 1.0, 220.96338, 1273683.65449, 0.0
582, 1.74504, 0.0, 0.0, 0.0, 1.07143, 215.72805, 1270951.52676, 0.0
583, 1.7094, 0.0, 0.0, 0.0, 1.0, 210.48433, 1268177.13031, 0.0
584, 1.69828, 0.0, 0.0, 0.0, 1.0, 208.72989, 1265458.07977, 0.0
585, 1.68696, 0.0, 0.0, 0.0, 1.0, 206.04058, 1262751.73563, 0.0
586, 1.67055, 0.0, 0.0, 0.0, 1.125, 204.4344, 1259991.1913, 0.0
587, 1.65487, 0.0, 0.0, 0.0, 1.0, 201.56637, 1257253.18076, 0.0
588, 1.64012, 0.0, 0.0, 0.0, 1.0, 199.71091, 1254483.68437, 0.0
589, 1.63095, 0.0, 0.0, 0.0, 1.0, 198.37202, 1251790.83776, 0.0
590, 1.61976, 0.0, 0.0, 0.0, 1.0, 196.50898, 1249072.85417, 0.0
591, 1.60241, 0.0, 0.0, 0.0, 1.0, 193.94578, 1246358.72754, 0.0
592, 1.60061, 0.0, 0.0, 0.0, 1.0, 193.56098, 1243636.36446, 0.0
593, 1.60429, 0.0, 0.0, 0.0, 1.0, 193.87117, 1240951.81098, 0.0
594, 1.58769, 0.0, 0.0, 0.0, 1.0, 191.42769, 1238280.71779, 0.0
595, 1.57143, 0.0, 0.0, 0.0, 1.0, 187.91304, 1235611.99692, 0.0
596, 1.5514, 0.0, 0.0, 0.0, 1.0, 184.83801, 1232948.95963, 0.0
597, 1.53583, 0.0, 0.0, 0.0, 1.25, 183.38006, 1230305.55452, 0.0
598, 1.53145, 0.0, 0.0, 0.0, 1.0, 182.96226, 1227664.50467, 0.0
599, 1.52063, 0.0, 0.0, 0.0, 1.0, 181.48571, 1224995.05975, 0.0
600, 1.51118, 0.0, 0.0, 0.0, 1.0, 179.33227, 1222376.21905, 0.0
601, 1.51125, 0.0, 0.0, 0.0, 1.0, 179.09968, 1219740.01597, 0.0
602, 1.50804, 0.0, 0.0, 0.0, 1.0, 178.23794, 1217137.84244, 0.0
603, 1.5, 0.0, 0.0, 0.0, 1.0, 177.27419, 1214521.90997, 0.0
604, 1.49511, 0.0, 0.0, 0.0, 1.0, 176.30293, 1211887.8871, 0.0
605, 1.46823, 0.0, 0.0, 0.0, 1.0, 172.18395, 1209339.49837, 0.0
606, 1.45946, 0.0, 0.0, 0.0, 1.0, 171.13176, 1206805.42475, 0.0
607, 1.45361, 0.0, 0.0, 0.0, 1.0, 170.189, 1204167.30743, 0.0
608, 1.43448, 0.0, 0.0, 0.0, 1.0, 166.71034, 1201471.19588, 0.0
609, 1.42361, 0.0, 0.0, 0.0, 1.0, 164.95833, 1198860.57241, 0.0
610, 1.41754, 0.0, 0.0, 0.0, 1.0, 164.29474, 1196276.20833, 0.0
611, 1.40989, 0.0, 0.0, 0.0, 1.0, 163.49823, 1193722.83509, 0.0
612, 1.40433, 0.0, 0.0, 0.0, 1.0, 162.06859, 1191129.81625, 0.0
613, 1.39051, 0.0, 0.0, 0.0, 1.0, 160.35401, 1188483.58123, 0.0
614, 1.38745, 0.0, 0.0, 0.0, 1.0, 159.46125, 1185951.37956, 0.0
615, 1.38113, 0.0, 0.0, 0.0, 1.0, 159.33585, 1183477.06642, 0.0
616, 1.37643, 0.0, 0.0, 0.0, 1.33333, 158.52091, 1180879.76981, 0.0
617, 1.37066, 0.0, 0.0, 0.0, 1.0, 158.21622, 1178370.10266, 0.0
618, 1.35798, 0.0, 0.0, 0.0, 1.0, 157.44747, 1175836.96139, 0.0
619, 1.3451, 0.0, 0.0, 0.0, 1.0, 155.12157, 1173272.19844, 0.0
620, 1.34127, 0.0, 0.0, 0.0, 1.0, 155.36905, 1170787.61176, 0.0
621, 1.33865, 0.0, 0.0, 0.0, 1.0, 154.56574, 1168283.21429, 0.0
622, 1.33468, 0.0, 0.0, 0.0, 1.0, 154.29032, 1165826.00398, 0.0
623, 1.33198, 0.0, 0.0, 0.0, 1.0, 153.46559, 1163275.01613, 0.0
624, 1.3252, 0.0, 0.0, 0.0, 1.0, 152.09756, 1160806.5749, 0.0
625, 1.31405, 0.0, 0.0, 0.0, 1.0, 149.8595, 1158359.32927, 0.0
626, 1.3112, 0.0, 0.0, 0.0, 1.0, 148.9917, 1155903.08264, 0.0
627, 1.29958, 0.0, 0.0, 0.0, 1.0, 147.96624, 1153424.24896, 0.0
628, 1.28755, 0.0, 0.0, 0.0, 1.0, 146.84549, 1151016.53586, 0.0
629, 1.28947, 0.0, 0.0, 0.0, 1.0, 147.75, 1148438.36481, 0.0
630, 1.27876, 0.0, 0.0, 0.0, 1.0, 146.52655, 1145932.99123, 0.0
631, 1.27928, 0.0, 0.0, 0.0, 1.0, 145.7973, 1143434.13274, 0.0
632, 1.27397, 0.0, 0.0, 0.0, 1.0, 144.3242, 1141005.48198, 0.0
633, 1.26147, 0.0, 0.0, 0.0, 1.33333, 143.29358, 1138512.54795, 0.0
634, 1.25, 0.0, 0.0, 0.0, 1.0, 140.71296, 1136082.31651, 0.0
635, 1.25234, 0.0, 0.0, 0.0, 1.0, 141.07944, 1133630.28241, 0.0
636, 1.25352, 0.0, 0.0, 0.0, 1.0, 140.77465, 1131210.14486, 0.0
637, 1.25481, 0.0, 0.0, 0.0, 1.0, 141.70673, 1128802.89202, 0.0
638, 1.2549, 0.0, 0.0, 0.0, 1.0, 141.26961, 1126422.96154, 0.0
639, 1.24752, 0.0, 0.0, 0.0, 1.0, 139.28218, 1123951.5, 0.0
640, 1.24623, 0.0, 0.0, 0.0, 1.0, 139.73367, 1121490.90099, 0.0
641, 1.23469, 0.0, 0.0, 0.0, 1.0, 138.59184, 1119136.35176, 0.0
642, 1.23196, 0.0, 0.0, 0.0, 1.0, 137.54639, 1116688.88265, 0.0
643, 1.22751, 0.0, 0.0, 0.0, 1.0, 136.85185, 1114309.08247, 0.0
644, 1.22995, 0.0, 0.0, 0.0, 1.0, 137.13369, 1111814.2963, 0.0
645, 1.22581, 0.0, 0.0, 0.0, 1.0, 136.77419, 1109440.40642, 0.0
646, 1.22162, 0.0, 0.0, 0.0, 1.0, 136.44865, 1107106.74194, 0.0
647, 1.21429, 0.0, 0.0, 0.0, 1.25, 135.26923, 1104715.00541, 0.0
648, 1.20994, 0.0, 0.0, 0.0, 1.0, 135.0442, 1102237.36813, 0.0
649, 1.20112, 0.0, 0.0, 0.0, 1.0, 134.59777, 1099886.27072, 0.0
650, 1.19318, 0.0, 0.0, 0.0, 1.0, 132.57955, 1097527.55307, 0.0
651, 1.17442, 0.0, 0.0, 0.0, 1.0, 130.54651, 1095111.97727, 0.0
652, 1.16766, 0.0, 0.0, 0.0, 1.0, 131.71257, 1092709.23837, 0.0
653, 1.16463, 0.0, 0.0, 0.0, 1.0, 131.34146, 1090337.54491, 0.0
654, 1.16564, 0.0, 0.0, 0.0, 1.0, 131.87117, 1088049.73171, 0.0
655, 1.16981, 0.0, 0.0, 0.0, 1.0, 131.32075, 1085774.59509, 0.0
656, 1.17197, 0.0, 0.0, 0.0, 1.0, 131.07643, 1083364.67296, 0.0
657, 1.17532, 0.0, 0.0, 0.0, 1.0, 131.62338, 1081142.57962, 0.0
658, 1.18, 0.0, 0.0, 0.0, 1.0, 131.28667, 1078872.88961, 0.0
659, 1.16216, 0.0, 0.0, 0.0, 1.0, 128.2027, 1076558.94, 0.0
660, 1.14685, 0.0, 0.0, 0.0, 1.0, 125.86014, 1074304.38514, 0.0
661, 1.14894, 0.0, 0.0, 0.0, 1.0, 126.19149, 1071954.25874, 0.0
662, 1.13971, 0.0, 0.0, 0.0, 1.0, 125.97794, 1069668.84397, 0.0
663, 1.13433, 0.0, 0.0, 0.0, 1.0, 124.38806, 1067295.83088, 0.0
664, 1.13636, 0.0, 0.0, 0.0, 1.0, 124.25758, 1064975.57463, 0.0
665, 1.13178, 0.0, 0.0, 0.0, 1.0, 123.86047, 1062660.2803, 0.0
666, 1.11628, 0.0, 0.0, 0.0, 1.0, 121.31008, 1060320.21705, 0.0
667, 1.11024, 0.0, 0.0, 0.0, 1.0, 119.73228, 1058048.36434, 0.0
668, 1.11024, 0.0, 0.0, 0.0, 0.0, 119.46457, 1055754.2126, 0.0
669, 1.104, 0.0, 0.0, 0.0, 1.0, 118.744, 1053496.16535, 0.0
670, 1.09167, 0.0, 0.0, 0.0, 1.0, 119.14167, 1051288.928, 0.0
671, 1.09322, 0.0, 0.0, 0.0, 1.0, 118.15254, 1048852.26667, 0.0
672, 1.09483, 0.0, 0.0, 0.0, 1.0, 117.83621, 1046589.78814, 0.0
673, 1.09565, 0.0, 0.0, 0.0, 1.0, 117.04348, 1044329.81034, 0.0
674, 1.09649, 0.0, 0.0, 0.0, 1.0, 116.66667, 1041974.8087, 0.0
675, 1.08036, 0.0, 0.0, 0.0, 1.0, 113.83036, 1039800.64035, 0.0
676, 1.08333, 0.0, 0.0, 0.0, 1.0, 113.05556, 1037604.41071, 0.0
677, 1.08333, 0.0, 0.0, 0.0, 0.0, 112.82407, 1035245.51852, 0.0
678, 1.08571, 0.0, 0.0, 0.0, 1.0, 112.06667, 1033045.19444, 0.0
679, 1.07767, 0.0, 0.0, 0.0, 1.0, 111.51456, 1030806.24762, 0.0
680, 1.07921, 0.0, 0.0, 0.0, 1.0, 112.54455, 1028529.03883, 0.0
681, 1.08163, 0.0, 0.0, 0.0, 1.0, 114.39796, 1026294.50495, 0.0
682, 1.08247, 0.0, 0.0, 0.0, 1.0, 115.27835, 1024176.43878, 0.0
683, 1.0625, 0.0, 0.0, 0.0, 1.0, 111.72917, 1022055.39175, 0.0
684, 1.06316, 0.0, 0.0, 0.0, 1.0, 111.51579, 1019880.86458, 0.0
685, 1.06383, 0.0, 0.0, 0.0, 1.0, 110.97872, 1017683.64211, 0.0
686, 1.06593, 0.0, 0.0, 0.0, 1.0, 109.89011, 1015513.92553, 0.0
687, 1.06818, 0.0, 0.0, 0.0, 1.0, 109.59091, 1013274.75824, 0.0
688, 1.06897, 0.0, 0.0, 0.0, 1.0, 109.51724, 1010946.05682, 0.0
689, 1.06977, 0.0, 0.0, 0.0, 1.0, 109.10465, 1008846.47126, 0.0
690, 1.05882, 0.0, 0.0, 0.0, 1.0, 110.03529, 1006728.98837, 0.0
691, 1.05952, 0.0, 0.0, 0.0, 1.0, 109.78571, 1004497.45882, 0.0
692, 1.05952, 0.0, 0.0, 0.0, 0.0, 109.5, 1002334.25, 0.0
693, 1.06173, 0.0, 0.0, 0.0, 1.0, 110.55556, 1000217.75, 0.0
694, 1.05, 0.0, 0.0, 0.0, 1.0, 109.9375, 998141.50617, 0.0
695, 1.05, 0.0, 0.0, 0.0, 0.0, 109.6625, 995911.3, 0.0
696, 1.05063, 0.0, 0.0, 0.0, 1.0, 109.3038, 993790.675, 0.0
697, 1.02532, 0.0, 0.0, 0.0, 1.0, 106.13924, 991656.11392, 0.0
698, 1.02564, 0.0, 0.0, 0.0, 1.0, 105.75641, 989525.24051, 0.0
699, 1.02564, 0.0, 0.0, 0.0, 0.0, 105.46154, 987456.21795, 0.0
700, 1.02632, 0.0, 0.0, 0.0, 1.0, 106.52632, 985364.44872, 0.0
701, 1.02632, 0.0, 0.0, 0.0, 0.0, 106.38158, 983180.71053, 0.0
702, 1.02632, 0.0, 0.0, 0.0, 0.0, 106.17105, 981069.39474, 0.0
703, 1.02667, 0.0, 0.0, 0.0, 1.0, 105.38667, 978971.96053, 0.0
704, 1.02667, 0.0, 0.0, 0.0, 0.0, 105.13333, 976863.98667, 0.0
705, 1.02703, 0.0, 0.0, 0.0, 1.0, 106.35135, 974778.06667, 0.0
706, 1.02778, 0.0, 0.0, 0.0, 1.0, 109.01389, 972722.48649, 0.0
707, 1.02817, 0.0, 0.0, 0.0, 1.0, 108.56338, 970597.88889, 0.0
708, 1.02857, 0.0, 0.0, 0.0, 1.0, 107.71429, 968400.64789, 0.0
709, 1.02857, 0.0, 0.0, 0.0, 0.0, 107.4, 966443.97143, 0.0
710, 1.02941, 0.0, 0.0, 0.0, 1.0, 108.57353, 964378.87143, 0.0
711, 1.0303, 0.0, 0.0, 0.0, 1.0, 109.60606, 962398.69118, 0.0
712, 1.03125, 0.0, 0.0, 0.0, 1.0, 109.10938, 960339.59091, 0.0
713, 1.03175, 0.0, 0.0, 0.0, 1.0, 108.57143, 958360.4375, 0.0
714, 1.03279, 0.0, 0.0, 0.0, 1.0, 108.19672, 956446.22222, 0.0
715, 1.0339, 0.0, 0.0, 0.0, 1.0, 109.89831, 954370.27869, 0.0
716, 1.03509, 0.0, 0.0, 0.0, 1.0, 109.61404, 952481.45763, 0.0
717, 1.03636, 0.0, 0.0, 0.0, 1.0, 109.0, 950529.42105, 0.0
718, 1.03636, 0.0, 0.0, 0.0, 0.0, 108.81818, 948443.72727, 0.0
719, 1.03636, 0.0, 0.0, 0.0, 0.0, 108.69091, 946400.61818, 0.0
720, 1.03636, 0.0, 0.0, 0.0, 0.0, 108.50909, 944371.07273, 0.0
721, 1.01887, 0.0, 0.0, 0.0, 1.0, 104.5283, 942387.09091, 0.0
722, 1.01923, 0.0, 0.0, 0.0, 1.0, 104.38462, 940246.92453, 0.0
723, 1.01923, 0.0, 0.0, 0.0, 0.0, 104.21154, 938177.28846, 0.0
724, 1.01961, 0.0, 0.0, 0.0, 1.0, 103.98039, 936172.78846, 0.0
725, 1.02041, 0.0, 0.0, 0.0, 1.0, 102.63265, 934115.21569, 0.0
726, 1.02041, 0.0, 0.0, 0.0, 0.0, 102.44898, 932089.06122, 0.0
727, 1.02083, 0.0, 0.0, 0.0, 1.0, 102.27083, 930118.36735, 0.0
728, 1.02128, 0.0, 0.0, 0.0, 1.0, 101.74468, 928018.91667, 0.0
729, 1.02174, 0.0, 0.0, 0.0, 1.0, 101.30435, 925922.0, 0.0
730, 1.02222, 0.0, 0.0, 0.0, 1.0, 101.15556, 924055.73913, 0.0
731, 1.02222, 0.0, 0.0, 0.0, 0.0, 100.95556, 921991.0, 0.0
732, 1.02273, 0.0, 0.0, 0.0, 1.0, 100.06818, 920046.24444, 0.0
733, 1.02273, 0.0, 0.0, 0.0, 0.0, 99.86364, 918184.34091, 0.0
734, 1.02273, 0.0, 0.0, 0.0, 0.0, 99.61364, 916214.29545, 0.0
735, 1.0, 0.0, 0.0, 0.0, 1.0, 97.23256, 914252.97727, 0.0
736, 1.0, 0.0, 0.0, 0.0, 1.0, 96.90476, 912336.67442, 0.0
737, 1.0, 0.0, 0.0, 0.0, 0.0, 96.83333, 910330.69048, 0.0
738, 1.0, 0.0, 0.0, 0.0, 0.0, 96.64286, 908375.33333, 0.0
739, 1.0, 0.0, 0.0, 0.0, 0.0, 96.5, 906412.88095, 0.0
740, 1.0, 0.0, 0.0, 0.0, 0.0, 96.2381, 904470.80952, 0.0
741, 1.0, 0.0, 0.0, 0.0, 0.0, 96.21429, 902517.66667, 0.0
742, 1.0, 0.0, 0.0, 0.0, 1.0, 94.87805, 900594.97619, 0.0
743, 1.0, 0.0, 0.0, 0.0, 1.0, 92.51282, 898721.26829, 0.0
744, 1.0, 0.0, 0.0, 0.0, 1.0, 97.24324, 896712.84615, 0.0
745, 1.0, 0.0, 0.0, 0.0, 1.0, 98.42857, 894924.0, 0.0
746, 1.0, 0.0, 0.0, 0.0, 0.0, 98.2, 892734.48571, 0.0
747, 1.0, 0.0, 0.0, 0.0, 1.0, 100.0303, 890814.25714, 0.0
748, 1.0, 0.0, 0.0, 0.0, 0.0, 99.90909, 889054.0, 0.0
749, 1.0, 0.0, 0.0, 0.0, 1.0, 98.75, 887164.60606, 0.0
750, 1.0, 0.0, 0.0, 0.0, 0.0, 98.59375, 885114.0, 0.0
751, 1.0, 0.0, 0.0, 0.0, 0.0, 98.46875, 883222.65625, 0.0
752, 1.0, 0.0, 0.0, 0.0, 1.0, 101.48387, 881346.53125, 0.0
753, 1.0, 0.0, 0.0, 0.0, 0.0, 101.25806, 879376.90323, 0.0
754, 1.0, 0.0, 0.0, 0.0, 0.0, 101.03226, 877481.06452, 0.0
755, 1.0, 0.0, 0.0, 0.0, 1.0, 100.53333, 875650.51613, 0.0
756, 1.0, 0.0, 0.0, 0.0, 0.0, 100.13333, 873820.46667, 0.0
757, 1.0, 0.0, 0.0, 0.0, 0.0, 100.0, 871939.9, 0.0
758, 1.0, 0.0, 0.0, 0.0, 1.0, 98.28571, 870125.76667, 0.0
759, 1.0, 0.0, 0.0, 0.0, 0.0, 98.25, 868230.64286, 0.0
760, 1.0, 0.0, 0.0, 0.0, 0.0, 98.03571, 866359.07143, 0.0
761, 1.0, 0.0, 0.0, 0.0, 1.0, 96.55556, 864498.71429, 0.0
762, 1.0, 0.0, 0.0, 0.0, 0.0, 96.25926, 862790.85185, 0.0
763, 1.0, 0.0, 0.0, 0.0, 1.0, 96.38462, 860971.37037, 0.0
764, 1.0, 0.0, 0.0, 0.0, 0.0, 96.0, 858965.80769, 0.0
765, 1.0, 0.0, 0.0, 0.0, 1.0, 99.56, 857148.80769, 0.0
766, 1.0, 0.0, 0.0, 0.0, 1.0, 99.20833, 855233.92, 0.0
767, 1.0, 0.0, 0.0, 0.0, 0.0, 98.91667, 853352.41667, 0.0
768, 1.0, 0.0, 0.0, 0.0, 0.0, 98.83333, 851505.625, 0.0
769, 1.0, 0.0, 0.0, 0.0, 0.0, 98.66667, 849670.58333, 0.0
770, 1.0, 0.0, 0.0, 0.0, 0.0, 98.29167, 847845.5, 0.0
771, 1.0, 0.0, 0.0, 0.0, 0.0, 98.08333, 846023.70833, 0.0
772, 1.0, 0.0, 0.0, 0.0, 0.0, 97.91667, 844179.95833, 0.0
773, 1.0, 0.0, 0.0, 0.0, 1.0, 97.69565, 842406.33333, 0.0
774, 1.0, 0.0, 0.0, 0.0, 0.0, 97.56522, 840349.6087, 0.0
775, 1.0, 0.0, 0.0, 0.0, 0.0, 97.34783, 838524.0, 0.0
776, 1.0, 0.0, 0.0, 0.0, 1.0, 101.63636, 836730.34783, 0.0
777, 1.0, 0.0, 0.0, 0.0, 0.0, 101.5, 834592.77273, 0.0
778, 1.0, 0.0, 0.0, 0.0, 0.0, 101.18182, 832789.31818, 0.0
779, 1.0, 0.0, 0.0, 0.0, 0.0, 101.04545, 830985.59091, 0.0
780, 1.0, 0.0, 0.0, 0.0, 0.0, 100.81818, 829201.45455, 0.0
781, 1.0, 0.0, 0.0, 0.0, 0.0, 100.68182, 827394.13636, 0.0
782, 1.0, 0.0, 0.0, 0.0, 0.0, 100.54545, 825587.95455, 0.0
783, 1.0, 0.0, 0.0, 0.0, 0.0, 100.36364, 823822.09091, 0.0
784, 1.0, 0.0, 0.0, 0.0, 0.0, 100.0, 822062.90909, 0.0
785, 1.0, 0.0, 0.0, 0.0, 0.0, 99.68182, 820299.72727, 0.0
786, 1.0, 0.0, 0.0, 0.0, 0.0, 99.54545, 818515.18182, 0.0
787, 1.0, 0.0, 0.0, 0.0, 1.0, 99.3, 816815.0, 0.0
788, 1.0, 0.0, 0.0, 0.0, 0.0, 99.0, 814370.2, 0.0
789, 1.0, 0.0, 0.0, 0.0, 0.0, 98.6, 812626.1, 0.0
790, 1.0, 0.0, 0.0, 0.0, 0.0, 98.45, 810902.2, 0.0
791, 1.0, 0.0, 0.0, 0.0, 0.0, 98.3, 809143.55, 0.0
792, 1.0, 0.0, 0.0, 0.0, 0.0, 97.95, 807408.15, 0.0
793, 1.0, 0.0, 0.0, 0.0, 0.0, 97.7, 805652.55, 0.0
794, 1.0, 0.0, 0.0, 0.0, 0.0, 97.5, 803932.15, 0.0
795, 1.0, 0.0, 0.0, 0.0, 0.0, 97.3, 802213.75, 0.0
796, 1.0, 0.0, 0.0, 0.0, 0.0, 97.1, 800479.8, 0.0
797, 1.0, 0.0, 0.0, 0.0, 0.0, 96.8, 798744.9, 0.0
798, 1.0, 0.0, 0.0, 0.0, 0.0, 96.5, 797039.1, 0.0
799, 1.0, 0.0, 0.0, 0.0, 0.0, 96.2, 795306.45, 0.0
800, 1.0, 0.0, 0.0, 0.0, 0.0, 96.0, 793569.75, 0.0
801, 1.0, 0.0, 0.0, 0.0, 0.0, 95.75, 791868.8, 0.0
802, 1.0, 0.0, 0.0, 0.0, 1.0, 90.83333, 790192.25, 0.0
803, 1.0, 0.0, 0.0, 0.0, 1.0, 86.94118, 788017.27778, 0.0
804, 1.0, 0.0, 0.0, 0.0, 0.0, 86.58824, 786509.23529, 0.0
805, 1.0, 0.0, 0.0, 0.0, 0.0, 86.23529, 784811.05882, 0.0
806, 1.0, 0.0, 0.0, 0.0, 0.0, 86.23529, 783130.58824, 0.0
807, 1.0, 0.0, 0.0, 0.0, 0.0, 86.17647, 781446.11765, 0.0
808, 1.0, 0.0, 0.0, 0.0, 1.0, 91.25, 779789.23529, 0.0
809, 1.0, 0.0, 0.0, 0.0, 0.0, 91.0625, 777873.375, 0.0
810, 1.0, 0.0, 0.0, 0.0, 0.0, 90.9375, 776187.6875, 0.0
811, 1.0, 0.0, 0.0, 0.0, 0.0, 90.8125, 774525.1875, 0.0
812, 1.0, 0.0, 0.0, 0.0, 0.0, 90.5625, 772853.875, 0.0
813, 1.0, 0.0, 0.0, 0.0, 1.0, 91.26667, 771229.8125, 0.0
814, 1.0, 0.0, 0.0, 0.0, 0.0, 91.06667, 769541.93333, 0.0
815, 1.0, 0.0, 0.0, 0.0, 0.0, 90.86667, 767881.6, 0.0
816, 1.0, 0.0, 0.0, 0.0, 0.0, 90.53333, 766208.0, 0.0
817, 1.0, 0.0, 0.0, 0.0, 0.0, 90.4, 764572.13333, 0.0
818, 1.0, 0.0, 0.0, 0.0, 1.0, 90.14286, 762973.26667, 0.0
819, 1.0, 0.0, 0.0, 0.0, 0.0, 89.92857, 761524.14286, 0.0
820, 1.0, 0.0, 0.0, 0.0, 1.0, 89.76923, 759932.21429, 0.0
821, 1.0, 0.0, 0.0, 0.0, 0.0, 89.69231, 758392.76923, 0.0
822, 1.0, 0.0, 0.0, 0.0, 0.0, 89.53846, 756770.0, 0.0
823, 1.0, 0.0, 0.0, 0.0, 0.0, 89.38462, 755144.46154, 0.0
824, 1.0, 0.0, 0.0, 0.0, 0.0, 89.07692, 753516.23077, 0.0
825, 1.0, 0.0, 0.0, 0.0, 0.0, 88.61538, 751891.84615, 0.0
826, 1.0, 0.0, 0.0, 0.0, 1.0, 95.36364, 750523.23077, 0.0
827, 1.0, 0.0, 0.0, 0.0, 1.0, 94.8, 748456.90909, 0.0
828, 1.0, 0.0, 0.0, 0.0, 0.0, 94.7, 746519.7, 0.0
829, 1.0, 0.0, 0.0, 0.0, 0.0, 94.4, 744915.6, 0.0
830, 1.0, 0.0, 0.0, 0.0, 0.0, 94.3, 743312.0, 0.0
831, 1.0, 0.0, 0.0, 0.0, 0.0, 93.9, 741702.9, 0.0
832, 1.0, 0.0, 0.0, 0.0, 0.0, 93.7, 740095.1, 0.0
833, 1.0, 0.0, 0.0, 0.0, 0.0, 93.7, 738485.2, 0.0
834, 1.0, 0.0, 0.0, 0.0, 0.0, 93.5, 736903.4, 0.0
835, 1.0, 0.0, 0.0, 0.0, 0.0, 93.4, 735303.4, 0.0
836, 1.0, 0.0, 0.0, 0.0, 0.0, 93.2, 733713.1, 0.0
837, 1.0, 0.0, 0.0, 0.0, 1.0, 93.33333, 732274.7, 0.0
838, 1.0, 0.0, 0.0, 0.0, 1.0, 95.28571, 730999.66667, 0.0
839, 1.0, 0.0, 0.0, 0.0, 0.0, 95.14286, 730363.85714, 0.0
840, 1.0, 0.0, 0.0, 0.0, 0.0, 94.71429, 728760.28571, 0.0
841, 1.0, 0.0, 0.0, 0.0, 0.0, 94.71429, 727204.71429, 0.0
842, 1.0, 0.0, 0.0, 0.0, 0.0, 94.71429, 725649.57143, 0.0
843, 1.0, 0.0, 0.0, 0.0, 0.0, 94.0, 724119.14286, 0.0
844, 1.0, 0.0, 0.0, 0.0, 0.0, 93.85714, 722584.28571, 0.0
845, 1.0, 0.0, 0.0, 0.0, 1.0, 96.83333, 721160.71429, 0.0
846, 1.0, 0.0, 0.0, 0.0, 0.0, 96.83333, 719659.83333, 0.0
847, 1.0, 0.0, 0.0, 0.0, 0.0, 96.66667, 718174.66667, 0.0
848, 1.0, 0.0, 0.0, 0.0, 0.0, 96.66667, 716641.66667, 0.0
849, 1.0, 0.0, 0.0, 0.0, 1.0, 97.8, 715317.66667, 0.0
850, 1.0, 0.0, 0.0, 0.0, 0.0, 97.8, 712595.4, 0.0
851, 1.0, 0.0, 0.0, 0.0, 0.0, 97.8, 711127.4, 0.0
852, 1.0, 0.0, 0.0, 0.0, 0.0, 97.8, 709603.4, 0.0
853, 1.0, 0.0, 0.0, 0.0, 0.0, 97.6, 708142.4, 0.0
854, 1.0, 0.0, 0.0, 0.0, 0.0, 97.4, 706633.6, 0.0
855, 1.0, 0.0, 0.0, 0.0, 0.0, 97.4, 705101.4, 0.0
856, 1.0, 0.0, 0.0, 0.0, 0.0, 97.4, 703553.4, 0.0
857, 1.0, 0.0, 0.0, 0.0, 0.0, 97.0, 702022.4, 0.0
858, 1.0, 0.0, 0.0, 0.0, 0.0, 96.8, 700520.8, 0.0
859, 1.0, 0.0, 0.0, 0.0, 0.0, 96.6, 699011.8, 0.0
860, 1.0, 0.0, 0.0, 0.0, 0.0, 96.4, 697515.6, 0.0
861, 1.0, 0.0, 0.0, 0.0, 0.0, 96.2, 695986.8, 0.0
862, 1.0, 0.0, 0.0, 0.0, 0.0, 96.0, 694433.2, 0.0
863, 1.0, 0.0, 0.0, 0.0, 0.0, 96.0, 692920.0, 0.0
864, 1.0, 0.0, 0.0, 0.0, 0.0, 95.6, 691462.4, 0.0
865, 1.0, 0.0, 0.0, 0.0, 0.0, 95.4, 689934.6, 0.0
866, 1.0, 0.0, 0.0, 0.0, 0.0, 95.2, 688474.4, 0.0
867, 1.0, 0.0, 0.0, 0.0, 0.0, 95.0, 687007.4, 0.0
868, 1.0, 0.0, 0.0, 0.0, 0.0, 95.0, 685502.2, 0.0
869, 1.0, 0.0, 0.0, 0.0, 0.0, 94.6, 684008.4, 0.0
870, 1.0, 0.0, 0.0, 0.0, 0.0, 94.2, 682562.0, 0.0
871, 1.0, 0.0, 0.0, 0.0, 0.0, 94.0, 681067.0, 0.0
872, 1.0, 0.0, 0.0, 0.0, 0.0, 94.0, 679587.6, 0.0
873, 1.0, 0.0, 0.0, 0.0, 0.0, 93.8, 678099.0, 0.0
874, 1.0, 0.0, 0.0, 0.0, 0.0, 93.8, 676649.8, 0.0
875, 1.0, 0.0, 0.0, 0.0, 0.0, 93.4, 675204.4, 0.0
876, 1.0, 0.0, 0.0, 0.0, 0.0, 93.4, 673746.4, 0.0
877, 1.0, 0.0, 0.0, 0.0, 0.0, 93.4, 672304.4, 0.0
878, 1.0, 0.0, 0.0, 0.0, 0.0, 92.8, 670812.2, 0.0
879, 1.0, 0.0, 0.0, 0.0, 0.0, 92.8, 669345.8, 0.0
880, 1.0, 0.0, 0.0, 0.0, 1.0, 92.5, 668150.0, 0.0
881, 1.0, 0.0, 0.0, 0.0, 0.0, 92.5, 665934.25, 0.0
882, 1.0, 0.0, 0.0, 0.0, 0.0, 92.0, 664538.25, 0.0
883, 1.0, 0.0, 0.0, 0.0, 0.0, 91.25, 663105.0, 0.0
884, 1.0, 0.0, 0.0, 0.0, 0.0, 91.0, 661684.25, 0.0
885, 1.0, 0.0, 0.0, 0.0, 0.0, 91.0, 660266.0, 0.0
886, 1.0, 0.0, 0.0, 0.0, 0.0, 90.75, 658790.5, 0.0
887, 1.0, 0.0, 0.0, 0.0, 0.0, 90.5, 657395.75, 0.0
888, 1.0, 0.0, 0.0, 0.0, 0.0, 90.5, 655986.0, 0.0
889, 1.0, 0.0, 0.0, 0.0, 0.0, 90.5, 654589.75, 0.0
890, 1.0, 0.0, 0.0, 0.0, 0.0, 90.5, 653172.5, 0.0
891, 1.0, 0.0, 0.0, 0.0, 0.0, 90.5, 651801.75, 0.0
892, 1.0, 0.0, 0.0, 0.0, 0.0, 90.5, 650393.0, 0.0
893, 1.0, 0.0, 0.0, 0.0, 0.0, 90.5, 649006.75, 0.0
894, 1.0, 0.0, 0.0, 0.0, 0.0, 90.25, 647617.25, 0.0
895, 1.0, 0.0, 0.0, 0.0, 0.0, 90.25, 646271.75, 0.0
896, 1.0, 0.0, 0.0, 0.0, 0.0, 90.25, 644889.75, 0.0
897, 1.0, 0.0, 0.0, 0.0, 0.0, 90.25, 643503.75, 0.0
898, 1.0, 0.0, 0.0, 0.0, 0.0, 89.75, 642056.5, 0.0
899, 1.0, 0.0, 0.0, 0.0, 0.0, 89.75, 640681.5, 0.0
900, 1.0, 0.0, 0.0, 0.0, 0.0, 89.5, 639254.5, 0.0
901, 1.0, 0.0, 0.0, 0.0, 0.0, 89.5, 637855.75, 0.0
902, 1.0, 0.0, 0.0, 0.0, 0.0, 89.0, 636460.5, 0.0
903, 1.0, 0.0, 0.0, 0.0, 0.0, 89.0, 635100.0, 0.0
904, 1.0, 0.0, 0.0, 0.0, 0.0, 88.75, 633731.0, 0.0
905, 1.0, 0.0, 0.0, 0.0, 0.0, 88.5, 632370.75, 0.0
906, 1.0, 0.0, 0.0, 0.0, 0.0, 88.5, 630960.0, 0.0
907, 1.0, 0.0, 0.0, 0.0, 0.0, 88.25, 629587.5, 0.0
908, 1.0, 0.0, 0.0, 0.0, 0.0, 88.0, 628209.5, 0.0
909, 1.0, 0.0, 0.0, 0.0, 1.0, 87.33333, 626963.0, 0.0
910, 1.0, 0.0, 0.0, 0.0, 0.0, 87.33333, 625474.0, 0.0
911, 1.0, 0.0, 0.0, 0.0, 0.0, 86.66667, 624106.33333, 0.0
912, 1.0, 0.0, 0.0, 0.0, 0.0, 86.66667, 622787.66667, 0.0
913, 1.0, 0.0, 0.0, 0.0, 0.0, 86.66667, 621486.33333, 0.0
914, 1.0, 0.0, 0.0, 0.0, 0.0, 86.66667, 620142.66667, 0.0
915, 1.0, 0.0, 0.0, 0.0, 0.0, 86.33333, 618814.0, 0.0
916, 1.0, 0.0, 0.0, 0.0, 0.0, 86.33333, 617454.33333, 0.0
917, 1.0, 0.0, 0.0, 0.0, 0.0, 86.0, 616102.66667, 0.0
918, 1.0, 0.0, 0.0, 0.0, 0.0, 85.66667, 614806.66667, 0.0
919, 1.0, 0.0, 0.0, 0.0, 0.0, 85.33333, 613467.0, 0.0
920, 1.0, 0.0, 0.0, 0.0, 0.0, 85.33333, 612127.66667, 0.0
921, 1.0, 0.0, 0.0, 0.0, 0.0, 85.33333, 610775.66667, 0.0
922, 1.0, 0.0, 0.0, 0.0, 0.0, 85.33333, 609492.33333, 0.0
923, 1.0, 0.0, 0.0, 0.0, 0.0, 85.0, 608212.66667, 0.0
924, 1.0, 0.0, 0.0, 0.0, 0.0, 85.0, 606957.0, 0.0
925, 1.0, 0.0, 0.0, 0.0, 0.0, 84.66667, 605611.33333, 0.0
926, 1.0, 0.0, 0.0, 0.0, 0.0, 84.66667, 604286.33333, 0.0
927, 1.0, 0.0, 0.0, 0.0, 0.0, 84.33333, 602977.33333, 0.0
928, 1.0, 0.0, 0.0, 0.0, 0.0, 84.0, 601699.33333, 0.0
929, 1.0, 0.0, 0.0, 0.0, 0.0, 84.0, 600417.0, 0.0
930, 1.0, 0.0, 0.0, 0.0, 0.0, 84.0, 599105.0, 0.0
931, 1.0, 0.0, 0.0, 0.0, 0.0, 84.0, 597817.66667, 0.0
932, 1.0, 0.0, 0.0, 0.0, 0.0, 84.0, 596502.66667, 0.0
933, 1.0, 0.0, 0.0, 0.0, 0.0, 83.66667, 595207.33333, 0.0
934, 1.0, 0.0, 0.0, 0.0, 1.0, 87.0, 594239.0, 0.0
935, 1.0, 0.0, 0.0, 0.0, 0.0, 87.0, 592432.5, 0.0
936, 1.0, 0.0, 0.0, 0.0, 0.0, 87.0, 591173.0, 0.0
937, 1.0, 0.0, 0.0, 0.0, 0.0, 87.0, 589935.0, 0.0
938, 1.0, 0.0, 0.0, 0.0, 0.0, 87.0, 588700.5, 0.0
939, 1.0, 0.0, 0.0, 0.0, 0.0, 86.5, 587475.0, 0.0
940, 1.0, 0.0, 0.0, 0.0, 0.0, 86.5, 586201.5, 0.0
941, 1.0, 0.0, 0.0, 0.0, 0.0, 86.0, 584937.5, 0.0
942, 1.0, 0.0, 0.0, 0.0, 0.0, 86.0, 583667.0, 0.0
943, 1.0, 0.0, 0.0, 0.0, 0.0, 85.5, 582376.5, 0.0
944, 1.0, 0.0, 0.0, 0.0, 0.0, 85.5, 581127.5, 0.0
945, 1.0, 0.0, 0.0, 0.0, 0.0, 85.5, 579903.0, 0.0
946, 1.0, 0.0, 0.0, 0.0, 0.0, 85.5, 578609.5, 0.0
947, 1.0, 0.0, 0.0, 0.0, 0.0, 85.5, 577355.5, 0.0
948, 1.0, 0.0, 0.0, 0.0, 0.0, 85.0, 576031.0, 0.0
949, 1.0, 0.0, 0.0, 0.0, 0.0, 85.0, 574837.5, 0.0
950, 1.0, 0.0, 0.0, 0.0, 0.0, 84.5, 573604.5, 0.0
951, 1.0, 0.0, 0.0, 0.0, 0.0, 84.5, 572412.0, 0.0
952, 1.0, 0.0, 0.0, 0.0, 0.0, 84.5, 571232.5, 0.0
953, 1.0, 0.0, 0.0, 0.0, 0.0, 84.5, 570032.5, 0.0
954, 1.0, 0.0, 0.0, 0.0, 0.0, 84.5, 568827.0, 0.0
955, 1.0, 0.0, 0.0, 0.0, 0.0, 84.5, 567567.5, 0.0
956, 1.0, 0.0, 0.0, 0.0, 0.0, 84.5, 566355.0, 0.0
957, 1.0, 0.0, 0.0, 0.0, 0.0, 84.5, 565135.0, 0.0
958, 1.0, 0.0, 0.0, 0.0, 0.0, 84.5, 563930.0, 0.0
959, 1.0, 0.0, 0.0, 0.0, 0.0, 84.5, 562753.0, 0.0
960, 1.0, 0.0, 0.0, 0.0, 0.0, 84.0, 561634.5, 0.0
961, 1.0, 0.0, 0.0, 0.0, 0.0, 84.0, 560418.5, 0.0
962, 1.0, 0.0, 0.0, 0.0, 0.0, 83.5, 559184.0, 0.0
963, 1.0, 0.0, 0.0, 0.0, 0.0, 83.0, 557963.5, 0.0
964, 1.0, 0.0, 0.0, 0.0, 0.0, 83.0, 556732.5, 0.0
965, 1.0, 0.0, 0.0, 0.0, 0.0, 83.0, 555618.5, 0.0
966, 1.0, 0.0, 0.0, 0.0, 0.0, 82.5, 554442.5, 0.0
967, 1.0, 0.0, 0.0, 0.0, 0.0, 82.5, 553224.5, 0.0
968, 1.0, 0.0, 0.0, 0.0, 0.0, 82.5, 551969.5, 0.0
969, 1.0, 0.0, 0.0, 0.0, 0.0, 82.5, 550797.0, 0.0
970, 1.0, 0.0, 0.0, 0.0, 0.0, 82.5, 549568.0, 0.0
971, 1.0, 0.0, 0.0, 0.0, 0.0, 82.5, 548422.5, 0.0
972, 1.0, 0.0, 0.0, 0.0, 0.0, 82.5, 547245.0, 0.0
973, 1.0, 0.0, 0.0, 0.0, 0.0, 82.5, 546092.5, 0.0
974, 1.0, 0.0, 0.0, 0.0, 0.0, 82.5, 544928.5, 0.0
975, 1.0, 0.0, 0.0, 0.0, 0.0, 82.5, 543714.0, 0.0
976, 1.0, 0.0, 0.0, 0.0, 0.0, 82.5, 542546.0, 0.0
977, 1.0, 0.0, 0.0, 0.0, 0.0, 82.5, 541390.0, 0.0
978, 1.0, 0.0, 0.0, 0.0, 0.0, 82.0, 540187.0, 0.0
979, 1.0, 0.0, 0.0, 0.0, 0.0, 82.0, 539060.0, 0.0
980, 1.0, 0.0, 0.0, 0.0, 0.0, 81.5, 537894.0, 0.0
981, 1.0, 0.0, 0.0, 0.0, 0.0, 81.0, 536746.5, 0.0
982, 1.0, 0.0, 0.0, 0.0, 0.0, 81.0, 535565.0, 0.0
983, 1.0, 0.0, 0.0, 0.0, 0.0, 81.0, 534420.5, 0.0
984, 1.0, 0.0, 0.0, 0.0, 0.0, 81.0, 533243.5, 0.0
985, 1.0, 0.0, 0.0, 0.0, 0.0, 81.0, 532120.5, 0.0
986, 1.0, 0.0, 0.0, 0.0, 1.0, 84.0, 531287.5, 0.0
987, 1.0, 0.0, 0.0, 0.0, 0.0, 83.0, 529803.0, 0.0
988, 1.0, 0.0, 0.0, 0.0, 0.0, 83.0, 528619.0, 0.0
989, 1.0, 0.0, 0.0, 0.0, 0.0, 83.0, 527458.0, 0.0
990, 1.0, 0.0, 0.0, 0.0, 0.0, 83.0, 526354.0, 0.0
991, 1.0, 0.0, 0.0, 0.0, 0.0, 82.0, 525233.0, 0.0
992, 1.0, 0.0, 0.0, 0.0, 0.0, 82.0, 524055.0, 0.0
993, 1.0, 0.0, 0.0, 0.0, 0.0, 82.0, 522940.0, 0.0
994, 0.0, 0.0, 0.0, 0.0, 1.0, 0.0, 522270.0, 0.0
