time, seeders, joined, request_count, response_size, left, awareness, bad_data, leechers
0, 0.0, 0.0, 0.0, 0.0, 0.0, 5001.0, 0.0, 0.0
1, 0.0, 1418.61905, 879.68606, 108.82649, 0.0, 1028955.50649, 0.0, 1418.61905
2, 0.0, 673.7013, 745.6, 255.29444, 70.51082, 1350412.77489, 60293.4632, 2022.80952
3, 0.0, 653.21212, 686.65005, 340.09866, 65.64069, 1628790.30303, 110924.61472, 2610.38095
4, 0.0, 630.70996, 639.10662, 417.22907, 81.12987, 1852097.22078, 171508.21212, 3159.96104
5, 0.0, 609.4026, 597.62595, 486.88399, 92.88745, 2034307.52814, 237564.64502, 3676.47619
6, 0.0, 590.87013, 567.07768, 549.93946, 104.8355, 2185692.14719, 310352.74892, 4162.51082
7, 0.0, 573.35065, 537.93301, 608.3677, 116.2381, 2311896.50649, 388560.19481, 4619.62338
8, 0.0, 552.32468, 515.68733, 661.98062, 128.83117, 2416847.13853, 473033.83117, 5043.11688
9, 0.0, 533.29004, 496.01429, 711.21301, 138.00866, 2505310.36797, 561704.99134, 5438.39827
10, 0.0, 515.67965, 479.73506, 757.53728, 147.41126, 2580465.09957, 654020.2381, 5806.66667
11, 1105.30303, 499.98268, 465.36677, 800.0104, 127.79654, 2651057.23377, 726108.19913, 5073.54978
12, 1594.02165, 482.1039, 453.36997, 839.41487, 160.5368, 2701886.41991, 821178.36797, 4906.39827
13, 2068.5671, 468.95238, 442.59102, 876.51359, 154.09524, 2750138.53247, 907666.99567, 4746.70996
14, 2517.49351, 452.91342, 434.44558, 911.37417, 158.61039, 2791875.99567, 995474.09091, 4592.08658
15, 2942.74892, 436.92641, 425.83969, 944.16682, 162.16017, 2828540.07359, 1082145.70996, 4441.5974
16, 3347.61472, 422.99134, 417.12806, 975.3089, 164.12554, 2860524.80952, 1168381.75758, 4295.5974
17, 3731.20779, 407.45022, 411.2366, 1004.02808, 167.40693, 2888459.09091, 1254007.71429, 4152.04762
18, 4091.85281, 397.02597, 405.1116, 1032.0699, 170.8658, 2912909.50216, 1340237.68831, 4017.56277
19, 4432.8961, 384.66234, 402.53441, 1058.78562, 172.74459, 2934435.61039, 1426620.26407, 3888.43723
20, 4754.35931, 369.36797, 394.09779, 1083.82897, 175.28139, 2951981.61039, 1512884.80519, 3761.06061
21, 5058.84848, 357.84848, 389.61809, 1107.57078, 176.52381, 2967013.94372, 1598564.52814, 3637.8961
22, 5345.72727, 345.95238, 387.44916, 1129.917, 178.58874, 2979483.77056, 1684607.65801, 3518.38095
23, 5616.90476, 336.16883, 388.06258, 1151.58633, 180.04762, 2990603.38961, 1770050.12121, 3403.32468
24, 5871.17749, 323.74026, 383.08997, 1172.7402, 181.12987, 2998888.21645, 1855683.25541, 3291.66234
25, 6108.91775, 313.55411, 382.15681, 1192.34671, 182.85281, 3005838.65368, 1940205.2987, 3184.62338
26, 6333.35065, 302.66667, 378.39693, 1210.92652, 183.95238, 3010719.75758, 2024540.42857, 3078.90476
27, 6540.48485, 294.5974, 370.86346, 1229.28152, 186.4632, 3013418.82684, 2108823.57576, 2979.90476
28, 6736.8355, 282.73593, 374.87751, 1246.08128, 186.42857, 3015012.64502, 2192588.06061, 2879.86147
29, 6919.64502, 273.72727, 376.58743, 1262.71464, 187.2381, 3015401.48052, 2276376.79654, 2783.54113
30, 7088.0, 265.16017, 374.04493, 1278.51992, 187.93074, 3014528.71861, 2359356.29437, 2692.41558
31, 7244.60606, 255.66234, 375.78313, 1293.59055, 188.16017, 3012613.77056, 2441846.74892, 2603.31169
32, 7389.38961, 248.55844, 370.83094, 1308.04626, 188.1342, 3009348.06926, 2523667.82684, 2518.95238
33, 7523.88312, 240.85281, 372.44999, 1322.23593, 188.70563, 3005511.42424, 2604457.93074, 2436.60606
34, 7647.60173, 233.45455, 372.49666, 1335.3067, 187.51082, 3000743.24675, 2684786.09091, 2358.83117
35, 7761.7013, 224.59307, 369.61508, 1347.79511, 189.06061, 2994712.89177, 2764211.13853, 2280.26407
36, 7863.16883, 218.34632, 374.42008, 1359.921, 190.16017, 2988195.32468, 2843609.99134, 2206.98268
37, 7958.37229, 211.94372, 375.62042, 1372.50571, 187.62338, 2981267.50216, 2921762.22944, 2136.09957
38, 8042.61039, 204.07359, 380.00891, 1383.8145, 188.95671, 2973003.34632, 3001142.01732, 2066.97835
39, 8119.2987, 197.20346, 377.20068, 1394.88297, 186.30736, 2964444.16017, 3077897.38528, 2001.18615
40, 8188.00866, 189.64935, 373.75882, 1405.04086, 186.87013, 2954446.70563, 3154719.26407, 1935.25541
41, 8249.25108, 183.10823, 378.22119, 1415.25928, 186.49351, 2944300.9697, 3230123.25108, 1870.62771
42, 8302.85714, 178.64069, 378.54408, 1424.13808, 185.83983, 2933894.74459, 3304475.74459, 1809.82251
43, 8349.37662, 171.48485, 382.32398, 1433.63308, 185.37662, 2922938.60606, 3377884.63203, 1749.41126
44, 8390.07359, 165.87446, 382.04974, 1442.98873, 183.92641, 2911081.4026, 3451148.16883, 1690.66234
45, 8422.87446, 160.95671, 388.34351, 1451.2834, 183.22944, 2899214.74026, 3523456.74026, 1635.58874
46, 8449.77489, 155.83117, 388.56016, 1459.4911, 183.12987, 2886531.68398, 3595644.70996, 1581.38961
47, 8471.36364, 150.64935, 392.06897, 1467.47039, 181.64502, 2873837.54113, 3666080.23377, 1528.80519
48, 8489.0303, 144.54978, 391.69237, 1475.58185, 179.14286, 2860284.25108, 3735995.671, 1476.54545
49, 8499.88312, 140.25974, 395.03086, 1482.50402, 178.74892, 2846409.28139, 3805292.78788, 1427.20346
50, 8503.99567, 135.25541, 391.49917, 1488.83658, 178.81818, 2831802.14719, 3873645.09524, 1379.52814
51, 8505.11688, 132.0, 402.36783, 1496.47877, 175.48918, 2818197.74459, 3939507.10823, 1334.91775
52, 8500.82684, 128.65368, 397.69171, 1502.1578, 175.97835, 2803263.25108, 4006465.58874, 1291.88312
53, 8491.64935, 122.19481, 403.51437, 1508.6173, 174.82684, 2787890.04762, 4072275.38961, 1248.42857
54, 8477.35931, 119.44156, 404.26226, 1514.77246, 173.36797, 2772464.20346, 4137019.70996, 1208.79221
55, 8460.74026, 115.86147, 411.48558, 1519.56406, 171.54113, 2757269.51948, 4200339.34199, 1169.7316
56, 8438.60173, 111.74892, 407.84071, 1525.22711, 172.44589, 2740476.25541, 4264963.99134, 1131.17316
57, 8413.51948, 107.90476, 411.25732, 1530.60433, 170.62338, 2723854.14286, 4327766.72294, 1093.5368
58, 8387.23377, 104.92641, 419.67159, 1535.29738, 166.35065, 2708080.04329, 4388074.01299, 1058.39827
59, 8355.97835, 101.34199, 418.92354, 1539.93097, 166.09091, 2691048.35065, 4449361.48485, 1024.90476
60, 8321.0303, 96.58874, 423.44926, 1544.52635, 164.71861, 2673911.09091, 4509093.22078, 991.72294
61, 8283.61905, 93.92641, 427.66281, 1548.31975, 164.2381, 2656455.32468, 4568580.25541, 958.82251
62, 8244.73593, 90.78355, 425.11087, 1552.46461, 162.28139, 2638434.95238, 4627419.17749, 926.20779
63, 8201.1342, 87.74459, 429.12823, 1556.12831, 161.1039, 2620416.76623, 4684995.21212, 896.45022
64, 8158.08658, 84.70996, 433.61611, 1559.53153, 157.90909, 2602777.54545, 4740623.55844, 866.2987
65, 8113.02165, 82.5368, 437.42788, 1563.24041, 156.71861, 2584776.63203, 4796076.82684, 837.18182
66, 8064.02165, 80.12121, 439.70175, 1567.47247, 156.35931, 2566573.80087, 4850834.90476, 809.94372
67, 8014.01299, 76.70563, 439.58463, 1569.7413, 153.97835, 2548098.94372, 4904299.5974, 782.67965
68, 7963.0303, 75.00433, 449.49786, 1572.69787, 152.09957, 2529827.8658, 4957138.7013, 756.5671
69, 7908.80519, 72.69264, 455.9314, 1576.14263, 152.16017, 2511263.25974, 5009784.8961, 731.32468
70, 7853.77489, 70.11255, 460.11361, 1579.52201, 147.31602, 2493151.09091, 5060264.90476, 709.15152
71, 7795.49351, 68.1039, 454.74193, 1580.80892, 148.68398, 2474235.1039, 5110902.90043, 686.85281
72, 7736.81385, 65.19481, 455.31208, 1583.7197, 146.51948, 2455290.4026, 5159988.39827, 664.20779
73, 7677.42857, 62.57143, 468.38245, 1585.18006, 143.8355, 2436433.78355, 5208237.55844, 642.329
74, 7615.99134, 61.97835, 465.60034, 1587.77468, 142.95671, 2417124.4329, 5256689.8961, 622.78788
75, 7553.12121, 58.41991, 470.76695, 1589.20227, 142.06494, 2397645.84416, 5303856.35931, 602.01299
76, 7489.98701, 57.27273, 477.24868, 1591.83925, 140.65368, 2377772.59307, 5351360.72727, 581.76623
77, 7423.74459, 55.73593, 479.37864, 1592.814, 140.30736, 2358224.25541, 5397393.16883, 563.43723
78, 7358.32035, 54.09524, 479.35339, 1594.93606, 137.75325, 2338634.41126, 5442367.47186, 545.20346
79, 7292.33766, 51.85714, 483.93021, 1596.16077, 136.0, 2318941.85714, 5486429.64935, 527.04329
80, 7225.70563, 49.64069, 486.09052, 1597.17528, 134.06494, 2299162.5671, 5529475.94372, 509.25108
81, 7158.23377, 49.08225, 490.38631, 1598.07356, 132.74459, 2279608.84416, 5571691.95671, 493.06061
82, 7089.58442, 46.37662, 497.61971, 1599.45245, 131.50649, 2259731.63203, 5613335.92641, 476.58009
83, 7020.90909, 44.85281, 498.50401, 1600.20039, 129.32035, 2239722.87446, 5654240.99134, 460.78788
84, 6950.96537, 44.26407, 497.50611, 1601.437, 129.58442, 2219332.30736, 5695318.2381, 445.41126
85, 6881.28139, 42.39394, 507.60747, 1601.27037, 126.54545, 2199459.87446, 5734584.35931, 430.94372
86, 6811.84848, 40.56277, 511.20598, 1602.90898, 124.83983, 2179219.47186, 5773528.27706, 416.09957
87, 6741.60173, 39.39827, 502.69201, 1603.0247, 123.2684, 2158848.80519, 5811456.51082, 402.47619
88, 6670.56277, 38.54113, 517.69067, 1603.04773, 123.45455, 2138452.84848, 5849429.06494, 388.60173
89, 6600.51082, 37.30736, 520.77048, 1604.68828, 120.12121, 2118080.14719, 5886527.20346, 375.83983
90, 6528.99134, 35.94372, 535.22823, 1603.33641, 119.09091, 2098370.82684, 5922071.18615, 364.21212
91, 6459.28571, 34.72294, 527.49034, 1603.96691, 117.01299, 2078221.70996, 5957217.11255, 351.62771
92, 6387.64502, 33.43723, 545.31331, 1603.82953, 116.18182, 2058119.671, 5992017.86147, 340.52381
93, 6317.04329, 32.80519, 536.28926, 1605.47613, 113.61039, 2038467.63203, 6025070.93074, 330.32035
94, 6246.22944, 31.90476, 541.2483, 1603.35623, 113.30736, 2018411.25541, 6058340.68398, 319.7316
95, 6175.72294, 30.72727, 542.82897, 1604.15079, 111.80519, 1998549.44589, 6090453.51082, 309.16017
96, 6104.74026, 29.12554, 539.38763, 1603.52136, 110.01299, 1978368.00433, 6121828.2381, 299.25541
97, 6032.79221, 28.5368, 549.15049, 1602.07735, 109.51082, 1958029.07359, 6153341.96537, 290.22944
98, 5963.2987, 27.44156, 563.33807, 1601.42229, 107.05628, 1938238.34199, 6183415.85281, 280.10823
99, 5892.8658, 26.19913, 562.12822, 1602.30864, 106.25974, 1918170.28571, 6213051.55844, 270.48052
100, 5823.36364, 25.87013, 556.55957, 1601.31449, 103.92641, 1898540.38528, 6241440.29004, 261.92641
101, 5753.1039, 25.12121, 562.98466, 1601.11142, 103.81385, 1878830.5671, 6269515.60173, 253.49351
102, 5682.93939, 24.29437, 578.40342, 1598.72921, 102.2987, 1859279.87446, 6297025.35498, 245.65368
103, 5614.97835, 23.38528, 565.34617, 1600.82515, 99.77489, 1839591.06926, 6323726.09957, 237.22511
104, 5546.85714, 21.94372, 584.33616, 1600.66914, 98.89177, 1820132.00433, 6349506.8961, 228.39827
105, 5479.8961, 21.75758, 593.91166, 1598.71189, 96.58874, 1800991.64935, 6374701.03896, 220.52814
106, 5410.47619, 21.58874, 593.74373, 1596.66126, 97.52814, 1781305.74026, 6400493.07359, 214.00866
107, 5342.12121, 20.12121, 592.29776, 1597.80894, 95.97835, 1762008.06061, 6424566.99134, 206.50649
108, 5274.06061, 19.56277, 594.37929, 1595.52271, 94.24675, 1742194.54113, 6449039.09091, 199.88312
109, 5207.03896, 19.29004, 602.78276, 1594.13142, 92.21645, 1722715.01299, 6472781.79221, 193.97835
110, 5140.96537, 18.71429, 614.8508, 1594.00451, 90.92641, 1703729.45022, 6495474.77056, 187.83983
111, 5074.83983, 18.51948, 611.5007, 1591.55657, 90.41558, 1684981.4329, 6517468.4632, 182.06926
112, 5009.45022, 17.23377, 619.44235, 1589.75994, 88.72727, 1665819.58874, 6539296.98268, 175.96537
113, 4944.5368, 15.90476, 597.98585, 1590.67183, 87.17316, 1646532.2987, 6559974.86147, 169.61039
114, 4878.33333, 16.21645, 608.11532, 1588.03951, 87.43723, 1627146.62338, 6581078.27706, 164.59307
115, 4815.48918, 16.13853, 620.97639, 1586.06479, 83.84848, 1608731.53247, 6600659.22944, 159.72727
116, 4752.80952, 14.90909, 625.43554, 1584.90669, 83.34632, 1589716.59307, 6620311.27273, 153.9697
117, 4689.78788, 14.71429, 638.71727, 1584.02165, 82.62771, 1571141.47619, 6639214.671, 149.07792
118, 4627.51515, 13.80087, 648.99624, 1582.59304, 81.42424, 1552286.5671, 6658010.64935, 143.72727
119, 4565.74892, 13.82684, 646.83782, 1580.60649, 80.15152, 1534015.58874, 6675785.39827, 139.16883
120, 4504.80952, 12.96537, 627.37896, 1578.85205, 78.95238, 1515462.8355, 6692997.69697, 134.12121
121, 4444.99567, 12.67965, 649.02697, 1576.70857, 77.35931, 1497340.2684, 6709533.7013, 129.25541
122, 4385.1342, 12.671, 653.57021, 1576.35755, 76.55411, 1479484.22511, 6725658.92641, 125.23377
123, 4324.26407, 12.04762, 655.40783, 1574.32895, 76.52381, 1461307.01732, 6741754.81385, 121.62771
124, 4266.03896, 11.52381, 667.16754, 1573.76408, 73.8658, 1443308.19048, 6757249.41991, 117.51082
125, 4207.48918, 10.99134, 675.06892, 1571.43466, 73.96537, 1425348.22078, 6772292.92641, 113.08658
126, 4149.47619, 10.81385, 653.32266, 1568.38542, 72.22078, 1407443.8658, 6786806.42857, 109.69264
127, 4091.91342, 10.77489, 668.54158, 1568.28486, 71.70563, 1389817.21645, 6801010.82251, 106.32468
128, 4034.329, 10.16017, 672.34768, 1564.83016, 70.90043, 1372365.39394, 6814417.96537, 103.16883
129, 3977.61472, 9.71429, 673.35116, 1562.34679, 69.93074, 1354700.05628, 6827730.09524, 99.66667
130, 3922.19481, 9.35065, 684.72222, 1562.22042, 68.17749, 1337700.44156, 6839850.04329, 96.25974
131, 3867.5974, 9.11688, 681.38651, 1559.05087, 66.58874, 1320827.41126, 6851533.21212, 93.38528
132, 3812.5974, 8.88312, 679.33723, 1558.23745, 67.19913, 1303828.68398, 6863125.25541, 90.06926
133, 3758.54113, 8.5974, 685.8006, 1555.08223, 65.67965, 1286938.49351, 6874355.35498, 87.04329
134, 3705.38528, 8.1645, 687.69883, 1554.3377, 64.22078, 1270283.36797, 6884873.22078, 84.14286
135, 3652.23377, 8.02165, 698.8667, 1549.93436, 63.88312, 1253623.06494, 6895344.79654, 81.4329
136, 3599.56277, 7.83117, 693.75345, 1548.32988, 63.14719, 1236834.93506, 6905734.25974, 78.78788
137, 3547.63636, 7.27273, 698.80952, 1547.63969, 62.22511, 1220325.20779, 6915282.37662, 75.7619
138, 3497.65368, 7.08225, 701.71149, 1544.70993, 59.58009, 1204468.40693, 6923790.51948, 73.24675
139, 3447.36364, 6.7913, 714.46863, 1544.23387, 59.67532, 1188316.36797, 6932439.97403, 70.62338
140, 3397.93939, 6.80519, 694.02036, 1540.62053, 58.45022, 1172478.55411, 6940556.25974, 68.4026
141, 3348.82684, 6.53478, 710.57884, 1537.28277, 58.05195, 1156443.92208, 6948754.48052, 65.9697
142, 3300.88312, 6.37555, 719.17808, 1536.1419, 56.38961, 1140686.45887, 6956440.36797, 63.84416
143, 3253.71861, 6.10823, 732.81361, 1533.1528, 55.5671, 1125117.10823, 6963724.2684, 61.54978
144, 3205.85281, 5.85652, 712.69488, 1529.70104, 55.71429, 1109582.61905, 6970584.4026, 59.53247
145, 3158.81818, 5.52381, 739.81191, 1528.64936, 54.51515, 1094400.80087, 6976845.72294, 57.57576
146, 3112.2684, 5.5087, 727.70324, 1524.47505, 54.16017, 1078968.45022, 6983345.41558, 55.45022
147, 3066.82684, 5.58874, 733.53989, 1523.74762, 52.47619, 1064344.41558, 6988833.83983, 54.00433
148, 3021.60606, 4.9697, 727.35192, 1519.68144, 52.03463, 1049545.95671, 6994026.84848, 52.16017
149, 2977.63636, 5.14783, 733.9527, 1519.16571, 50.64069, 1035190.02597, 6998718.25108, 50.61472
150, 2933.2684, 4.78166, 747.03196, 1513.86675, 50.77922, 1020384.20779, 7003766.61039, 48.94372
151, 2889.30736, 4.77922, 771.73913, 1513.78286, 50.29437, 1006026.32468, 7008320.87879, 47.38961
152, 2846.55844, 4.39648, 765.53106, 1514.66754, 48.94805, 991524.41991, 7012606.78355, 45.51082
153, 2804.28571, 4.58772, 764.81836, 1508.16875, 48.02165, 977887.38528, 7015923.1342, 44.29004
154, 2762.77922, 4.45575, 752.73088, 1505.93008, 47.18182, 964237.1342, 7019047.15584, 42.97403
155, 2721.54978, 4.14159, 746.79487, 1506.63805, 46.58874, 950494.93506, 7022024.65368, 41.66667
156, 2680.5368, 3.94323, 766.33444, 1500.96821, 46.2987, 936912.85714, 7024728.87446, 40.29004
157, 2640.24242, 3.75771, 740.91442, 1500.79589, 45.61472, 923305.9697, 7027137.83983, 38.66234
158, 2600.78355, 3.73451, 740.52133, 1498.1744, 44.20346, 910116.94372, 7029009.21212, 37.57143
159, 2561.55844, 3.65471, 784.04908, 1493.85446, 44.25541, 896753.06926, 7031117.4026, 36.06926
160, 2522.31169, 3.47321, 787.91774, 1490.28711, 43.96104, 883506.09524, 7032936.86147, 34.72294
161, 2483.45887, 3.44053, 786.17157, 1487.43322, 43.46753, 870589.55844, 7034327.06494, 33.48918
162, 2445.67965, 3.57143, 792.25806, 1484.13029, 41.93939, 858091.99134, 7035192.09091, 32.68398
163, 2408.45887, 3.27027, 779.61433, 1484.13781, 41.50649, 845335.42424, 7036137.35065, 31.54113
164, 2371.5671, 3.28507, 792.01102, 1481.42783, 41.03463, 832895.69697, 7036718.2684, 30.54113
165, 2335.25108, 2.90141, 791.26214, 1476.22086, 40.28571, 820150.18615, 7037261.82251, 29.24675
166, 2299.45455, 3.0905, 789.16545, 1479.1577, 39.54113, 807976.92208, 7037321.35498, 28.45887
167, 2264.01299, 2.82192, 797.73463, 1473.26369, 38.87013, 796023.2381, 7036927.61039, 27.70563
168, 2229.4329, 2.92593, 789.55696, 1472.45691, 38.1039, 783960.58874, 7036670.10823, 26.91775
169, 2195.2987, 2.99545, 805.76631, 1469.3484, 37.48918, 772449.87879, 7035871.88312, 26.41558
170, 2161.95238, 2.67442, 810.43478, 1466.37768, 36.7013, 760805.4329, 7034931.12554, 25.54978
171, 2129.29004, 2.83575, 841.56729, 1463.59717, 35.92641, 749626.51082, 7033532.08658, 24.82684
172, 2096.16017, 2.71889, 823.72881, 1462.75514, 36.30736, 738509.24242, 7032023.66234, 24.20346
173, 2064.16883, 2.57534, 794.32624, 1457.22768, 34.99134, 727555.08225, 7030178.44156, 23.64502
174, 2032.35498, 2.33168, 834.3949, 1454.72774, 34.91775, 716316.90909, 7028391.06494, 22.58009
175, 2001.09957, 2.185, 796.33867, 1456.04023, 33.85281, 705403.84848, 7026019.90476, 21.87446
176, 1969.85281, 2.26108, 832.24401, 1446.94503, 34.00866, 694385.37229, 7023941.93506, 21.09957
177, 1939.5974, 2.13684, 817.73399, 1451.60542, 32.77489, 683679.83983, 7021252.26407, 20.33766
178, 1909.58442, 2.26178, 840.27778, 1444.66942, 32.69264, 673014.03463, 7018666.88312, 19.52814
179, 1880.55411, 2.21762, 841.1215, 1438.05833, 31.70563, 662705.45887, 7015639.48918, 18.70563
180, 1851.54113, 2.05102, 835.8209, 1439.70833, 31.329, 652590.95671, 7012265.60173, 18.12987
181, 1822.7316, 2.19388, 858.13953, 1436.68022, 31.33333, 642666.25974, 7008826.13853, 17.46753
182, 1793.95671, 2.10526, 852.5, 1436.78886, 31.25108, 632227.61472, 7005871.63203, 16.72294
183, 1766.11688, 2.03209, 844.73684, 1430.96573, 30.09091, 622413.76623, 7002089.58874, 16.11688
184, 1738.68398, 2.03077, 848.48485, 1425.66667, 29.37229, 612766.91342, 6998211.64502, 15.89177
185, 1711.12987, 1.90761, 843.30484, 1428.09459, 29.42424, 603129.37662, 6994149.28139, 15.54113
186, 1684.60173, 1.98876, 799.43503, 1422.20141, 28.53247, 593772.03896, 6989713.70563, 15.06926
187, 1657.97403, 1.82558, 815.28662, 1421.30469, 28.38961, 584272.72727, 6985322.12121, 14.66667
188, 1632.10823, 1.82759, 792.45283, 1421.21429, 27.65801, 575231.45455, 6980375.44156, 14.25108
189, 1606.0303, 1.80606, 842.28188, 1414.88048, 27.8355, 566113.45022, 6975511.25108, 13.78355
190, 1580.67965, 1.88, 884.49848, 1414.41581, 27.05628, 557113.79654, 6970710.31169, 13.50216
191, 1555.96104, 1.71429, 847.82609, 1408.20085, 26.54545, 548310.8355, 6965488.92208, 12.87013
192, 1531.4632, 1.73256, 842.28188, 1405.13546, 26.22078, 539468.61905, 6960358.05628, 12.43723
193, 1507.65368, 1.75, 846.42857, 1408.00422, 25.44589, 530845.671, 6954939.82251, 12.01299
194, 1484.16883, 1.80864, 887.37201, 1398.00385, 25.09957, 522329.22078, 6949487.52814, 11.66667
195, 1461.18182, 1.71698, 805.86081, 1402.53636, 24.48918, 513967.46753, 6943713.33333, 11.34632
196, 1438.36364, 1.52518, 900.9434, 1390.70157, 24.25108, 505481.61905, 6937983.06494, 10.83117
197, 1416.00433, 1.67925, 865.16854, 1397.97403, 23.68398, 497458.80519, 6931920.7619, 10.66234
198, 1393.5671, 1.54167, 864.86486, 1389.66146, 23.7316, 489250.58009, 6925923.83117, 10.329
199, 1371.25108, 1.64626, 892.56198, 1390.2037, 23.5671, 481186.00433, 6919850.9697, 10.12554
200, 1349.51515, 1.47794, 885.57214, 1389.5, 22.98701, 473287.80519, 6913483.42424, 9.74459
201, 1328.33766, 1.54054, 859.64912, 1383.92347, 22.35931, 465884.22078, 6906628.5671, 9.54978
202, 1307.03896, 1.52381, 859.375, 1383.63636, 22.54545, 458029.50216, 6900168.77489, 9.1342
203, 1286.41558, 1.43662, 862.7451, 1381.89773, 21.81385, 450609.63636, 6893295.92208, 8.82684
204, 1266.29437, 1.43939, 878.94737, 1380.8982, 21.25974, 443247.12987, 6886368.19913, 8.51082
205, 1245.74026, 1.39844, 810.05587, 1377.2, 21.68831, 435850.35498, 6879351.2684, 8.15152
206, 1225.73593, 1.46018, 896.9697, 1372.71622, 20.94805, 428741.4329, 6872037.18615, 7.92208
207, 1205.60173, 1.3985, 817.2043, 1365.66447, 21.19481, 421418.59307, 6865009.82251, 7.66667
208, 1186.45887, 1.36842, 833.33333, 1366.4, 20.18615, 414294.18615, 6857672.58009, 7.2987
209, 1167.49351, 1.39604, 893.61702, 1364.90476, 19.96104, 407314.16883, 6850201.92641, 6.91342
210, 1148.92208, 1.34211, 882.35294, 1362.81481, 19.37229, 400557.8961, 6842516.51515, 6.77489
211, 1130.59307, 1.39316, 865.03067, 1352.21277, 19.25541, 393996.48485, 6834704.09524, 6.55411
212, 1112.63203, 1.3301, 839.41606, 1351.83478, 18.78355, 387345.50649, 6826891.39827, 6.32468
213, 1094.97835, 1.35238, 880.28169, 1353.768, 18.51082, 380874.61905, 6818923.58874, 6.13537
214, 1077.93506, 1.3211, 909.72222, 1353.39695, 17.77056, 374664.99567, 6810736.60173, 6.00435
215, 1060.4632, 1.375, 909.09091, 1342.29091, 18.21645, 368344.39827, 6802587.40693, 5.75758
216, 1043.4026, 1.28713, 892.30769, 1338.31897, 17.77056, 362157.85714, 6794338.82684, 5.61039
217, 1026.9697, 1.26, 888.88889, 1343.23214, 17.17749, 356170.77489, 6785901.69264, 5.43478
218, 1010.73593, 1.35955, 876.03306, 1342.36792, 16.90476, 350336.64935, 6777262.38095, 5.26407
219, 994.25541, 1.23958, 941.17647, 1344.59821, 17.07792, 344258.09091, 6768912.81385, 5.18182
220, 978.39394, 1.32584, 932.20339, 1333.04545, 16.50649, 338563.12987, 6760213.11688, 5.06957
221, 962.80519, 1.3, 897.4359, 1322.90476, 16.27706, 332989.35065, 6751375.09091, 4.88696
222, 947.50216, 1.27273, 901.78571, 1324.33663, 15.8961, 327449.70563, 6742475.84416, 4.82018
223, 932.37662, 1.21839, 933.96226, 1327.91919, 15.74892, 322017.81818, 6733495.82251, 4.63319
224, 917.58874, 1.28723, 909.09091, 1318.15455, 15.40693, 316681.84848, 6724520.93074, 4.57709
225, 902.92641, 1.23077, 912.5, 1320.26027, 15.17749, 311331.41558, 6715370.48052, 4.38596
226, 888.83983, 1.16216, 918.60465, 1333.27848, 14.68398, 306128.84416, 6706110.70996, 4.15789
227, 874.68831, 1.26027, 934.78261, 1310.88372, 14.671, 300971.99567, 6696871.80519, 4.03509
228, 860.43723, 1.14706, 923.07692, 1311.19444, 14.76623, 295695.84416, 6687752.10823, 3.87225
229, 846.58874, 1.2, 888.88889, 1309.71875, 14.29437, 290707.63203, 6678295.51948, 3.7193
230, 832.96104, 1.23529, 916.66667, 1308.16883, 14.08658, 285604.74892, 6669040.7316, 3.60699
231, 819.52381, 1.21311, 891.89189, 1306.48485, 13.91342, 280642.37229, 6659590.34199, 3.48018
232, 805.78355, 1.2, 944.44444, 1301.64706, 14.17316, 275733.57143, 6650123.11688, 3.40179
233, 792.45455, 1.11538, 896.55172, 1288.38462, 13.76623, 270858.69697, 6640564.2381, 3.25339
234, 779.56277, 1.21818, 970.14925, 1296.86154, 13.35498, 266194.24242, 6630904.32468, 3.05856
235, 766.81818, 1.13793, 893.93939, 1293.72881, 13.08225, 261767.21645, 6620951.41558, 3.05963
236, 754.08225, 1.18033, 986.11111, 1292.42254, 13.14286, 257175.00866, 6611250.20346, 2.93182
237, 742.30736, 1.13846, 959.45946, 1286.29577, 12.15152, 252887.28139, 6601272.28571, 2.88584
238, 730.47619, 1.09259, 932.20339, 1282.09091, 12.15152, 248611.74459, 6591255.10823, 2.85648
239, 718.33766, 1.10169, 969.23077, 1283.66667, 12.44589, 244405.58009, 6581229.329, 2.85514
240, 706.62338, 1.14286, 890.625, 1279.42105, 12.06061, 240143.05628, 6571263.26407, 2.75463
241, 694.96104, 1.03509, 915.25424, 1273.0, 11.97403, 235961.57143, 6561212.06926, 2.68203
242, 683.88745, 1.10204, 962.96296, 1284.90385, 11.37229, 231900.5671, 6551049.61039, 2.56561
243, 672.71861, 1.07273, 983.05085, 1274.82759, 11.44589, 227892.20779, 6540909.06061, 2.60185
244, 661.82684, 1.15385, 977.77778, 1273.29545, 11.18182, 223874.16017, 6530702.84416, 2.54717
245, 651.51082, 1.06977, 956.52174, 1262.77273, 10.58009, 220084.57576, 6520296.33333, 2.54854
246, 641.35931, 1.02381, 790.69767, 1266.23529, 10.44589, 216332.09091, 6509846.95671, 2.43902
247, 631.07359, 1.08108, 950.0, 1254.44737, 10.61039, 212579.2381, 6499432.93506, 2.27941
248, 620.71429, 1.26316, 937.5, 1262.97778, 10.62771, 208850.57576, 6489065.91775, 2.31282
249, 610.39827, 1.07692, 952.38095, 1255.175, 10.57143, 205218.18615, 6478591.94805, 2.17
250, 600.16017, 1.05714, 972.97297, 1256.91667, 10.45887, 201483.29004, 6468221.92208, 2.1
251, 590.95671, 1.17949, 978.26087, 1263.42222, 9.42857, 198166.50216, 6457477.22078, 2.07
252, 581.47619, 1.12821, 909.09091, 1247.325, 9.70996, 194841.43723, 6446763.03463, 2.10938
253, 572.05195, 1.0, 960.0, 1244.58333, 9.68831, 191304.66234, 6436227.18615, 2.03867
254, 562.66667, 1.16279, 980.0, 1257.53061, 9.5671, 187959.74892, 6425620.17749, 2.08287
255, 553.8355, 1.03571, 862.06897, 1247.12, 9.06061, 184804.09091, 6414752.07359, 2.02874
256, 544.80952, 1.03226, 937.5, 1232.83333, 9.20346, 181483.84416, 6404084.7013, 1.92179
257, 536.11688, 1.0, 1000.0, 1242.5, 8.87879, 178314.82684, 6393270.55844, 1.88889
258, 527.24675, 1.08696, 920.0, 1242.73913, 9.03896, 175125.63636, 6382499.13853, 1.89571
259, 519.01732, 1.0, 1000.0, 1239.0, 8.4026, 172160.54545, 6371509.67532, 1.83439
260, 510.52814, 1.12, 857.14286, 1232.375, 8.63203, 169033.01299, 6360712.85714, 1.74691
261, 502.12554, 1.03448, 1000.0, 1228.03333, 8.5974, 165887.18615, 6350012.48485, 1.61446
262, 494.0, 1.0, 882.35294, 1226.33333, 8.29437, 163069.4632, 6339031.39827, 1.62346
263, 485.58009, 1.0, 960.0, 1228.20833, 8.55411, 160113.46753, 6328181.77489, 1.59627
264, 477.38095, 1.0, 1000.0, 1216.7037, 8.41558, 157140.39394, 6317360.80519, 1.48101
265, 469.81385, 1.0, 900.0, 1227.55556, 7.68831, 154444.94372, 6306269.61472, 1.47712
266, 462.7619, 1.16, 1000.0, 1229.65517, 7.18615, 151934.45455, 6295040.26407, 1.50336
267, 455.2987, 1.0, 882.35294, 1200.33333, 7.54978, 149262.09091, 6283975.62338, 1.49324
268, 447.7316, 1.03704, 1000.0, 1235.60714, 7.67965, 146620.50216, 6272945.32035, 1.50676
269, 440.58009, 1.17647, 1000.0, 1204.15, 7.22944, 144084.37229, 6261807.05628, 1.55172
270, 433.35065, 1.02778, 945.94595, 1205.82857, 7.34632, 141525.74892, 6250765.06061, 1.58784
271, 426.52814, 1.0, 947.36842, 1194.77778, 6.96104, 139172.08658, 6239478.4632, 1.53103
272, 419.36797, 1.0, 833.33333, 1209.6, 7.31739, 136567.08658, 6228439.46753, 1.50735
273, 412.28139, 1.05556, 1000.0, 1206.57895, 7.19481, 134066.4026, 6217376.97835, 1.50758
274, 405.76623, 1.04348, 958.33333, 1210.95652, 6.63636, 131863.91775, 6206048.78788, 1.48855
275, 399.18615, 1.04, 923.07692, 1181.16667, 6.65801, 129586.94805, 6194820.86147, 1.47101
276, 392.67532, 1.05, 952.38095, 1192.9, 6.67391, 127228.74892, 6183692.4329, 1.42963
277, 386.48485, 1.0, 1000.0, 1193.4, 6.29565, 125078.93506, 6172341.93939, 1.43939
278, 380.00866, 1.04762, 954.54545, 1182.28571, 6.57576, 122771.15584, 6161212.47186, 1.45385
279, 373.65368, 1.05263, 1000.0, 1186.5, 6.46957, 120665.329, 6149900.04762, 1.44275
280, 367.71861, 1.0, 1000.0, 1214.0, 6.08225, 118491.75758, 6138618.99567, 1.38462
281, 361.64069, 1.0, 1000.0, 1157.0, 6.14286, 116230.01299, 6127494.50216, 1.38938
282, 355.5368, 1.07143, 933.33333, 1179.92857, 6.16883, 114127.23377, 6116223.19481, 1.36522
283, 349.82684, 1.0, 1000.0, 1173.53846, 5.84716, 112053.2987, 6104961.88312, 1.31579
284, 344.26407, 1.0, 1000.0, 1168.66667, 5.72052, 110049.58442, 6093643.60173, 1.28846
285, 338.74026, 1.0, 1000.0, 1153.16667, 5.63913, 108145.63203, 6082224.46753, 1.25263
286, 333.32468, 1.0, 888.88889, 1176.375, 5.53043, 106161.15584, 6070944.99567, 1.20225
287, 327.98701, 1.0, 1000.0, 1180.14286, 5.40693, 104356.0, 6059474.92641, 1.16667
288, 322.37662, 1.0, 888.88889, 1161.625, 5.72926, 102379.12987, 6048273.36797, 1.12346
289, 317.14286, 1.0, 1000.0, 1157.09091, 5.30303, 100503.84416, 6036975.4632, 1.14667
290, 311.74459, 1.0, 909.09091, 1162.3, 5.46087, 98684.90909, 6025633.53247, 1.12821
291, 306.5974, 1.0, 1000.0, 1179.57143, 5.21739, 96853.20779, 6014340.52381, 1.16667
292, 301.71429, 1.0, 1000.0, 1157.0, 4.9869, 95140.24675, 6002927.32468, 1.08974
293, 296.44156, 1.0, 1000.0, 1164.75, 5.32468, 93329.2381, 5991654.8658, 1.13333
294, 291.51515, 1.0, 846.15385, 1147.36364, 5.05263, 91641.35498, 5980309.36364, 1.09091
295, 286.73593, 1.0, 1000.0, 1134.0, 4.86404, 90054.17316, 5968880.79654, 1.15789
296, 282.16017, 1.0, 888.88889, 1151.625, 4.65939, 88449.64502, 5957474.2381, 1.14474
297, 277.31169, 1.0, 888.88889, 1141.875, 4.89565, 86793.64935, 5946166.28139, 1.16883
298, 272.65368, 1.0, 1000.0, 1167.2, 4.73043, 85168.5368, 5934838.30736, 1.13699
299, 268.09957, 1.0, 1000.0, 1131.8, 4.65351, 83630.68398, 5923442.5671, 1.15068
300, 263.80087, 1.0, 1000.0, 1146.0, 4.43363, 82131.67965, 5912046.86147, 1.13889
301, 259.24675, 1.0, 1000.0, 1132.625, 4.60173, 80565.53247, 5900751.20779, 1.12857
302, 255.05195, 1.0, 1000.0, 1120.0, 4.28509, 79138.0303, 5889343.43723, 1.12676
303, 250.87013, 1.0, 1000.0, 1134.875, 4.32301, 77673.66667, 5877958.12121, 1.13235
304, 246.67532, 1.16667, 1000.0, 1163.0, 4.31278, 76287.4026, 5866535.75758, 1.19355
305, 242.84416, 1.0, 1000.0, 1142.0, 3.99107, 74897.64935, 5855140.53247, 1.14754
306, 238.69264, 1.0, 1000.0, 1114.5, 4.26872, 73470.95671, 5843848.80087, 1.12903
307, 234.69697, 1.0, 750.0, 1145.0, 4.09649, 72082.38095, 5832500.90909, 1.05
308, 231.00866, 1.0, 1000.0, 1103.57143, 3.80088, 70807.44156, 5821091.01299, 1.08621
309, 227.30303, 1.0, 1000.0, 1066.5, 3.87111, 69428.08225, 5809811.85281, 1.04167
310, 223.65368, 1.0, 1000.0, 1119.0, 3.78571, 68171.77056, 5798424.671, 1.04444
311, 220.06926, 1.0, 1000.0, 1086.5, 3.74439, 66877.92641, 5787094.11255, 1.02439
312, 216.29004, 1.0, 1000.0, 1129.0, 3.89823, 65578.26407, 5775802.45022, 1.02857
313, 212.77922, 1.0, 1000.0, 1154.66667, 3.65919, 64426.35065, 5764391.80519, 1.0625
314, 209.12987, 1.0, 1000.0, 1103.5, 3.79018, 63257.45455, 5753007.51082, 1.03226
315, 205.69697, 1.0, 1000.0, 1078.25, 3.5625, 62114.4026, 5741629.74892, 1.03333
316, 202.54545, 1.0, 1000.0, 1078.75, 3.31532, 61091.80952, 5730160.90909, 1.0
317, 199.0303, 1.0, 800.0, 1095.5, 3.65919, 59911.91775, 5718910.9697, 1.03704
318, 195.88745, 1.0, 1000.0, 1072.33333, 3.27354, 58906.52381, 5707486.11688, 1.03448
319, 192.61472, 1.0, 1000.0, 1102.2, 3.44545, 57862.80952, 5696138.02597, 1.1
320, 189.54113, 1.0, 1000.0, 1109.83333, 3.22624, 56816.81818, 5684801.27706, 1.05882
321, 186.38095, 1.0, 1000.0, 1064.16667, 3.287, 55777.04762, 5673492.0, 1.0
322, 183.48918, 1.0, 1000.0, 1057.83333, 3.10185, 54887.75758, 5662060.23377, 1.02381
323, 180.48918, 1.0, 500.0, 1060.0, 3.14932, 53862.78355, 5650782.15584, 1.05
324, 177.5974, 0.0, 0.0, 0.0, 3.04525, 52942.9697, 5639423.31169, 1.05714
325, 174.61039, 1.0, 1000.0, 1109.4, 3.13063, 51956.4026, 5628154.32035, 1.05714
326, 171.81818, 1.0, 1000.0, 1070.0, 2.98624, 51069.88312, 5616829.08225, 1.02941
327, 169.12554, 1.0, 1000.0, 1053.0, 2.85, 50163.65368, 5605517.06494, 1.03333
328, 166.24242, 1.0, 1000.0, 1076.66667, 3.04545, 49157.75325, 5594338.70996, 1.03125
329, 163.4329, 1.0, 1000.0, 1006.0, 3.01852, 48260.94805, 5583081.33333, 1.03333
330, 160.91342, 1.5, 1000.0, 1032.0, 2.79048, 47388.73593, 5571834.12554, 1.07143
331, 158.23377, 1.0, 1000.0, 1123.0, 2.93868, 46507.05195, 5560598.47619, 1.08
332, 155.64069, 1.0, 1000.0, 1024.0, 2.84977, 45643.35931, 5549379.65368, 1.11111
333, 152.90476, 1.0, 1000.0, 1026.5, 2.93953, 44740.11255, 5538227.80087, 1.1
334, 150.24242, 0.0, 0.0, 0.0, 2.86047, 43878.69697, 5527054.65368, 1.1
335, 147.88745, 1.0, 1000.0, 1042.33333, 2.77273, 43152.24675, 5515781.82251, 1.05263
336, 145.50216, 1.0, 1000.0, 1011.0, 2.63033, 42357.44589, 5504588.45022, 1.0625
337, 143.15584, 1.0, 1000.0, 1028.5, 2.5933, 41651.54978, 5493315.23377, 1.11765
338, 140.89177, 1.0, 1000.0, 1082.33333, 2.62687, 40874.17316, 5482193.19048, 1.13333
339, 138.51082, 1.0, 1000.0, 1040.75, 2.58685, 40147.48052, 5471018.4632, 1.17647
340, 136.11255, 1.0, 1000.0, 1074.25, 2.5787, 39398.33766, 5459912.57576, 1.10526
341, 133.83117, 1.0, 1000.0, 1090.0, 2.61881, 38676.67965, 5448794.47619, 1.11111
342, 131.54113, 0.0, 0.0, 0.0, 2.70408, 37936.2381, 5437712.88312, 1.11765
343, 129.34632, 1.0, 1000.0, 1060.25, 2.55, 37247.98701, 5426620.07359, 1.11111
344, 127.1645, 1.0, 1000.0, 1103.0, 2.57143, 36540.2987, 5415544.05195, 1.10526
345, 124.77922, 1.0, 1000.0, 1034.0, 2.60849, 35804.37662, 5404525.69264, 1.05263
346, 122.78788, 0.0, 0.0, 0.0, 2.31, 35136.46753, 5393473.15584, 1.0
347, 120.71429, 1.0, 1000.0, 1026.8, 2.39801, 34487.48052, 5382452.02597, 1.0
348, 118.62771, 1.0, 1000.0, 994.66667, 2.33654, 33834.51082, 5371447.74026, 1.0
349, 116.80952, 1.0, 1000.0, 984.0, 2.02885, 33259.93506, 5360352.68398, 1.0
350, 114.89177, 1.0, 1000.0, 1021.5, 2.17561, 32673.24675, 5349303.67532, 1.0
351, 113.09524, 1.0, 1000.0, 961.66667, 2.13846, 32131.329, 5338274.4026, 1.05882
352, 111.1645, 1.0, 1000.0, 1018.5, 2.18627, 31569.1645, 5327260.43723, 1.11111
353, 109.24242, 1.0, 1000.0, 981.0, 2.24, 30982.36797, 5316307.90909, 1.125
354, 107.41126, 1.0, 1000.0, 1043.66667, 2.25532, 30398.30736, 5305347.03896, 1.17647
355, 105.62338, 1.0, 1000.0, 1050.0, 2.3, 29821.32468, 5294423.23377, 1.17647
356, 103.92208, 1.0, 1000.0, 974.5, 2.02577, 29273.329, 5283495.87879, 1.15789
357, 102.20779, 1.0, 1000.0, 988.0, 2.03046, 28720.26407, 5272610.8355, 1.05556
358, 100.54113, 1.0, 1000.0, 1037.0, 2.06349, 28177.18182, 5261728.11688, 1.0
359, 98.8658, 1.0, 1000.0, 1014.25, 2.03684, 27679.47186, 5250840.03463, 1.0
360, 97.24242, 1.0, 1000.0, 994.25, 1.93333, 27165.41558, 5239978.671, 1.0
361, 95.4329, 0.0, 0.0, 0.0, 2.19372, 26626.47186, 5229144.07792, 1.0
362, 93.8961, 0.0, 0.0, 0.0, 2.02841, 26145.7316, 5218289.81385, 1.0
363, 92.32468, 0.0, 0.0, 0.0, 1.98913, 25635.2381, 5207485.40693, 1.0
364, 90.84416, 1.0, 1000.0, 973.5, 1.94915, 25172.43723, 5196672.09957, 1.0
365, 89.329, 1.0, 1000.0, 1025.0, 1.91892, 24681.1342, 5185894.74892, 1.0
366, 87.80952, 1.0, 1000.0, 972.0, 1.88235, 24242.71861, 5175103.07792, 1.0
367, 86.43723, 1.0, 1000.0, 999.0, 1.78652, 23836.38095, 5164301.45022, 1.0
368, 85.01732, 0.0, 0.0, 0.0, 1.82222, 23393.85281, 5153537.12121, 1.0
369, 83.76623, 1.0, 1000.0, 1043.0, 1.77439, 23008.1342, 5142759.72294, 1.11111
370, 82.37229, 0.0, 0.0, 0.0, 1.97576, 22530.01299, 5132087.24675, 1.2
371, 81.09091, 0.0, 0.0, 0.0, 1.78313, 22156.2381, 5121347.49784, 1.2
372, 79.66667, 1.0, 500.0, 946.0, 1.97006, 21713.32468, 5110704.7316, 1.14286
373, 78.25974, 1.0, 1500.0, 950.66667, 1.87861, 21286.46753, 5100092.91775, 1.11111
374, 76.96104, 0.0, 0.0, 0.0, 1.69663, 20855.76623, 5089479.1039, 1.14286
375, 75.59307, 0.0, 0.0, 0.0, 1.82659, 20421.8355, 5078886.82251, 1.14286
376, 74.2987, 1.0, 1000.0, 930.0, 1.72, 20016.95671, 5068334.1039, 1.0
377, 73.14719, 1.0, 2000.0, 974.5, 1.68987, 19671.03463, 5057702.90476, 1.0
378, 71.87879, 0.0, 0.0, 0.0, 1.70349, 19308.44589, 5047120.64935, 1.0
379, 70.65368, 1.0, 1000.0, 954.0, 1.80892, 18930.75325, 5036576.41991, 1.0
380, 69.4632, 1.0, 1000.0, 1011.0, 1.72956, 18586.41991, 5026002.38095, 1.0
381, 68.2987, 0.0, 0.0, 0.0, 1.71338, 18244.79221, 5015454.12121, 1.0
382, 67.16017, 1.0, 1000.0, 961.0, 1.64596, 17884.07792, 5004946.09091, 1.16667
383, 66.02597, 0.0, 0.0, 0.0, 1.76, 17532.91775, 4994454.02165, 1.25
384, 64.87446, 0.0, 0.0, 0.0, 1.70513, 17192.78788, 4983991.44589, 1.25
385, 63.74026, 0.0, 0.0, 0.0, 1.69032, 16860.32035, 4973524.47619, 1.25
386, 62.69697, 1.0, 1500.0, 956.66667, 1.59211, 16591.34632, 4963026.00866, 1.2
387, 61.67965, 0.0, 0.0, 0.0, 1.62759, 16306.44156, 4952578.87013, 1.25
388, 60.66667, 0.0, 0.0, 0.0, 1.54967, 16005.79654, 4942167.41126, 1.25
389, 59.74459, 0.0, 0.0, 0.0, 1.53957, 15755.82684, 4931741.45455, 1.0
390, 58.88745, 0.0, 0.0, 0.0, 1.53077, 15484.79221, 4921349.45455, 1.0
391, 57.90909, 0.0, 0.0, 0.0, 1.58042, 15198.64935, 4910983.65801, 1.0
392, 56.97403, 0.0, 0.0, 0.0, 1.4863, 14913.44156, 4900642.05628, 1.0
393, 56.03896, 0.0, 0.0, 0.0, 1.57664, 14630.83117, 4890325.68831, 1.0
394, 55.15152, 0.0, 0.0, 0.0, 1.46429, 14389.28571, 4880002.2684, 1.0
395, 54.23377, 0.0, 0.0, 0.0, 1.54745, 14114.97403, 4869713.40693, 1.0
396, 53.38961, 1.0, 1000.0, 849.0, 1.43796, 13865.71429, 4859425.329, 1.0
397, 52.54545, 0.0, 0.0, 0.0, 1.44444, 13622.42424, 4849164.92641, 1.0
398, 51.64069, 1.0, 2000.0, 907.0, 1.39333, 13373.19048, 4838943.12987, 1.0
399, 50.79654, 1.0, 1000.0, 918.0, 1.52344, 13114.13853, 4828737.24675, 1.0
400, 49.93939, 0.0, 0.0, 0.0, 1.53488, 12846.80519, 4818570.78355, 1.0
401, 49.10823, 0.0, 0.0, 0.0, 1.51181, 12606.62338, 4808384.34199, 1.0
402, 48.38961, 0.0, 0.0, 0.0, 1.39496, 12389.38095, 4798208.43723, 1.0
403, 47.54978, 0.0, 0.0, 0.0, 1.41606, 12173.61039, 4788077.08225, 1.0
404, 46.86147, 0.0, 0.0, 0.0, 1.43243, 11971.55844, 4777904.8355, 1.0
405, 46.17749, 0.0, 0.0, 0.0, 1.35043, 11764.82251, 4767751.95238, 1.0
406, 45.45887, 0.0, 0.0, 0.0, 1.43966, 11550.67532, 4757657.19048, 1.0
407, 44.66667, 0.0, 0.0, 0.0, 1.42969, 11358.04762, 4747564.7316, 1.0
408, 43.99567, 0.0, 0.0, 0.0, 1.33333, 11171.64935, 4737483.00866, 1.0
409, 43.36797, 0.0, 0.0, 0.0, 1.33945, 10996.09957, 4727433.85714, 0.0
410, 42.52814, 1.0, 1000.0, 960.0, 1.42647, 10756.38528, 4717451.63636, 1.0
411, 41.78788, 0.0, 0.0, 0.0, 1.44915, 10560.49351, 4707446.80087, 1.0
412, 40.99567, 0.0, 0.0, 0.0, 1.47581, 10350.83983, 4697481.80519, 1.0
413, 40.27273, 0.0, 0.0, 0.0, 1.47788, 10169.64935, 4687532.91775, 1.0
414, 39.55411, 0.0, 0.0, 0.0, 1.38333, 9978.22078, 4677586.43723, 1.0
415, 38.8961, 0.0, 0.0, 0.0, 1.40741, 9782.33766, 4667677.62338, 1.0
416, 38.26407, 0.0, 0.0, 0.0, 1.41748, 9594.82684, 4657788.45887, 1.0
417, 37.68831, 0.0, 0.0, 0.0, 1.27885, 9453.85281, 4647882.67532, 1.0
418, 37.08658, 0.0, 0.0, 0.0, 1.37624, 9276.671, 4638001.02165, 1.0
419, 36.50216, 0.0, 0.0, 0.0, 1.26168, 9108.61039, 4628144.8961, 1.0
420, 35.94372, 0.0, 0.0, 0.0, 1.32653, 8940.19481, 4618301.03896, 0.0
421, 35.19481, 1.0, 1000.0, 854.0, 1.53097, 8752.70563, 4608508.91775, 1.0
422, 34.55411, 0.0, 0.0, 0.0, 1.38318, 8574.8961, 4598743.19913, 1.0
423, 33.99134, 0.0, 0.0, 0.0, 1.25, 8399.41126, 4588981.44156, 1.0
424, 33.41126, 0.0, 0.0, 0.0, 1.30097, 8241.28571, 4579213.95671, 1.0
425, 32.78788, 0.0, 0.0, 0.0, 1.34579, 8070.05628, 4569505.35931, 1.0
426, 32.22078, 0.0, 0.0, 0.0, 1.23585, 7929.5368, 4559762.14719, 1.0
427, 31.64935, 0.0, 0.0, 0.0, 1.36082, 7788.45887, 4550053.67532, 1.0
428, 31.16017, 0.0, 0.0, 0.0, 1.26966, 7686.35065, 4540344.87879, 1.0
429, 30.68398, 0.0, 0.0, 0.0, 1.27907, 7551.19913, 4530666.5974, 1.0
430, 30.13853, 0.0, 0.0, 0.0, 1.3125, 7407.54545, 4521014.77922, 1.0
431, 29.54545, 0.0, 0.0, 0.0, 1.28972, 7249.90043, 4511409.77056, 0.0
432, 29.02597, 0.0, 0.0, 0.0, 1.31868, 7103.30303, 4501842.54545, 0.0
433, 28.52814, 0.0, 0.0, 0.0, 1.26374, 6953.7316, 4492267.24675, 0.0
434, 28.08225, 0.0, 0.0, 0.0, 1.33766, 6832.54978, 4482676.60606, 0.0
435, 27.57143, 0.0, 0.0, 0.0, 1.28261, 6697.2684, 4473144.18182, 0.0
436, 27.11255, 0.0, 0.0, 0.0, 1.27711, 6568.20779, 4463629.45022, 0.0
437, 26.72294, 1.0, 1000.0, 867.0, 1.28571, 6463.95238, 4454110.92208, 1.0
438, 26.21645, 0.0, 0.0, 0.0, 1.32955, 6333.87446, 4444617.2684, 1.0
439, 25.74892, 0.0, 0.0, 0.0, 1.35, 6226.5671, 4435122.35931, 1.0
440, 25.22511, 0.0, 0.0, 0.0, 1.26042, 6075.28571, 4425698.16883, 1.0
441, 24.89177, 0.0, 0.0, 0.0, 1.06944, 5985.18182, 4416223.38095, 1.0
442, 24.51082, 0.0, 0.0, 0.0, 1.18919, 5869.98268, 4406797.21212, 1.0
443, 24.18615, 0.0, 0.0, 0.0, 1.17188, 5783.66667, 4397349.16017, 1.0
444, 23.80952, 0.0, 0.0, 0.0, 1.24286, 5698.94805, 4387945.00866, 1.0
445, 23.42424, 0.0, 0.0, 0.0, 1.21918, 5598.06926, 4378562.72294, 1.0
446, 23.05195, 0.0, 0.0, 0.0, 1.21127, 5495.54545, 4369221.46753, 1.0
447, 22.67532, 1.0, 2000.0, 798.0, 1.25714, 5404.80519, 4359864.12121, 1.0
448, 22.25974, 0.0, 0.0, 0.0, 1.28, 5290.34199, 4350560.78788, 1.0
449, 21.90043, 0.0, 0.0, 0.0, 1.22059, 5193.1645, 4341257.32035, 1.0
450, 21.5671, 0.0, 0.0, 0.0, 1.18462, 5104.86147, 4331980.88745, 1.0
451, 21.22944, 0.0, 0.0, 0.0, 1.13043, 5021.61905, 4322710.47186, 1.0
452, 20.8355, 0.0, 0.0, 0.0, 1.26389, 4925.01732, 4313472.22078, 1.0
453, 20.44589, 0.0, 0.0, 0.0, 1.32353, 4808.48485, 4304258.98701, 1.0
454, 20.09524, 0.0, 0.0, 0.0, 1.24615, 4705.60173, 4295077.79654, 1.0
455, 19.75325, 0.0, 0.0, 0.0, 1.23438, 4609.88745, 4285901.0303, 1.0
456, 19.4026, 0.0, 0.0, 0.0, 1.30645, 4527.61472, 4276746.671, 1.0
457, 19.12554, 0.0, 0.0, 0.0, 1.2037, 4451.96104, 4267592.53247, 0.0
458, 18.81818, 0.0, 0.0, 0.0, 1.0597, 4361.70996, 4258456.93506, 0.0
459, 18.43723, 0.0, 0.0, 0.0, 1.22222, 4254.38961, 4249365.82684, 0.0
460, 18.1645, 0.0, 0.0, 0.0, 1.10526, 4182.23377, 4240274.37662, 0.0
461, 17.72727, 0.0, 0.0, 0.0, 1.29487, 4059.86147, 4231237.88312, 0.0
462, 17.40693, 0.0, 0.0, 0.0, 1.12121, 3982.05628, 4222186.63636, 0.0
463, 17.1645, 0.0, 0.0, 0.0, 1.14286, 3924.86147, 4213125.03896, 0.0
464, 16.8658, 0.0, 0.0, 0.0, 1.15, 3835.82684, 4204104.05195, 0.0
465, 16.52381, 0.0, 0.0, 0.0, 1.23438, 3754.03463, 4195116.78355, 0.0
466, 16.2684, 0.0, 0.0, 0.0, 1.18, 3680.22078, 4186125.11255, 0.0
467, 16.05195, 0.0, 0.0, 0.0, 1.11111, 3621.93506, 4177133.48485, 0.0
468, 15.79221, 0.0, 0.0, 0.0, 1.15385, 3552.80952, 4168190.93074, 0.0
469, 15.54545, 0.0, 0.0, 0.0, 1.14, 3490.35498, 4159243.02597, 0.0
470, 15.25108, 0.0, 0.0, 0.0, 1.21429, 3404.86147, 4150349.51948, 0.0
471, 14.9697, 0.0, 0.0, 0.0, 1.10169, 3318.86147, 4141473.28139, 0.0
472, 14.70996, 0.0, 0.0, 0.0, 1.25, 3245.80952, 4132604.8355, 0.0
473, 14.47186, 0.0, 0.0, 0.0, 1.12245, 3197.32035, 4123728.20779, 0.0
474, 14.21212, 0.0, 0.0, 0.0, 1.15385, 3135.96537, 4114876.13853, 0.0
475, 13.96537, 0.0, 0.0, 0.0, 1.14, 3077.57143, 4106050.54978, 0.0
476, 13.67532, 0.0, 0.0, 0.0, 1.13559, 3023.60173, 4097261.53247, 0.0
477, 13.45455, 0.0, 0.0, 0.0, 1.1087, 2973.96537, 4088461.93939, 0.0
478, 13.2381, 0.0, 0.0, 0.0, 1.13636, 2923.53247, 4079677.69264, 0.0
479, 13.06061, 0.0, 0.0, 0.0, 1.17143, 2878.78355, 4070929.48918, 0.0
480, 12.87879, 0.0, 0.0, 0.0, 1.13514, 2826.31169, 4062174.90476, 0.0
481, 12.7013, 0.0, 0.0, 0.0, 1.07895, 2777.45887, 4053434.82251, 0.0
482, 12.45022, 0.0, 0.0, 0.0, 1.11538, 2709.34632, 4044744.33766, 0.0
483, 12.25541, 0.0, 0.0, 0.0, 1.125, 2651.2381, 4036081.87879, 0.0
484, 12.06494, 0.0, 0.0, 0.0, 1.1, 2606.68831, 4027445.19048, 0.0
485, 11.90909, 0.0, 0.0, 0.0, 1.2, 2572.58442, 4018801.74026, 0.0
486, 11.78788, 0.0, 0.0, 0.0, 1.03704, 2542.80519, 4010168.20779, 0.0
487, 11.60173, 0.0, 0.0, 0.0, 1.04878, 2495.30736, 4001558.32468, 0.0
488, 11.41558, 0.0, 0.0, 0.0, 1.04878, 2445.70996, 3992980.29437, 0.0
489, 11.23377, 0.0, 0.0, 0.0, 1.10526, 2403.25974, 3984404.61472, 0.0
490, 11.00866, 0.0, 0.0, 0.0, 1.13043, 2349.58442, 3975848.55844, 0.0
491, 10.84416, 0.0, 0.0, 0.0, 1.02703, 2311.51515, 3967324.11255, 0.0
492, 10.67965, 0.0, 0.0, 0.0, 1.08571, 2275.11255, 3958797.26407, 0.0
493, 10.51515, 0.0, 0.0, 0.0, 1.08571, 2238.02597, 3950268.8355, 0.0
494, 10.34632, 0.0, 0.0, 0.0, 1.11429, 2194.22944, 3941795.95671, 0.0
495, 10.14719, 0.0, 0.0, 0.0, 1.15, 2144.97403, 3933347.38528, 0.0
496, 9.93939, 0.0, 0.0, 0.0, 1.14286, 2092.87879, 3924923.45887, 0.0
497, 9.80952, 0.0, 0.0, 0.0, 1.0, 2057.35498, 3916502.02165, 0.0
498, 9.61039, 0.0, 0.0, 0.0, 1.09524, 2013.12987, 3908097.49351, 0.0
499, 9.47186, 0.0, 0.0, 0.0, 1.10345, 1976.78788, 3899677.40693, 0.0
500, 9.30736, 0.0, 0.0, 0.0, 1.05556, 1933.37229, 3891303.51082, 0.0
501, 9.12121, 0.0, 0.0, 0.0, 1.10256, 1900.86147, 3882934.95238, 0.0
502, 8.95671, 0.0, 0.0, 0.0, 1.08571, 1868.99567, 3874580.0303, 0.0
503, 8.82251, 0.0, 0.0, 0.0, 1.06897, 1836.98701, 3866252.23377, 0.0
504, 8.67532, 0.0, 0.0, 0.0, 1.0303, 1797.85714, 3857945.56277, 0.0
505, 8.55411, 0.0, 0.0, 0.0, 1.12, 1770.1039, 3849654.17316, 0.0
506, 8.42857, 0.0, 0.0, 0.0, 1.07407, 1738.40693, 3841390.07792, 0.0
507, 8.24675, 0.0, 0.0, 0.0, 1.13514, 1702.46753, 3833134.09524, 0.0
508, 8.10823, 0.0, 0.0, 0.0, 1.10345, 1674.29437, 3824890.66667, 0.0
509, 7.95238, 0.0, 0.0, 0.0, 1.0, 1642.45022, 3816683.71429, 0.0
510, 7.78355, 0.0, 0.0, 0.0, 1.11429, 1604.01732, 3808491.61039, 0.0
511, 7.66234, 0.0, 0.0, 0.0, 1.07692, 1576.4329, 3800289.65368, 0.0
512, 7.55844, 0.0, 0.0, 0.0, 1.14286, 1546.35498, 3792127.59307, 0.0
513, 7.42857, 0.0, 0.0, 0.0, 1.07143, 1521.73593, 3783954.33333, 0.0
514, 7.31169, 0.0, 0.0, 0.0, 1.03846, 1495.33766, 3775807.19913, 0.0
515, 7.19481, 0.0, 0.0, 0.0, 1.03846, 1475.88312, 3767685.65368, 0.0
516, 7.07359, 0.0, 0.0, 0.0, 1.07692, 1445.70563, 3759591.66667, 0.0
517, 6.92641, 0.0, 0.0, 0.0, 1.0625, 1410.75325, 3751508.12987, 0.0
518, 6.80519, 0.0, 0.0, 0.0, 1.12, 1378.62338, 3743458.97835, 0.0
519, 6.71429, 0.0, 0.0, 0.0, 1.0, 1355.94805, 3735426.61905, 0.0
520, 6.60606, 0.0, 0.0, 0.0, 1.0, 1333.98701, 3727394.51515, 0.0
521, 6.51948, 0.0, 0.0, 0.0, 1.0, 1317.61039, 3719363.10823, 0.0
522, 6.39827, 0.0, 0.0, 0.0, 1.0, 1286.98268, 3711374.60173, 0.0
523, 6.29437, 0.0, 0.0, 0.0, 1.04348, 1266.03463, 3703397.11255, 0.0
524, 6.18615, 0.0, 0.0, 0.0, 1.04167, 1242.91775, 3695428.36797, 0.0
525, 6.06957, 0.0, 0.0, 0.0, 1.1, 1214.11304, 3687537.24675, 0.0
526, 5.95652, 0.0, 0.0, 0.0, 1.04, 1185.97391, 3679685.66087, 0.0
527, 5.86957, 0.0, 0.0, 0.0, 1.11111, 1163.89565, 3671760.7913, 0.0
528, 5.79565, 0.0, 0.0, 0.0, 1.0, 1146.52174, 3663857.76957, 0.0
529, 5.71304, 0.0, 0.0, 0.0, 1.05556, 1119.2, 3655996.33913, 0.0
530, 5.62174, 0.0, 0.0, 0.0, 1.0, 1102.5913, 3648108.16522, 0.0
531, 5.56522, 0.0, 0.0, 0.0, 1.08333, 1091.95217, 3640240.24348, 0.0
532, 5.46087, 0.0, 0.0, 0.0, 1.0, 1064.06522, 3632401.80435, 0.0
533, 5.37555, 0.0, 0.0, 0.0, 1.04167, 1040.64192, 3624602.88261, 0.0
534, 5.29258, 0.0, 0.0, 0.0, 1.05556, 1021.36681, 3616864.54585, 0.0
535, 5.19298, 0.0, 0.0, 0.0, 1.03704, 993.25877, 3609112.8952, 0.0
536, 5.12281, 0.0, 0.0, 0.0, 1.06667, 972.7193, 3601314.22807, 0.0
537, 5.06579, 0.0, 0.0, 0.0, 1.0, 957.42105, 3593554.78509, 0.0
538, 5.00441, 0.0, 0.0, 0.0, 1.0, 943.59471, 3585841.96053, 0.0
539, 4.88987, 0.0, 0.0, 0.0, 1.04, 915.9163, 3578171.86344, 0.0
540, 4.78414, 0.0, 0.0, 0.0, 1.09091, 897.36123, 3570476.82819, 0.0
541, 4.71239, 0.0, 0.0, 0.0, 1.10526, 887.12389, 3562786.79736, 0.0
542, 4.65487, 0.0, 0.0, 0.0, 1.0, 873.0531, 3554984.45575, 0.0
543, 4.56637, 0.0, 0.0, 0.0, 1.05263, 857.83628, 3547342.94248, 0.0
544, 4.4823, 0.0, 0.0, 0.0, 1.0, 837.29204, 3539711.68584, 0.0
545, 4.40708, 0.0, 0.0, 0.0, 1.0, 825.70354, 3532092.9646, 0.0
546, 4.32301, 0.0, 0.0, 0.0, 1.0, 808.97788, 3524480.36726, 0.0
547, 4.25221, 0.0, 0.0, 0.0, 1.0, 793.80531, 3516877.15487, 0.0
548, 4.17699, 0.0, 0.0, 0.0, 1.0625, 781.74779, 3509305.64159, 0.0
549, 4.10177, 0.0, 0.0, 0.0, 1.0625, 769.03982, 3501741.02212, 0.0
550, 4.00885, 0.0, 0.0, 0.0, 1.16667, 749.50442, 3494214.15487, 0.0
551, 3.96018, 0.0, 0.0, 0.0, 1.0, 735.65044, 3486702.68142, 0.0
552, 3.89823, 0.0, 0.0, 0.0, 1.16667, 720.15044, 3479198.10619, 0.0
553, 3.875, 0.0, 0.0, 0.0, 1.08333, 716.96429, 3471713.01327, 0.0
554, 3.80717, 0.0, 0.0, 0.0, 1.0, 705.37668, 3464320.76786, 0.0
555, 3.74888, 0.0, 0.0, 0.0, 1.08333, 693.98206, 3456586.20179, 0.0
556, 3.69058, 0.0, 0.0, 0.0, 1.08333, 682.15247, 3449150.1435, 0.0
557, 3.61435, 0.0, 0.0, 0.0, 1.0625, 667.69955, 3441724.79821, 0.0
558, 3.55605, 0.0, 0.0, 0.0, 1.08333, 654.38565, 3434316.82511, 0.0
559, 3.50901, 0.0, 0.0, 0.0, 1.0, 639.66216, 3426916.57848, 0.0
560, 3.45495, 0.0, 0.0, 0.0, 1.09091, 630.51802, 3419577.52703, 0.0
561, 3.39367, 0.0, 0.0, 0.0, 1.0625, 618.84615, 3412258.54955, 0.0
562, 3.35294, 0.0, 0.0, 0.0, 1.0, 611.0362, 3404882.90498, 0.0
563, 3.25792, 0.0, 0.0, 0.0, 1.0, 590.91403, 3397556.1629, 0.0
564, 3.20814, 0.0, 0.0, 0.0, 1.1, 577.76471, 3390235.40724, 0.0
565, 3.17647, 0.0, 0.0, 0.0, 1.0, 568.28507, 3382931.21719, 0.0
566, 3.12217, 0.0, 0.0, 0.0, 1.0, 556.35747, 3375636.48869, 0.0
567, 3.06787, 0.0, 0.0, 0.0, 1.09091, 540.52941, 3368393.06335, 0.0
568, 3.03636, 0.0, 0.0, 0.0, 1.0, 537.03182, 3361139.88688, 0.0
569, 2.97727, 0.0, 0.0, 0.0, 1.0, 524.01818, 3353763.80909, 0.0
570, 2.93182, 0.0, 0.0, 0.0, 1.0, 520.15455, 3346542.12727, 0.0
571, 2.88636, 0.0, 0.0, 0.0, 1.0, 510.61818, 3339339.20455, 0.0
572, 2.81818, 0.0, 0.0, 0.0, 1.0, 505.11364, 3332150.62273, 0.0
573, 2.74545, 0.0, 0.0, 0.0, 1.06667, 483.82273, 3324985.17273, 0.0
574, 2.70776, 0.0, 0.0, 0.0, 1.0, 474.14155, 3317844.74091, 0.0
575, 2.66667, 0.0, 0.0, 0.0, 1.0, 467.31507, 3310627.63927, 0.0
576, 2.63303, 0.0, 0.0, 0.0, 1.0, 459.72477, 3303534.73973, 0.0
577, 2.57339, 0.0, 0.0, 0.0, 1.0, 451.0, 3296322.27064, 0.0
578, 2.55093, 0.0, 0.0, 0.0, 1.11111, 447.77778, 3289242.71101, 0.0
579, 2.52315, 0.0, 0.0, 0.0, 1.0, 442.09722, 3282030.20833, 0.0
580, 2.47907, 0.0, 0.0, 0.0, 1.0, 433.0093, 3274967.79167, 0.0
581, 2.42326, 0.0, 0.0, 0.0, 1.0, 424.92558, 3267841.31163, 0.0
582, 2.38785, 0.0, 0.0, 0.0, 1.0, 416.3972, 3260828.8186, 0.0
583, 2.33645, 0.0, 0.0, 0.0, 1.0, 404.47664, 3253750.84112, 0.0
584, 2.32075, 0.0, 0.0, 0.0, 1.0, 401.39151, 3246802.75701, 0.0
585, 2.29858, 0.0, 0.0, 0.0, 1.0, 398.16114, 3239864.81132, 0.0
586, 2.27014, 0.0, 0.0, 0.0, 1.0, 391.09953, 3232841.43128, 0.0
587, 2.26087, 0.0, 0.0, 0.0, 1.0, 388.657, 3225939.24171, 0.0
588, 2.24878, 0.0, 0.0, 0.0, 1.0, 388.72683, 3218936.97101, 0.0
589, 2.23529, 0.0, 0.0, 0.0, 1.0, 381.18627, 3211931.92683, 0.0
590, 2.21393, 0.0, 0.0, 0.0, 1.0, 379.81592, 3204891.83824, 0.0
591, 2.185, 0.0, 0.0, 0.0, 1.0, 369.725, 3197833.83085, 0.0
592, 2.15228, 0.0, 0.0, 0.0, 1.0, 364.45178, 3191062.135, 0.0
593, 2.13198, 0.0, 0.0, 0.0, 1.33333, 357.94416, 3184315.10152, 0.0
594, 2.07614, 0.0, 0.0, 0.0, 1.1, 350.0, 3177432.91371, 0.0
595, 2.05076, 0.0, 0.0, 0.0, 1.0, 343.44162, 3170594.07107, 0.0
596, 2.02564, 0.0, 0.0, 0.0, 1.0, 340.01026, 3163804.19289, 0.0
597, 2.01036, 0.0, 0.0, 0.0, 1.0, 337.66321, 3157058.58974, 0.0
598, 1.97895, 0.0, 0.0, 0.0, 1.09091, 333.67368, 3150254.79793, 0.0
599, 1.94737, 0.0, 0.0, 0.0, 1.0, 326.66842, 3143381.18421, 0.0
600, 1.93085, 0.0, 0.0, 0.0, 1.0, 320.6117, 3136644.89474, 0.0
601, 1.91444, 0.0, 0.0, 0.0, 1.0, 316.57754, 3129818.07979, 0.0
602, 1.91304, 0.0, 0.0, 0.0, 1.0, 317.34783, 3123037.26738, 0.0
603, 1.90659, 0.0, 0.0, 0.0, 1.0, 314.14286, 3116256.68478, 0.0
604, 1.90556, 0.0, 0.0, 0.0, 1.33333, 315.47222, 3109677.3956, 0.0
605, 1.90449, 0.0, 0.0, 0.0, 1.0, 315.08989, 3102955.00556, 0.0
606, 1.86517, 0.0, 0.0, 0.0, 1.0, 307.17978, 3096297.24719, 0.0
607, 1.83708, 0.0, 0.0, 0.0, 1.0, 302.55618, 3089611.08427, 0.0
608, 1.80899, 0.0, 0.0, 0.0, 1.0, 298.24157, 3082953.29775, 0.0
609, 1.80114, 0.0, 0.0, 0.0, 1.0, 293.80682, 3076349.78652, 0.0
610, 1.8046, 0.0, 0.0, 0.0, 1.0, 291.3046, 3069599.91477, 0.0
611, 1.80117, 0.0, 0.0, 0.0, 1.0, 290.70175, 3062983.59195, 0.0
612, 1.78947, 0.0, 0.0, 0.0, 1.0, 287.44444, 3056354.19298, 0.0
613, 1.78824, 0.0, 0.0, 0.0, 1.0, 286.61765, 3049782.04094, 0.0
614, 1.76923, 0.0, 0.0, 0.0, 1.0, 286.1716, 3043295.17647, 0.0
615, 1.73964, 0.0, 0.0, 0.0, 1.0, 282.31953, 3036647.47337, 0.0
616, 1.73054, 0.0, 0.0, 0.0, 1.0, 280.91617, 3030153.25444, 0.0
617, 1.73333, 0.0, 0.0, 0.0, 1.0, 281.87273, 3023478.10778, 0.0
618, 1.70909, 0.0, 0.0, 0.0, 1.0, 274.98788, 3016921.83636, 0.0
619, 1.70988, 0.0, 0.0, 0.0, 1.0, 277.54321, 3010464.65455, 0.0
620, 1.70186, 0.0, 0.0, 0.0, 1.0, 274.38509, 3003844.91358, 0.0
621, 1.65839, 0.0, 0.0, 0.0, 1.0, 262.98137, 2997323.28571, 0.0
622, 1.62112, 0.0, 0.0, 0.0, 1.0, 257.65217, 2990871.85093, 0.0
623, 1.62025, 0.0, 0.0, 0.0, 1.0, 256.28481, 2984476.06832, 0.0
624, 1.61146, 0.0, 0.0, 0.0, 1.0, 257.35032, 2977584.92405, 0.0
625, 1.61039, 0.0, 0.0, 0.0, 1.0, 258.24675, 2971280.93631, 0.0
626, 1.61842, 0.0, 0.0, 0.0, 1.0, 257.72368, 2965026.08442, 0.0
627, 1.59333, 0.0, 0.0, 0.0, 1.0, 256.22, 2958602.03947, 0.0
628, 1.56, 0.0, 0.0, 0.0, 1.0, 249.99333, 2952288.52667, 0.0
629, 1.54167, 0.0, 0.0, 0.0, 1.0, 249.67361, 2946089.73333, 0.0
630, 1.53521, 0.0, 0.0, 0.0, 1.0, 249.4507, 2939609.74306, 0.0
631, 1.52113, 0.0, 0.0, 0.0, 1.0, 248.92254, 2933341.42958, 0.0
632, 1.52482, 0.0, 0.0, 0.0, 1.0, 247.7305, 2927058.98592, 0.0
633, 1.52143, 0.0, 0.0, 0.0, 1.0, 246.75, 2920732.9078, 0.0
634, 1.52518, 0.0, 0.0, 0.0, 1.0, 246.10072, 2914405.37143, 0.0
635, 1.51449, 0.0, 0.0, 0.0, 1.0, 242.5, 2908228.94964, 0.0
636, 1.51095, 0.0, 0.0, 0.0, 1.0, 242.08029, 2902135.65217, 0.0
637, 1.4963, 0.0, 0.0, 0.0, 1.0, 245.05185, 2896027.29927, 0.0
638, 1.49618, 0.0, 0.0, 0.0, 1.0, 245.53435, 2889725.36296, 0.0
639, 1.49618, 0.0, 0.0, 0.0, 0.0, 245.03053, 2883372.34351, 0.0
640, 1.5, 0.0, 0.0, 0.0, 1.0, 245.63281, 2877237.07634, 0.0
641, 1.47656, 0.0, 0.0, 0.0, 1.0, 245.16406, 2870803.89063, 0.0
642, 1.46457, 0.0, 0.0, 0.0, 1.0, 240.37795, 2864664.64063, 0.0
643, 1.45238, 0.0, 0.0, 0.0, 1.0, 239.19048, 2858463.25197, 0.0
644, 1.43651, 0.0, 0.0, 0.0, 1.0, 236.51587, 2852218.02381, 0.0
645, 1.43443, 0.0, 0.0, 0.0, 1.0, 234.83607, 2846104.81746, 0.0
646, 1.43443, 0.0, 0.0, 0.0, 0.0, 234.27049, 2839905.09016, 0.0
647, 1.40984, 0.0, 0.0, 0.0, 1.0, 231.5, 2833797.60656, 0.0
648, 1.4, 0.0, 0.0, 0.0, 1.0, 231.95, 2827761.08197, 0.0
649, 1.40517, 0.0, 0.0, 0.0, 1.0, 235.35345, 2821643.58333, 0.0
650, 1.39655, 0.0, 0.0, 0.0, 1.0, 234.69828, 2815185.76724, 0.0
651, 1.39474, 0.0, 0.0, 0.0, 1.0, 235.31579, 2809183.39655, 0.0
652, 1.38938, 0.0, 0.0, 0.0, 1.0, 234.19469, 2803016.35088, 0.0
653, 1.375, 0.0, 0.0, 0.0, 1.0, 233.07143, 2796950.40708, 0.0
654, 1.37273, 0.0, 0.0, 0.0, 1.0, 231.85455, 2791083.83036, 0.0
655, 1.36449, 0.0, 0.0, 0.0, 1.0, 229.95327, 2784789.18182, 0.0
656, 1.34906, 0.0, 0.0, 0.0, 1.0, 223.73585, 2778853.50467, 0.0
657, 1.33654, 0.0, 0.0, 0.0, 1.0, 225.19231, 2772987.62264, 0.0
658, 1.3301, 0.0, 0.0, 0.0, 1.0, 221.13592, 2767047.99038, 0.0
659, 1.33663, 0.0, 0.0, 0.0, 1.0, 225.10891, 2761109.26214, 0.0
660, 1.34, 0.0, 0.0, 0.0, 1.0, 226.89, 2754769.40594, 0.0
661, 1.34021, 0.0, 0.0, 0.0, 1.0, 223.01031, 2749079.05, 0.0
662, 1.31579, 0.0, 0.0, 0.0, 1.0, 216.53684, 2742922.14433, 0.0
663, 1.31522, 0.0, 0.0, 0.0, 1.0, 212.47826, 2737050.93684, 0.0
664, 1.31522, 0.0, 0.0, 0.0, 0.0, 212.01087, 2730881.32609, 0.0
665, 1.2967, 0.0, 0.0, 0.0, 1.0, 208.25275, 2725004.8587, 0.0
666, 1.28889, 0.0, 0.0, 0.0, 1.0, 207.42222, 2719051.31868, 0.0
667, 1.28409, 0.0, 0.0, 0.0, 1.0, 200.36364, 2713294.05556, 0.0
668, 1.27907, 0.0, 0.0, 0.0, 1.0, 201.39535, 2707409.69318, 0.0
669, 1.25882, 0.0, 0.0, 0.0, 1.0, 197.23529, 2700940.75581, 0.0
670, 1.26506, 0.0, 0.0, 0.0, 1.0, 197.57831, 2695342.94118, 0.0
671, 1.25301, 0.0, 0.0, 0.0, 1.0, 197.22892, 2689157.84337, 0.0
672, 1.24096, 0.0, 0.0, 0.0, 1.0, 196.75904, 2683345.49398, 0.0
673, 1.23171, 0.0, 0.0, 0.0, 1.0, 195.28049, 2677602.22892, 0.0
674, 1.24359, 0.0, 0.0, 0.0, 1.0, 195.02564, 2672175.64634, 0.0
675, 1.22368, 0.0, 0.0, 0.0, 1.0, 188.03947, 2665699.74359, 0.0
676, 1.21622, 0.0, 0.0, 0.0, 1.0, 183.05405, 2660142.34211, 0.0
677, 1.21622, 0.0, 0.0, 0.0, 0.0, 182.62162, 2654112.63514, 0.0
678, 1.21429, 0.0, 0.0, 0.0, 1.0, 185.7, 2648591.05405, 0.0
679, 1.2, 0.0, 0.0, 0.0, 1.0, 182.07143, 2642908.71429, 0.0
680, 1.18841, 0.0, 0.0, 0.0, 1.0, 176.28986, 2637242.9, 0.0
681, 1.19118, 0.0, 0.0, 0.0, 1.0, 174.35294, 2631199.17391, 0.0
682, 1.19118, 0.0, 0.0, 0.0, 0.0, 174.01471, 2625846.77941, 0.0
683, 1.19403, 0.0, 0.0, 0.0, 1.0, 176.23881, 2620213.47059, 0.0
684, 1.19403, 0.0, 0.0, 0.0, 0.0, 175.80597, 2614373.35821, 0.0
685, 1.19697, 0.0, 0.0, 0.0, 1.0, 178.18182, 2608756.86567, 0.0
686, 1.18462, 0.0, 0.0, 0.0, 1.0, 176.64615, 2603058.43939, 0.0
687, 1.1875, 0.0, 0.0, 0.0, 1.0, 178.82813, 2597144.38462, 0.0
688, 1.19048, 0.0, 0.0, 0.0, 1.0, 176.4127, 2591596.4375, 0.0
689, 1.19355, 0.0, 0.0, 0.0, 1.0, 174.87097, 2585642.50794, 0.0
690, 1.19355, 0.0, 0.0, 0.0, 0.0, 174.46774, 2580268.91935, 0.0
691, 1.19672, 0.0, 0.0, 0.0, 1.0, 173.2623, 2574718.58065, 0.0
692, 1.2, 0.0, 0.0, 0.0, 1.0, 175.7, 2569426.47541, 0.0
693, 1.2, 0.0, 0.0, 0.0, 0.0, 175.21667, 2564015.88333, 0.0
694, 1.18333, 0.0, 0.0, 0.0, 1.0, 174.76667, 2558498.5, 0.0
695, 1.18333, 0.0, 0.0, 0.0, 0.0, 174.4, 2552982.85, 0.0
696, 1.18644, 0.0, 0.0, 0.0, 1.0, 176.98305, 2547536.56667, 0.0
697, 1.19298, 0.0, 0.0, 0.0, 1.0, 182.82456, 2542545.37288, 0.0
698, 1.19643, 0.0, 0.0, 0.0, 1.0, 181.75, 2536898.61404, 0.0
699, 1.16667, 0.0, 0.0, 0.0, 1.0, 182.01852, 2532035.69643, 0.0
700, 1.15094, 0.0, 0.0, 0.0, 1.0, 175.01887, 2526405.53704, 0.0
701, 1.09434, 0.0, 0.0, 0.0, 1.0, 165.66038, 2520943.60377, 0.0
702, 1.09615, 0.0, 0.0, 0.0, 1.0, 164.76923, 2515615.03774, 0.0
703, 1.09615, 0.0, 0.0, 0.0, 0.0, 164.36538, 2510286.88462, 0.0
704, 1.09804, 0.0, 0.0, 0.0, 1.0, 162.84314, 2504952.75, 0.0
705, 1.09804, 0.0, 0.0, 0.0, 0.0, 162.39216, 2499428.76471, 0.0
706, 1.08333, 0.0, 0.0, 0.0, 1.0, 160.6875, 2494278.80392, 0.0
707, 1.08333, 0.0, 0.0, 0.0, 0.0, 160.35417, 2488214.5, 0.0
708, 1.08696, 0.0, 0.0, 0.0, 1.0, 155.80435, 2482985.75, 0.0
709, 1.08696, 0.0, 0.0, 0.0, 0.0, 155.41304, 2478170.67391, 0.0
710, 1.06522, 0.0, 0.0, 0.0, 1.0, 155.0, 2472815.95652, 0.0
711, 1.06522, 0.0, 0.0, 0.0, 0.0, 154.76087, 2467466.86957, 0.0
712, 1.02174, 0.0, 0.0, 0.0, 1.0, 144.06522, 2462147.52174, 0.0
713, 1.0, 0.0, 0.0, 0.0, 1.0, 134.86667, 2456956.34783, 0.0
714, 1.0, 0.0, 0.0, 0.0, 0.0, 134.55556, 2451711.44444, 0.0
715, 1.0, 0.0, 0.0, 0.0, 0.0, 134.26667, 2446443.62222, 0.0
716, 1.0, 0.0, 0.0, 0.0, 1.0, 129.84091, 2441295.88889, 0.0
717, 1.0, 0.0, 0.0, 0.0, 0.0, 129.56818, 2436452.34091, 0.0
718, 1.0, 0.0, 0.0, 0.0, 1.0, 132.2093, 2431288.0, 0.0
719, 1.0, 0.0, 0.0, 0.0, 1.0, 135.11905, 2425790.39535, 0.0
720, 1.0, 0.0, 0.0, 0.0, 1.0, 128.375, 2420832.59524, 0.0
721, 1.0, 0.0, 0.0, 0.0, 0.0, 128.075, 2415879.425, 0.0
722, 1.0, 0.0, 0.0, 0.0, 1.0, 131.02564, 2410744.7, 0.0
723, 1.0, 0.0, 0.0, 0.0, 1.0, 134.15789, 2405973.76923, 0.0
724, 1.0, 0.0, 0.0, 0.0, 1.0, 138.77143, 2401293.28947, 0.0
725, 1.0, 0.0, 0.0, 0.0, 0.0, 138.6, 2395444.0, 0.0
726, 1.0, 0.0, 0.0, 0.0, 1.0, 135.14706, 2390361.45714, 0.0
727, 1.0, 0.0, 0.0, 0.0, 1.0, 130.0, 2384682.14706, 0.0
728, 1.0, 0.0, 0.0, 0.0, 1.0, 127.21875, 2379843.87879, 0.0
729, 1.0, 0.0, 0.0, 0.0, 1.0, 124.03226, 2375587.09375, 0.0
730, 1.0, 0.0, 0.0, 0.0, 0.0, 123.67742, 2369466.32258, 0.0
731, 1.0, 0.0, 0.0, 0.0, 1.0, 120.13333, 2364459.93548, 0.0
732, 1.0, 0.0, 0.0, 0.0, 1.0, 123.89655, 2359647.23333, 0.0
733, 1.0, 0.0, 0.0, 0.0, 0.0, 123.51724, 2354466.03448, 0.0
734, 1.0, 0.0, 0.0, 0.0, 0.0, 123.27586, 2349380.7931, 0.0
735, 1.0, 0.0, 0.0, 0.0, 0.0, 123.0, 2344300.62069, 0.0
736, 1.0, 0.0, 0.0, 0.0, 0.0, 122.93103, 2339214.2069, 0.0
737, 1.0, 0.0, 0.0, 0.0, 0.0, 122.65517, 2334105.44828, 0.0
738, 1.0, 0.0, 0.0, 0.0, 0.0, 122.41379, 2329058.65517, 0.0
739, 1.0, 0.0, 0.0, 0.0, 1.0, 126.53571, 2324095.75862, 0.0
740, 1.0, 0.0, 0.0, 0.0, 0.0, 126.35714, 2319678.85714, 0.0
741, 1.0, 0.0, 0.0, 0.0, 1.0, 115.92308, 2314821.10714, 0.0
742, 1.0, 0.0, 0.0, 0.0, 0.0, 115.61538, 2309444.76923, 0.0
743, 1.0, 0.0, 0.0, 0.0, 1.0, 105.88, 2304570.80769, 0.0
744, 1.0, 0.0, 0.0, 0.0, 0.0, 105.64, 2300116.28, 0.0
745, 1.0, 0.0, 0.0, 0.0, 0.0, 105.28, 2295159.12, 0.0
746, 1.0, 0.0, 0.0, 0.0, 1.0, 101.95833, 2290196.32, 0.0
747, 1.0, 0.0, 0.0, 0.0, 0.0, 101.83333, 2285181.16667, 0.0
748, 1.0, 0.0, 0.0, 0.0, 1.0, 106.04348, 2280376.375, 0.0
749, 1.0, 0.0, 0.0, 0.0, 0.0, 105.95652, 2276058.13043, 0.0
750, 1.0, 0.0, 0.0, 0.0, 0.0, 105.86957, 2271143.17391, 0.0
751, 1.0, 0.0, 0.0, 0.0, 0.0, 105.56522, 2266196.08696, 0.0
752, 1.0, 0.0, 0.0, 0.0, 0.0, 105.26087, 2261285.21739, 0.0
753, 1.0, 0.0, 0.0, 0.0, 1.0, 105.47619, 2256535.30435, 0.0
754, 1.0, 0.0, 0.0, 0.0, 0.0, 105.19048, 2252433.52381, 0.0
755, 1.0, 0.0, 0.0, 0.0, 0.0, 105.0, 2247530.33333, 0.0
756, 1.0, 0.0, 0.0, 0.0, 1.0, 94.7, 2242731.14286, 0.0
757, 1.0, 0.0, 0.0, 0.0, 1.0, 99.36842, 2238582.25, 0.0
758, 1.0, 0.0, 0.0, 0.0, 1.0, 104.61111, 2233984.21053, 0.0
759, 1.0, 0.0, 0.0, 0.0, 1.0, 110.41176, 2229718.11111, 0.0
760, 1.0, 0.0, 0.0, 0.0, 0.0, 110.05882, 2224391.82353, 0.0
761, 1.0, 0.0, 0.0, 0.0, 0.0, 109.94118, 2219589.41176, 0.0
762, 1.0, 0.0, 0.0, 0.0, 0.0, 109.58824, 2214860.58824, 0.0
763, 1.0, 0.0, 0.0, 0.0, 1.0, 96.0625, 2210161.70588, 0.0
764, 1.0, 0.0, 0.0, 0.0, 0.0, 95.9375, 2204644.875, 0.0
765, 1.0, 0.0, 0.0, 0.0, 0.0, 95.6875, 2199916.1875, 0.0
766, 1.0, 0.0, 0.0, 0.0, 0.0, 95.5625, 2195171.125, 0.0
767, 1.0, 0.0, 0.0, 0.0, 0.0, 95.5, 2190421.75, 0.0
768, 1.0, 0.0, 0.0, 0.0, 0.0, 95.25, 2185678.375, 0.0
769, 1.0, 0.0, 0.0, 0.0, 0.0, 95.0, 2180997.0, 0.0
770, 1.0, 0.0, 0.0, 0.0, 1.0, 101.0, 2176613.0, 0.0
771, 1.0, 0.0, 0.0, 0.0, 0.0, 100.86667, 2171561.06667, 0.0
772, 1.0, 0.0, 0.0, 0.0, 0.0, 100.6, 2166793.86667, 0.0
773, 1.0, 0.0, 0.0, 0.0, 0.0, 100.33333, 2162119.6, 0.0
774, 1.0, 0.0, 0.0, 0.0, 0.0, 99.93333, 2157477.26667, 0.0
775, 1.0, 0.0, 0.0, 0.0, 1.0, 106.85714, 2153015.53333, 0.0
776, 1.0, 0.0, 0.0, 0.0, 1.0, 100.69231, 2149196.85714, 0.0
777, 1.0, 0.0, 0.0, 0.0, 0.0, 100.46154, 2143020.92308, 0.0
778, 1.0, 0.0, 0.0, 0.0, 0.0, 100.30769, 2138358.46154, 0.0
779, 1.0, 0.0, 0.0, 0.0, 0.0, 100.15385, 2133776.07692, 0.0
780, 1.0, 0.0, 0.0, 0.0, 0.0, 99.84615, 2129183.23077, 0.0
781, 1.0, 0.0, 0.0, 0.0, 0.0, 99.69231, 2124604.61538, 0.0
782, 1.0, 0.0, 0.0, 0.0, 0.0, 99.46154, 2119999.84615, 0.0
783, 1.0, 0.0, 0.0, 0.0, 0.0, 99.30769, 2115429.92308, 0.0
784, 1.0, 0.0, 0.0, 0.0, 0.0, 98.92308, 2110864.23077, 0.0
785, 1.0, 0.0, 0.0, 0.0, 0.0, 98.76923, 2106385.07692, 0.0
786, 1.0, 0.0, 0.0, 0.0, 0.0, 98.61538, 2101830.76923, 0.0
787, 1.0, 0.0, 0.0, 0.0, 0.0, 98.46154, 2097271.23077, 0.0
788, 1.0, 0.0, 0.0, 0.0, 0.0, 98.07692, 2092742.76923, 0.0
789, 1.0, 0.0, 0.0, 0.0, 0.0, 97.92308, 2088256.53846, 0.0
790, 1.0, 0.0, 0.0, 0.0, 1.0, 88.58333, 2083957.23077, 0.0
791, 1.0, 0.0, 0.0, 0.0, 0.0, 88.25, 2079309.33333, 0.0
792, 1.0, 0.0, 0.0, 0.0, 0.0, 88.16667, 2074809.91667, 0.0
793, 1.0, 0.0, 0.0, 0.0, 0.0, 87.83333, 2070305.41667, 0.0
794, 1.0, 0.0, 0.0, 0.0, 0.0, 87.75, 2065840.91667, 0.0
795, 1.0, 0.0, 0.0, 0.0, 0.0, 87.75, 2061385.91667, 0.0
796, 1.0, 0.0, 0.0, 0.0, 1.0, 95.18182, 2057056.33333, 0.0
797, 1.0, 0.0, 0.0, 0.0, 0.0, 95.0, 2053952.45455, 0.0
798, 1.0, 0.0, 0.0, 0.0, 0.0, 94.81818, 2049486.45455, 0.0
799, 1.0, 0.0, 0.0, 0.0, 0.0, 94.54545, 2045098.45455, 0.0
800, 1.0, 0.0, 0.0, 0.0, 0.0, 94.27273, 2040734.18182, 0.0
801, 1.0, 0.0, 0.0, 0.0, 0.0, 94.0, 2036340.90909, 0.0
802, 1.0, 0.0, 0.0, 0.0, 0.0, 93.63636, 2031956.90909, 0.0
803, 1.0, 0.0, 0.0, 0.0, 0.0, 93.45455, 2027595.54545, 0.0
804, 1.0, 0.0, 0.0, 0.0, 1.0, 80.4, 2023425.0, 0.0
805, 1.0, 0.0, 0.0, 0.0, 0.0, 80.2, 2019832.8, 0.0
806, 1.0, 0.0, 0.0, 0.0, 1.0, 88.66667, 2015540.4, 0.0
807, 1.0, 0.0, 0.0, 0.0, 0.0, 88.55556, 2011627.22222, 0.0
808, 1.0, 0.0, 0.0, 0.0, 0.0, 88.22222, 2007264.33333, 0.0
809, 1.0, 0.0, 0.0, 0.0, 0.0, 88.11111, 2002911.11111, 0.0
810, 1.0, 0.0, 0.0, 0.0, 0.0, 88.0, 1998569.66667, 0.0
811, 1.0, 0.0, 0.0, 0.0, 0.0, 88.0, 1994236.44444, 0.0
812, 1.0, 0.0, 0.0, 0.0, 0.0, 87.88889, 1989960.55556, 0.0
813, 1.0, 0.0, 0.0, 0.0, 0.0, 87.88889, 1985669.33333, 0.0
814, 1.0, 0.0, 0.0, 0.0, 0.0, 87.55556, 1981451.44444, 0.0
815, 1.0, 0.0, 0.0, 0.0, 0.0, 87.22222, 1977186.88889, 0.0
816, 1.0, 0.0, 0.0, 0.0, 1.0, 49.625, 1973041.0, 0.0
817, 1.0, 0.0, 0.0, 0.0, 0.0, 49.5, 1969798.875, 0.0
818, 1.0, 0.0, 0.0, 0.0, 0.0, 49.5, 1965512.75, 0.0
819, 1.0, 0.0, 0.0, 0.0, 0.0, 49.375, 1961263.5, 0.0
820, 1.0, 0.0, 0.0, 0.0, 0.0, 49.375, 1957045.875, 0.0
821, 1.0, 0.0, 0.0, 0.0, 1.0, 31.57143, 1953376.375, 0.0
822, 1.0, 0.0, 0.0, 0.0, 0.0, 31.57143, 1949350.28571, 0.0
823, 1.0, 0.0, 0.0, 0.0, 0.0, 31.42857, 1945195.57143, 0.0
824, 1.0, 0.0, 0.0, 0.0, 0.0, 31.28571, 1940996.14286, 0.0
825, 1.0, 0.0, 0.0, 0.0, 0.0, 31.28571, 1936867.14286, 0.0
826, 1.0, 0.0, 0.0, 0.0, 0.0, 31.28571, 1932723.57143, 0.0
827, 1.0, 0.0, 0.0, 0.0, 1.0, 36.33333, 1929128.0, 0.0
828, 1.0, 0.0, 0.0, 0.0, 0.0, 36.16667, 1924977.33333, 0.0
829, 1.0, 0.0, 0.0, 0.0, 0.0, 36.16667, 1920841.16667, 0.0
830, 1.0, 0.0, 0.0, 0.0, 0.0, 35.83333, 1916728.0, 0.0
831, 1.0, 0.0, 0.0, 0.0, 0.0, 35.83333, 1912559.5, 0.0
832, 1.0, 0.0, 0.0, 0.0, 0.0, 35.66667, 1908468.83333, 0.0
833, 1.0, 0.0, 0.0, 0.0, 0.0, 35.66667, 1904304.66667, 0.0
834, 1.0, 0.0, 0.0, 0.0, 0.0, 35.5, 1900237.5, 0.0
835, 1.0, 0.0, 0.0, 0.0, 0.0, 35.5, 1896055.0, 0.0
836, 1.0, 0.0, 0.0, 0.0, 0.0, 35.16667, 1891939.33333, 0.0
837, 1.0, 0.0, 0.0, 0.0, 0.0, 35.16667, 1887884.16667, 0.0
838, 1.0, 0.0, 0.0, 0.0, 0.0, 35.0, 1883853.33333, 0.0
839, 1.0, 0.0, 0.0, 0.0, 0.0, 35.0, 1879784.66667, 0.0
840, 1.0, 0.0, 0.0, 0.0, 0.0, 35.0, 1875731.83333, 0.0
841, 1.0, 0.0, 0.0, 0.0, 0.0, 35.0, 1871678.0, 0.0
842, 1.0, 0.0, 0.0, 0.0, 0.0, 34.83333, 1867651.16667, 0.0
843, 1.0, 0.0, 0.0, 0.0, 0.0, 34.66667, 1863572.16667, 0.0
844, 1.0, 0.0, 0.0, 0.0, 0.0, 34.5, 1859535.33333, 0.0
845, 1.0, 0.0, 0.0, 0.0, 0.0, 34.5, 1855543.5, 0.0
846, 1.0, 0.0, 0.0, 0.0, 0.0, 34.5, 1851556.5, 0.0
847, 1.0, 0.0, 0.0, 0.0, 1.0, 41.2, 1848032.83333, 0.0
848, 1.0, 0.0, 0.0, 0.0, 0.0, 41.2, 1842478.2, 0.0
849, 1.0, 0.0, 0.0, 0.0, 0.0, 41.2, 1838525.6, 0.0
850, 1.0, 0.0, 0.0, 0.0, 0.0, 41.2, 1834549.0, 0.0
851, 1.0, 0.0, 0.0, 0.0, 0.0, 40.8, 1830638.8, 0.0
852, 1.0, 0.0, 0.0, 0.0, 0.0, 40.8, 1826650.8, 0.0
853, 1.0, 0.0, 0.0, 0.0, 0.0, 40.8, 1822647.6, 0.0
854, 1.0, 0.0, 0.0, 0.0, 1.0, 50.75, 1818866.8, 0.0
855, 1.0, 0.0, 0.0, 0.0, 0.0, 50.75, 1816927.25, 0.0
856, 1.0, 0.0, 0.0, 0.0, 1.0, 67.33333, 1813440.5, 0.0
857, 1.0, 0.0, 0.0, 0.0, 0.0, 67.0, 1814198.66667, 0.0
858, 1.0, 0.0, 0.0, 0.0, 0.0, 67.0, 1810213.0, 0.0
859, 1.0, 0.0, 0.0, 0.0, 0.0, 67.0, 1806324.33333, 0.0
860, 1.0, 0.0, 0.0, 0.0, 0.0, 67.0, 1802438.0, 0.0
861, 1.0, 0.0, 0.0, 0.0, 0.0, 66.66667, 1798608.0, 0.0
862, 1.0, 0.0, 0.0, 0.0, 0.0, 66.66667, 1794717.66667, 0.0
863, 1.0, 0.0, 0.0, 0.0, 0.0, 66.33333, 1790882.0, 0.0
864, 1.0, 0.0, 0.0, 0.0, 0.0, 66.0, 1787075.33333, 0.0
865, 1.0, 0.0, 0.0, 0.0, 0.0, 66.0, 1783153.33333, 0.0
866, 1.0, 0.0, 0.0, 0.0, 0.0, 66.0, 1779238.66667, 0.0
867, 1.0, 0.0, 0.0, 0.0, 0.0, 66.0, 1775336.0, 0.0
868, 1.0, 0.0, 0.0, 0.0, 0.0, 66.0, 1771500.0, 0.0
869, 1.0, 0.0, 0.0, 0.0, 1.0, 1.0, 1768499.33333, 0.0
870, 1.0, 0.0, 0.0, 0.0, 0.0, 1.0, 1763835.0, 0.0
871, 1.0, 0.0, 0.0, 0.0, 0.0, 1.0, 1760143.0, 0.0
872, 1.0, 0.0, 0.0, 0.0, 0.0, 1.0, 1756351.5, 0.0
873, 1.0, 0.0, 0.0, 0.0, 0.0, 1.0, 1752564.0, 0.0
874, 1.0, 0.0, 0.0, 0.0, 0.0, 1.0, 1748800.5, 0.0
875, 1.0, 0.0, 0.0, 0.0, 0.0, 1.0, 1745081.5, 0.0
876, 1.0, 0.0, 0.0, 0.0, 0.0, 1.0, 1741474.0, 0.0
877, 1.0, 0.0, 0.0, 0.0, 0.0, 1.0, 1737712.5, 0.0
878, 1.0, 0.0, 0.0, 0.0, 0.0, 1.0, 1734031.5, 0.0
879, 1.0, 0.0, 0.0, 0.0, 0.0, 1.0, 1730332.5, 0.0
880, 1.0, 0.0, 0.0, 0.0, 0.0, 1.0, 1726420.5, 0.0
881, 1.0, 0.0, 0.0, 0.0, 0.0, 1.0, 1722727.0, 0.0
882, 1.0, 0.0, 0.0, 0.0, 0.0, 1.0, 1718943.5, 0.0
883, 1.0, 0.0, 0.0, 0.0, 0.0, 1.0, 1715178.5, 0.0
884, 1.0, 0.0, 0.0, 0.0, 0.0, 1.0, 1711496.0, 0.0
885, 1.0, 0.0, 0.0, 0.0, 0.0, 1.0, 1707738.0, 0.0
886, 1.0, 0.0, 0.0, 0.0, 0.0, 1.0, 1703943.5, 0.0
887, 1.0, 0.0, 0.0, 0.0, 0.0, 1.0, 1700315.5, 0.0
888, 1.0, 0.0, 0.0, 0.0, 0.0, 1.0, 1696542.0, 0.0
889, 1.0, 0.0, 0.0, 0.0, 0.0, 1.0, 1692938.5, 0.0
890, 1.0, 0.0, 0.0, 0.0, 0.0, 1.0, 1689314.0, 0.0
891, 1.0, 0.0, 0.0, 0.0, 0.0, 1.0, 1685626.5, 0.0
892, 1.0, 0.0, 0.0, 0.0, 0.0, 1.0, 1681945.0, 0.0
893, 1.0, 0.0, 0.0, 0.0, 0.0, 1.0, 1678414.5, 0.0
894, 1.0, 0.0, 0.0, 0.0, 0.0, 1.0, 1674773.0, 0.0
895, 1.0, 0.0, 0.0, 0.0, 1.0, 1.0, 1672424.0, 0.0
896, 1.0, 0.0, 0.0, 0.0, 0.0, 1.0, 1662257.0, 0.0
897, 1.0, 0.0, 0.0, 0.0, 0.0, 1.0, 1658726.0, 0.0
898, 1.0, 0.0, 0.0, 0.0, 0.0, 1.0, 1655197.0, 0.0
899, 1.0, 0.0, 0.0, 0.0, 0.0, 1.0, 1651620.0, 0.0
900, 1.0, 0.0, 0.0, 0.0, 0.0, 1.0, 1648153.0, 0.0
901, 1.0, 0.0, 0.0, 0.0, 0.0, 1.0, 1644708.0, 0.0
902, 1.0, 0.0, 0.0, 0.0, 0.0, 1.0, 1641005.0, 0.0
903, 1.0, 0.0, 0.0, 0.0, 0.0, 1.0, 1637436.0, 0.0
904, 1.0, 0.0, 0.0, 0.0, 0.0, 1.0, 1633832.0, 0.0
905, 1.0, 0.0, 0.0, 0.0, 0.0, 1.0, 1630257.0, 0.0
906, 1.0, 0.0, 0.0, 0.0, 0.0, 1.0, 1626748.0, 0.0
907, 1.0, 0.0, 0.0, 0.0, 0.0, 1.0, 1623118.0, 0.0
908, 1.0, 0.0, 0.0, 0.0, 0.0, 1.0, 1619638.0, 0.0
909, 1.0, 0.0, 0.0, 0.0, 0.0, 1.0, 1616092.0, 0.0
910, 1.0, 0.0, 0.0, 0.0, 0.0, 1.0, 1612660.0, 0.0
911, 1.0, 0.0, 0.0, 0.0, 0.0, 1.0, 1609254.0, 0.0
912, 1.0, 0.0, 0.0, 0.0, 0.0, 1.0, 1605884.0, 0.0
913, 1.0, 0.0, 0.0, 0.0, 0.0, 1.0, 1602481.0, 0.0
914, 1.0, 0.0, 0.0, 0.0, 0.0, 1.0, 1599153.0, 0.0
915, 1.0, 0.0, 0.0, 0.0, 0.0, 1.0, 1595749.0, 0.0
916, 1.0, 0.0, 0.0, 0.0, 0.0, 1.0, 1592563.0, 0.0
917, 1.0, 0.0, 0.0, 0.0, 0.0, 1.0, 1589135.0, 0.0
918, 1.0, 0.0, 0.0, 0.0, 0.0, 1.0, 1585906.0, 0.0
919, 1.0, 0.0, 0.0, 0.0, 0.0, 1.0, 1582630.0, 0.0
920, 1.0, 0.0, 0.0, 0.0, 0.0, 1.0, 1579233.0, 0.0
921, 1.0, 0.0, 0.0, 0.0, 0.0, 1.0, 1575939.0, 0.0
922, 1.0, 0.0, 0.0, 0.0, 0.0, 1.0, 1572620.0, 0.0
923, 1.0, 0.0, 0.0, 0.0, 0.0, 1.0, 1569268.0, 0.0
924, 1.0, 0.0, 0.0, 0.0, 0.0, 1.0, 1566145.0, 0.0
925, 1.0, 0.0, 0.0, 0.0, 0.0, 1.0, 1562633.0, 0.0
926, 1.0, 0.0, 0.0, 0.0, 0.0, 1.0, 1559197.0, 0.0
927, 1.0, 0.0, 0.0, 0.0, 0.0, 1.0, 1555889.0, 0.0
928, 1.0, 0.0, 0.0, 0.0, 0.0, 1.0, 1552719.0, 0.0
929, 1.0, 0.0, 0.0, 0.0, 0.0, 1.0, 1549350.0, 0.0
930, 1.0, 0.0, 0.0, 0.0, 0.0, 1.0, 1546075.0, 0.0
931, 1.0, 0.0, 0.0, 0.0, 0.0, 1.0, 1542927.0, 0.0
932, 1.0, 0.0, 0.0, 0.0, 0.0, 1.0, 1539696.0, 0.0
933, 1.0, 0.0, 0.0, 0.0, 0.0, 1.0, 1536452.0, 0.0
934, 1.0, 0.0, 0.0, 0.0, 0.0, 1.0, 1533109.0, 0.0
935, 1.0, 0.0, 0.0, 0.0, 0.0, 1.0, 1529597.0, 0.0
936, 1.0, 0.0, 0.0, 0.0, 0.0, 1.0, 1526343.0, 0.0
937, 1.0, 0.0, 0.0, 0.0, 0.0, 1.0, 1523017.0, 0.0
938, 1.0, 0.0, 0.0, 0.0, 0.0, 1.0, 1519634.0, 0.0
939, 1.0, 0.0, 0.0, 0.0, 0.0, 1.0, 1516231.0, 0.0
940, 1.0, 0.0, 0.0, 0.0, 0.0, 1.0, 1513053.0, 0.0
941, 1.0, 0.0, 0.0, 0.0, 0.0, 1.0, 1509786.0, 0.0
942, 1.0, 0.0, 0.0, 0.0, 0.0, 1.0, 1506612.0, 0.0
943, 1.0, 0.0, 0.0, 0.0, 0.0, 1.0, 1503421.0, 0.0
944, 1.0, 0.0, 0.0, 0.0, 0.0, 1.0, 1500156.0, 0.0
945, 1.0, 0.0, 0.0, 0.0, 0.0, 1.0, 1496766.0, 0.0
946, 1.0, 0.0, 0.0, 0.0, 0.0, 1.0, 1493562.0, 0.0
947, 1.0, 0.0, 0.0, 0.0, 0.0, 1.0, 1490311.0, 0.0
948, 1.0, 0.0, 0.0, 0.0, 0.0, 1.0, 1486835.0, 0.0
949, 1.0, 0.0, 0.0, 0.0, 0.0, 1.0, 1483705.0, 0.0
950, 1.0, 0.0, 0.0, 0.0, 0.0, 1.0, 1480566.0, 0.0
951, 1.0, 0.0, 0.0, 0.0, 0.0, 1.0, 1477323.0, 0.0
952, 1.0, 0.0, 0.0, 0.0, 0.0, 1.0, 1474086.0, 0.0
953, 1.0, 0.0, 0.0, 0.0, 0.0, 1.0, 1470960.0, 0.0
954, 1.0, 0.0, 0.0, 0.0, 0.0, 1.0, 1467579.0, 0.0
955, 1.0, 0.0, 0.0, 0.0, 0.0, 1.0, 1464424.0, 0.0
956, 0.0, 0.0, 0.0, 0.0, 1.0, 0.0, 1463770.0, 0.0
