time, seeders, joined, request_count, response_size, left, awareness, bad_data, leechers
0, 0.0, 0.0, 0.0, 0.0, 0.0, 1001.0, 0.0, 0.0
1, 0.0, 12.738, 1207.17538, 0.5624, 0.0, 14755.868, 0.0, 12.738
2, 0.0, 5.90161, 660.25859, 1.4017, 1.634, 16986.44, 1492.682, 17.982
3, 0.0, 6.106, 608.58172, 1.76103, 1.32743, 20159.332, 2014.624, 23.488
4, 0.0, 5.68737, 576.63848, 2.10052, 1.36496, 22741.868, 2691.914, 28.416
5, 0.0, 5.67871, 551.44979, 2.45912, 1.625, 25196.836, 3340.952, 33.162
6, 0.0, 5.55711, 536.42265, 2.77109, 1.52866, 27452.61, 4043.084, 37.748
7, 0.0, 5.34608, 532.17915, 3.00283, 1.68035, 29486.426, 4817.808, 41.916
8, 0.0, 5.03427, 522.02643, 3.25547, 1.77035, 31249.432, 5640.496, 45.692
9, 0.0, 4.69758, 523.17597, 3.4598, 1.76648, 32810.764, 6493.628, 49.066
10, 0.0, 4.80933, 519.82286, 3.74118, 1.86188, 34328.736, 7413.78, 52.46
11, 9.6748, 4.53347, 514.09396, 3.95083, 1.62462, 35937.296, 8003.204, 46.328
12, 14.134, 4.54016, 513.48961, 4.19767, 1.90838, 37218.918, 8932.784, 44.778
13, 18.512, 4.23482, 507.17017, 4.42271, 1.78133, 38435.438, 9720.946, 43.248
14, 22.522, 4.23829, 504.80538, 4.59162, 1.80964, 39588.088, 10550.866, 41.974
15, 26.59, 3.96559, 505.10465, 4.74634, 1.96286, 40591.162, 11404.084, 40.344
16, 30.358, 3.92057, 501.03896, 5.01814, 1.98728, 41555.434, 12244.332, 38.864
17, 33.88, 3.77154, 504.2508, 5.15753, 1.98191, 42505.424, 13065.212, 37.572
18, 37.13, 3.60996, 501.14943, 5.47305, 1.93532, 43212.162, 13973.0, 36.246
19, 40.164, 3.61224, 500.84746, 5.37281, 1.85567, 44051.936, 14775.046, 35.312
20, 43.128, 3.63291, 501.74216, 5.68924, 1.91971, 44797.142, 15624.48, 34.214
21, 45.878, 3.45588, 499.69605, 5.7427, 1.89421, 45519.726, 16408.774, 33.25
22, 48.634, 3.29645, 500.63331, 5.91208, 1.97475, 46087.002, 17282.854, 32.088
23, 50.91, 3.11065, 500.0, 6.18188, 2.09859, 46507.93, 18209.84, 31.004
24, 53.176, 3.13866, 503.34672, 6.23338, 2.04369, 46987.858, 19089.496, 30.042
25, 55.322, 2.91543, 500.36258, 6.29203, 2.0, 47363.272, 19946.882, 29.054
26, 57.464, 2.98475, 499.27007, 6.43933, 2.0567, 47689.096, 20839.46, 28.056
27, 59.366, 2.8319, 500.0, 6.6309, 2.05502, 47978.938, 21710.95, 27.064
28, 61.094, 2.69584, 500.40584, 6.72019, 2.05366, 48208.168, 22560.748, 26.116
29, 62.78, 2.82789, 500.0, 6.73883, 2.01168, 48448.214, 23462.042, 25.304
30, 64.352, 2.69631, 502.01126, 6.90705, 2.23284, 48581.94, 24418.206, 24.396
31, 65.778, 2.57616, 499.57155, 7.03688, 2.05529, 48732.544, 25272.872, 23.594
32, 67.154, 2.51678, 500.44444, 7.04796, 2.07294, 48779.212, 26189.938, 22.706
33, 68.366, 2.41364, 501.88324, 7.28236, 2.06905, 48867.142, 27004.27, 22.0
34, 69.52, 2.49774, 501.3587, 7.16441, 2.07748, 48986.804, 27824.652, 21.338
35, 70.548, 2.28636, 496.52087, 7.32132, 2.08313, 48963.722, 28680.628, 20.618
36, 71.486, 2.29837, 497.9716, 7.45112, 2.04535, 48951.14, 29506.352, 19.938
37, 72.284, 2.2023, 497.91232, 7.64885, 2.08168, 48908.172, 30332.74, 19.374
38, 72.976, 2.23457, 498.89503, 7.61462, 2.03186, 48796.544, 31175.62, 18.834
39, 73.686, 2.13876, 498.88143, 7.64126, 2.07895, 48651.33, 32040.866, 18.174
40, 74.38, 2.08393, 497.12313, 7.82523, 2.0725, 48556.522, 32824.62, 17.56
41, 74.942, 2.11823, 498.83721, 7.98019, 2.07371, 48369.094, 33694.216, 17.03
42, 75.452, 1.94161, 496.86717, 8.00378, 2.0665, 48185.936, 34493.54, 16.438
43, 75.906, 1.97297, 498.75467, 7.89263, 2.01711, 48025.698, 35276.714, 15.94
44, 76.364, 1.89974, 504.73613, 7.92359, 2.03178, 47797.324, 36071.226, 15.298
45, 76.578, 1.97581, 498.63946, 8.2101, 2.10396, 47502.266, 36920.712, 14.854
46, 76.894, 1.88131, 501.34228, 7.96519, 2.00246, 47279.496, 37709.416, 14.402
47, 77.028, 1.78385, 502.18978, 8.24273, 2.07538, 47019.432, 38474.542, 13.986
48, 77.16, 1.90137, 500.72046, 8.15108, 2.08312, 46768.066, 39237.472, 13.588
49, 77.27, 1.80109, 503.02572, 8.20602, 2.12183, 46415.46, 40071.822, 13.128
50, 77.278, 1.72189, 499.14089, 8.27883, 2.1206, 46033.966, 40848.852, 12.596
51, 77.332, 1.70149, 502.63158, 8.21291, 1.93862, 45702.524, 41567.596, 12.166
52, 77.26, 1.73021, 501.69492, 8.37162, 2.00998, 45373.886, 42301.078, 11.806
53, 77.216, 1.62462, 498.10606, 8.46768, 1.95567, 45009.52, 43002.558, 11.318
54, 77.022, 1.59259, 501.78891, 8.26916, 2.02828, 44685.446, 43699.648, 11.052
55, 77.018, 1.64198, 497.18045, 8.46881, 1.88083, 44360.136, 44364.576, 10.668
56, 76.816, 1.59451, 500.0, 8.51625, 2.00754, 43987.572, 45070.582, 10.318
57, 76.636, 1.54403, 503.05499, 8.49595, 1.93199, 43630.308, 45731.41, 9.946
58, 76.44, 1.58361, 507.24638, 8.46327, 1.9126, 43289.746, 46370.296, 9.62
59, 76.198, 1.5068, 501.12867, 8.64865, 1.94195, 42892.112, 47020.79, 9.276
60, 75.708, 1.46831, 503.59712, 8.52381, 1.97349, 42410.048, 47731.584, 8.962
61, 75.35, 1.45675, 498.81235, 8.58095, 1.85347, 42015.516, 48353.286, 8.72
62, 75.036, 1.43289, 504.68384, 8.68213, 1.85678, 41597.34, 49010.776, 8.436
63, 74.576, 1.37943, 506.42674, 8.70812, 1.90933, 41190.952, 49617.84, 8.2
64, 74.254, 1.5348, 503.57995, 8.79858, 1.89067, 40820.808, 50216.108, 7.942
65, 73.796, 1.37647, 501.4245, 8.79545, 1.88579, 40365.522, 50829.306, 7.616
66, 73.314, 1.40157, 508.42697, 8.84254, 1.8641, 39938.328, 51423.396, 7.356
67, 72.828, 1.3374, 503.03951, 8.93353, 1.84169, 39492.392, 52004.522, 7.13253
68, 72.43, 1.37455, 497.3545, 9.00532, 1.88736, 39098.034, 52578.388, 6.884
69, 71.822, 1.34746, 506.28931, 9.01553, 1.90551, 38611.64, 53191.178, 6.676
70, 71.186, 1.32922, 510.83591, 8.65758, 1.87728, 38134.932, 53801.65, 6.52
71, 70.576, 1.27434, 505.20833, 8.54983, 1.82005, 37633.414, 54398.744, 6.29
72, 70.13, 1.26809, 510.06711, 8.67763, 1.79832, 37206.358, 54933.912, 6.048
73, 69.504, 1.32735, 505.06757, 8.99666, 1.82429, 36749.146, 55493.43, 5.854
74, 69.024, 1.265, 517.78656, 8.9771, 1.71925, 36312.206, 55996.082, 5.554
75, 68.334, 1.26316, 517.04545, 8.64103, 1.76471, 35849.93, 56534.218, 5.40281
76, 67.696, 1.2549, 509.76563, 8.85057, 1.81117, 35356.652, 57090.558, 5.18
77, 67.1, 1.295, 507.72201, 8.6654, 1.69399, 34894.68, 57617.852, 5.08451
78, 66.55, 1.20765, 527.14932, 9.09871, 1.72652, 34458.938, 58088.142, 4.84444
79, 65.914, 1.22599, 518.43318, 8.69333, 1.71901, 34024.238, 58550.228, 4.67409
80, 65.302, 1.27374, 510.96491, 9.25322, 1.72626, 33598.394, 59010.818, 4.50405
81, 64.69, 1.26344, 521.2766, 8.54286, 1.71386, 33226.74, 59429.69, 4.42308
82, 64.062, 1.30539, 520.6422, 9.04846, 1.69832, 32786.484, 59898.678, 4.31288
83, 63.472, 1.24277, 516.27907, 8.8964, 1.67529, 32380.564, 60328.594, 4.13821
84, 62.756, 1.21818, 529.85075, 8.88263, 1.72174, 31977.768, 60745.558, 4.05061
85, 62.162, 1.22148, 516.48352, 8.41489, 1.65443, 31575.494, 61137.866, 3.94908
86, 61.522, 1.19412, 517.24138, 8.67143, 1.71471, 31172.64, 61554.028, 3.85132
87, 60.92, 1.18125, 510.58201, 8.89637, 1.59226, 30769.38, 61951.788, 3.73684
88, 60.308, 1.1677, 523.93617, 9.09137, 1.69108, 30398.358, 62321.542, 3.66194
89, 59.668, 1.13793, 512.12121, 9.0, 1.58084, 30012.394, 62678.882, 3.61145
90, 58.99, 1.15436, 520.34884, 8.35754, 1.64583, 29605.508, 63066.226, 3.52556
91, 58.354, 1.20423, 514.61988, 8.85227, 1.6369, 29209.638, 63438.342, 3.41478
92, 57.656, 1.13699, 524.09639, 9.00575, 1.62899, 28770.384, 63852.914, 3.33884
93, 57.076, 1.17073, 510.41667, 9.27891, 1.53963, 28388.062, 64184.39, 3.19215
94, 56.412, 1.15748, 530.61224, 9.03205, 1.55488, 27997.94, 64532.152, 3.11523
95, 55.682, 1.18519, 546.875, 9.24286, 1.65116, 27544.616, 64927.854, 3.02311
96, 55.084, 1.0708, 533.05785, 8.7907, 1.53871, 27178.742, 65223.406, 2.92178
97, 54.548, 1.14035, 526.92308, 8.84672, 1.58657, 26849.928, 65490.038, 2.83795
98, 53.898, 1.11111, 533.33333, 8.66406, 1.6463, 26455.41, 65815.83, 2.72414
99, 53.296, 1.18803, 543.16547, 8.6755, 1.51163, 26127.14, 66097.822, 2.70933
100, 52.694, 1.11818, 536.58537, 8.66667, 1.5661, 25779.528, 66379.848, 2.6792
101, 52.144, 1.15464, 553.57143, 8.79032, 1.51712, 25442.642, 66642.104, 2.61312
102, 51.554, 1.08411, 560.34483, 8.79231, 1.46254, 25105.582, 66911.936, 2.50448
103, 51.002, 1.07609, 570.70707, 8.28319, 1.44876, 24778.772, 67155.11, 2.42058
104, 50.356, 1.08911, 550.0, 9.12397, 1.50814, 24435.398, 67423.29, 2.39091
105, 49.722, 1.09195, 557.89474, 8.62264, 1.51195, 24063.746, 67703.856, 2.33105
106, 49.054, 1.10345, 536.45833, 9.04854, 1.49836, 23700.83, 67972.126, 2.29032
107, 48.422, 1.11392, 573.86364, 8.73267, 1.50685, 23347.39, 68230.156, 2.27014
108, 47.822, 1.1236, 545.0, 8.40367, 1.44056, 23007.04, 68481.75, 2.24703
109, 47.218, 1.1039, 523.52941, 8.96629, 1.54386, 22643.026, 68738.824, 2.157
110, 46.672, 1.18182, 570.51282, 8.96629, 1.46992, 22305.5, 68969.33, 2.08557
111, 46.054, 1.07447, 564.35644, 8.74561, 1.40273, 22002.12, 69190.404, 2.06295
112, 45.47, 1.10588, 569.14894, 8.42056, 1.41034, 21688.182, 69415.92, 2.01214
113, 44.846, 1.08824, 560.81081, 8.89157, 1.37801, 21359.048, 69633.952, 1.96145
114, 44.278, 1.12, 541.66667, 8.24176, 1.47037, 21045.046, 69843.456, 1.94789
115, 43.734, 1.01493, 580.88235, 8.77215, 1.42308, 20748.55, 70024.432, 1.90657
116, 43.144, 1.07042, 611.84211, 8.54839, 1.50973, 20442.342, 70227.0, 1.84962
117, 42.588, 1.05556, 587.7193, 8.77612, 1.3633, 20137.486, 70403.922, 1.83679
118, 42.042, 1.07463, 534.72222, 8.77922, 1.38433, 19836.798, 70586.336, 1.81649
119, 41.46, 1.08824, 601.35135, 9.03371, 1.42529, 19548.268, 70770.812, 1.83198
120, 40.884, 1.13333, 639.70588, 9.3908, 1.4918, 19272.542, 70939.108, 1.84022
121, 40.4, 1.03226, 562.5, 8.70833, 1.35341, 18967.886, 71122.48, 1.80966
122, 39.974, 1.09804, 535.71429, 8.61667, 1.28692, 18710.76, 71246.806, 1.73199
123, 39.378, 1.08333, 569.23077, 8.27027, 1.40927, 18402.548, 71435.79, 1.71633
124, 38.874, 1.04167, 620.0, 8.43548, 1.3875, 18131.486, 71576.348, 1.63218
125, 38.318, 1.03846, 648.14815, 8.68571, 1.43882, 17857.458, 71728.172, 1.6393
126, 37.786, 1.09615, 552.63158, 9.06349, 1.40161, 17564.29, 71891.644, 1.61515
127, 37.232, 1.05405, 641.02564, 8.74, 1.32, 17271.438, 72041.832, 1.6118
128, 36.668, 1.07895, 597.56098, 8.87755, 1.4449, 16954.702, 72215.046, 1.57419
129, 36.124, 1.05128, 646.34146, 8.49057, 1.40816, 16675.556, 72354.218, 1.57785
130, 35.642, 1.02326, 659.09091, 8.72414, 1.37557, 16426.168, 72471.0, 1.52265
131, 35.154, 1.0, 606.06061, 8.85, 1.31624, 16146.686, 72599.41, 1.48718
132, 34.674, 1.0303, 617.64706, 9.28571, 1.3018, 15890.23, 72707.572, 1.46442
133, 34.22, 1.02564, 612.5, 7.81633, 1.30876, 15660.654, 72796.196, 1.41667
134, 33.728, 1.03704, 696.42857, 8.69231, 1.24255, 15392.326, 72912.462, 1.424
135, 33.218, 1.0, 666.66667, 8.8125, 1.36, 15128.404, 73034.78, 1.40329
136, 32.752, 1.03846, 611.11111, 9.0, 1.31193, 14884.4, 73122.208, 1.36364
137, 32.276, 1.1, 606.06061, 8.35, 1.26147, 14650.414, 73207.516, 1.37004
138, 31.812, 1.0, 555.55556, 8.06667, 1.24424, 14418.842, 73279.444, 1.35135
139, 31.334, 1.06452, 651.51515, 8.65116, 1.32057, 14168.154, 73384.258, 1.34545
140, 30.916, 1.09091, 645.83333, 8.90323, 1.25253, 13953.008, 73442.584, 1.30093
141, 30.474, 1.02778, 662.16216, 8.79592, 1.26368, 13756.99, 73498.952, 1.30137
142, 30.026, 1.0, 600.0, 8.43333, 1.22596, 13533.866, 73564.16, 1.30986
143, 29.568, 1.0, 862.06897, 8.08, 1.2783, 13306.946, 73653.616, 1.26667
144, 29.098, 1.0, 763.15789, 8.41379, 1.28019, 13072.618, 73730.654, 1.26238
145, 28.69, 1.0, 767.85714, 8.74419, 1.18408, 12887.894, 73771.538, 1.23267
146, 28.266, 1.0, 714.28571, 8.55, 1.21026, 12656.578, 73855.296, 1.22816
147, 27.848, 1.0, 631.57895, 8.625, 1.22449, 12441.428, 73908.012, 1.24227
148, 27.422, 1.04, 711.53846, 8.10811, 1.26042, 12236.778, 73963.856, 1.27957
149, 27.052, 1.03571, 741.37931, 7.86047, 1.25556, 12040.014, 74017.346, 1.25556
150, 26.664, 1.0, 704.54545, 8.35484, 1.18817, 11853.262, 74050.208, 1.22099
151, 26.288, 1.05882, 611.11111, 8.63636, 1.20765, 11647.818, 74092.188, 1.19075
152, 25.89, 1.0, 710.52632, 7.88889, 1.17112, 11463.194, 74119.308, 1.17816
153, 25.51, 1.09091, 687.5, 8.51515, 1.22414, 11295.128, 74135.186, 1.21893
154, 25.07, 1.04762, 727.27273, 8.09375, 1.28497, 11087.77, 74189.234, 1.20482
155, 24.724, 1.08333, 769.23077, 7.35, 1.20122, 10916.092, 74197.248, 1.1962
156, 24.338, 1.0, 666.66667, 8.45, 1.21469, 10721.96, 74227.604, 1.19737
157, 23.978, 1.04167, 920.0, 8.21739, 1.21341, 10573.092, 74238.888, 1.2129
158, 23.652, 1.0, 882.35294, 8.43333, 1.20126, 10412.14, 74245.618, 1.18
159, 23.34, 1.0, 833.33333, 8.7, 1.17949, 10245.026, 74260.114, 1.1844
160, 22.99, 1.0, 718.75, 8.21739, 1.2375, 10075.084, 74271.452, 1.22137
161, 22.678, 1.0, 833.33333, 8.04, 1.20979, 9936.442, 74252.564, 1.19697
162, 22.268, 1.0, 807.69231, 8.19048, 1.15816, 9731.374, 74297.302, 1.15504
163, 21.874, 1.14286, 687.5, 7.36364, 1.23596, 9534.956, 74323.6, 1.15517
164, 21.528, 1.0, 1500.0, 7.18182, 1.23226, 9386.998, 74323.706, 1.15455
165, 21.19, 1.07692, 1035.71429, 8.24138, 1.23288, 9242.124, 74317.738, 1.13043
166, 20.842, 1.0, 888.88889, 7.46875, 1.18182, 9105.31, 74306.066, 1.11111
167, 20.506, 1.0, 772.72727, 8.47059, 1.1677, 8947.394, 74300.19, 1.10084
168, 20.218, 1.0, 821.42857, 8.21739, 1.15603, 8811.506, 74280.408, 1.08621
169, 19.928, 1.0, 818.18182, 7.33333, 1.17123, 8658.94, 74270.978, 1.06731
170, 19.62, 1.0, 1454.54545, 8.5, 1.15068, 8526.244, 74257.164, 1.04854
171, 19.34, 1.0, 615.38462, 8.6875, 1.17829, 8387.898, 74233.252, 1.05825
172, 19.03, 1.06667, 1156.25, 8.08108, 1.18841, 8263.042, 74216.95, 1.09434
173, 18.666, 1.0, 500.0, 9.0, 1.23077, 8089.082, 74217.35, 1.1
174, 18.384, 1.0, 555.55556, 9.5, 1.16923, 7954.19, 74183.444, 1.08
175, 18.124, 1.0, 1041.66667, 8.36, 1.11719, 7839.83, 74145.982, 1.09184
176, 17.836, 1.0, 611.11111, 9.36364, 1.21642, 7698.166, 74121.786, 1.12791
177, 17.56, 1.0, 1000.0, 7.25, 1.19841, 7563.34, 74087.642, 1.1
178, 17.278, 1.0, 1416.66667, 6.82353, 1.20313, 7433.488, 74057.68, 1.10959
179, 16.98, 1.0, 666.66667, 6.33333, 1.16058, 7284.84, 74041.194, 1.11111
180, 16.706, 1.0, 964.28571, 8.44444, 1.1145, 7171.49, 74005.934, 1.08974
181, 16.45, 1.0, 928.57143, 9.38462, 1.09375, 7056.954, 73957.932, 1.09589
182, 16.198, 1.0, 1333.33333, 6.875, 1.16807, 6934.81, 73913.584, 1.07692
183, 15.912, 1.0, 500.0, 8.5, 1.19512, 6796.062, 73879.408, 1.0625
184, 15.612, 1.0, 1083.33333, 8.30769, 1.16176, 6658.62, 73855.024, 1.04762
185, 15.41, 1.0, 1428.57143, 7.75, 1.16667, 6563.7, 73796.372, 1.05085
186, 15.208, 1.0, 500.0, 10.0, 1.14583, 6451.748, 73738.336, 1.05769
187, 14.964, 1.09091, 875.0, 8.04762, 1.16364, 6342.62, 73695.598, 1.07018
188, 14.728, 1.0, 714.28571, 7.3, 1.07826, 6238.638, 73637.414, 1.06897
189, 14.486, 1.0, 1333.33333, 7.08333, 1.13274, 6147.874, 73578.984, 1.08475
190, 14.248, 1.0, 2125.0, 7.94118, 1.14407, 6050.25, 73521.358, 1.06122
191, 13.988, 1.0, 600.0, 7.66667, 1.1453, 5932.994, 73474.476, 1.08163
192, 13.764, 1.0, 900.0, 7.66667, 1.16162, 5834.184, 73411.06, 1.05769
193, 13.534, 1.0, 833.33333, 6.2, 1.13592, 5730.46, 73348.926, 1.0566
194, 13.342, 1.0, 785.71429, 7.27273, 1.10989, 5647.368, 73273.446, 1.09434
195, 13.154, 1.0, 1000.0, 7.58333, 1.12903, 5562.838, 73199.05, 1.06
196, 12.932, 1.0, 1500.0, 6.33333, 1.16667, 5466.914, 73128.968, 1.06
197, 12.706, 1.0, 2625.0, 7.2381, 1.18269, 5380.134, 73067.678, 1.04444
198, 12.514, 1.0, 916.66667, 8.36364, 1.1087, 5295.904, 72993.01, 1.04444
199, 12.346, 1.0, 1166.66667, 6.92857, 1.11905, 5212.452, 72922.056, 1.02381
200, 12.156, 1.0, 1000.0, 8.6, 1.06452, 5129.02, 72846.49, 1.0
201, 11.972, 1.0, 833.33333, 8.5, 1.04348, 5047.53, 72769.606, 1.0
202, 11.804, 1.0, 500.0, 6.0, 1.07059, 4964.794, 72684.382, 1.0
203, 11.616, 1.0, 3333.33333, 7.4, 1.10227, 4895.392, 72606.016, 1.02564
204, 11.422, 1.0, 1000.0, 6.75, 1.09677, 4794.89, 72543.36, 1.02778
205, 11.23, 1.0, 500.0, 6.0, 1.06186, 4704.952, 72468.672, 1.03125
206, 11.032, 1.0, 1875.0, 7.0, 1.11111, 4631.162, 72391.46, 1.05882
207, 10.844, 1.0, 500.0, 6.0, 1.07692, 4550.584, 72308.778, 1.06061
208, 10.654, 1.0, 1600.0, 6.75, 1.10989, 4477.428, 72231.784, 1.0
209, 10.488, 1.0, 2166.66667, 7.69231, 1.1, 4388.706, 72168.154, 1.0
210, 10.32, 1.0, 2500.0, 8.0, 1.10127, 4328.792, 72082.414, 1.03125
211, 10.158, 1.0, 1300.0, 7.15385, 1.14865, 4256.41, 72002.164, 1.0
212, 9.97, 1.0, 875.0, 8.14286, 1.10227, 4172.012, 71928.33, 1.0
213, 9.806, 1.0, 1000.0, 7.75, 1.09211, 4101.122, 71839.632, 1.0
214, 9.656, 1.0, 1000.0, 7.0, 1.09722, 4035.636, 71745.526, 1.0
215, 9.514, 1.0, 1166.66667, 7.85714, 1.04167, 3968.82, 71654.798, 1.0
216, 9.378, 1.0, 1125.0, 8.44444, 1.04412, 3917.046, 71552.624, 1.0303
217, 9.236, 1.0, 750.0, 7.66667, 1.04225, 3853.95, 71456.142, 1.03125
218, 9.064, 1.0, 1166.66667, 5.28571, 1.11111, 3782.95, 71371.626, 1.03226
219, 8.94, 1.0, 1750.0, 8.28571, 1.04839, 3726.544, 71272.264, 1.03333
220, 8.768, 1.0, 500.0, 8.0, 1.05882, 3644.88, 71194.394, 1.0
221, 8.622, 1.0, 1600.0, 7.9375, 1.06944, 3593.136, 71100.538, 1.0
222, 8.45, 1.0, 1000.0, 6.5, 1.07229, 3509.072, 71025.854, 1.0
223, 8.302, 1.0, 1666.66667, 8.4, 1.08571, 3443.172, 70940.206, 1.0
224, 8.194, 0.0, 0.0, 0.0, 1.0566, 3389.794, 70832.456, 1.0
225, 8.072, 0.0, 0.0, 0.0, 1.0, 3325.588, 70736.668, 1.0
226, 7.968, 0.0, 0.0, 0.0, 1.03846, 3272.226, 70629.912, 1.0
227, 7.842, 1.0, 750.0, 8.0, 1.06557, 3217.382, 70527.994, 1.0
228, 7.722, 1.0, 2250.0, 7.11111, 1.05085, 3171.516, 70423.814, 1.0
229, 7.59, 0.0, 0.0, 0.0, 1.11667, 3113.318, 70323.684, 1.0
230, 7.486, 0.0, 0.0, 0.0, 1.10204, 3065.664, 70213.098, 1.0
231, 7.368, 1.0, 6000.0, 5.91667, 1.07018, 3037.334, 70107.22, 1.0
232, 7.264, 1.0, 3500.0, 8.14286, 1.0566, 2995.186, 69999.136, 1.0
233, 7.14, 1.0, 3000.0, 6.0, 1.08197, 2946.328, 69896.638, 1.0
234, 7.0, 1.0, 3333.33333, 7.1, 1.10938, 2907.342, 69799.166, 1.0
235, 6.924, 0.0, 0.0, 0.0, 1.02632, 2871.412, 69678.794, 1.0
236, 6.802, 0.0, 0.0, 0.0, 1.08475, 2790.846, 69602.602, 1.0
237, 6.694, 1.0, 1500.0, 9.33333, 1.05769, 2747.87, 69492.336, 1.0
238, 6.592, 1.0, 8000.0, 6.4375, 1.0625, 2706.416, 69393.626, 1.0
239, 6.5, 1.0, 4750.0, 6.52632, 1.02128, 2679.976, 69284.832, 1.0
240, 6.39, 1.0, 500.0, 8.0, 1.05769, 2630.518, 69179.946, 1.0
241, 6.274, 0.0, 0.0, 0.0, 1.05357, 2578.252, 69077.48, 1.0
242, 6.184, 0.0, 0.0, 0.0, 1.09756, 2536.732, 68964.012, 1.0
243, 6.088, 0.0, 0.0, 0.0, 1.06522, 2490.008, 68856.512, 1.0
244, 5.986, 1.0, 500.0, 9.0, 1.08511, 2450.702, 68742.088, 1.0
245, 5.892, 1.0, 2000.0, 9.75, 1.04444, 2409.852, 68634.354, 1.0
246, 5.808, 1.0, 500.0, 12.0, 1.0, 2373.014, 68518.908, 1.0
247, 5.71142, 0.0, 0.0, 0.0, 1.01852, 2319.13, 68418.598, 1.0
248, 5.60521, 1.0, 4500.0, 7.33333, 1.01852, 2275.83, 68318.926, 1.0
249, 5.51703, 0.0, 0.0, 0.0, 1.09524, 2223.628, 68218.588, 1.0
250, 5.42084, 1.0, 5500.0, 6.09091, 1.02128, 2172.7, 68129.068, 1.0
251, 5.32265, 1.0, 4000.0, 7.625, 1.06522, 2143.89, 68015.168, 1.0
252, 5.23046, 0.0, 0.0, 0.0, 1.0, 2105.244, 67901.312, 1.0
253, 5.11623, 1.0, 3875.0, 6.22581, 1.03636, 2090.192, 67796.408, 1.0
254, 5.04409, 0.0, 0.0, 0.0, 1.05882, 2059.246, 67675.764, 1.0
255, 4.96593, 0.0, 0.0, 0.0, 1.05128, 2001.538, 67583.212, 1.0
256, 4.87976, 0.0, 0.0, 0.0, 1.07143, 1959.056, 67475.458, 1.0
257, 4.78958, 1.0, 2000.0, 7.5, 1.04651, 1927.738, 67360.728, 1.0
258, 4.70942, 0.0, 0.0, 0.0, 1.02564, 1896.928, 67242.804, 1.0
259, 4.64659, 0.0, 0.0, 0.0, 1.05882, 1869.1483, 67126.442, 1.0
260, 4.56338, 0.0, 0.0, 0.0, 1.04444, 1835.07631, 67014.40681, 1.0
261, 4.47082, 1.0, 4000.0, 6.0, 1.09524, 1807.01606, 66902.76506, 1.0
262, 4.40726, 1.0, 3000.0, 6.5, 1.05714, 1787.2998, 66784.09438, 1.0
263, 4.34073, 1.0, 6000.0, 7.0, 1.0, 1772.59356, 66657.41046, 1.0
264, 4.26815, 0.0, 0.0, 0.0, 1.05882, 1745.17907, 66537.7002, 1.0
265, 4.19355, 1.0, 3500.0, 6.64286, 1.02703, 1728.81087, 66420.62777, 1.0
266, 4.13535, 1.0, 5500.0, 5.63636, 1.03125, 1709.45565, 66308.48893, 1.0
267, 4.07692, 0.0, 0.0, 0.0, 1.0303, 1668.11111, 66209.6129, 1.0
268, 4.04665, 0.0, 0.0, 0.0, 1.04545, 1653.05668, 66079.3596, 1.0
269, 3.96146, 1.0, 1500.0, 8.16667, 1.04878, 1622.96964, 65971.09514, 1.0
270, 3.92276, 1.0, 5000.0, 5.4, 1.0, 1614.59026, 65846.43725, 1.0
271, 3.86965, 1.0, 4500.0, 6.33333, 1.03226, 1600.07332, 65726.41379, 1.0
272, 3.82077, 0.0, 0.0, 0.0, 1.0, 1579.44603, 65590.76578, 1.0
273, 3.73727, 0.0, 0.0, 0.0, 1.07895, 1548.9613, 65475.21996, 1.0
274, 3.66599, 1.0, 5500.0, 7.45455, 1.06061, 1523.26069, 65367.54175, 1.0
275, 3.60816, 0.0, 0.0, 0.0, 1.0, 1477.13673, 65271.76171, 1.0
276, 3.55419, 0.0, 0.0, 0.0, 1.0, 1456.24949, 65149.93878, 1.0
277, 3.51129, 0.0, 0.0, 0.0, 1.03704, 1440.23819, 65028.21677, 1.0
278, 3.44239, 0.0, 0.0, 0.0, 1.12121, 1410.6078, 64906.846, 1.0
279, 3.39095, 0.0, 0.0, 0.0, 1.04167, 1392.97331, 64780.3922, 1.0
280, 3.33128, 0.0, 0.0, 0.0, 1.03571, 1368.8152, 64662.35524, 1.0
281, 3.28247, 1.0, 3000.0, 7.0, 1.03704, 1352.40535, 64545.7577, 1.0
282, 3.22887, 0.0, 0.0, 0.0, 1.0, 1323.7037, 64429.78601, 1.0
283, 3.18182, 0.0, 0.0, 0.0, 1.04, 1304.59175, 64309.93827, 1.0
284, 3.14938, 0.0, 0.0, 0.0, 1.04545, 1284.87785, 64193.29897, 1.0
285, 3.10438, 0.0, 0.0, 0.0, 1.0, 1259.45625, 64086.14493, 1.0
286, 3.06289, 0.0, 0.0, 0.0, 1.04, 1244.06067, 63965.82708, 1.0
287, 3.02311, 0.0, 0.0, 0.0, 1.04762, 1220.62683, 63838.21548, 1.0
288, 2.99788, 0.0, 0.0, 0.0, 1.04167, 1201.94292, 63723.25786, 1.0
289, 2.96178, 0.0, 0.0, 0.0, 1.0, 1181.25636, 63583.68922, 1.0
290, 2.91489, 0.0, 0.0, 0.0, 1.0, 1137.16949, 63475.80085, 1.0
291, 2.8678, 1.0, 1000.0, 8.0, 1.04, 1112.6518, 63364.41102, 1.0
292, 2.8312, 0.0, 0.0, 0.0, 1.0, 1098.34255, 63243.41401, 1.0
293, 2.77991, 0.0, 0.0, 0.0, 1.04348, 1072.52128, 63125.90851, 1.0
294, 2.76458, 0.0, 0.0, 0.0, 1.0, 1064.59785, 63006.4617, 1.0
295, 2.73377, 0.0, 0.0, 0.0, 1.0, 1050.18534, 62883.61075, 1.0
296, 2.72271, 0.0, 0.0, 0.0, 1.0, 1041.63399, 62764.87069, 1.0
297, 2.68777, 0.0, 0.0, 0.0, 1.0625, 1022.5207, 62634.99564, 1.0
298, 2.66009, 1.0, 3000.0, 6.66667, 1.0, 1010.07002, 62520.59913, 1.0
299, 2.63736, 0.0, 0.0, 0.0, 1.0, 1000.20395, 62394.11379, 1.0
300, 2.59912, 1.0, 2000.0, 5.0, 1.0, 991.56264, 62267.58991, 1.0
301, 2.57174, 0.0, 0.0, 0.0, 1.07143, 979.14758, 62146.83516, 1.0
302, 2.53761, 1.0, 3000.0, 4.83333, 1.05882, 972.57395, 62026.91189, 1.0
303, 2.50885, 0.0, 0.0, 0.0, 1.07692, 951.37528, 61911.87859, 1.0
304, 2.48667, 0.0, 0.0, 0.0, 1.0, 944.10865, 61788.6777, 1.0
305, 2.46205, 0.0, 0.0, 0.0, 1.0, 934.34298, 61653.5388, 1.0
306, 2.45721, 1.0, 13000.0, 5.84615, 1.0, 950.13514, 61527.6971, 1.0
307, 2.42117, 0.0, 0.0, 0.0, 1.0, 937.06081, 61388.0473, 1.0
308, 2.41136, 0.0, 0.0, 0.0, 1.0, 932.81364, 61267.13288, 1.0
309, 2.38813, 0.0, 0.0, 0.0, 1.0, 925.29909, 61136.60909, 1.0
310, 2.35632, 0.0, 0.0, 0.0, 1.05, 911.57011, 61023.25342, 1.0
311, 2.34107, 0.0, 0.0, 0.0, 1.0, 907.74246, 60910.51494, 1.0
312, 2.29698, 0.0, 0.0, 0.0, 1.0, 893.35267, 60792.0348, 1.0
313, 2.28235, 0.0, 0.0, 0.0, 1.05263, 890.09647, 60676.00696, 1.0
314, 2.26905, 0.0, 0.0, 0.0, 1.0, 885.42143, 60550.49176, 1.0
315, 2.26442, 0.0, 0.0, 0.0, 1.0, 876.16346, 60433.35952, 1.0
316, 2.23245, 0.0, 0.0, 0.0, 1.05263, 858.95157, 60323.64663, 1.0
317, 2.21359, 1.0, 17500.0, 5.54286, 1.0, 889.92233, 60189.01937, 1.0
318, 2.19024, 0.0, 0.0, 0.0, 1.0, 875.26585, 60075.45631, 1.0
319, 2.16462, 0.0, 0.0, 0.0, 1.0, 858.09828, 59962.51707, 1.0
320, 2.14005, 0.0, 0.0, 0.0, 1.0, 849.64619, 59844.0516, 1.0
321, 2.12099, 0.0, 0.0, 0.0, 1.0, 841.94568, 59725.26536, 1.0
322, 2.08416, 0.0, 0.0, 0.0, 1.0, 817.73267, 59618.4, 1.0
323, 2.05486, 0.0, 0.0, 0.0, 1.125, 808.91521, 59502.68564, 1.0
324, 2.03008, 0.0, 0.0, 0.0, 1.0, 801.44612, 59342.88778, 1.0
325, 2.01527, 0.0, 0.0, 0.0, 1.0, 797.96438, 59223.59148, 1.0
326, 2.00512, 0.0, 0.0, 0.0, 1.0, 793.8133, 59083.45293, 1.0
327, 1.99483, 0.0, 0.0, 0.0, 1.0, 791.10853, 58965.85166, 1.0
328, 1.96623, 0.0, 0.0, 0.0, 1.0, 781.68052, 58813.97416, 1.0
329, 1.92969, 0.0, 0.0, 0.0, 1.0, 768.50521, 58689.56364, 1.0
330, 1.90601, 0.0, 0.0, 0.0, 1.0, 760.86162, 58574.01042, 1.0
331, 1.88947, 0.0, 0.0, 0.0, 1.0, 756.25789, 58454.99739, 1.0
332, 1.88918, 0.0, 0.0, 0.0, 1.0, 754.62533, 58332.31316, 1.0
333, 1.87798, 0.0, 0.0, 0.0, 1.0, 739.30239, 58219.89974, 1.0
334, 1.84881, 0.0, 0.0, 0.0, 1.0, 723.02387, 58088.65517, 1.0
335, 1.82181, 0.0, 0.0, 0.0, 1.0, 714.85372, 57972.77719, 1.0
336, 1.8221, 1.0, 2000.0, 5.0, 1.0, 719.08625, 57855.75, 1.0
337, 1.80707, 0.0, 0.0, 0.0, 1.0, 713.91304, 57739.18059, 1.0
338, 1.78022, 0.0, 0.0, 0.0, 1.0, 705.67033, 57604.37772, 1.0
339, 1.76389, 0.0, 0.0, 0.0, 1.0, 701.24444, 57488.4478, 1.0
340, 1.74373, 0.0, 0.0, 0.0, 1.0, 694.86351, 57359.42222, 1.0
341, 1.73446, 0.0, 0.0, 0.0, 1.0, 694.25989, 57245.35097, 1.0
342, 1.71225, 0.0, 0.0, 0.0, 1.0, 687.15385, 57113.97175, 1.0
343, 1.70435, 0.0, 0.0, 0.0, 1.0, 680.77101, 57008.57265, 1.0
344, 1.66862, 0.0, 0.0, 0.0, 1.0, 669.72434, 56862.68406, 1.0
345, 1.66172, 0.0, 0.0, 0.0, 1.0, 669.72404, 56743.67742, 1.0
346, 1.63964, 0.0, 0.0, 0.0, 1.0, 652.03904, 56604.28487, 1.0
347, 1.62349, 1.0, 29500.0, 5.47458, 1.0, 734.76506, 56470.21321, 1.0
348, 1.63077, 0.0, 0.0, 0.0, 1.0, 741.56923, 56357.63855, 1.0
349, 1.61994, 0.0, 0.0, 0.0, 1.0, 740.42991, 56245.94154, 1.0
350, 1.60815, 0.0, 0.0, 0.0, 1.0, 736.03762, 56109.46729, 1.0
351, 1.60383, 0.0, 0.0, 0.0, 1.0, 737.13376, 55994.82132, 1.0
352, 1.59416, 0.0, 0.0, 0.0, 1.0, 736.79288, 55866.70701, 1.0
353, 1.57003, 0.0, 0.0, 0.0, 1.0, 729.99026, 55744.64725, 1.0
354, 1.56766, 0.0, 0.0, 0.0, 1.0, 692.66118, 55673.27273, 1.0
355, 1.53795, 0.0, 0.0, 0.0, 1.0, 683.05921, 55536.73684, 1.0
356, 1.51667, 0.0, 0.0, 0.0, 1.0, 672.45183, 55434.35855, 1.0
357, 1.50676, 0.0, 0.0, 0.0, 1.0, 663.35017, 55319.67774, 1.0
358, 1.49655, 0.0, 0.0, 0.0, 1.0, 665.42612, 55187.73401, 1.0
359, 1.4965, 0.0, 0.0, 0.0, 1.0, 667.75958, 55067.26804, 1.0
360, 1.49645, 0.0, 0.0, 0.0, 1.0, 669.9894, 54943.47038, 1.0
361, 1.48014, 0.0, 0.0, 0.0, 1.0, 667.51799, 54840.48763, 1.0
362, 1.45652, 0.0, 0.0, 0.0, 1.0, 659.55596, 54719.03957, 1.0
363, 1.44689, 0.0, 0.0, 0.0, 1.0, 658.9635, 54609.59567, 1.0
364, 1.44238, 0.0, 0.0, 0.0, 1.0, 557.82156, 54610.75547, 1.0
365, 1.43071, 0.0, 0.0, 0.0, 1.0, 555.40075, 54392.50929, 1.0
366, 1.43346, 0.0, 0.0, 0.0, 1.0, 557.76806, 54277.53933, 1.0
367, 1.42308, 0.0, 0.0, 0.0, 1.0, 553.7, 54169.58555, 0.0
368, 1.40234, 0.0, 0.0, 0.0, 1.0, 548.28516, 54072.63462, 0.0
369, 1.38735, 0.0, 0.0, 0.0, 1.0, 531.7668, 53976.47266, 0.0
370, 1.37052, 0.0, 0.0, 0.0, 1.0, 526.25498, 53875.1502, 0.0
371, 1.36145, 0.0, 0.0, 0.0, 1.0, 524.48594, 53751.15936, 0.0
372, 1.34008, 0.0, 0.0, 0.0, 1.0, 519.73279, 53646.61446, 0.0
373, 1.33884, 0.0, 0.0, 0.0, 1.0, 511.64463, 53548.97976, 0.0
374, 1.3278, 0.0, 0.0, 0.0, 1.0, 508.46888, 53430.7314, 0.0
375, 1.33333, 0.0, 0.0, 0.0, 1.0, 511.97436, 53278.45643, 0.0
376, 1.32609, 0.0, 0.0, 0.0, 1.0, 505.56522, 53183.40598, 0.0
377, 1.32018, 0.0, 0.0, 0.0, 1.0, 504.19298, 53077.95652, 0.0
378, 1.31556, 0.0, 0.0, 0.0, 1.0, 491.59111, 52981.27193, 0.0
379, 1.3105, 0.0, 0.0, 0.0, 1.0, 483.6758, 52855.70222, 0.0
380, 1.31628, 0.0, 0.0, 0.0, 1.0, 486.72093, 52740.04566, 0.0
381, 1.30986, 0.0, 0.0, 0.0, 1.0, 486.90141, 52609.14884, 0.0
382, 1.30622, 0.0, 0.0, 0.0, 1.0, 484.97129, 52510.58216, 0.0
383, 1.30244, 0.0, 0.0, 0.0, 1.0, 486.49268, 52414.0622, 0.0
384, 1.28, 0.0, 0.0, 0.0, 1.0, 483.97, 52273.78537, 0.0
385, 1.27638, 0.0, 0.0, 0.0, 1.0, 483.1005, 52160.575, 0.0
386, 1.27692, 0.0, 0.0, 0.0, 1.0, 484.4, 52051.1809, 0.0
387, 1.27604, 0.0, 0.0, 0.0, 1.0, 484.88021, 51947.08718, 0.0
388, 1.26563, 0.0, 0.0, 0.0, 1.0, 481.09375, 51832.18229, 0.0
389, 1.25926, 0.0, 0.0, 0.0, 1.0, 481.37037, 51725.63542, 0.0
390, 1.25, 0.0, 0.0, 0.0, 1.0, 479.05851, 51605.03175, 0.0
391, 1.24731, 0.0, 0.0, 0.0, 1.0, 479.51075, 51487.39362, 0.0
392, 1.23784, 0.0, 0.0, 0.0, 1.0, 475.64324, 51386.1129, 0.0
393, 1.23889, 0.0, 0.0, 0.0, 1.0, 480.21667, 51285.4, 0.0
394, 1.24022, 0.0, 0.0, 0.0, 1.0, 480.55307, 51197.55, 0.0
395, 1.24157, 0.0, 0.0, 0.0, 1.0, 481.1236, 51083.72067, 0.0
396, 1.23164, 0.0, 0.0, 0.0, 1.0, 478.92655, 50976.74157, 0.0
397, 1.22857, 0.0, 0.0, 0.0, 1.0, 477.16, 50879.63842, 0.0
398, 1.23256, 0.0, 0.0, 0.0, 1.0, 480.69767, 50788.2, 0.0
399, 1.22754, 0.0, 0.0, 0.0, 1.0, 480.73653, 50678.80814, 0.0
400, 1.22892, 0.0, 0.0, 0.0, 1.0, 479.28916, 50588.22754, 0.0
401, 1.21341, 0.0, 0.0, 0.0, 1.0, 476.92683, 50494.89157, 0.0
402, 1.20497, 0.0, 0.0, 0.0, 1.0, 476.93168, 50379.59756, 0.0
403, 1.20253, 0.0, 0.0, 0.0, 1.0, 386.41139, 50322.82609, 0.0
404, 1.20382, 0.0, 0.0, 0.0, 1.0, 386.59236, 50222.84177, 0.0
405, 1.20395, 0.0, 0.0, 0.0, 1.0, 389.71053, 50118.50955, 0.0
406, 1.2027, 0.0, 0.0, 0.0, 1.0, 389.42568, 49995.19737, 0.0
407, 1.20139, 0.0, 0.0, 0.0, 1.0, 391.97917, 49862.46622, 0.0
408, 1.2028, 0.0, 0.0, 0.0, 1.0, 392.42657, 49774.69444, 0.0
409, 1.19858, 0.0, 0.0, 0.0, 1.0, 392.58865, 49676.61538, 0.0
410, 1.2, 0.0, 0.0, 0.0, 1.0, 392.7, 49549.95035, 0.0
411, 1.2029, 0.0, 0.0, 0.0, 1.0, 378.56522, 49451.73571, 0.0
412, 1.2, 0.0, 0.0, 0.0, 1.0, 379.0963, 49342.0942, 0.0
413, 1.19259, 0.0, 0.0, 0.0, 1.0, 376.97778, 49215.23704, 0.0
414, 1.19084, 0.0, 0.0, 0.0, 1.0, 379.0, 49119.14074, 0.0
415, 1.19685, 0.0, 0.0, 0.0, 1.0, 383.09449, 49039.16031, 0.0
416, 1.19841, 0.0, 0.0, 0.0, 1.0, 383.38889, 48951.55906, 0.0
417, 1.19355, 0.0, 0.0, 0.0, 1.0, 382.93548, 48839.3254, 0.0
418, 1.18699, 0.0, 0.0, 0.0, 1.0, 381.17073, 48749.75, 0.0
419, 1.18644, 0.0, 0.0, 0.0, 1.2, 385.63559, 48655.95122, 0.0
420, 1.18261, 0.0, 0.0, 0.0, 1.0, 376.81739, 48491.5678, 0.0
421, 1.18261, 0.0, 0.0, 0.0, 0.0, 376.06957, 48355.51304, 0.0
422, 1.1875, 0.0, 0.0, 0.0, 1.0, 379.10714, 48258.3913, 0.0
423, 1.17757, 0.0, 0.0, 0.0, 1.0, 375.78505, 48154.01786, 0.0
424, 1.17925, 0.0, 0.0, 0.0, 1.0, 376.86792, 48042.8785, 0.0
425, 1.17308, 0.0, 0.0, 0.0, 1.0, 378.51923, 47930.34906, 0.0
426, 1.17647, 0.0, 0.0, 0.0, 1.0, 380.66667, 47832.08654, 0.0
427, 1.17647, 0.0, 0.0, 0.0, 0.0, 379.96078, 47724.96078, 0.0
428, 1.14851, 0.0, 0.0, 0.0, 1.0, 373.9802, 47631.53922, 0.0
429, 1.14286, 0.0, 0.0, 0.0, 1.0, 344.27551, 47562.85149, 0.0
430, 1.14737, 0.0, 0.0, 0.0, 1.0, 345.83158, 47481.13265, 0.0
431, 1.15054, 0.0, 0.0, 0.0, 1.0, 348.02151, 47399.91579, 0.0
432, 1.15385, 0.0, 0.0, 0.0, 1.0, 347.62637, 47296.07527, 0.0
433, 1.14444, 0.0, 0.0, 0.0, 1.0, 345.25556, 47215.14286, 0.0
434, 1.13333, 0.0, 0.0, 0.0, 1.0, 342.02222, 47109.62222, 0.0
435, 1.13483, 0.0, 0.0, 0.0, 1.0, 342.57303, 47010.38889, 0.0
436, 1.13636, 0.0, 0.0, 0.0, 1.0, 343.18182, 46930.0, 0.0
437, 1.13636, 0.0, 0.0, 0.0, 0.0, 342.48864, 46797.02273, 0.0
438, 1.13793, 0.0, 0.0, 0.0, 1.0, 343.33333, 46698.71591, 0.0
439, 1.13953, 0.0, 0.0, 0.0, 1.0, 343.54651, 46598.05747, 0.0
440, 1.12791, 0.0, 0.0, 0.0, 1.0, 340.10465, 46510.88372, 0.0
441, 1.13253, 0.0, 0.0, 0.0, 1.0, 341.95181, 46420.24419, 0.0
442, 1.13415, 0.0, 0.0, 0.0, 1.0, 342.70732, 46288.85542, 0.0
443, 1.13924, 0.0, 0.0, 0.0, 1.0, 346.70886, 46216.26829, 0.0
444, 1.14474, 0.0, 0.0, 0.0, 1.0, 350.0, 46107.12658, 0.0
445, 1.13333, 0.0, 0.0, 0.0, 1.0, 342.04, 46045.59211, 0.0
446, 1.13514, 0.0, 0.0, 0.0, 1.0, 342.86486, 45920.82667, 0.0
447, 1.13514, 0.0, 0.0, 0.0, 0.0, 341.94595, 45807.95946, 0.0
448, 1.13699, 0.0, 0.0, 0.0, 1.0, 342.32877, 45712.27027, 0.0
449, 1.13889, 0.0, 0.0, 0.0, 1.0, 343.68056, 45625.13699, 0.0
450, 1.12857, 0.0, 0.0, 0.0, 1.0, 343.15714, 45365.76389, 0.0
451, 1.12857, 0.0, 0.0, 0.0, 0.0, 342.54286, 45260.54286, 0.0
452, 1.12857, 0.0, 0.0, 0.0, 0.0, 341.97143, 45161.91429, 0.0
453, 1.13636, 0.0, 0.0, 0.0, 1.0, 349.69697, 45079.8, 0.0
454, 1.13846, 0.0, 0.0, 0.0, 1.0, 351.44615, 44968.56061, 0.0
455, 1.13846, 0.0, 0.0, 0.0, 0.0, 350.49231, 44880.27692, 0.0
456, 1.14286, 0.0, 0.0, 0.0, 1.0, 354.50794, 44793.10769, 0.0
457, 1.14754, 0.0, 0.0, 0.0, 1.0, 340.77049, 44735.88889, 0.0
458, 1.13333, 0.0, 0.0, 0.0, 1.0, 334.58333, 44625.67213, 0.0
459, 1.11667, 0.0, 0.0, 0.0, 1.0, 330.6, 44537.25, 0.0
460, 1.11667, 0.0, 0.0, 0.0, 0.0, 330.0, 44438.35, 0.0
461, 1.11864, 0.0, 0.0, 0.0, 1.0, 331.44068, 44347.73333, 0.0
462, 1.12281, 0.0, 0.0, 0.0, 1.0, 335.47368, 44223.91525, 0.0
463, 1.125, 0.0, 0.0, 0.0, 1.0, 336.83929, 44110.68421, 0.0
464, 1.12727, 0.0, 0.0, 0.0, 1.0, 333.81818, 44020.46429, 0.0
465, 1.13462, 0.0, 0.0, 0.0, 1.0, 329.84615, 43919.49091, 0.0
466, 1.13725, 0.0, 0.0, 0.0, 1.0, 331.66667, 43786.07692, 0.0
467, 1.11765, 0.0, 0.0, 0.0, 1.0, 327.27451, 43671.96078, 0.0
468, 1.12, 0.0, 0.0, 0.0, 1.0, 328.38, 43582.5098, 0.0
469, 1.10638, 0.0, 0.0, 0.0, 1.0, 332.04255, 43505.92, 0.0
470, 1.08511, 0.0, 0.0, 0.0, 1.0, 326.23404, 43385.85106, 0.0
471, 1.08696, 0.0, 0.0, 0.0, 1.0, 328.34783, 43297.70213, 0.0
472, 1.08696, 0.0, 0.0, 0.0, 0.0, 327.69565, 43195.08696, 0.0
473, 1.08696, 0.0, 0.0, 0.0, 0.0, 327.17391, 43100.6087, 0.0
474, 1.08889, 0.0, 0.0, 0.0, 1.0, 329.13333, 43012.82609, 0.0
475, 1.08889, 0.0, 0.0, 0.0, 0.0, 328.53333, 42932.02222, 0.0
476, 1.09091, 0.0, 0.0, 0.0, 1.0, 331.04545, 42845.84444, 0.0
477, 1.06818, 0.0, 0.0, 0.0, 1.0, 325.47727, 42723.15909, 0.0
478, 1.06818, 0.0, 0.0, 0.0, 0.0, 324.72727, 42630.86364, 0.0
479, 1.06818, 0.0, 0.0, 0.0, 0.0, 323.95455, 42539.88636, 0.0
480, 1.06977, 0.0, 0.0, 0.0, 1.0, 326.86047, 42455.25, 0.0
481, 1.06977, 0.0, 0.0, 0.0, 0.0, 326.2093, 42375.25581, 0.0
482, 1.07143, 0.0, 0.0, 0.0, 1.0, 328.52381, 42289.30233, 0.0
483, 1.07317, 0.0, 0.0, 0.0, 1.0, 335.7561, 42178.35714, 0.0
484, 1.07317, 0.0, 0.0, 0.0, 0.0, 334.90244, 42055.70732, 0.0
485, 1.07692, 0.0, 0.0, 0.0, 1.0, 341.53846, 41975.85366, 0.0
486, 1.07692, 0.0, 0.0, 0.0, 0.0, 340.64103, 41896.23077, 0.0
487, 1.07895, 0.0, 0.0, 0.0, 1.0, 334.28947, 41822.66667, 0.0
488, 1.07895, 0.0, 0.0, 0.0, 0.0, 333.44737, 41722.52632, 0.0
489, 1.05263, 0.0, 0.0, 0.0, 1.0, 326.86842, 41636.15789, 0.0
490, 1.05405, 0.0, 0.0, 0.0, 1.0, 330.10811, 41552.10526, 0.0
491, 1.05405, 0.0, 0.0, 0.0, 0.0, 329.40541, 41426.05405, 0.0
492, 1.05405, 0.0, 0.0, 0.0, 0.0, 328.78378, 41335.64865, 0.0
493, 1.05405, 0.0, 0.0, 0.0, 0.0, 328.16216, 41246.08108, 0.0
494, 1.05714, 0.0, 0.0, 0.0, 1.0, 239.42857, 41262.2973, 0.0
495, 1.05714, 0.0, 0.0, 0.0, 0.0, 238.8, 41066.82857, 0.0
496, 1.05882, 0.0, 0.0, 0.0, 1.0, 240.02941, 40985.31429, 0.0
497, 1.05882, 0.0, 0.0, 0.0, 0.0, 239.5, 40906.0, 0.0
498, 1.06061, 0.0, 0.0, 0.0, 1.0, 240.39394, 40828.76471, 0.0
499, 1.0625, 0.0, 0.0, 0.0, 1.0, 241.75, 40735.54545, 0.0
500, 1.06667, 0.0, 0.0, 0.0, 1.0, 243.5, 40712.53125, 0.0
501, 1.06667, 0.0, 0.0, 0.0, 0.0, 242.9, 40619.16667, 0.0
502, 1.03333, 0.0, 0.0, 0.0, 1.0, 236.93333, 40538.06667, 0.0
503, 1.03333, 0.0, 0.0, 0.0, 0.0, 236.36667, 40451.6, 0.0
504, 1.03333, 0.0, 0.0, 0.0, 0.0, 235.83333, 40365.96667, 0.0
505, 1.03333, 0.0, 0.0, 0.0, 0.0, 235.2, 40276.2, 0.0
506, 1.03448, 0.0, 0.0, 0.0, 1.0, 236.51724, 40195.23333, 0.0
507, 1.03448, 0.0, 0.0, 0.0, 0.0, 235.93103, 40128.06897, 0.0
508, 1.03448, 0.0, 0.0, 0.0, 0.0, 235.37931, 40042.10345, 0.0
509, 1.03448, 0.0, 0.0, 0.0, 0.0, 234.93103, 39957.37931, 0.0
510, 1.03571, 0.0, 0.0, 0.0, 1.0, 234.03571, 39881.82759, 0.0
511, 1.03571, 0.0, 0.0, 0.0, 0.0, 233.42857, 39744.21429, 0.0
512, 1.03571, 0.0, 0.0, 0.0, 0.0, 233.03571, 39660.10714, 0.0
513, 1.03571, 0.0, 0.0, 0.0, 0.0, 232.39286, 39569.78571, 0.0
514, 1.0, 0.0, 0.0, 0.0, 1.0, 226.18519, 39499.96429, 0.0
515, 1.0, 0.0, 0.0, 0.0, 1.0, 227.69231, 39377.62963, 0.0
516, 1.0, 0.0, 0.0, 0.0, 1.0, 230.2, 39292.03846, 0.0
517, 1.0, 0.0, 0.0, 0.0, 0.0, 229.72, 39189.0, 0.0
518, 1.0, 0.0, 0.0, 0.0, 0.0, 229.12, 39109.8, 0.0
519, 1.0, 0.0, 0.0, 0.0, 0.0, 228.8, 39024.8, 0.0
520, 1.0, 0.0, 0.0, 0.0, 0.0, 228.28, 38941.0, 0.0
521, 1.0, 0.0, 0.0, 0.0, 1.0, 229.33333, 38866.64, 0.0
522, 1.0, 0.0, 0.0, 0.0, 1.0, 230.6087, 38765.95833, 0.0
523, 1.0, 0.0, 0.0, 0.0, 0.0, 230.17391, 38662.82609, 0.0
524, 1.0, 0.0, 0.0, 0.0, 1.0, 229.5, 38587.13043, 0.0
525, 1.0, 0.0, 0.0, 0.0, 0.0, 228.90909, 38519.77273, 0.0
526, 1.0, 0.0, 0.0, 0.0, 0.0, 228.59091, 38435.77273, 0.0
527, 1.0, 0.0, 0.0, 0.0, 0.0, 228.18182, 38354.59091, 0.0
528, 1.0, 0.0, 0.0, 0.0, 1.0, 229.55, 38296.59091, 0.0
529, 1.0, 0.0, 0.0, 0.0, 0.0, 229.35, 38150.15, 0.0
530, 1.0, 0.0, 0.0, 0.0, 0.0, 229.05, 38064.9, 0.0
531, 1.0, 0.0, 0.0, 0.0, 0.0, 228.6, 37983.45, 0.0
532, 1.0, 0.0, 0.0, 0.0, 0.0, 228.0, 37902.25, 0.0
533, 1.0, 0.0, 0.0, 0.0, 0.0, 227.45, 37820.75, 0.0
534, 1.0, 0.0, 0.0, 0.0, 0.0, 226.85, 37739.35, 0.0
535, 1.0, 0.0, 0.0, 0.0, 0.0, 226.45, 37659.75, 0.0
536, 1.0, 0.0, 0.0, 0.0, 0.0, 225.9, 37578.95, 0.0
537, 1.0, 0.0, 0.0, 0.0, 0.0, 225.5, 37499.1, 0.0
538, 1.0, 0.0, 0.0, 0.0, 0.0, 225.0, 37418.3, 0.0
539, 1.0, 0.0, 0.0, 0.0, 0.0, 224.1, 37335.7, 0.0
540, 1.0, 0.0, 0.0, 0.0, 0.0, 223.55, 37258.1, 0.0
541, 1.0, 0.0, 0.0, 0.0, 0.0, 223.0, 37177.5, 0.0
542, 1.0, 0.0, 0.0, 0.0, 1.0, 223.36842, 37107.2, 0.0
543, 1.0, 0.0, 0.0, 0.0, 0.0, 222.84211, 37034.94737, 0.0
544, 1.0, 0.0, 0.0, 0.0, 0.0, 222.26316, 36953.63158, 0.0
545, 1.0, 0.0, 0.0, 0.0, 0.0, 221.89474, 36872.94737, 0.0
546, 1.0, 0.0, 0.0, 0.0, 0.0, 221.26316, 36795.15789, 0.0
547, 1.0, 0.0, 0.0, 0.0, 0.0, 220.84211, 36716.68421, 0.0
548, 1.0, 0.0, 0.0, 0.0, 1.0, 221.0, 36648.10526, 0.0
549, 1.0, 0.0, 0.0, 0.0, 1.0, 224.82353, 36599.55556, 0.0
550, 1.0, 0.0, 0.0, 0.0, 0.0, 224.41176, 36525.52941, 0.0
551, 1.0, 0.0, 0.0, 0.0, 0.0, 223.94118, 36445.76471, 0.0
552, 1.0, 0.0, 0.0, 0.0, 0.0, 223.17647, 36368.47059, 0.0
553, 1.0, 0.0, 0.0, 0.0, 0.0, 222.88235, 36289.58824, 0.0
554, 1.0, 0.0, 0.0, 0.0, 0.0, 222.35294, 36209.0, 0.0
555, 1.0, 0.0, 0.0, 0.0, 0.0, 221.88235, 36127.17647, 0.0
556, 1.0, 0.0, 0.0, 0.0, 0.0, 221.64706, 36050.58824, 0.0
557, 1.0, 0.0, 0.0, 0.0, 0.0, 220.76471, 35971.23529, 0.0
558, 1.0, 0.0, 0.0, 0.0, 0.0, 220.47059, 35892.23529, 0.0
559, 1.0, 0.0, 0.0, 0.0, 1.0, 222.9375, 35833.17647, 0.0
560, 1.0, 0.0, 0.0, 0.0, 0.0, 222.5, 35623.3125, 0.0
561, 1.0, 0.0, 0.0, 0.0, 1.0, 209.73333, 35572.6875, 0.0
562, 1.0, 0.0, 0.0, 0.0, 0.0, 209.06667, 35480.4, 0.0
563, 1.0, 0.0, 0.0, 0.0, 1.0, 212.21429, 35414.2, 0.0
564, 1.0, 0.0, 0.0, 0.0, 0.0, 211.78571, 35320.78571, 0.0
565, 1.0, 0.0, 0.0, 0.0, 0.0, 211.07143, 35247.57143, 0.0
566, 1.0, 0.0, 0.0, 0.0, 1.0, 179.92308, 35216.07143, 0.0
567, 1.0, 0.0, 0.0, 0.0, 0.0, 179.69231, 35131.53846, 0.0
568, 1.0, 0.0, 0.0, 0.0, 1.0, 176.33333, 35074.69231, 0.0
569, 1.0, 0.0, 0.0, 0.0, 1.0, 178.54545, 34969.25, 0.0
570, 1.0, 0.0, 0.0, 0.0, 0.0, 178.0, 34859.0, 0.0
571, 1.0, 0.0, 0.0, 0.0, 1.0, 181.0, 34818.18182, 0.0
572, 1.0, 0.0, 0.0, 0.0, 0.0, 180.66667, 34792.66667, 0.0
573, 1.0, 0.0, 0.0, 0.0, 1.0, 169.5, 34752.66667, 0.0
574, 1.0, 0.0, 0.0, 0.0, 0.0, 168.875, 34111.125, 0.0
575, 1.0, 0.0, 0.0, 0.0, 0.0, 168.875, 34036.875, 0.0
576, 1.0, 0.0, 0.0, 0.0, 0.0, 168.25, 33963.25, 0.0
577, 1.0, 0.0, 0.0, 0.0, 0.0, 168.125, 33882.5, 0.0
578, 1.0, 0.0, 0.0, 0.0, 0.0, 167.75, 33807.5, 0.0
579, 1.0, 0.0, 0.0, 0.0, 0.0, 167.625, 33729.875, 0.0
580, 1.0, 0.0, 0.0, 0.0, 0.0, 167.125, 33660.125, 0.0
581, 1.0, 0.0, 0.0, 0.0, 1.0, 165.57143, 33622.5, 0.0
582, 1.0, 0.0, 0.0, 0.0, 1.0, 164.16667, 33620.42857, 0.0
583, 1.0, 0.0, 0.0, 0.0, 0.0, 164.16667, 33436.16667, 0.0
584, 1.0, 0.0, 0.0, 0.0, 0.0, 163.83333, 33365.33333, 0.0
585, 1.0, 0.0, 0.0, 0.0, 0.0, 163.0, 33288.33333, 0.0
586, 1.0, 0.0, 0.0, 0.0, 0.0, 162.16667, 33217.66667, 0.0
587, 1.0, 0.0, 0.0, 0.0, 0.0, 161.83333, 33143.0, 0.0
588, 1.0, 0.0, 0.0, 0.0, 0.0, 161.5, 33072.33333, 0.0
589, 1.0, 0.0, 0.0, 0.0, 0.0, 160.83333, 32998.83333, 0.0
590, 1.0, 0.0, 0.0, 0.0, 1.0, 154.8, 32963.0, 0.0
591, 1.0, 0.0, 0.0, 0.0, 0.0, 154.4, 32938.8, 0.0
592, 1.0, 0.0, 0.0, 0.0, 0.0, 154.4, 32862.6, 0.0
593, 1.0, 0.0, 0.0, 0.0, 0.0, 153.8, 32788.6, 0.0
594, 1.0, 0.0, 0.0, 0.0, 0.0, 153.6, 32716.8, 0.0
595, 1.0, 0.0, 0.0, 0.0, 0.0, 153.4, 32649.4, 0.0
596, 1.0, 0.0, 0.0, 0.0, 0.0, 153.2, 32587.0, 0.0
597, 1.0, 0.0, 0.0, 0.0, 0.0, 153.0, 32516.6, 0.0
598, 1.0, 0.0, 0.0, 0.0, 0.0, 152.6, 32437.2, 0.0
599, 1.0, 0.0, 0.0, 0.0, 0.0, 152.2, 32376.6, 0.0
600, 1.0, 0.0, 0.0, 0.0, 0.0, 152.0, 32298.8, 0.0
601, 1.0, 0.0, 0.0, 0.0, 0.0, 151.8, 32226.8, 0.0
602, 1.0, 0.0, 0.0, 0.0, 0.0, 151.8, 32154.6, 0.0
603, 1.0, 0.0, 0.0, 0.0, 0.0, 151.6, 32079.4, 0.0
604, 1.0, 0.0, 0.0, 0.0, 0.0, 151.2, 32003.2, 0.0
605, 1.0, 0.0, 0.0, 0.0, 1.0, 152.5, 31969.4, 0.0
606, 1.0, 0.0, 0.0, 0.0, 0.0, 152.5, 31775.5, 0.0
607, 1.0, 0.0, 0.0, 0.0, 0.0, 152.5, 31706.5, 0.0
608, 1.0, 0.0, 0.0, 0.0, 0.0, 151.75, 31640.75, 0.0
609, 1.0, 0.0, 0.0, 0.0, 0.0, 151.75, 31577.5, 0.0
610, 1.0, 0.0, 0.0, 0.0, 0.0, 151.25, 31508.5, 0.0
611, 1.0, 0.0, 0.0, 0.0, 0.0, 151.25, 31441.0, 0.0
612, 1.0, 0.0, 0.0, 0.0, 0.0, 151.0, 31375.0, 0.0
613, 1.0, 0.0, 0.0, 0.0, 0.0, 150.25, 31307.25, 0.0
614, 1.0, 0.0, 0.0, 0.0, 0.0, 150.25, 31243.25, 0.0
615, 1.0, 0.0, 0.0, 0.0, 0.0, 149.75, 31176.0, 0.0
616, 1.0, 0.0, 0.0, 0.0, 0.0, 149.5, 31113.25, 0.0
617, 1.0, 0.0, 0.0, 0.0, 0.0, 149.5, 31045.5, 0.0
618, 1.0, 0.0, 0.0, 0.0, 0.0, 149.5, 30981.25, 0.0
619, 1.0, 0.0, 0.0, 0.0, 0.0, 149.25, 30916.5, 0.0
620, 1.0, 0.0, 0.0, 0.0, 0.0, 149.25, 30853.0, 0.0
621, 1.0, 0.0, 0.0, 0.0, 0.0, 148.75, 30788.75, 0.0
622, 1.0, 0.0, 0.0, 0.0, 0.0, 147.75, 30716.0, 0.0
623, 1.0, 0.0, 0.0, 0.0, 0.0, 147.75, 30653.25, 0.0
624, 1.0, 0.0, 0.0, 0.0, 0.0, 147.5, 30587.75, 0.0
625, 1.0, 0.0, 0.0, 0.0, 0.0, 147.5, 30518.25, 0.0
626, 1.0, 0.0, 0.0, 0.0, 0.0, 147.5, 30452.0, 0.0
627, 1.0, 0.0, 0.0, 0.0, 0.0, 147.25, 30388.0, 0.0
628, 1.0, 0.0, 0.0, 0.0, 0.0, 146.75, 30316.25, 0.0
629, 1.0, 0.0, 0.0, 0.0, 0.0, 146.0, 30256.5, 0.0
630, 1.0, 0.0, 0.0, 0.0, 0.0, 145.75, 30194.0, 0.0
631, 1.0, 0.0, 0.0, 0.0, 0.0, 145.75, 30129.75, 0.0
632, 1.0, 0.0, 0.0, 0.0, 0.0, 145.25, 30070.75, 0.0
633, 1.0, 0.0, 0.0, 0.0, 0.0, 145.0, 30004.25, 0.0
634, 1.0, 0.0, 0.0, 0.0, 0.0, 144.25, 29941.75, 0.0
635, 1.0, 0.0, 0.0, 0.0, 1.0, 126.33333, 29932.5, 0.0
636, 1.0, 0.0, 0.0, 0.0, 0.0, 126.0, 30255.66667, 0.0
637, 1.0, 0.0, 0.0, 0.0, 0.0, 126.0, 30187.66667, 0.0
638, 1.0, 0.0, 0.0, 0.0, 0.0, 125.66667, 30124.0, 0.0
639, 1.0, 0.0, 0.0, 0.0, 0.0, 125.66667, 30065.0, 0.0
640, 1.0, 0.0, 0.0, 0.0, 0.0, 125.0, 30000.0, 0.0
641, 1.0, 0.0, 0.0, 0.0, 0.0, 125.0, 29939.66667, 0.0
642, 1.0, 0.0, 0.0, 0.0, 0.0, 125.0, 29878.0, 0.0
643, 1.0, 0.0, 0.0, 0.0, 0.0, 124.66667, 29804.0, 0.0
644, 1.0, 0.0, 0.0, 0.0, 0.0, 124.66667, 29739.0, 0.0
645, 1.0, 0.0, 0.0, 0.0, 0.0, 124.33333, 29675.33333, 0.0
646, 1.0, 0.0, 0.0, 0.0, 0.0, 124.33333, 29612.0, 0.0
647, 1.0, 0.0, 0.0, 0.0, 0.0, 124.0, 29545.0, 0.0
648, 1.0, 0.0, 0.0, 0.0, 0.0, 123.33333, 29480.33333, 0.0
649, 1.0, 0.0, 0.0, 0.0, 0.0, 122.66667, 29421.66667, 0.0
650, 1.0, 0.0, 0.0, 0.0, 0.0, 122.33333, 29367.33333, 0.0
651, 1.0, 0.0, 0.0, 0.0, 0.0, 121.66667, 29304.66667, 0.0
652, 1.0, 0.0, 0.0, 0.0, 0.0, 121.66667, 29246.0, 0.0
653, 1.0, 0.0, 0.0, 0.0, 0.0, 121.33333, 29189.66667, 0.0
654, 1.0, 0.0, 0.0, 0.0, 0.0, 121.0, 29127.66667, 0.0
655, 1.0, 0.0, 0.0, 0.0, 0.0, 121.0, 29059.33333, 0.0
656, 1.0, 0.0, 0.0, 0.0, 0.0, 120.33333, 28999.66667, 0.0
657, 1.0, 0.0, 0.0, 0.0, 0.0, 119.33333, 28936.66667, 0.0
658, 1.0, 0.0, 0.0, 0.0, 0.0, 119.33333, 28877.66667, 0.0
659, 1.0, 0.0, 0.0, 0.0, 0.0, 119.33333, 28816.0, 0.0
660, 1.0, 0.0, 0.0, 0.0, 0.0, 119.0, 28745.66667, 0.0
661, 1.0, 0.0, 0.0, 0.0, 0.0, 119.0, 28673.33333, 0.0
662, 1.0, 0.0, 0.0, 0.0, 0.0, 119.0, 28610.0, 0.0
663, 1.0, 0.0, 0.0, 0.0, 0.0, 119.0, 28552.0, 0.0
664, 1.0, 0.0, 0.0, 0.0, 0.0, 119.0, 28487.0, 0.0
665, 1.0, 0.0, 0.0, 0.0, 0.0, 118.33333, 28424.0, 0.0
666, 1.0, 0.0, 0.0, 0.0, 0.0, 118.33333, 28359.0, 0.0
667, 1.0, 0.0, 0.0, 0.0, 0.0, 118.0, 28293.0, 0.0
668, 1.0, 0.0, 0.0, 0.0, 0.0, 118.0, 28233.33333, 0.0
669, 1.0, 0.0, 0.0, 0.0, 0.0, 117.66667, 28172.33333, 0.0
670, 1.0, 0.0, 0.0, 0.0, 0.0, 117.66667, 28113.33333, 0.0
671, 1.0, 0.0, 0.0, 0.0, 0.0, 117.66667, 28054.33333, 0.0
672, 1.0, 0.0, 0.0, 0.0, 0.0, 117.66667, 27997.33333, 0.0
673, 1.0, 0.0, 0.0, 0.0, 1.0, 119.0, 27992.0, 0.0
674, 1.0, 0.0, 0.0, 0.0, 0.0, 119.0, 27491.5, 0.0
675, 1.0, 0.0, 0.0, 0.0, 0.0, 118.0, 27431.5, 0.0
676, 1.0, 0.0, 0.0, 0.0, 0.0, 118.0, 27371.0, 0.0
677, 1.0, 0.0, 0.0, 0.0, 0.0, 117.5, 27313.0, 0.0
678, 1.0, 0.0, 0.0, 0.0, 0.0, 116.5, 27255.5, 0.0
679, 1.0, 0.0, 0.0, 0.0, 0.0, 116.5, 27184.0, 0.0
680, 1.0, 0.0, 0.0, 0.0, 0.0, 116.0, 27125.0, 0.0
681, 1.0, 0.0, 0.0, 0.0, 0.0, 116.0, 27069.5, 0.0
682, 1.0, 0.0, 0.0, 0.0, 0.0, 116.0, 27009.5, 0.0
683, 1.0, 0.0, 0.0, 0.0, 0.0, 115.5, 26947.5, 0.0
684, 1.0, 0.0, 0.0, 0.0, 0.0, 115.0, 26891.0, 0.0
685, 1.0, 0.0, 0.0, 0.0, 0.0, 115.0, 26830.5, 0.0
686, 1.0, 0.0, 0.0, 0.0, 0.0, 115.0, 26764.0, 0.0
687, 1.0, 0.0, 0.0, 0.0, 0.0, 114.5, 26705.0, 0.0
688, 1.0, 0.0, 0.0, 0.0, 0.0, 114.5, 26650.0, 0.0
689, 1.0, 0.0, 0.0, 0.0, 0.0, 113.5, 26590.0, 0.0
690, 1.0, 0.0, 0.0, 0.0, 1.0, 114.0, 26606.5, 0.0
691, 1.0, 0.0, 0.0, 0.0, 0.0, 113.0, 26544.0, 0.0
692, 1.0, 0.0, 0.0, 0.0, 0.0, 113.0, 26473.0, 0.0
693, 1.0, 0.0, 0.0, 0.0, 0.0, 112.0, 26424.0, 0.0
694, 1.0, 0.0, 0.0, 0.0, 0.0, 112.0, 26370.0, 0.0
695, 1.0, 0.0, 0.0, 0.0, 0.0, 112.0, 26321.0, 0.0
696, 1.0, 0.0, 0.0, 0.0, 0.0, 112.0, 26268.0, 0.0
697, 1.0, 0.0, 0.0, 0.0, 0.0, 112.0, 26203.0, 0.0
698, 1.0, 0.0, 0.0, 0.0, 0.0, 112.0, 26157.0, 0.0
699, 1.0, 0.0, 0.0, 0.0, 0.0, 111.0, 26096.0, 0.0
700, 1.0, 0.0, 0.0, 0.0, 0.0, 111.0, 26040.0, 0.0
701, 1.0, 0.0, 0.0, 0.0, 0.0, 111.0, 25980.0, 0.0
702, 1.0, 0.0, 0.0, 0.0, 0.0, 111.0, 25913.0, 0.0
703, 1.0, 0.0, 0.0, 0.0, 0.0, 111.0, 25869.0, 0.0
704, 1.0, 0.0, 0.0, 0.0, 0.0, 110.0, 25823.0, 0.0
705, 1.0, 0.0, 0.0, 0.0, 0.0, 110.0, 25772.0, 0.0
706, 1.0, 0.0, 0.0, 0.0, 0.0, 109.0, 25715.0, 0.0
707, 1.0, 0.0, 0.0, 0.0, 0.0, 109.0, 25668.0, 0.0
708, 1.0, 0.0, 0.0, 0.0, 0.0, 109.0, 25615.0, 0.0
709, 1.0, 0.0, 0.0, 0.0, 0.0, 109.0, 25548.0, 0.0
710, 1.0, 0.0, 0.0, 0.0, 0.0, 109.0, 25492.0, 0.0
711, 1.0, 0.0, 0.0, 0.0, 0.0, 109.0, 25429.0, 0.0
712, 1.0, 0.0, 0.0, 0.0, 0.0, 109.0, 25373.0, 0.0
713, 1.0, 0.0, 0.0, 0.0, 0.0, 108.0, 25315.0, 0.0
714, 1.0, 0.0, 0.0, 0.0, 0.0, 108.0, 25254.0, 0.0
715, 1.0, 0.0, 0.0, 0.0, 0.0, 108.0, 25205.0, 0.0
716, 1.0, 0.0, 0.0, 0.0, 0.0, 107.0, 25160.0, 0.0
717, 1.0, 0.0, 0.0, 0.0, 0.0, 107.0, 25130.0, 0.0
718, 1.0, 0.0, 0.0, 0.0, 0.0, 107.0, 25085.0, 0.0
719, 1.0, 0.0, 0.0, 0.0, 0.0, 107.0, 25031.0, 0.0
720, 1.0, 0.0, 0.0, 0.0, 0.0, 107.0, 24983.0, 0.0
721, 1.0, 0.0, 0.0, 0.0, 0.0, 107.0, 24922.0, 0.0
722, 1.0, 0.0, 0.0, 0.0, 0.0, 107.0, 24869.0, 0.0
723, 1.0, 0.0, 0.0, 0.0, 0.0, 107.0, 24826.0, 0.0
724, 1.0, 0.0, 0.0, 0.0, 0.0, 107.0, 24757.0, 0.0
725, 1.0, 0.0, 0.0, 0.0, 0.0, 107.0, 24703.0, 0.0
726, 1.0, 0.0, 0.0, 0.0, 0.0, 107.0, 24653.0, 0.0
727, 1.0, 0.0, 0.0, 0.0, 0.0, 107.0, 24599.0, 0.0
728, 1.0, 0.0, 0.0, 0.0, 0.0, 106.0, 24556.0, 0.0
729, 1.0, 0.0, 0.0, 0.0, 0.0, 106.0, 24495.0, 0.0
730, 1.0, 0.0, 0.0, 0.0, 0.0, 106.0, 24442.0, 0.0
731, 1.0, 0.0, 0.0, 0.0, 0.0, 106.0, 24387.0, 0.0
732, 1.0, 0.0, 0.0, 0.0, 0.0, 105.0, 24341.0, 0.0
733, 1.0, 0.0, 0.0, 0.0, 0.0, 105.0, 24284.0, 0.0
734, 1.0, 0.0, 0.0, 0.0, 0.0, 105.0, 24242.0, 0.0
735, 1.0, 0.0, 0.0, 0.0, 0.0, 105.0, 24194.0, 0.0
736, 1.0, 0.0, 0.0, 0.0, 0.0, 105.0, 24127.0, 0.0
737, 0.0, 0.0, 0.0, 0.0, 1.0, 0.0, 24212.0, 0.0
