time, seeders, joined, request_count, response_size, left, awareness, bad_data, leechers
0, 0.0, 0.0, 0.0, 0.0, 0.0, 5000.998, 0.0, 0.0
1, 0.0, 13.0, 1169.07692, 1.82313, 0.0, 18282.152, 0.0, 13.0
2, 0.0, 5.988, 1056.11222, 3.58855, 1.628, 19455.066, 4932.524, 18.36
3, 0.0, 5.85571, 1012.66256, 4.68908, 1.31696, 24699.15, 5567.482, 23.614
4, 0.0, 5.79559, 1001.38313, 5.69095, 1.38768, 29683.3, 6346.904, 28.632
5, 0.0, 5.56137, 993.1259, 6.78179, 1.40909, 34298.982, 7190.694, 33.354
6, 0.0, 5.16802, 990.2076, 7.69937, 1.57742, 38329.81, 8183.514, 37.482
7, 0.0, 5.43058, 987.77325, 8.66842, 1.67988, 42516.746, 9289.662, 41.778
8, 0.0, 5.07243, 990.47997, 9.60232, 1.68657, 46308.588, 10450.144, 45.69
9, 0.0, 4.92, 989.43089, 10.37634, 1.74722, 49860.176, 11722.228, 49.352
10, 0.0, 4.83871, 989.58333, 11.18274, 1.8836, 53139.81, 13146.538, 52.728
11, 10.01018, 4.70732, 986.61485, 12.12123, 1.65588, 56507.174, 14241.27, 46.404
12, 14.64, 4.42418, 984.71515, 12.99953, 1.79412, 59330.112, 15553.226, 44.57
13, 19.004, 4.33811, 991.4974, 13.79038, 1.73569, 62164.514, 16792.554, 43.166
14, 23.302, 4.19715, 987.89346, 14.38676, 1.6622, 64902.682, 18005.676, 41.758
15, 27.43, 3.98374, 985.20408, 15.01398, 1.76796, 67381.44, 19258.462, 40.27
16, 31.044, 3.87018, 984.27673, 15.87167, 1.71714, 69834.748, 20425.646, 39.27
17, 34.96, 3.7623, 986.38344, 16.39702, 1.73034, 72123.44, 21620.4, 37.794
18, 38.636, 3.5317, 979.1546, 17.11827, 1.66382, 74221.596, 22764.132, 36.404
19, 42.062, 3.57464, 988.55835, 17.62211, 1.7135, 76343.756, 23954.012, 35.23
20, 45.434, 3.5176, 984.69688, 18.29468, 1.79235, 78283.788, 25213.954, 33.944
21, 48.564, 3.31884, 980.66126, 18.80407, 1.83967, 79969.212, 26527.45, 32.666
22, 51.418, 3.26834, 982.03977, 19.23971, 1.73407, 81670.892, 27737.662, 31.678
23, 54.256, 3.27615, 981.48148, 19.74626, 1.79348, 83318.338, 29010.744, 30.652
24, 56.952, 3.20042, 988.13448, 20.493, 1.72779, 85007.776, 30159.758, 29.784
25, 59.538, 2.99578, 985.91549, 20.96786, 1.78917, 86442.568, 31366.468, 28.782
26, 61.976, 2.95949, 979.10663, 21.41648, 1.75134, 87735.744, 32632.18, 27.81
27, 64.272, 2.82365, 983.10066, 21.98729, 1.74857, 89096.996, 33783.794, 27.012
28, 66.254, 2.83553, 985.30549, 22.3179, 1.76323, 90280.116, 34985.406, 26.35
29, 68.358, 2.67028, 986.19009, 22.75453, 1.83102, 91299.372, 36230.788, 25.386
30, 70.444, 2.66522, 977.97716, 23.23353, 1.68421, 92387.656, 37373.246, 24.536
31, 72.33, 2.65784, 980.89701, 23.57917, 1.67429, 93459.868, 38492.434, 23.886
32, 74.108, 2.51606, 985.41477, 23.963, 1.69613, 94302.102, 39643.306, 23.074
33, 75.904, 2.48624, 985.23985, 24.08427, 1.71547, 95096.224, 40814.406, 22.204
34, 77.524, 2.31096, 980.63892, 24.73544, 1.71839, 95813.51, 41952.974, 21.454
35, 79.066, 2.325, 986.31476, 25.1556, 1.77259, 96517.714, 43092.88, 20.742
36, 80.564, 2.27209, 983.62334, 25.12903, 1.61337, 97233.514, 44124.648, 20.088
37, 81.998, 2.2904, 983.46196, 25.75897, 1.67826, 97762.65, 45205.522, 19.31
38, 83.358, 2.19438, 982.92423, 26.01846, 1.66282, 98345.522, 46287.198, 18.67
39, 84.608, 2.16901, 983.76623, 26.033, 1.73591, 98907.31, 47366.362, 18.098
40, 85.73, 2.07933, 971.09827, 26.30476, 1.71105, 99281.936, 48495.818, 17.498
41, 86.904, 2.0642, 976.07656, 26.79657, 1.67908, 99655.876, 49576.528, 16.824
42, 87.844, 1.99246, 978.56242, 27.3299, 1.69883, 99960.462, 50644.95, 16.308
43, 88.816, 2.04762, 982.86414, 27.17061, 1.61671, 100365.874, 51662.84, 15.848
44, 89.692, 1.97135, 985.46896, 27.45845, 1.68824, 100612.966, 52727.09, 15.338
45, 90.464, 1.8648, 972.64022, 28.1083, 1.75, 100804.858, 53776.104, 14.894
46, 91.264, 1.92916, 973.16384, 27.99855, 1.66859, 100952.628, 54824.472, 14.352
47, 91.94, 1.81744, 976.01199, 28.5023, 1.68955, 101046.806, 55849.684, 13.878
48, 92.558, 1.70635, 973.64341, 28.34395, 1.7092, 101074.578, 56896.61, 13.398
49, 93.126, 1.72958, 980.45603, 28.76744, 1.69452, 101018.624, 57975.394, 12.882
50, 93.644, 1.7438, 985.78199, 28.95673, 1.70552, 101075.456, 58982.344, 12.518
51, 94.168, 1.61003, 984.42907, 28.82074, 1.5976, 101072.632, 59937.496, 12.086
52, 94.66, 1.67705, 981.41892, 29.24957, 1.7055, 101094.582, 60891.254, 11.724
53, 95.108, 1.64742, 979.7048, 29.28437, 1.62687, 100999.202, 61862.716, 11.27
54, 95.43, 1.63006, 985.8156, 29.85252, 1.61383, 100909.73, 62877.79, 10.956
55, 95.752, 1.63487, 981.89135, 29.59836, 1.60182, 100750.936, 63827.742, 10.574
56, 96.066, 1.57895, 980.39216, 29.534, 1.64134, 100599.326, 64791.982, 10.2
57, 96.27, 1.5528, 972.0, 30.16461, 1.61377, 100432.45, 65743.516, 9.918
58, 96.498, 1.50633, 976.89076, 30.23226, 1.64103, 100257.916, 66659.234, 9.618
59, 96.602, 1.56, 972.02797, 30.0, 1.68421, 99944.288, 67621.322, 9.284
60, 96.862, 1.46831, 980.81535, 30.46944, 1.47975, 99756.486, 68436.846, 8.908
61, 97.016, 1.49655, 979.26267, 30.33176, 1.57692, 99560.818, 69292.52, 8.638
62, 97.09, 1.53925, 977.82705, 30.60771, 1.69811, 99306.78, 70238.702, 8.386
63, 97.098, 1.53623, 981.13208, 30.35817, 1.59937, 99063.362, 71123.338, 8.212
64, 97.144, 1.4927, 980.4401, 30.75312, 1.58642, 98789.666, 72007.794, 7.956
65, 97.076, 1.37358, 997.25275, 31.4573, 1.58824, 98421.866, 72911.854, 7.726
66, 97.08, 1.4313, 989.33333, 30.92992, 1.61238, 98124.488, 73759.258, 7.482
67, 97.006, 1.43388, 988.47262, 31.47522, 1.65246, 97752.176, 74626.726, 7.242
68, 96.894, 1.40426, 984.84848, 31.03077, 1.62342, 97327.414, 75511.334, 6.988
69, 96.702, 1.34025, 981.42415, 31.04101, 1.63777, 96842.792, 76440.378, 6.78156
70, 96.57, 1.45643, 977.20798, 31.27114, 1.51603, 96533.18, 77242.808, 6.66934
71, 96.392, 1.31349, 969.78852, 31.24299, 1.55927, 96108.306, 78118.874, 6.47
72, 96.286, 1.39241, 984.84848, 31.51692, 1.59365, 95707.414, 78977.526, 6.232
73, 96.112, 1.34254, 975.30864, 31.85232, 1.59177, 95140.842, 79827.734, 5.8978
74, 96.026, 1.33166, 981.13208, 31.69615, 1.49141, 94734.408, 80560.076, 5.64529
75, 95.718, 1.35455, 989.93289, 31.34237, 1.54063, 94294.748, 81396.046, 5.5743
76, 95.494, 1.27536, 992.42424, 32.08779, 1.5777, 93843.736, 82178.26, 5.39157
77, 95.264, 1.21182, 979.6748, 32.0249, 1.48718, 93359.974, 82950.494, 5.17435
78, 94.956, 1.28431, 980.91603, 32.12062, 1.49226, 92875.23, 83755.658, 5.04208
79, 94.67, 1.25, 985.0, 31.65482, 1.58763, 92308.526, 84522.712, 4.81325
80, 94.41, 1.28431, 988.54962, 31.67568, 1.49186, 91859.352, 85294.342, 4.69014
81, 94.14, 1.21302, 980.4878, 32.76617, 1.46711, 91340.024, 86021.098, 4.49495
82, 93.922, 1.2199, 987.12446, 32.42609, 1.4386, 90930.678, 86693.962, 4.34879
83, 93.508, 1.26901, 986.17512, 32.23832, 1.5, 90448.232, 87408.552, 4.33535
84, 93.07, 1.25478, 984.77157, 32.53608, 1.56494, 89834.592, 88217.196, 4.20202
85, 92.734, 1.17143, 969.5122, 31.86164, 1.54209, 89212.448, 88963.492, 4.0041
86, 92.41, 1.22794, 976.0479, 32.07362, 1.38947, 88700.524, 89607.036, 3.8668
87, 92.022, 1.21341, 974.87437, 32.19588, 1.49826, 88193.16, 90305.586, 3.77551
88, 91.7, 1.1875, 988.30409, 32.19527, 1.41379, 87664.27, 90977.368, 3.63115
89, 91.292, 1.20139, 976.87861, 31.35503, 1.53455, 87122.304, 91661.604, 3.5535
90, 90.956, 1.15909, 960.78431, 32.13605, 1.43554, 86550.504, 92332.342, 3.3732
91, 90.434, 1.16154, 993.37748, 31.94, 1.55326, 85918.45, 93070.07, 3.3112
92, 90.06, 1.20588, 981.70732, 31.75776, 1.44482, 85344.016, 93770.868, 3.1761
93, 89.61, 1.17797, 992.80576, 31.68841, 1.43537, 84746.494, 94448.816, 3.11325
94, 89.158, 1.128, 1000.0, 32.34043, 1.44014, 84173.572, 95107.562, 3.01706
95, 88.594, 1.18033, 979.16667, 32.10638, 1.48845, 83528.466, 95840.05, 2.99569
96, 88.142, 1.125, 977.77778, 33.31061, 1.45255, 82971.256, 96465.186, 2.92225
97, 87.614, 1.12712, 977.44361, 32.77692, 1.50171, 82341.508, 97158.448, 2.89183
98, 87.146, 1.152, 972.22222, 32.37857, 1.43929, 81791.602, 97790.04, 2.83664
99, 86.64, 1.125, 976.19048, 32.41463, 1.44444, 81189.85, 98442.552, 2.74286
100, 86.16, 1.10891, 991.07143, 32.25225, 1.40809, 80622.5, 99035.372, 2.67473
101, 85.686, 1.13402, 990.90909, 32.22936, 1.45977, 80054.886, 99623.514, 2.61148
102, 85.272, 1.04124, 1000.0, 32.83168, 1.36059, 79500.738, 100182.67, 2.5
103, 84.782, 1.13187, 990.29126, 32.68627, 1.37809, 78909.234, 100781.33, 2.41203
104, 84.314, 1.15306, 982.30088, 33.3964, 1.42803, 78357.388, 101357.916, 2.33481
105, 83.816, 1.07059, 989.01099, 32.21111, 1.43866, 77751.608, 101947.322, 2.28118
106, 83.3, 1.1573, 980.58252, 32.47525, 1.4556, 77194.218, 102509.426, 2.26545
107, 82.818, 1.05682, 989.24731, 31.83696, 1.38258, 76628.666, 103062.868, 2.23543
108, 82.36, 1.06742, 957.89474, 33.64835, 1.41288, 76047.036, 103629.276, 2.10162
109, 81.864, 1.02817, 972.60274, 32.50704, 1.39689, 75454.032, 104167.426, 2.06147
110, 81.42, 1.07317, 988.63636, 32.64368, 1.31174, 74961.648, 104635.996, 2.03318
111, 80.884, 1.01493, 1000.0, 32.36765, 1.41697, 74329.734, 105208.098, 1.94712
112, 80.274, 1.11594, 974.02597, 32.33333, 1.39161, 73686.342, 105805.46, 1.91787
113, 79.732, 1.125, 1000.0, 33.96667, 1.38662, 73113.144, 106361.908, 1.9599
114, 79.258, 1.0625, 970.58824, 32.93939, 1.41494, 72553.846, 106856.778, 1.8934
115, 78.8, 1.11111, 985.71429, 32.50725, 1.41739, 72031.096, 107320.178, 1.90716
116, 78.314, 1.07463, 986.11111, 31.73239, 1.31746, 71493.466, 107802.044, 1.87701
117, 77.81, 1.06667, 1000.0, 32.07813, 1.36111, 70936.324, 108290.99, 1.88547
118, 77.302, 1.1194, 986.66667, 32.67568, 1.40081, 70386.454, 108790.432, 1.86932
119, 76.834, 1.0625, 1000.0, 32.41176, 1.2875, 69852.87, 109228.774, 1.80627
120, 76.326, 1.0, 981.13208, 32.90385, 1.4, 69265.854, 109722.696, 1.70857
121, 75.794, 1.01786, 982.45614, 31.33929, 1.39256, 68706.03, 110197.066, 1.69767
122, 75.29, 1.11111, 950.0, 32.33333, 1.44248, 68167.708, 110652.702, 1.69139
123, 74.844, 1.06349, 970.14925, 32.03077, 1.2887, 67673.654, 111078.88, 1.68293
124, 74.3, 1.02222, 913.04348, 32.7619, 1.34274, 67083.914, 111555.312, 1.61261
125, 73.818, 1.0, 1000.0, 33.42424, 1.29958, 66536.632, 111972.08, 1.55247
126, 73.328, 1.10204, 1000.0, 32.72222, 1.39462, 66032.606, 112386.852, 1.52012
127, 72.806, 1.18182, 948.71795, 32.78378, 1.35417, 65450.79, 112847.024, 1.50809
128, 72.386, 1.05405, 1000.0, 32.10256, 1.2757, 64968.15, 113210.044, 1.50853
129, 71.828, 1.0, 975.60976, 31.95, 1.41453, 64377.668, 113684.086, 1.47099
130, 71.346, 1.08333, 974.35897, 31.44737, 1.31556, 63853.648, 114087.522, 1.50362
131, 70.832, 1.02174, 1000.0, 32.21277, 1.44595, 63299.012, 114538.966, 1.42652
132, 70.376, 1.02941, 971.42857, 33.70588, 1.33796, 62769.878, 114939.358, 1.38806
133, 69.924, 1.0, 1000.0, 33.51852, 1.31944, 62250.458, 115315.936, 1.36
134, 69.42, 1.06452, 1000.0, 33.54545, 1.35135, 61719.386, 115715.818, 1.34298
135, 68.874, 1.06522, 1000.0, 32.36735, 1.31646, 61203.792, 116133.52, 1.37295
136, 68.442, 1.02778, 972.97297, 32.36111, 1.26442, 60742.016, 116471.126, 1.35983
137, 67.922, 1.02273, 977.77778, 33.63636, 1.35484, 60234.37, 116869.248, 1.40586
138, 67.398, 1.02857, 1000.0, 32.55556, 1.33636, 59718.924, 117260.416, 1.40496
139, 66.83, 1.09091, 1000.0, 31.25, 1.32922, 59167.632, 117712.418, 1.46025
140, 66.43, 1.06061, 1000.0, 32.02857, 1.25258, 58744.188, 118007.956, 1.42083
141, 65.908, 1.03125, 969.69697, 31.9375, 1.32159, 58215.09, 118404.932, 1.40167
142, 65.434, 1.0, 966.66667, 30.96552, 1.32353, 57730.746, 118750.456, 1.4188
143, 64.884, 1.09524, 1000.0, 31.65217, 1.28151, 57169.276, 119161.982, 1.40693
144, 64.406, 1.05882, 972.22222, 32.82857, 1.31429, 56699.164, 119505.886, 1.41485
145, 63.924, 1.04, 961.53846, 33.24, 1.33803, 56188.664, 119870.246, 1.37838
146, 63.454, 1.0, 900.0, 31.77778, 1.29384, 55679.148, 120219.186, 1.32719
147, 62.944, 1.0, 952.38095, 31.05, 1.34529, 55137.44, 120606.314, 1.2878
148, 62.454, 1.05, 952.38095, 30.4, 1.32558, 54620.498, 120967.132, 1.27604
149, 62.002, 1.0, 1000.0, 32.45833, 1.33673, 54156.36, 121284.656, 1.28022
150, 61.54, 1.04545, 1000.0, 31.08696, 1.33, 53679.5, 121613.036, 1.24859
151, 61.1, 1.03846, 1000.0, 32.03704, 1.29592, 53223.954, 121927.486, 1.21591
152, 60.662, 1.0, 967.74194, 32.86667, 1.23383, 52800.468, 122215.514, 1.21348
153, 60.192, 1.0, 1000.0, 33.20833, 1.28061, 52356.048, 122512.842, 1.21081
154, 59.764, 1.0, 1000.0, 31.6, 1.2449, 51910.694, 122792.47, 1.20809
155, 59.262, 1.05882, 1000.0, 32.94444, 1.28505, 51420.736, 123124.182, 1.22289
156, 58.786, 1.0, 1000.0, 31.76471, 1.24038, 50948.372, 123436.698, 1.23457
157, 58.372, 1.07692, 1000.0, 33.28571, 1.19577, 50524.55, 123692.842, 1.24204
158, 57.892, 1.1, 1000.0, 30.77273, 1.26699, 50073.79, 123993.204, 1.28105
159, 57.48, 1.0, 944.44444, 31.58824, 1.22751, 49656.564, 124248.974, 1.26174
160, 57.07, 1.07143, 866.66667, 29.61538, 1.26111, 49241.79, 124495.49, 1.24828
161, 56.628, 1.06667, 1000.0, 31.1875, 1.27041, 48793.296, 124781.752, 1.22464
162, 56.186, 1.05882, 1000.0, 30.83333, 1.30729, 48340.4, 125078.572, 1.23622
163, 55.774, 1.0, 928.57143, 31.76923, 1.28333, 47916.722, 125334.974, 1.23729
164, 55.332, 1.0, 1000.0, 31.3, 1.2381, 47485.856, 125591.816, 1.20168
165, 54.94, 1.0, 916.66667, 29.63636, 1.19663, 47091.212, 125814.286, 1.2
166, 54.536, 1.0, 1000.0, 32.53846, 1.23295, 46694.698, 126042.682, 1.19298
167, 54.06, 1.0, 1000.0, 31.13333, 1.21053, 46244.318, 126330.958, 1.17241
168, 53.672, 1.0, 1000.0, 31.91667, 1.28824, 45843.314, 126563.172, 1.13889
169, 53.248, 1.0, 1000.0, 30.5, 1.32948, 45421.238, 126809.282, 1.14141
170, 52.878, 1.0, 1000.0, 31.7, 1.22892, 45045.942, 127011.388, 1.10638
171, 52.47, 1.0, 928.57143, 29.30769, 1.29762, 44650.966, 127240.722, 1.09474
172, 52.116, 1.09091, 1000.0, 28.75, 1.21935, 44300.786, 127421.174, 1.09474
173, 51.756, 1.0, 1000.0, 30.77778, 1.2549, 43943.3, 127602.35, 1.10989
174, 51.322, 1.0, 1000.0, 32.64286, 1.28977, 43537.76, 127843.204, 1.08247
175, 50.898, 1.0, 1000.0, 29.1875, 1.22043, 43135.132, 128085.836, 1.06
176, 50.436, 1.0, 923.07692, 30.83333, 1.2957, 42709.97, 128343.328, 1.09
177, 50.036, 1.0, 1000.0, 29.33333, 1.26316, 42311.04, 128563.062, 1.1
178, 49.67, 1.0, 1000.0, 30.83333, 1.17791, 41954.114, 128739.166, 1.11628
179, 49.282, 1.0, 1000.0, 29.625, 1.23313, 41582.542, 128935.006, 1.08989
180, 48.91, 1.0, 888.88889, 32.125, 1.21084, 41211.314, 129130.856, 1.10976
181, 48.518, 1.0, 1000.0, 30.0, 1.25455, 40837.906, 129328.05, 1.11392
182, 48.166, 1.0, 1000.0, 32.55556, 1.24667, 40497.456, 129495.198, 1.10256
183, 47.766, 1.14286, 1000.0, 27.625, 1.21387, 40110.016, 129707.752, 1.13514
184, 47.366, 1.0, 1000.0, 30.0, 1.17127, 39732.61, 129916.634, 1.15278
185, 47.034, 1.0, 1000.0, 30.11111, 1.10976, 39401.87, 130074.634, 1.13433
186, 46.626, 1.0, 1000.0, 28.5, 1.24859, 39009.78, 130293.09, 1.11667
187, 46.248, 1.0, 1000.0, 32.0, 1.2037, 38649.538, 130475.02, 1.11667
188, 45.856, 1.0, 1000.0, 32.75, 1.2303, 38283.83, 130658.228, 1.10345
189, 45.47, 1.0, 1000.0, 35.0, 1.17442, 37914.998, 130845.644, 1.11321
190, 45.086, 1.0, 1000.0, 32.66667, 1.23313, 37538.148, 131038.986, 1.10417
191, 44.742, 1.0, 1000.0, 29.4, 1.15385, 37200.894, 131195.702, 1.08696
192, 44.39, 1.0, 1000.0, 30.42857, 1.16883, 36878.414, 131341.542, 1.08163
193, 44.084, 1.0, 800.0, 32.75, 1.17037, 36585.02, 131453.078, 1.06
194, 43.736, 1.0, 1000.0, 29.16667, 1.17419, 36253.524, 131607.458, 1.0625
195, 43.368, 1.0, 1000.0, 37.33333, 1.15476, 35896.776, 131780.486, 1.04762
196, 43.016, 1.0, 1000.0, 28.66667, 1.24667, 35550.082, 131944.742, 1.02857
197, 42.648, 1.0, 1000.0, 27.66667, 1.22876, 35215.43, 132102.648, 1.02703
198, 42.306, 1.0, 1000.0, 26.0, 1.19178, 34896.944, 132237.34, 1.02778
199, 41.944, 1.0, 1000.0, 31.0, 1.14815, 34571.858, 132389.828, 1.0
200, 41.548, 1.0, 1000.0, 33.25, 1.22699, 34210.106, 132571.544, 1.0
201, 41.196, 1.0, 1000.0, 38.0, 1.22297, 33881.024, 132716.384, 1.02632
202, 40.886, 1.0, 1000.0, 34.0, 1.12925, 33571.642, 132841.558, 1.03448
203, 40.59, 1.0, 1000.0, 26.0, 1.16794, 33286.028, 132941.774, 1.04
204, 40.294, 1.0, 1000.0, 26.66667, 1.14504, 33012.09, 133033.35, 1.03846
205, 39.972, 1.0, 1000.0, 26.0, 1.14685, 32706.182, 133155.784, 1.08333
206, 39.622, 1.0, 1000.0, 31.5, 1.18667, 32391.37, 133295.78, 1.07407
207, 39.278, 1.0, 1000.0, 24.5, 1.12821, 32072.592, 133431.482, 1.125
208, 38.938, 1.0, 1000.0, 26.0, 1.20833, 31756.816, 133562.238, 1.14286
209, 38.634, 1.0, 1000.0, 25.0, 1.17037, 31466.172, 133668.332, 1.05556
210, 38.278, 1.0, 1000.0, 29.75, 1.17532, 31149.798, 133806.132, 1.05263
211, 37.964, 0.0, 0.0, 0.0, 1.13669, 30858.918, 133910.662, 1.05556
212, 37.65, 1.0, 800.0, 30.5, 1.13475, 30576.116, 134014.748, 1.05
213, 37.324, 1.0, 1000.0, 31.25, 1.12414, 30284.35, 134128.25, 1.08696
214, 36.984, 1.0, 1000.0, 29.5, 1.17808, 29980.094, 134254.838, 1.08
215, 36.674, 0.0, 0.0, 0.0, 1.14599, 29693.87, 134355.658, 1.08696
216, 36.37, 1.0, 1000.0, 30.0, 1.13768, 29411.052, 134455.026, 1.0
217, 36.024, 1.0, 1000.0, 27.5, 1.22378, 29098.682, 134586.692, 1.0
218, 35.716, 1.0, 1000.0, 33.33333, 1.18182, 28822.048, 134683.682, 1.0
219, 35.394, 1.0, 1000.0, 34.0, 1.15603, 28533.432, 134794.262, 1.0
220, 35.116, 1.0, 1000.0, 33.0, 1.14516, 28269.608, 134875.312, 1.0
221, 34.86, 1.0, 1000.0, 27.0, 1.24272, 28031.026, 134932.26, 1.0
222, 34.542, 1.0, 1000.0, 30.0, 1.20741, 27738.1, 135043.314, 1.0
223, 34.288, 2.0, 1000.0, 32.5, 1.11017, 27500.442, 135100.8, 1.05882
224, 34.01, 1.0, 1000.0, 31.0, 1.10938, 27245.77, 135175.02, 1.0625
225, 33.748, 1.0, 1000.0, 30.16667, 1.16964, 27024.43, 135224.862, 1.09524
226, 33.532, 1.0, 1000.0, 30.5, 1.11224, 26824.586, 135245.27, 1.09091
227, 33.244, 1.0, 1000.0, 28.0, 1.22689, 26559.324, 135329.268, 1.09524
228, 32.956, 1.0, 1000.0, 29.5, 1.11278, 26298.3, 135411.414, 1.10526
229, 32.684, 1.0, 1000.0, 22.0, 1.18487, 26047.898, 135483.026, 1.05882
230, 32.392, 1.0, 1000.0, 26.5, 1.18548, 25787.642, 135563.088, 1.05556
231, 32.106, 0.0, 0.0, 0.0, 1.20833, 25529.342, 135639.124, 1.0625
232, 31.864, 1.0, 1000.0, 32.5, 1.11712, 25312.138, 135677.62, 1.06667
233, 31.584, 1.0, 1000.0, 25.0, 1.19658, 25066.896, 135742.028, 1.0625
234, 31.326, 1.0, 1000.0, 29.5, 1.17699, 24825.99, 135804.544, 1.0
235, 31.066, 1.0, 1000.0, 29.0, 1.18584, 24592.47, 135858.186, 1.0
236, 30.806, 0.0, 0.0, 0.0, 1.11864, 24353.776, 135915.73, 1.0
237, 30.546, 1.0, 1000.0, 30.66667, 1.06557, 24127.77, 135965.382, 1.0
238, 30.322, 1.0, 1000.0, 32.0, 1.08654, 23923.32, 135989.454, 1.0
239, 30.062, 1.0, 1000.0, 24.66667, 1.15652, 23690.146, 136046.752, 1.0
240, 29.81, 1.0, 1000.0, 30.0, 1.14286, 23469.3, 136089.694, 1.0
241, 29.572, 0.0, 0.0, 0.0, 1.16667, 23257.182, 136121.12, 1.0
242, 29.334, 1.0, 1000.0, 21.0, 1.17647, 23044.304, 136154.698, 1.0
243, 29.116, 1.0, 1000.0, 26.33333, 1.11224, 22855.046, 136169.388, 1.0
244, 28.924, 1.0, 1000.0, 26.0, 1.16471, 22675.314, 136170.73, 1.0
245, 28.722, 1.0, 1000.0, 24.5, 1.09574, 22495.114, 136174.24, 1.0
246, 28.508, 1.33333, 1000.0, 27.75, 1.04854, 22303.358, 136194.496, 1.0625
247, 28.214, 1.0, 1000.0, 33.0, 1.12782, 22057.104, 136263.654, 1.07143
248, 27.96, 1.0, 1000.0, 27.0, 1.12174, 21837.72, 136307.808, 1.07143
249, 27.738, 0.0, 0.0, 0.0, 1.09709, 21640.732, 136324.816, 1.08333
250, 27.496, 0.0, 0.0, 0.0, 1.09821, 21425.106, 136360.33, 1.1
251, 27.298, 1.0, 2000.0, 25.5, 1.1, 21251.692, 136358.278, 1.09091
252, 27.056, 1.0, 1000.0, 24.0, 1.15094, 21040.27, 136392.058, 1.09091
253, 26.838, 0.0, 0.0, 0.0, 1.08824, 20843.212, 136410.076, 1.11111
254, 26.596, 0.0, 0.0, 0.0, 1.14151, 20628.974, 136444.994, 1.11111
255, 26.366, 1.0, 1000.0, 28.0, 1.14706, 20433.482, 136466.856, 1.11111
256, 26.122, 0.0, 0.0, 0.0, 1.10619, 20217.098, 136505.294, 1.0
257, 25.9, 0.0, 0.0, 0.0, 1.12, 20021.392, 136523.488, 1.0
258, 25.65, 0.0, 0.0, 0.0, 1.10435, 19804.144, 136562.918, 1.0
259, 25.424, 1.0, 1000.0, 23.0, 1.11881, 19607.612, 136584.27, 1.0
260, 25.224, 0.0, 0.0, 0.0, 1.14943, 19431.838, 136581.992, 1.0
261, 25.04, 0.0, 0.0, 0.0, 1.0814, 19268.344, 136568.346, 1.0
262, 24.802, 0.0, 0.0, 0.0, 1.1215, 19059.212, 136599.982, 1.0
263, 24.59, 0.0, 0.0, 0.0, 1.12766, 18873.98, 136608.75, 1.0
264, 24.382, 1.0, 1000.0, 39.0, 1.05051, 18695.63, 136612.62, 1.0
265, 24.192, 0.0, 0.0, 0.0, 1.14118, 18525.462, 136606.596, 1.0
266, 23.968, 1.0, 1000.0, 35.0, 1.17895, 18334.988, 136623.914, 1.0
267, 23.76, 1.0, 1000.0, 35.5, 1.10638, 18159.534, 136627.614, 1.0
268, 23.564, 1.0, 1000.0, 26.0, 1.16667, 17991.946, 136621.142, 1.0
269, 23.344, 0.0, 0.0, 0.0, 1.13131, 17799.42, 136638.346, 1.0
270, 23.168, 1.0, 1000.0, 25.5, 1.06024, 17647.47, 136619.238, 1.0
271, 22.978, 1.0, 1000.0, 21.5, 1.06742, 17483.252, 136611.564, 1.0
272, 22.78, 1.0, 1000.0, 29.0, 1.1236, 17301.64, 136619.77, 1.0
273, 22.6, 1.0, 1000.0, 34.0, 1.07143, 17146.254, 136601.13, 1.0
274, 22.358, 1.0, 1000.0, 27.0, 1.16981, 16935.744, 136638.964, 1.0
275, 22.19, 0.0, 0.0, 0.0, 1.09091, 16790.432, 136610.15, 1.0
276, 22.034, 1.0, 1000.0, 29.0, 1.09722, 16652.412, 136575.782, 1.0
277, 21.876, 0.0, 0.0, 0.0, 1.05263, 16508.086, 136546.128, 1.0
278, 21.744, 0.0, 0.0, 0.0, 1.13559, 16384.834, 136495.632, 1.0
279, 21.53, 0.0, 0.0, 0.0, 1.10309, 16204.326, 136501.388, 1.0
280, 21.344, 1.0, 1000.0, 25.0, 1.12048, 16047.218, 136486.88, 1.0
281, 21.182, 0.0, 0.0, 0.0, 1.0375, 15903.228, 136457.908, 1.0
282, 21.016, 1.0, 1000.0, 39.0, 1.06329, 15760.964, 136429.754, 1.0
283, 20.816, 0.0, 0.0, 0.0, 1.05263, 15593.228, 136423.14, 1.0
284, 20.634, 0.0, 0.0, 0.0, 1.08235, 15430.088, 136413.28, 1.0
285, 20.468, 0.0, 0.0, 0.0, 1.0641, 15292.2, 136378.758, 1.0
286, 20.298, 0.0, 0.0, 0.0, 1.06173, 15149.642, 136349.348, 1.0
287, 20.126, 0.0, 0.0, 0.0, 1.13158, 15004.862, 136322.286, 1.0
288, 19.994, 0.0, 0.0, 0.0, 1.1, 14890.348, 136264.716, 1.0
289, 19.804, 0.0, 0.0, 0.0, 1.14458, 14735.282, 136247.324, 1.0
290, 19.64, 0.0, 0.0, 0.0, 1.10667, 14593.716, 136217.308, 1.0
291, 19.468, 0.0, 0.0, 0.0, 1.06173, 14449.948, 136190.482, 1.0
292, 19.316, 1.0, 1000.0, 25.0, 1.04054, 14320.71, 136150.702, 1.0
293, 19.152, 1.0, 1000.0, 28.0, 1.07895, 14185.454, 136116.144, 1.0
294, 18.976, 0.0, 0.0, 0.0, 1.04762, 14039.72, 136091.262, 1.0
295, 18.794, 0.0, 0.0, 0.0, 1.08235, 13889.536, 136070.896, 1.0
296, 18.66, 0.0, 0.0, 0.0, 1.09836, 13773.436, 136015.9, 1.0
297, 18.522, 0.0, 0.0, 0.0, 1.06154, 13659.272, 135960.086, 1.0
298, 18.332, 0.0, 0.0, 0.0, 1.06742, 13507.662, 135941.444, 1.0
299, 18.182, 0.0, 0.0, 0.0, 1.10294, 13384.0, 135894.728, 1.0
300, 18.044, 0.0, 0.0, 0.0, 1.04545, 13271.354, 135838.124, 1.0
301, 17.892, 0.0, 0.0, 0.0, 1.13433, 13141.414, 135798.962, 1.0
302, 17.724, 0.0, 0.0, 0.0, 1.13333, 12999.992, 135771.394, 0.0
303, 17.586, 0.0, 0.0, 0.0, 1.02985, 12885.164, 135717.03, 0.0
304, 17.464, 0.0, 0.0, 0.0, 1.0339, 12783.992, 135649.258, 0.0
305, 17.316, 0.0, 0.0, 0.0, 1.05714, 12660.378, 135602.992, 0.0
306, 17.172, 0.0, 0.0, 0.0, 1.04348, 12539.052, 135555.604, 0.0
307, 17.05, 0.0, 0.0, 0.0, 1.05172, 12436.168, 135489.298, 0.0
308, 16.936, 0.0, 0.0, 0.0, 1.11765, 12339.616, 135416.698, 0.0
309, 16.788, 0.0, 0.0, 0.0, 1.05714, 12215.116, 135372.874, 0.0
310, 16.692, 1.0, 1000.0, 34.0, 1.04348, 12132.428, 135289.152, 1.0
311, 16.566, 0.0, 0.0, 0.0, 1.05, 12023.524, 135230.32, 1.0
312, 16.464, 0.0, 0.0, 0.0, 1.08511, 11935.138, 135151.066, 1.0
313, 16.35, 0.0, 0.0, 0.0, 1.0, 11839.932, 135078.298, 1.0
314, 16.208, 1.0, 1000.0, 28.0, 1.0597, 11727.834, 135025.768, 1.0
315, 16.092, 0.0, 0.0, 0.0, 1.05455, 11631.292, 134954.632, 1.0
316, 15.944, 0.0, 0.0, 0.0, 1.01351, 11511.238, 134908.33, 1.0
317, 15.784, 0.0, 0.0, 0.0, 1.12676, 11383.144, 134869.304, 1.0
318, 15.616, 0.0, 0.0, 0.0, 1.06329, 11249.498, 134836.806, 1.0
319, 15.442, 0.0, 0.0, 0.0, 1.0875, 11111.286, 134809.664, 1.0
320, 15.322, 0.0, 0.0, 0.0, 1.01695, 11010.63, 134743.36, 1.0
321, 15.174, 0.0, 0.0, 0.0, 1.21311, 10893.476, 134693.18, 1.0
322, 15.078, 0.0, 0.0, 0.0, 1.04348, 10809.162, 134612.724, 1.0
323, 14.948, 0.0, 0.0, 0.0, 1.04839, 10702.594, 134553.388, 1.0
324, 14.812, 0.0, 0.0, 0.0, 1.07813, 10595.686, 134495.454, 0.0
325, 14.69, 1.0, 1000.0, 19.0, 1.0339, 10498.524, 134430.188, 1.0
326, 14.576, 0.0, 0.0, 0.0, 1.05556, 10408.87, 134354.402, 1.0
327, 14.462, 0.0, 0.0, 0.0, 1.11765, 10315.506, 134283.234, 1.0
328, 14.342, 0.0, 0.0, 0.0, 1.13208, 10220.448, 134213.46, 1.0
329, 14.218, 0.0, 0.0, 0.0, 1.08772, 10121.78, 134147.192, 1.0
330, 14.104, 0.0, 0.0, 0.0, 1.03636, 10029.348, 134074.95, 1.0
331, 14.028, 0.0, 0.0, 0.0, 1.02703, 9966.444, 133973.102, 1.0
332, 13.926, 0.0, 0.0, 0.0, 1.0, 9880.768, 133895.054, 1.0
333, 13.808, 0.0, 0.0, 0.0, 1.03509, 9789.328, 133823.304, 1.0
334, 13.71, 0.0, 0.0, 0.0, 1.06522, 9710.528, 133737.928, 1.0
335, 13.608, 0.0, 0.0, 0.0, 1.01961, 9624.846, 133659.448, 0.0
336, 13.5, 0.0, 0.0, 0.0, 1.01887, 9537.478, 133583.054, 0.0
337, 13.412, 1.0, 1000.0, 28.0, 1.04762, 9464.45, 133495.158, 1.0
338, 13.28, 1.0, 1000.0, 30.0, 1.06452, 9363.61, 133434.392, 1.0
339, 13.162, 0.0, 0.0, 0.0, 1.05357, 9271.82, 133363.664, 1.0
340, 13.048, 0.0, 0.0, 0.0, 1.11765, 9180.778, 133291.68, 1.0
341, 12.938, 0.0, 0.0, 0.0, 1.03774, 9092.75, 133218.088, 1.0
342, 12.85, 0.0, 0.0, 0.0, 1.04762, 9021.896, 133127.546, 1.0
343, 12.73, 0.0, 0.0, 0.0, 1.05263, 8926.842, 133061.814, 1.0
344, 12.63, 0.0, 0.0, 0.0, 1.08511, 8844.384, 132983.18, 1.0
345, 12.534, 0.0, 0.0, 0.0, 1.02128, 8771.314, 132894.808, 1.0
346, 12.434, 0.0, 0.0, 0.0, 1.04167, 8690.594, 132814.562, 1.0
347, 12.354, 0.0, 0.0, 0.0, 1.025, 8619.278, 132724.584, 0.0
348, 12.238, 0.0, 0.0, 0.0, 1.03571, 8528.156, 132654.174, 0.0
349, 12.116, 0.0, 0.0, 0.0, 1.08929, 8433.232, 132587.678, 0.0
350, 12.034, 0.0, 0.0, 0.0, 1.05128, 8360.004, 132500.268, 0.0
351, 11.932, 0.0, 0.0, 0.0, 1.02, 8279.292, 132420.49, 0.0
352, 11.826, 0.0, 0.0, 0.0, 1.08163, 8196.088, 132344.042, 0.0
353, 11.722, 0.0, 0.0, 0.0, 1.01961, 8115.912, 132264.402, 0.0
354, 11.616, 0.0, 0.0, 0.0, 1.06, 8032.916, 132188.138, 0.0
355, 11.496, 0.0, 0.0, 0.0, 1.03448, 7940.068, 132120.726, 0.0
356, 11.394, 0.0, 0.0, 0.0, 1.08511, 7862.166, 132039.012, 0.0
357, 11.288, 0.0, 0.0, 0.0, 1.08163, 7778.874, 131963.768, 0.0
358, 11.19, 0.0, 0.0, 0.0, 1.08889, 7704.01, 131879.654, 0.0
359, 11.088, 0.0, 0.0, 0.0, 1.1087, 7627.836, 131798.034, 0.0
360, 10.996, 0.0, 0.0, 0.0, 1.02222, 7556.426, 131710.25, 0.0
361, 10.902, 0.0, 0.0, 0.0, 1.06818, 7483.318, 131625.088, 0.0
362, 10.814, 0.0, 0.0, 0.0, 1.04762, 7416.444, 131533.386, 0.0
363, 10.732, 0.0, 0.0, 0.0, 1.07895, 7351.47, 131440.398, 0.0
364, 10.648, 0.0, 0.0, 0.0, 1.0, 7284.972, 131348.864, 0.0
365, 10.568, 0.0, 0.0, 0.0, 1.0, 7220.664, 131256.19, 0.0
366, 10.468, 0.0, 0.0, 0.0, 1.06383, 7144.962, 131175.928, 0.0
367, 10.406, 0.0, 0.0, 0.0, 1.0, 7094.1, 131070.118, 0.0
368, 10.306, 0.0, 0.0, 0.0, 1.02041, 7021.504, 130984.888, 0.0
369, 10.222, 0.0, 0.0, 0.0, 1.05, 6956.076, 130893.078, 0.0
370, 10.144, 0.0, 0.0, 0.0, 1.11429, 6893.096, 130798.55, 0.0
371, 10.06, 0.0, 0.0, 0.0, 1.05, 6828.198, 130707.358, 0.0
372, 9.962, 0.0, 0.0, 0.0, 1.04255, 6755.706, 130622.622, 0.0
373, 9.882, 0.0, 0.0, 0.0, 1.02564, 6695.168, 130525.84, 0.0
374, 9.802, 0.0, 0.0, 0.0, 1.05263, 6633.074, 130430.324, 0.0
375, 9.73, 0.0, 0.0, 0.0, 1.02857, 6576.73, 130329.468, 0.0
376, 9.638, 0.0, 0.0, 0.0, 1.02222, 6508.208, 130241.298, 0.0
377, 9.57, 0.0, 0.0, 0.0, 1.0303, 6455.18, 130137.85, 0.0
378, 9.45, 0.0, 0.0, 0.0, 1.09091, 6366.154, 130070.878, 0.0
379, 9.386, 0.0, 0.0, 0.0, 1.0, 6317.274, 129964.224, 0.0
380, 9.296, 0.0, 0.0, 0.0, 1.04651, 6250.676, 129876.116, 0.0
381, 9.218, 0.0, 0.0, 0.0, 1.05405, 6190.5, 129781.03, 0.0
382, 9.144, 0.0, 0.0, 0.0, 1.05714, 6133.656, 129682.424, 0.0
383, 9.066, 0.0, 0.0, 0.0, 1.05405, 6073.98, 129586.98, 0.0
384, 8.996, 0.0, 0.0, 0.0, 1.0, 6020.878, 129485.75, 0.0
385, 8.946, 0.0, 0.0, 0.0, 1.08696, 5981.504, 129371.142, 0.0
386, 8.894, 0.0, 0.0, 0.0, 1.08333, 5939.21, 129259.438, 0.0
387, 8.83, 0.0, 0.0, 0.0, 1.06667, 5890.354, 129154.258, 0.0
388, 8.774, 0.0, 0.0, 0.0, 1.0, 5846.454, 129044.084, 0.0
389, 8.688, 0.0, 0.0, 0.0, 1.02381, 5780.88, 128957.144, 0.0
390, 8.616, 0.0, 0.0, 0.0, 1.05882, 5726.582, 128858.152, 0.0
391, 8.55, 0.0, 0.0, 0.0, 1.03125, 5676.948, 128754.088, 0.0
392, 8.50701, 0.0, 0.0, 0.0, 1.03448, 5641.37475, 128648.438, 0.0
393, 8.44289, 0.0, 0.0, 0.0, 1.03226, 5593.41082, 128526.93387, 0.0
394, 8.36673, 0.0, 0.0, 0.0, 1.02703, 5535.19639, 128432.18236, 0.0
395, 8.28858, 0.0, 0.0, 0.0, 1.05405, 5474.65331, 128339.73948, 0.0
396, 8.21643, 0.0, 0.0, 0.0, 1.0, 5422.47094, 128239.30461, 0.0
397, 8.15431, 0.0, 0.0, 0.0, 1.03333, 5375.46693, 128134.14228, 0.0
398, 8.06613, 0.0, 0.0, 0.0, 1.02326, 5312.68938, 128044.67735, 0.0
399, 8.00802, 0.0, 0.0, 0.0, 1.03571, 5268.23447, 127937.4509, 0.0
400, 7.93387, 0.0, 0.0, 0.0, 1.0, 5213.88778, 127840.21242, 0.0
401, 7.84569, 0.0, 0.0, 0.0, 1.1, 5148.47295, 127754.63727, 0.0
402, 7.77756, 0.0, 0.0, 0.0, 1.0625, 5098.25852, 127652.94589, 0.0
403, 7.70942, 0.0, 0.0, 0.0, 1.0303, 5047.51102, 127552.59719, 0.0
404, 7.62725, 0.0, 0.0, 0.0, 1.05128, 4987.19439, 127461.21844, 0.0
405, 7.55511, 0.0, 0.0, 0.0, 1.0, 4935.69339, 127362.07615, 0.0
406, 7.49699, 0.0, 0.0, 0.0, 1.03571, 4891.90782, 127255.70942, 0.0
407, 7.43487, 0.0, 0.0, 0.0, 1.0, 4847.10621, 127149.67335, 0.0
408, 7.36747, 0.0, 0.0, 0.0, 1.05128, 4797.59839, 127058.97996, 0.0
409, 7.32129, 0.0, 0.0, 0.0, 1.04545, 4761.02811, 126943.7992, 0.0
410, 7.26707, 0.0, 0.0, 0.0, 1.03846, 4719.48394, 126835.251, 0.0
411, 7.21486, 0.0, 0.0, 0.0, 1.04, 4680.36948, 126724.85944, 0.0
412, 7.14257, 0.0, 0.0, 0.0, 1.02857, 4628.34538, 126627.13655, 0.0
413, 7.08032, 0.0, 0.0, 0.0, 1.0, 4583.28313, 126522.91365, 0.0
414, 7.04016, 0.0, 0.0, 0.0, 1.05263, 4552.07028, 126404.23896, 0.0
415, 6.96386, 0.0, 0.0, 0.0, 1.02703, 4493.06426, 126313.72892, 0.0
416, 6.91365, 0.0, 0.0, 0.0, 1.04167, 4454.74498, 126203.26707, 0.0
417, 6.86318, 0.0, 0.0, 0.0, 1.06667, 4417.14286, 126101.17871, 0.0
418, 6.81288, 0.0, 0.0, 0.0, 1.0, 4379.2173, 125979.6499, 0.0
419, 6.7666, 0.0, 0.0, 0.0, 1.04545, 4344.11066, 125865.63581, 0.0
420, 6.71429, 0.0, 0.0, 0.0, 1.08333, 4308.00805, 125754.17505, 0.0
421, 6.65191, 0.0, 0.0, 0.0, 1.06897, 4264.24145, 125650.48893, 0.0
422, 6.60563, 0.0, 0.0, 0.0, 1.0, 4231.02616, 125535.32394, 0.0
423, 6.55734, 0.0, 0.0, 0.0, 1.0, 4196.45272, 125421.34809, 0.0
424, 6.49497, 0.0, 0.0, 0.0, 1.03333, 4153.13078, 125315.65795, 0.0
425, 6.45272, 0.0, 0.0, 0.0, 1.05, 4121.02012, 125201.06841, 0.0
426, 6.4004, 0.0, 0.0, 0.0, 1.0, 4082.62575, 125092.74447, 0.0
427, 6.36419, 0.0, 0.0, 0.0, 1.0, 4055.2334, 124972.71026, 0.0
428, 6.31388, 0.0, 0.0, 0.0, 1.04167, 4019.26962, 124861.60362, 0.0
429, 6.28024, 0.0, 0.0, 0.0, 1.0, 3993.13911, 124749.03421, 0.0
430, 6.21976, 0.0, 0.0, 0.0, 1.11111, 3950.04234, 124634.86895, 0.0
431, 6.15927, 0.0, 0.0, 0.0, 1.11111, 3906.80645, 124531.35685, 0.0
432, 6.10484, 0.0, 0.0, 0.0, 1.0, 3867.54839, 124423.4496, 0.0
433, 6.06452, 0.0, 0.0, 0.0, 1.05263, 3837.99194, 124306.97581, 0.0
434, 6.01613, 0.0, 0.0, 0.0, 1.04348, 3802.70968, 124195.47581, 0.0
435, 5.96371, 0.0, 0.0, 0.0, 1.04, 3765.62298, 124087.21371, 0.0
436, 5.92742, 0.0, 0.0, 0.0, 1.0, 3738.40524, 123968.80847, 0.0
437, 5.87298, 0.0, 0.0, 0.0, 1.0, 3700.89113, 123861.14718, 0.0
438, 5.83065, 0.0, 0.0, 0.0, 1.0, 3670.44556, 123746.28831, 0.0
439, 5.7621, 0.0, 0.0, 0.0, 1.0, 3623.90927, 123648.57056, 0.0
440, 5.73185, 0.0, 0.0, 0.0, 1.0, 3600.81653, 123525.70766, 0.0
441, 5.68347, 0.0, 0.0, 0.0, 1.0, 3567.42944, 123413.80242, 0.0
442, 5.64848, 0.0, 0.0, 0.0, 1.0, 3539.8303, 123303.3125, 0.0
443, 5.61943, 0.0, 0.0, 0.0, 1.0, 3518.64575, 123181.53131, 0.0
444, 5.56883, 0.0, 0.0, 0.0, 1.04167, 3481.96154, 123074.7247, 0.0
445, 5.54656, 0.0, 0.0, 0.0, 1.0, 3463.74089, 122949.36032, 0.0
446, 5.48785, 0.0, 0.0, 0.0, 1.0, 3422.62348, 122846.03846, 0.0
447, 5.4251, 0.0, 0.0, 0.0, 1.0, 3379.73077, 122745.26113, 0.0
448, 5.36235, 0.0, 0.0, 0.0, 1.0, 3336.4251, 122643.71255, 0.0
449, 5.32996, 0.0, 0.0, 0.0, 1.0, 3312.02834, 122525.06073, 0.0
450, 5.30162, 0.0, 0.0, 0.0, 1.0, 3290.43927, 122403.97773, 0.0
451, 5.26316, 0.0, 0.0, 0.0, 1.0, 3264.24494, 122286.93522, 0.0
452, 5.21053, 0.0, 0.0, 0.0, 1.0, 3227.31174, 122181.5, 0.0
453, 5.15587, 0.0, 0.0, 0.0, 1.03846, 3189.13563, 122076.35628, 0.0
454, 5.11336, 0.0, 0.0, 0.0, 1.10526, 3159.0668, 121963.84818, 0.0
455, 5.07287, 0.0, 0.0, 0.0, 1.05263, 3130.51417, 121849.98381, 0.0
456, 5.03644, 0.0, 0.0, 0.0, 1.05882, 3104.32794, 121733.24291, 0.0
457, 4.99393, 0.0, 0.0, 0.0, 1.05, 3073.87247, 121620.95547, 0.0
458, 4.95749, 0.0, 0.0, 0.0, 1.0, 3047.32794, 121505.74696, 0.0
459, 4.91093, 0.0, 0.0, 0.0, 1.0, 3015.36437, 121395.52024, 0.0
460, 4.87449, 0.0, 0.0, 0.0, 1.0, 2990.87247, 121277.76721, 0.0
461, 4.82794, 0.0, 0.0, 0.0, 1.0, 2959.38259, 121167.89271, 0.0
462, 4.80364, 0.0, 0.0, 0.0, 1.0, 2942.69636, 121043.86437, 0.0
463, 4.75304, 0.0, 0.0, 0.0, 1.08696, 2907.92105, 120936.88462, 0.0
464, 4.71457, 0.0, 0.0, 0.0, 1.0, 2882.49595, 120822.17409, 0.0
465, 4.67546, 0.0, 0.0, 0.0, 1.04348, 2854.28398, 120715.0587, 0.0
466, 4.63821, 0.0, 0.0, 0.0, 1.04545, 2827.78252, 120599.93306, 0.0
467, 4.61179, 0.0, 0.0, 0.0, 1.0, 2808.92683, 120471.22764, 0.0
468, 4.56415, 0.0, 0.0, 0.0, 1.03704, 2776.50713, 120370.88821, 0.0
469, 4.5112, 0.0, 0.0, 0.0, 1.0, 2741.35438, 120263.06517, 0.0
470, 4.48571, 0.0, 0.0, 0.0, 1.0, 2721.3551, 120149.0611, 0.0
471, 4.46421, 0.0, 0.0, 0.0, 1.0, 2705.15951, 120023.62857, 0.0
472, 4.43149, 0.0, 0.0, 0.0, 1.0, 2682.20654, 119902.06748, 0.0
473, 4.39673, 0.0, 0.0, 0.0, 1.0, 2658.88548, 119785.34356, 0.0
474, 4.37423, 0.0, 0.0, 0.0, 1.0, 2642.13497, 119661.93865, 0.0
475, 4.34765, 0.0, 0.0, 0.0, 1.08333, 2621.76483, 119542.68507, 0.0
476, 4.31493, 0.0, 0.0, 0.0, 1.0, 2599.10225, 119426.0818, 0.0
477, 4.2863, 0.0, 0.0, 0.0, 1.07692, 2578.68712, 119307.61145, 0.0
478, 4.25562, 0.0, 0.0, 0.0, 1.0, 2557.11043, 119190.20654, 0.0
479, 4.23108, 0.0, 0.0, 0.0, 1.0, 2538.7771, 119070.00204, 0.0
480, 4.20082, 0.0, 0.0, 0.0, 1.0, 2519.02459, 118957.43967, 0.0
481, 4.16803, 0.0, 0.0, 0.0, 1.0, 2495.82787, 118844.47336, 0.0
482, 4.1291, 0.0, 0.0, 0.0, 1.0, 2467.30943, 118734.98566, 0.0
483, 4.10678, 0.0, 0.0, 0.0, 1.07143, 2450.61602, 118618.84631, 0.0
484, 4.08008, 0.0, 0.0, 0.0, 1.0, 2431.32649, 118498.31211, 0.0
485, 4.04312, 0.0, 0.0, 0.0, 1.0, 2406.76797, 118385.81314, 0.0
486, 4.01232, 0.0, 0.0, 0.0, 1.07143, 2385.97125, 118269.04312, 0.0
487, 3.97942, 0.0, 0.0, 0.0, 1.0, 2363.60494, 118158.42505, 0.0
488, 3.95258, 0.0, 0.0, 0.0, 1.0625, 2344.98351, 118041.7572, 0.0
489, 3.91134, 0.0, 0.0, 0.0, 1.05263, 2318.18763, 117923.51959, 0.0
490, 3.88247, 0.0, 0.0, 0.0, 1.0, 2298.26186, 117806.82887, 0.0
491, 3.84536, 0.0, 0.0, 0.0, 1.0, 2274.70309, 117693.33608, 0.0
492, 3.81856, 0.0, 0.0, 0.0, 1.0, 2255.63505, 117576.75258, 0.0
493, 3.78763, 0.0, 0.0, 0.0, 1.0, 2237.92165, 117457.05979, 0.0
494, 3.75876, 0.0, 0.0, 0.0, 1.0, 2218.5299, 117340.00619, 0.0
495, 3.72784, 0.0, 0.0, 0.0, 1.0, 2197.45361, 117225.54227, 0.0
496, 3.69278, 0.0, 0.0, 0.0, 1.0, 2175.71753, 117111.22268, 0.0
497, 3.66804, 0.0, 0.0, 0.0, 1.0, 2158.50928, 116992.29072, 0.0
498, 3.64536, 0.0, 0.0, 0.0, 1.0, 2142.33814, 116872.23711, 0.0
499, 3.62062, 0.0, 0.0, 0.0, 1.09091, 2125.38144, 116753.64948, 0.0
500, 3.58763, 0.0, 0.0, 0.0, 1.06667, 2103.77113, 116639.40825, 0.0
501, 3.56315, 0.0, 0.0, 0.0, 1.0, 2087.66667, 116529.04536, 0.0
502, 3.5383, 0.0, 0.0, 0.0, 1.0, 2070.60663, 116400.3354, 0.0
503, 3.50311, 0.0, 0.0, 0.0, 1.0, 2048.15321, 116288.04762, 0.0
504, 3.47412, 0.0, 0.0, 0.0, 1.0, 2028.85093, 116171.89234, 0.0
505, 3.46266, 0.0, 0.0, 0.0, 1.0, 2019.87967, 116050.2029, 0.0
506, 3.42116, 0.0, 0.0, 0.0, 1.0, 1992.98133, 115939.6473, 0.0
507, 3.39419, 0.0, 0.0, 0.0, 1.08333, 1974.84647, 115822.92116, 0.0
508, 3.3904, 0.0, 0.0, 0.0, 1.0, 1970.40501, 115706.41494, 0.0
509, 3.35073, 0.0, 0.0, 0.0, 1.0, 1947.52818, 115577.9833, 0.0
510, 3.30898, 0.0, 0.0, 0.0, 1.0, 1920.6618, 115471.15658, 0.0
511, 3.28243, 0.0, 0.0, 0.0, 1.06667, 1903.01046, 115359.09186, 0.0
512, 3.25314, 0.0, 0.0, 0.0, 1.0, 1884.14644, 115243.19038, 0.0
513, 3.23061, 0.0, 0.0, 0.0, 1.0, 1868.84486, 115129.36402, 0.0
514, 3.21218, 0.0, 0.0, 0.0, 1.09091, 1855.55462, 115010.84486, 0.0
515, 3.18487, 0.0, 0.0, 0.0, 1.08333, 1837.07353, 114893.92647, 0.0
516, 3.16667, 0.0, 0.0, 0.0, 1.0, 1824.39873, 114781.93067, 0.0
517, 3.14376, 0.0, 0.0, 0.0, 1.0, 1808.77378, 114660.50211, 0.0
518, 3.11017, 0.0, 0.0, 0.0, 1.05556, 1787.68644, 114545.64693, 0.0
519, 3.1, 0.0, 0.0, 0.0, 1.0, 1779.08723, 114424.63983, 0.0
520, 3.07021, 0.0, 0.0, 0.0, 1.0, 1760.88085, 114303.24468, 0.0
521, 3.04468, 0.0, 0.0, 0.0, 1.0, 1743.98298, 114188.07234, 0.0
522, 3.02553, 0.0, 0.0, 0.0, 1.0, 1731.28511, 114069.23617, 0.0
523, 3.0, 0.0, 0.0, 0.0, 1.0, 1714.33191, 113954.32553, 0.0
524, 2.98085, 0.0, 0.0, 0.0, 1.0, 1701.5234, 113836.34468, 0.0
525, 2.9617, 0.0, 0.0, 0.0, 1.0, 1690.16383, 113716.37021, 0.0
526, 2.95096, 0.0, 0.0, 0.0, 1.0, 1682.0064, 113596.50213, 0.0
527, 2.92949, 0.0, 0.0, 0.0, 1.08333, 1668.80983, 113479.79957, 0.0
528, 2.91453, 0.0, 0.0, 0.0, 1.0, 1658.49786, 113359.08761, 0.0
529, 2.89957, 0.0, 0.0, 0.0, 1.0, 1648.35897, 113238.14103, 0.0
530, 2.88651, 0.0, 0.0, 0.0, 1.125, 1639.17559, 113120.29701, 0.0
531, 2.86724, 0.0, 0.0, 0.0, 1.125, 1626.45824, 112996.61456, 0.0
532, 2.84764, 0.0, 0.0, 0.0, 1.09091, 1613.50215, 112881.43041, 0.0
533, 2.8355, 0.0, 0.0, 0.0, 1.0, 1604.76623, 112768.48283, 0.0
534, 2.82213, 0.0, 0.0, 0.0, 1.0, 1594.81996, 112642.41342, 0.0
535, 2.81046, 0.0, 0.0, 0.0, 1.0, 1586.25272, 112518.91106, 0.0
536, 2.79431, 0.0, 0.0, 0.0, 1.0, 1575.56018, 112397.28105, 0.0
537, 2.76805, 0.0, 0.0, 0.0, 1.09091, 1558.4267, 112276.15317, 0.0
538, 2.74945, 0.0, 0.0, 0.0, 1.0, 1545.92308, 112165.53829, 0.0
539, 2.73407, 0.0, 0.0, 0.0, 1.0, 1535.6967, 112038.01319, 0.0
540, 2.72848, 0.0, 0.0, 0.0, 1.0, 1530.80132, 111922.31868, 0.0
541, 2.72124, 0.0, 0.0, 0.0, 1.0, 1525.26991, 111789.73731, 0.0
542, 2.70953, 0.0, 0.0, 0.0, 1.0, 1516.85366, 111667.39381, 0.0
543, 2.68667, 0.0, 0.0, 0.0, 1.0, 1501.81556, 111554.83592, 0.0
544, 2.66815, 0.0, 0.0, 0.0, 1.0, 1490.45212, 111433.53111, 0.0
545, 2.65625, 0.0, 0.0, 0.0, 1.0, 1482.16964, 111315.47884, 0.0
546, 2.63901, 0.0, 0.0, 0.0, 1.08333, 1469.52691, 111206.8192, 0.0
547, 2.60987, 0.0, 0.0, 0.0, 1.0, 1452.57848, 111092.8991, 0.0
548, 2.60449, 0.0, 0.0, 0.0, 1.0, 1448.03146, 110972.89013, 0.0
549, 2.59234, 0.0, 0.0, 0.0, 1.0, 1435.40541, 110854.33483, 0.0
550, 2.59318, 0.0, 0.0, 0.0, 1.0, 1435.20455, 110733.71622, 0.0
551, 2.57955, 0.0, 0.0, 0.0, 1.0, 1425.95682, 110599.72045, 0.0
552, 2.55936, 0.0, 0.0, 0.0, 1.07692, 1412.98174, 110491.625, 0.0
553, 2.54462, 0.0, 0.0, 0.0, 1.0, 1404.373, 110374.37443, 0.0
554, 2.52294, 0.0, 0.0, 0.0, 1.0, 1389.5367, 110259.59039, 0.0
555, 2.50229, 0.0, 0.0, 0.0, 1.0, 1375.58028, 110146.07798, 0.0
556, 2.4873, 0.0, 0.0, 0.0, 1.0, 1365.38106, 110038.24771, 0.0
557, 2.45833, 0.0, 0.0, 0.0, 1.0, 1347.91667, 109923.3164, 0.0
558, 2.44084, 0.0, 0.0, 0.0, 1.0, 1337.88863, 109805.96991, 0.0
559, 2.41725, 0.0, 0.0, 0.0, 1.0, 1323.18648, 109695.27146, 0.0
560, 2.40326, 0.0, 0.0, 0.0, 1.0, 1313.80653, 109568.69464, 0.0
561, 2.38551, 0.0, 0.0, 0.0, 1.0, 1302.8528, 109455.52448, 0.0
562, 2.38915, 0.0, 0.0, 0.0, 1.0, 1303.45519, 109336.49065, 0.0
563, 2.38005, 0.0, 0.0, 0.0, 1.0, 1296.82423, 109218.81132, 0.0
564, 2.37619, 0.0, 0.0, 0.0, 1.0, 1293.02143, 109092.60095, 0.0
565, 2.36038, 0.0, 0.0, 0.0, 1.0, 1282.77327, 108980.19524, 0.0
566, 2.33493, 0.0, 0.0, 0.0, 1.0, 1266.5311, 108870.61814, 0.0
567, 2.32614, 0.0, 0.0, 0.0, 1.0, 1260.33094, 108753.3756, 0.0
568, 2.30529, 0.0, 0.0, 0.0, 1.1, 1247.44231, 108640.506, 0.0
569, 2.29952, 0.0, 0.0, 0.0, 1.0, 1242.35749, 108521.88942, 0.0
570, 2.27603, 0.0, 0.0, 0.0, 1.0, 1228.56174, 108409.41787, 0.0
571, 2.27073, 0.0, 0.0, 0.0, 1.0, 1223.9561, 108292.56659, 0.0
572, 2.26585, 0.0, 0.0, 0.0, 1.0, 1221.25122, 108160.60976, 0.0
573, 2.26536, 0.0, 0.0, 0.0, 1.0, 1219.57985, 108046.62927, 0.0
574, 2.25679, 0.0, 0.0, 0.0, 1.0, 1213.55309, 107933.88698, 0.0
575, 2.25062, 0.0, 0.0, 0.0, 1.0, 1209.71464, 107810.07407, 0.0
576, 2.23821, 0.0, 0.0, 0.0, 1.0, 1202.8536, 107687.8139, 0.0
577, 2.23134, 0.0, 0.0, 0.0, 1.0, 1197.26617, 107571.0, 0.0
578, 2.21393, 0.0, 0.0, 0.0, 1.0, 1186.64677, 107452.5597, 0.0
579, 2.2075, 0.0, 0.0, 0.0, 1.0, 1182.07, 107339.72637, 0.0
580, 2.1725, 0.0, 0.0, 0.0, 1.0, 1163.52, 107228.74, 0.0
581, 2.15789, 0.0, 0.0, 0.0, 1.0, 1154.22306, 107117.925, 0.0
582, 2.14536, 0.0, 0.0, 0.0, 1.0, 1146.46867, 106997.91729, 0.0
583, 2.13636, 0.0, 0.0, 0.0, 1.0, 1139.2904, 106890.71178, 0.0
584, 2.12944, 0.0, 0.0, 0.0, 1.0, 1134.55584, 106773.84848, 0.0
585, 2.12276, 0.0, 0.0, 0.0, 1.0, 1129.10742, 106654.95685, 0.0
586, 2.10486, 0.0, 0.0, 0.0, 1.0, 1118.51151, 106545.2532, 0.0
587, 2.09974, 0.0, 0.0, 0.0, 1.0, 1114.45013, 106426.45269, 0.0
588, 2.09536, 0.0, 0.0, 0.0, 1.0, 1110.52577, 106317.06905, 0.0
589, 2.08527, 0.0, 0.0, 0.0, 1.0, 1104.20672, 106195.20619, 0.0
590, 2.06977, 0.0, 0.0, 0.0, 1.0, 1094.68217, 106076.60207, 0.0
591, 2.06202, 0.0, 0.0, 0.0, 1.0, 1088.23514, 105961.78811, 0.0
592, 2.05699, 0.0, 0.0, 0.0, 1.0, 1084.47668, 105846.07235, 0.0
593, 2.04416, 0.0, 0.0, 0.0, 1.0, 1076.4, 105733.56477, 0.0
594, 2.03125, 0.0, 0.0, 0.0, 1.0, 1068.41146, 105617.50649, 0.0
595, 2.02089, 0.0, 0.0, 0.0, 1.0, 1061.70235, 105502.47396, 0.0
596, 1.99478, 0.0, 0.0, 0.0, 1.0, 1046.99739, 105386.01044, 0.0
597, 1.97906, 0.0, 0.0, 0.0, 1.0, 1035.98429, 105278.05222, 0.0
598, 1.9712, 0.0, 0.0, 0.0, 1.0, 1030.32461, 105154.89791, 0.0
599, 1.95526, 0.0, 0.0, 0.0, 1.0, 1020.42368, 105049.43194, 0.0
600, 1.95515, 0.0, 0.0, 0.0, 1.0, 1019.15831, 104931.06053, 0.0
601, 1.94723, 0.0, 0.0, 0.0, 1.0, 1013.80739, 104811.69657, 0.0
602, 1.93899, 0.0, 0.0, 0.0, 1.0, 1008.56764, 104701.98681, 0.0
603, 1.92819, 0.0, 0.0, 0.0, 1.0, 1001.76064, 104600.32626, 0.0
604, 1.91223, 0.0, 0.0, 0.0, 1.0, 992.20213, 104479.67287, 0.0
605, 1.90691, 0.0, 0.0, 0.0, 1.0, 988.31649, 104363.49734, 0.0
606, 1.89362, 0.0, 0.0, 0.0, 1.0, 980.40957, 104250.94681, 0.0
607, 1.88, 0.0, 0.0, 0.0, 1.0, 973.21867, 104141.29787, 0.0
608, 1.86364, 0.0, 0.0, 0.0, 1.0, 964.34225, 104028.65067, 0.0
609, 1.85255, 0.0, 0.0, 0.0, 1.0, 957.75603, 103910.60428, 0.0
610, 1.82842, 0.0, 0.0, 0.0, 1.0, 944.52547, 103796.98391, 0.0
611, 1.8248, 0.0, 0.0, 0.0, 1.0, 941.47709, 103685.93298, 0.0
612, 1.81892, 0.0, 0.0, 0.0, 1.0, 937.37568, 103572.10243, 0.0
613, 1.80811, 0.0, 0.0, 0.0, 1.0, 930.7027, 103455.48378, 0.0
614, 1.80217, 0.0, 0.0, 0.0, 1.0, 926.53117, 103342.50811, 0.0
615, 1.78747, 0.0, 0.0, 0.0, 1.0, 917.52589, 103234.46341, 0.0
616, 1.77049, 0.0, 0.0, 0.0, 1.0, 909.21585, 103112.56403, 0.0
617, 1.76438, 0.0, 0.0, 0.0, 1.0, 904.83562, 102996.0765, 0.0
618, 1.75414, 0.0, 0.0, 0.0, 1.0, 898.3895, 102884.01096, 0.0
619, 1.74444, 0.0, 0.0, 0.0, 1.0, 892.31667, 102768.72928, 0.0
620, 1.73259, 0.0, 0.0, 0.0, 1.0, 885.40669, 102649.98611, 0.0
621, 1.72981, 0.0, 0.0, 0.0, 1.0, 882.96936, 102530.49582, 0.0
622, 1.71309, 0.0, 0.0, 0.0, 1.0, 873.14763, 102422.29805, 0.0
623, 1.7095, 0.0, 0.0, 0.0, 1.0, 870.2095, 102309.97772, 0.0
624, 1.70308, 0.0, 0.0, 0.0, 1.0, 865.84034, 102194.58659, 0.0
625, 1.69209, 0.0, 0.0, 0.0, 1.0, 859.03672, 102089.51541, 0.0
626, 1.67989, 0.0, 0.0, 0.0, 1.0, 851.96884, 101987.67514, 0.0
627, 1.67236, 0.0, 0.0, 0.0, 1.0, 846.99145, 101874.31161, 0.0
628, 1.67049, 0.0, 0.0, 0.0, 1.0, 844.89398, 101762.63818, 0.0
629, 1.67241, 0.0, 0.0, 0.0, 1.0, 845.2931, 101642.38395, 0.0
630, 1.67052, 0.0, 0.0, 0.0, 1.0, 843.21676, 101537.57759, 0.0
631, 1.67055, 0.0, 0.0, 0.0, 1.0, 842.34402, 101427.16185, 0.0
632, 1.66374, 0.0, 0.0, 0.0, 1.0, 839.38596, 101311.38776, 0.0
633, 1.66667, 0.0, 0.0, 0.0, 1.0, 840.059, 101200.79532, 0.0
634, 1.65192, 0.0, 0.0, 0.0, 1.0, 831.79941, 101090.24484, 0.0
635, 1.64793, 0.0, 0.0, 0.0, 1.0, 828.95858, 100979.65487, 0.0
636, 1.64286, 0.0, 0.0, 0.0, 1.0, 825.58333, 100867.42604, 0.0
637, 1.63473, 0.0, 0.0, 0.0, 1.0, 820.47605, 100754.75, 0.0
638, 1.61677, 0.0, 0.0, 0.0, 1.0, 810.38922, 100636.68263, 0.0
639, 1.5976, 0.0, 0.0, 0.0, 1.0, 799.67568, 100533.48204, 0.0
640, 1.59639, 0.0, 0.0, 0.0, 1.0, 798.22289, 100415.28829, 0.0
641, 1.58967, 0.0, 0.0, 0.0, 1.0, 794.2766, 100303.74398, 0.0
642, 1.59021, 0.0, 0.0, 0.0, 1.0, 793.57798, 100180.40729, 0.0
643, 1.58769, 0.0, 0.0, 0.0, 1.0, 792.88615, 100067.11009, 0.0
644, 1.58769, 0.0, 0.0, 0.0, 0.0, 791.99692, 99949.42769, 0.0
645, 1.58514, 0.0, 0.0, 0.0, 1.0, 789.95046, 99841.91385, 0.0
646, 1.58696, 0.0, 0.0, 0.0, 1.0, 790.00311, 99719.91331, 0.0
647, 1.58438, 0.0, 0.0, 0.0, 1.0, 787.82813, 99610.44099, 0.0
648, 1.57813, 0.0, 0.0, 0.0, 1.0, 783.64063, 99489.0875, 0.0
649, 1.57813, 0.0, 0.0, 0.0, 0.0, 782.79063, 99375.29688, 0.0
650, 1.57188, 0.0, 0.0, 0.0, 1.0, 778.76875, 99264.29063, 0.0
651, 1.56113, 0.0, 0.0, 0.0, 1.0, 772.46082, 99159.0875, 0.0
652, 1.5538, 0.0, 0.0, 0.0, 1.0, 767.87342, 99055.01254, 0.0
653, 1.53797, 0.0, 0.0, 0.0, 1.0, 758.98101, 98942.55063, 0.0
654, 1.53674, 0.0, 0.0, 0.0, 1.0, 757.79233, 98837.79114, 0.0
655, 1.52412, 0.0, 0.0, 0.0, 1.0, 750.77814, 98734.57188, 0.0
656, 1.51935, 0.0, 0.0, 0.0, 1.0, 747.60323, 98620.38907, 0.0
657, 1.51299, 0.0, 0.0, 0.0, 1.0, 743.55519, 98511.8871, 0.0
658, 1.50654, 0.0, 0.0, 0.0, 1.0, 739.49346, 98403.25649, 0.0
659, 1.5, 0.0, 0.0, 0.0, 1.0, 735.55229, 98282.82353, 0.0
660, 1.50165, 0.0, 0.0, 0.0, 1.0, 735.29043, 98176.83007, 0.0
661, 1.49835, 0.0, 0.0, 0.0, 1.0, 732.91089, 98055.9703, 0.0
662, 1.5, 0.0, 0.0, 0.0, 1.0, 733.07947, 97945.86139, 0.0
663, 1.49834, 0.0, 0.0, 0.0, 1.0, 731.39203, 97830.40066, 0.0
664, 1.49502, 0.0, 0.0, 0.0, 1.0, 729.01661, 97718.85714, 0.0
665, 1.49664, 0.0, 0.0, 0.0, 1.0, 728.98658, 97614.93023, 0.0
666, 1.49324, 0.0, 0.0, 0.0, 1.0, 725.39189, 97503.90604, 0.0
667, 1.4932, 0.0, 0.0, 0.0, 1.0, 724.79592, 97386.53378, 0.0
668, 1.49147, 0.0, 0.0, 0.0, 1.0, 723.30034, 97276.45578, 0.0
669, 1.49141, 0.0, 0.0, 0.0, 1.0, 722.39863, 97161.61092, 0.0
670, 1.49306, 0.0, 0.0, 0.0, 1.0, 722.03819, 97047.74914, 0.0
671, 1.49477, 0.0, 0.0, 0.0, 1.0, 721.91986, 96940.59375, 0.0
672, 1.49123, 0.0, 0.0, 0.0, 1.0, 716.81754, 96834.68293, 0.0
673, 1.48936, 0.0, 0.0, 0.0, 1.0, 715.10638, 96723.47018, 0.0
674, 1.48582, 0.0, 0.0, 0.0, 1.0, 712.42199, 96608.92908, 0.0
675, 1.47163, 0.0, 0.0, 0.0, 1.0, 704.75532, 96504.93262, 0.0
676, 1.47163, 0.0, 0.0, 0.0, 0.0, 703.93972, 96393.59929, 0.0
677, 1.47163, 0.0, 0.0, 0.0, 0.0, 703.21277, 96283.01064, 0.0
678, 1.46071, 0.0, 0.0, 0.0, 1.0, 697.09286, 96183.87589, 0.0
679, 1.45714, 0.0, 0.0, 0.0, 1.0, 694.50714, 96071.94643, 0.0
680, 1.45161, 0.0, 0.0, 0.0, 1.0, 690.79211, 95967.45357, 0.0
681, 1.45487, 0.0, 0.0, 0.0, 1.0, 691.88087, 95861.2509, 0.0
682, 1.45487, 0.0, 0.0, 0.0, 0.0, 691.09747, 95738.10108, 0.0
683, 1.44404, 0.0, 0.0, 0.0, 1.0, 686.87726, 95632.25271, 0.0
684, 1.44404, 0.0, 0.0, 0.0, 0.0, 686.12996, 95522.90975, 0.0
685, 1.43223, 0.0, 0.0, 0.0, 1.0, 679.61172, 95430.59567, 0.0
686, 1.43173, 0.0, 0.0, 0.0, 1.0, 678.35424, 95315.14652, 0.0
687, 1.43333, 0.0, 0.0, 0.0, 1.0, 676.9037, 95201.54613, 0.0
688, 1.43446, 0.0, 0.0, 0.0, 1.0, 676.59176, 95099.29259, 0.0
689, 1.42857, 0.0, 0.0, 0.0, 1.0, 672.91729, 94990.08614, 0.0
690, 1.41985, 0.0, 0.0, 0.0, 1.0, 666.62214, 94898.77444, 0.0
691, 1.41313, 0.0, 0.0, 0.0, 1.2, 662.41313, 94807.03053, 0.0
692, 1.41473, 0.0, 0.0, 0.0, 1.0, 662.43411, 94709.55212, 0.0
693, 1.41245, 0.0, 0.0, 0.0, 1.0, 660.42412, 94598.53101, 0.0
694, 1.40784, 0.0, 0.0, 0.0, 1.0, 656.72941, 94494.25681, 0.0
695, 1.40945, 0.0, 0.0, 0.0, 1.0, 656.64961, 94384.75686, 0.0
696, 1.40079, 0.0, 0.0, 0.0, 1.0, 651.71429, 94284.18898, 0.0
697, 1.38956, 0.0, 0.0, 0.0, 1.0, 645.50201, 94193.71032, 0.0
698, 1.39271, 0.0, 0.0, 0.0, 1.0, 646.06478, 94072.50201, 0.0
699, 1.38462, 0.0, 0.0, 0.0, 1.0, 641.44534, 93953.89879, 0.0
700, 1.38367, 0.0, 0.0, 0.0, 1.0, 639.86939, 93852.7004, 0.0
701, 1.3786, 0.0, 0.0, 0.0, 1.0, 636.33745, 93752.82857, 0.0
702, 1.38333, 0.0, 0.0, 0.0, 1.0, 637.65417, 93645.61728, 0.0
703, 1.38723, 0.0, 0.0, 0.0, 1.0, 638.44255, 93551.4125, 0.0
704, 1.38197, 0.0, 0.0, 0.0, 1.0, 635.27468, 93440.85957, 0.0
705, 1.37339, 0.0, 0.0, 0.0, 1.0, 630.3691, 93323.24464, 0.0
706, 1.375, 0.0, 0.0, 0.0, 1.0, 630.38362, 93220.44206, 0.0
707, 1.37391, 0.0, 0.0, 0.0, 1.0, 628.96957, 93113.23276, 0.0
708, 1.36842, 0.0, 0.0, 0.0, 1.0, 625.8114, 93017.88696, 0.0
709, 1.35965, 0.0, 0.0, 0.0, 1.0, 620.74561, 92900.36404, 0.0
710, 1.35526, 0.0, 0.0, 0.0, 1.0, 617.87719, 92797.65351, 0.0
711, 1.35398, 0.0, 0.0, 0.0, 1.0, 616.70796, 92698.75877, 0.0
712, 1.35398, 0.0, 0.0, 0.0, 0.0, 616.12832, 92594.40265, 0.0
713, 1.34071, 0.0, 0.0, 0.0, 1.0, 609.32743, 92495.63274, 0.0
714, 1.33186, 0.0, 0.0, 0.0, 1.0, 604.52655, 92394.0354, 0.0
715, 1.32301, 0.0, 0.0, 0.0, 1.0, 599.71681, 92292.03982, 0.0
716, 1.32143, 0.0, 0.0, 0.0, 1.0, 598.00446, 92194.32743, 0.0
717, 1.31696, 0.0, 0.0, 0.0, 1.0, 595.28571, 92084.36161, 0.0
718, 1.31696, 0.0, 0.0, 0.0, 0.0, 594.54018, 91978.01339, 0.0
719, 1.30357, 0.0, 0.0, 0.0, 1.0, 587.91071, 91878.02232, 0.0
720, 1.30909, 0.0, 0.0, 0.0, 1.0, 589.52273, 91781.57589, 0.0
721, 1.30594, 0.0, 0.0, 0.0, 1.0, 587.05936, 91681.93636, 0.0
722, 1.30876, 0.0, 0.0, 0.0, 1.0, 587.78341, 91574.21005, 0.0
723, 1.30233, 0.0, 0.0, 0.0, 1.0, 583.74884, 91482.36866, 0.0
724, 1.30374, 0.0, 0.0, 0.0, 1.0, 583.90187, 91372.70698, 0.0
725, 1.3066, 0.0, 0.0, 0.0, 1.0, 584.41509, 91267.26168, 0.0
726, 1.30332, 0.0, 0.0, 0.0, 1.0, 582.24171, 91159.23113, 0.0
727, 1.30332, 0.0, 0.0, 0.0, 0.0, 581.67773, 91064.01896, 0.0
728, 1.30144, 0.0, 0.0, 0.0, 1.0, 580.37321, 90967.3128, 0.0
729, 1.30583, 0.0, 0.0, 0.0, 1.0, 581.63107, 90874.64593, 0.0
730, 1.30583, 0.0, 0.0, 0.0, 0.0, 580.91262, 90753.60194, 0.0
731, 1.30392, 0.0, 0.0, 0.0, 1.0, 579.5049, 90656.5, 0.0
732, 1.29703, 0.0, 0.0, 0.0, 1.0, 575.69307, 90554.93627, 0.0
733, 1.29703, 0.0, 0.0, 0.0, 0.0, 575.0297, 90457.77723, 0.0
734, 1.28713, 0.0, 0.0, 0.0, 1.0, 570.02475, 90359.34158, 0.0
735, 1.28358, 0.0, 0.0, 0.0, 1.0, 567.88557, 90260.76238, 0.0
736, 1.28358, 0.0, 0.0, 0.0, 0.0, 567.21393, 90154.33333, 0.0
737, 1.285, 0.0, 0.0, 0.0, 1.0, 567.28, 90054.49254, 0.0
738, 1.28788, 0.0, 0.0, 0.0, 1.0, 567.89394, 89952.32, 0.0
739, 1.28426, 0.0, 0.0, 0.0, 1.0, 565.68528, 89855.25253, 0.0
740, 1.28571, 0.0, 0.0, 0.0, 1.0, 565.58673, 89756.18274, 0.0
741, 1.27179, 0.0, 0.0, 0.0, 1.0, 558.92308, 89664.22449, 0.0
742, 1.26289, 0.0, 0.0, 0.0, 1.0, 553.78351, 89556.78462, 0.0
743, 1.26316, 0.0, 0.0, 0.0, 1.0, 552.83158, 89466.10825, 0.0
744, 1.26316, 0.0, 0.0, 0.0, 0.0, 552.33158, 89347.53158, 0.0
745, 1.25946, 0.0, 0.0, 0.0, 1.0, 549.40541, 89264.78947, 0.0
746, 1.25405, 0.0, 0.0, 0.0, 1.0, 546.0, 89157.01622, 0.0
747, 1.25543, 0.0, 0.0, 0.0, 1.0, 545.82065, 89059.48649, 0.0
748, 1.2459, 0.0, 0.0, 0.0, 1.0, 541.0765, 88970.72283, 0.0
749, 1.24044, 0.0, 0.0, 0.0, 1.0, 535.9071, 88867.0, 0.0
750, 1.22951, 0.0, 0.0, 0.0, 1.0, 530.3224, 88771.2459, 0.0
751, 1.22951, 0.0, 0.0, 0.0, 0.0, 529.72678, 88669.60656, 0.0
752, 1.22404, 0.0, 0.0, 0.0, 1.0, 526.50273, 88571.35519, 0.0
753, 1.22404, 0.0, 0.0, 0.0, 0.0, 525.74863, 88471.19672, 0.0
754, 1.22527, 0.0, 0.0, 0.0, 1.0, 525.76374, 88374.03825, 0.0
755, 1.21978, 0.0, 0.0, 0.0, 1.0, 522.79121, 88259.64286, 0.0
756, 1.22222, 0.0, 0.0, 0.0, 1.0, 522.75, 88165.77473, 0.0
757, 1.22346, 0.0, 0.0, 0.0, 1.0, 522.20112, 88049.58333, 0.0
758, 1.2191, 0.0, 0.0, 0.0, 1.0, 519.63483, 87953.78771, 0.0
759, 1.22286, 0.0, 0.0, 0.0, 1.0, 520.74286, 87859.01124, 0.0
760, 1.21714, 0.0, 0.0, 0.0, 1.0, 518.04, 87749.31429, 0.0
761, 1.21714, 0.0, 0.0, 0.0, 0.0, 517.6, 87649.53714, 0.0
762, 1.21264, 0.0, 0.0, 0.0, 1.0, 515.01724, 87553.76571, 0.0
763, 1.21637, 0.0, 0.0, 0.0, 1.0, 516.40936, 87457.85632, 0.0
764, 1.21893, 0.0, 0.0, 0.0, 1.0, 517.07101, 87348.80702, 0.0
765, 1.21687, 0.0, 0.0, 0.0, 1.0, 515.20482, 87272.18935, 0.0
766, 1.21341, 0.0, 0.0, 0.0, 1.0, 512.78659, 87180.65663, 0.0
767, 1.21472, 0.0, 0.0, 0.0, 1.0, 512.91411, 87076.01829, 0.0
768, 1.21605, 0.0, 0.0, 0.0, 1.0, 512.84568, 86977.34969, 0.0
769, 1.21739, 0.0, 0.0, 0.0, 1.0, 512.71429, 86883.7716, 0.0
770, 1.21875, 0.0, 0.0, 0.0, 1.0, 512.4375, 86782.49689, 0.0
771, 1.21384, 0.0, 0.0, 0.0, 1.0, 507.62264, 86686.4375, 0.0
772, 1.21656, 0.0, 0.0, 0.0, 1.0, 507.87261, 86589.79245, 0.0
773, 1.21154, 0.0, 0.0, 0.0, 1.0, 504.83333, 86472.71975, 0.0
774, 1.19872, 0.0, 0.0, 0.0, 1.0, 498.91026, 86369.55128, 0.0
775, 1.19872, 0.0, 0.0, 0.0, 0.0, 498.39103, 86271.5, 0.0
776, 1.19481, 0.0, 0.0, 0.0, 1.0, 496.27922, 86182.34615, 0.0
777, 1.19079, 0.0, 0.0, 0.0, 1.0, 493.74342, 86086.8961, 0.0
778, 1.19205, 0.0, 0.0, 0.0, 1.0, 493.69536, 86005.125, 0.0
779, 1.18667, 0.0, 0.0, 0.0, 1.0, 490.90667, 85915.64238, 0.0
780, 1.18, 0.0, 0.0, 0.0, 1.0, 487.35333, 85802.32667, 0.0
781, 1.18243, 0.0, 0.0, 0.0, 1.0, 487.49324, 85710.08, 0.0
782, 1.17568, 0.0, 0.0, 0.0, 1.0, 484.24324, 85607.2973, 0.0
783, 1.17568, 0.0, 0.0, 0.0, 0.0, 483.71622, 85510.50676, 0.0
784, 1.17007, 0.0, 0.0, 0.0, 1.0, 480.54422, 85420.32432, 0.0
785, 1.17007, 0.0, 0.0, 0.0, 0.0, 479.93878, 85311.0068, 0.0
786, 1.16327, 0.0, 0.0, 0.0, 1.0, 476.59864, 85216.63946, 0.0
787, 1.16552, 0.0, 0.0, 0.0, 1.0, 476.50345, 85124.7619, 0.0
788, 1.16552, 0.0, 0.0, 0.0, 0.0, 475.95172, 85032.86897, 0.0
789, 1.15972, 0.0, 0.0, 0.0, 1.0, 472.72222, 84941.16552, 0.0
790, 1.15385, 0.0, 0.0, 0.0, 1.0, 467.51049, 84834.32639, 0.0
791, 1.14789, 0.0, 0.0, 0.0, 1.0, 464.22535, 84737.6014, 0.0
792, 1.14894, 0.0, 0.0, 0.0, 1.0, 463.99291, 84637.40845, 0.0
793, 1.15, 0.0, 0.0, 0.0, 1.0, 463.36429, 84544.47518, 0.0
794, 1.15108, 0.0, 0.0, 0.0, 1.0, 463.22302, 84446.67143, 0.0
795, 1.14388, 0.0, 0.0, 0.0, 1.0, 459.56115, 84348.94245, 0.0
796, 1.14599, 0.0, 0.0, 0.0, 1.0, 459.71533, 84258.1223, 0.0
797, 1.14599, 0.0, 0.0, 0.0, 0.0, 459.13139, 84142.80292, 0.0
798, 1.14815, 0.0, 0.0, 0.0, 1.0, 459.56296, 84053.64234, 0.0
799, 1.14815, 0.0, 0.0, 0.0, 0.0, 458.98519, 83958.48889, 0.0
800, 1.14815, 0.0, 0.0, 0.0, 0.0, 458.57037, 83865.33333, 0.0
801, 1.14815, 0.0, 0.0, 0.0, 0.0, 458.00741, 83766.82222, 0.0
802, 1.14925, 0.0, 0.0, 0.0, 1.0, 457.57463, 83674.25185, 0.0
803, 1.14925, 0.0, 0.0, 0.0, 0.0, 457.06716, 83571.85821, 0.0
804, 1.14925, 0.0, 0.0, 0.0, 0.0, 456.54478, 83476.96269, 0.0
805, 1.14925, 0.0, 0.0, 0.0, 0.0, 456.03731, 83381.03731, 0.0
806, 1.14179, 0.0, 0.0, 0.0, 1.0, 452.43284, 83289.00746, 0.0
807, 1.13636, 0.0, 0.0, 0.0, 1.0, 452.26515, 83201.05224, 0.0
808, 1.1374, 0.0, 0.0, 0.0, 1.0, 452.07634, 83100.28788, 0.0
809, 1.14063, 0.0, 0.0, 0.0, 1.0, 452.51563, 83009.00763, 0.0
810, 1.144, 0.0, 0.0, 0.0, 1.0, 452.776, 82908.71094, 0.0
811, 1.1371, 0.0, 0.0, 0.0, 1.0, 449.44355, 82802.248, 0.0
812, 1.13821, 0.0, 0.0, 0.0, 1.0, 449.2439, 82723.29032, 0.0
813, 1.13934, 0.0, 0.0, 0.0, 1.0, 449.32787, 82624.47154, 0.0
814, 1.13934, 0.0, 0.0, 0.0, 0.0, 448.89344, 82530.81967, 0.0
815, 1.12397, 0.0, 0.0, 0.0, 1.0, 441.41322, 82448.71311, 0.0
816, 1.125, 0.0, 0.0, 0.0, 1.0, 441.16667, 82363.52893, 0.0
817, 1.12712, 0.0, 0.0, 0.0, 1.0, 441.30508, 82269.04167, 0.0
818, 1.12931, 0.0, 0.0, 0.0, 1.0, 441.42241, 82179.83898, 0.0
819, 1.12069, 0.0, 0.0, 0.0, 1.0, 436.92241, 82082.43966, 0.0
820, 1.12174, 0.0, 0.0, 0.0, 1.0, 436.85217, 81991.44828, 0.0
821, 1.12174, 0.0, 0.0, 0.0, 0.0, 436.4, 81889.41739, 0.0
822, 1.11404, 0.0, 0.0, 0.0, 1.0, 432.88596, 81804.58261, 0.0
823, 1.11404, 0.0, 0.0, 0.0, 0.0, 432.42982, 81703.31579, 0.0
824, 1.11504, 0.0, 0.0, 0.0, 1.0, 431.76991, 81613.96491, 0.0
825, 1.11712, 0.0, 0.0, 0.0, 1.0, 431.87387, 81525.22124, 0.0
826, 1.11927, 0.0, 0.0, 0.0, 1.0, 431.73394, 81419.77477, 0.0
827, 1.11009, 0.0, 0.0, 0.0, 1.0, 427.66055, 81314.05505, 0.0
828, 1.11009, 0.0, 0.0, 0.0, 0.0, 427.23853, 81222.02752, 0.0
829, 1.11321, 0.0, 0.0, 0.0, 1.0, 434.86792, 81134.86239, 0.0
830, 1.09434, 0.0, 0.0, 0.0, 1.0, 426.45283, 81038.96226, 0.0
831, 1.09434, 0.0, 0.0, 0.0, 0.0, 426.09434, 80945.79245, 0.0
832, 1.09524, 0.0, 0.0, 0.0, 1.0, 425.7619, 80857.09434, 0.0
833, 1.09524, 0.0, 0.0, 0.0, 0.0, 425.20952, 80759.45714, 0.0
834, 1.09524, 0.0, 0.0, 0.0, 0.0, 424.6381, 80667.98095, 0.0
835, 1.09615, 0.0, 0.0, 0.0, 1.0, 424.17308, 80578.89524, 0.0
836, 1.09615, 0.0, 0.0, 0.0, 0.0, 423.69231, 80484.375, 0.0
837, 1.09804, 0.0, 0.0, 0.0, 1.0, 423.40196, 80402.375, 0.0
838, 1.09804, 0.0, 0.0, 0.0, 0.0, 422.86275, 80322.94118, 0.0
839, 1.09804, 0.0, 0.0, 0.0, 0.0, 422.33333, 80230.54902, 0.0
840, 1.09901, 0.0, 0.0, 0.0, 1.0, 421.85149, 80143.73529, 0.0
841, 1.1, 0.0, 0.0, 0.0, 1.0, 422.2, 80046.23762, 0.0
842, 1.1, 0.0, 0.0, 0.0, 0.0, 421.7, 79967.41, 0.0
843, 1.10101, 0.0, 0.0, 0.0, 1.0, 421.42424, 79880.57, 0.0
844, 1.09091, 0.0, 0.0, 0.0, 1.0, 416.85859, 79782.10101, 0.0
845, 1.09091, 0.0, 0.0, 0.0, 0.0, 416.38384, 79692.46465, 0.0
846, 1.09091, 0.0, 0.0, 0.0, 0.0, 415.90909, 79600.68687, 0.0
847, 1.09091, 0.0, 0.0, 0.0, 0.0, 415.53535, 79509.54545, 0.0
848, 1.09278, 0.0, 0.0, 0.0, 1.0, 412.46392, 79431.24242, 0.0
849, 1.09474, 0.0, 0.0, 0.0, 1.0, 411.72632, 79342.60825, 0.0
850, 1.09574, 0.0, 0.0, 0.0, 1.0, 411.34043, 79233.37895, 0.0
851, 1.09677, 0.0, 0.0, 0.0, 1.0, 410.51613, 79129.87234, 0.0
852, 1.09677, 0.0, 0.0, 0.0, 0.0, 410.06452, 79033.27957, 0.0
853, 1.08696, 0.0, 0.0, 0.0, 1.0, 405.65217, 78953.26882, 0.0
854, 1.07609, 0.0, 0.0, 0.0, 1.0, 400.46739, 78857.30435, 0.0
855, 1.07609, 0.0, 0.0, 0.0, 0.0, 400.0, 78765.43478, 0.0
856, 1.07609, 0.0, 0.0, 0.0, 0.0, 399.51087, 78675.3587, 0.0
857, 1.07778, 0.0, 0.0, 0.0, 1.0, 399.55556, 78595.28261, 0.0
858, 1.07778, 0.0, 0.0, 0.0, 0.0, 399.02222, 78484.87778, 0.0
859, 1.07778, 0.0, 0.0, 0.0, 0.0, 398.54444, 78395.26667, 0.0
860, 1.07778, 0.0, 0.0, 0.0, 0.0, 398.07778, 78305.71111, 0.0
861, 1.06667, 0.0, 0.0, 0.0, 1.0, 393.43333, 78219.92222, 0.0
862, 1.06667, 0.0, 0.0, 0.0, 0.0, 392.95556, 78130.64444, 0.0
863, 1.06667, 0.0, 0.0, 0.0, 0.0, 392.54444, 78040.28889, 0.0
864, 1.06667, 0.0, 0.0, 0.0, 0.0, 392.23333, 77949.45556, 0.0
865, 1.06742, 0.0, 0.0, 0.0, 1.0, 392.14607, 77865.1, 0.0
866, 1.06818, 0.0, 0.0, 0.0, 1.0, 391.61364, 77785.89888, 0.0
867, 1.06818, 0.0, 0.0, 0.0, 0.0, 391.18182, 77685.55682, 0.0
868, 1.06897, 0.0, 0.0, 0.0, 1.0, 395.25287, 77596.96591, 0.0
869, 1.06897, 0.0, 0.0, 0.0, 0.0, 394.83908, 77518.97701, 0.0
870, 1.06977, 0.0, 0.0, 0.0, 1.0, 394.33721, 77435.06897, 0.0
871, 1.07059, 0.0, 0.0, 0.0, 1.0, 394.21176, 77337.65116, 0.0
872, 1.07229, 0.0, 0.0, 0.0, 1.0, 394.36145, 77242.48235, 0.0
873, 1.07229, 0.0, 0.0, 0.0, 0.0, 393.90361, 77149.22892, 0.0
874, 1.07407, 0.0, 0.0, 0.0, 1.0, 393.45679, 77071.01205, 0.0
875, 1.075, 0.0, 0.0, 0.0, 1.0, 393.3, 76969.61728, 0.0
876, 1.075, 0.0, 0.0, 0.0, 0.0, 392.9125, 76859.775, 0.0
877, 1.07692, 0.0, 0.0, 0.0, 1.0, 393.19231, 76784.05, 0.0
878, 1.07692, 0.0, 0.0, 0.0, 0.0, 392.67949, 76699.39744, 0.0
879, 1.07895, 0.0, 0.0, 0.0, 1.0, 397.34211, 76616.03846, 0.0
880, 1.08, 0.0, 0.0, 0.0, 1.0, 397.44, 76519.32895, 0.0
881, 1.08, 0.0, 0.0, 0.0, 0.0, 396.93333, 76410.34667, 0.0
882, 1.08, 0.0, 0.0, 0.0, 0.0, 396.32, 76324.02667, 0.0
883, 1.08, 0.0, 0.0, 0.0, 0.0, 395.94667, 76236.72, 0.0
884, 1.08, 0.0, 0.0, 0.0, 0.0, 395.44, 76150.06667, 0.0
885, 1.08219, 0.0, 0.0, 0.0, 1.0, 394.75342, 76074.24, 0.0
886, 1.08219, 0.0, 0.0, 0.0, 0.0, 394.39726, 76010.0274, 0.0
887, 1.08333, 0.0, 0.0, 0.0, 1.0, 394.08333, 75928.46575, 0.0
888, 1.08333, 0.0, 0.0, 0.0, 0.0, 393.625, 75827.625, 0.0
889, 1.08333, 0.0, 0.0, 0.0, 0.0, 393.11111, 75741.125, 0.0
890, 1.08333, 0.0, 0.0, 0.0, 0.0, 392.70833, 75654.15278, 0.0
891, 1.08571, 0.0, 0.0, 0.0, 1.0, 392.21429, 75579.15278, 0.0
892, 1.08571, 0.0, 0.0, 0.0, 0.0, 391.87143, 75454.27143, 0.0
893, 1.08571, 0.0, 0.0, 0.0, 0.0, 391.37143, 75368.65714, 0.0
894, 1.08571, 0.0, 0.0, 0.0, 0.0, 390.98571, 75283.34286, 0.0
895, 1.08696, 0.0, 0.0, 0.0, 1.0, 390.5942, 75201.12857, 0.0
896, 1.08824, 0.0, 0.0, 0.0, 1.0, 390.17647, 75107.55072, 0.0
897, 1.08824, 0.0, 0.0, 0.0, 0.0, 389.67647, 75007.95588, 0.0
898, 1.08955, 0.0, 0.0, 0.0, 1.0, 389.31343, 74928.41176, 0.0
899, 1.07576, 0.0, 0.0, 0.0, 1.0, 384.31818, 74868.86567, 0.0
900, 1.07576, 0.0, 0.0, 0.0, 0.0, 384.01515, 74778.93939, 0.0
901, 1.06349, 0.0, 0.0, 0.0, 1.0, 383.11111, 74711.81818, 0.0
902, 1.06349, 0.0, 0.0, 0.0, 0.0, 382.61905, 74590.88889, 0.0
903, 1.06349, 0.0, 0.0, 0.0, 0.0, 382.2381, 74505.06349, 0.0
904, 1.06349, 0.0, 0.0, 0.0, 0.0, 381.88889, 74422.88889, 0.0
905, 1.06557, 0.0, 0.0, 0.0, 1.0, 381.39344, 74351.79365, 0.0
906, 1.06557, 0.0, 0.0, 0.0, 0.0, 380.88525, 74252.59016, 0.0
907, 1.06557, 0.0, 0.0, 0.0, 0.0, 380.44262, 74167.81967, 0.0
908, 1.06557, 0.0, 0.0, 0.0, 0.0, 380.03279, 74083.88525, 0.0
909, 1.06557, 0.0, 0.0, 0.0, 0.0, 379.54098, 73999.01639, 0.0
910, 1.06557, 0.0, 0.0, 0.0, 0.0, 379.19672, 73914.90164, 0.0
911, 1.06557, 0.0, 0.0, 0.0, 0.0, 378.78689, 73830.85246, 0.0
912, 1.04918, 0.0, 0.0, 0.0, 1.0, 372.34426, 73752.39344, 0.0
913, 1.04918, 0.0, 0.0, 0.0, 0.0, 371.93443, 73669.86885, 0.0
914, 1.04918, 0.0, 0.0, 0.0, 0.0, 371.54098, 73584.59016, 0.0
915, 1.04918, 0.0, 0.0, 0.0, 0.0, 371.18033, 73500.7541, 0.0
916, 1.04918, 0.0, 0.0, 0.0, 0.0, 370.86885, 73418.11475, 0.0
917, 1.04918, 0.0, 0.0, 0.0, 0.0, 370.47541, 73332.7541, 0.0
918, 1.04918, 0.0, 0.0, 0.0, 0.0, 370.06557, 73250.36066, 0.0
919, 1.04918, 0.0, 0.0, 0.0, 0.0, 369.7377, 73164.36066, 0.0
920, 1.05, 0.0, 0.0, 0.0, 1.0, 369.11667, 73088.80328, 0.0
921, 1.05, 0.0, 0.0, 0.0, 0.0, 368.66667, 73023.18333, 0.0
922, 1.05085, 0.0, 0.0, 0.0, 1.0, 368.22034, 72946.21667, 0.0
923, 1.05172, 0.0, 0.0, 0.0, 1.0, 368.41379, 72882.94915, 0.0
924, 1.05172, 0.0, 0.0, 0.0, 0.0, 368.01724, 72812.5, 0.0
925, 1.05172, 0.0, 0.0, 0.0, 0.0, 367.65517, 72728.55172, 0.0
926, 1.05172, 0.0, 0.0, 0.0, 0.0, 367.2931, 72646.56897, 0.0
927, 1.05172, 0.0, 0.0, 0.0, 0.0, 366.91379, 72563.12069, 0.0
928, 1.05172, 0.0, 0.0, 0.0, 0.0, 366.41379, 72478.74138, 0.0
929, 1.05172, 0.0, 0.0, 0.0, 0.0, 366.08621, 72395.36207, 0.0
930, 1.05263, 0.0, 0.0, 0.0, 1.0, 365.59649, 72320.58621, 0.0
931, 1.05357, 0.0, 0.0, 0.0, 1.0, 365.76786, 72247.33333, 0.0
932, 1.05357, 0.0, 0.0, 0.0, 0.0, 365.26786, 72169.64286, 0.0
933, 1.05556, 0.0, 0.0, 0.0, 1.0, 365.75926, 72099.375, 0.0
934, 1.05556, 0.0, 0.0, 0.0, 0.0, 365.31481, 71995.0, 0.0
935, 1.0566, 0.0, 0.0, 0.0, 1.0, 364.83019, 71919.61111, 0.0
936, 1.0566, 0.0, 0.0, 0.0, 0.0, 364.32075, 71849.41509, 0.0
937, 1.05769, 0.0, 0.0, 0.0, 1.0, 364.13462, 71775.86792, 0.0
938, 1.05769, 0.0, 0.0, 0.0, 0.0, 363.59615, 71674.0, 0.0
939, 1.05769, 0.0, 0.0, 0.0, 0.0, 363.23077, 71593.36538, 0.0
940, 1.05769, 0.0, 0.0, 0.0, 0.0, 362.88462, 71510.53846, 0.0
941, 1.05769, 0.0, 0.0, 0.0, 0.0, 362.5, 71429.42308, 0.0
942, 1.05769, 0.0, 0.0, 0.0, 0.0, 361.96154, 71347.90385, 0.0
943, 1.05769, 0.0, 0.0, 0.0, 0.0, 361.38462, 71269.13462, 0.0
944, 1.05769, 0.0, 0.0, 0.0, 0.0, 361.01923, 71188.11538, 0.0
945, 1.05769, 0.0, 0.0, 0.0, 0.0, 360.75, 71105.0, 0.0
946, 1.03922, 0.0, 0.0, 0.0, 1.0, 354.4902, 71037.09615, 0.0
947, 1.03922, 0.0, 0.0, 0.0, 0.0, 354.09804, 70972.27451, 0.0
948, 1.03922, 0.0, 0.0, 0.0, 0.0, 353.62745, 70893.29412, 0.0
949, 1.03922, 0.0, 0.0, 0.0, 0.0, 353.29412, 70814.86275, 0.0
950, 1.03922, 0.0, 0.0, 0.0, 0.0, 353.01961, 70735.15686, 0.0
951, 1.03922, 0.0, 0.0, 0.0, 0.0, 352.68627, 70654.17647, 0.0
952, 1.04, 0.0, 0.0, 0.0, 1.0, 352.0, 70580.92157, 0.0
953, 1.04082, 0.0, 0.0, 0.0, 1.0, 352.04082, 70497.8, 0.0
954, 1.04082, 0.0, 0.0, 0.0, 0.0, 351.65306, 70395.77551, 0.0
955, 1.04167, 0.0, 0.0, 0.0, 1.0, 351.5625, 70321.44898, 0.0
956, 1.04167, 0.0, 0.0, 0.0, 0.0, 351.20833, 70254.39583, 0.0
957, 1.04167, 0.0, 0.0, 0.0, 0.0, 350.95833, 70175.54167, 0.0
958, 1.04167, 0.0, 0.0, 0.0, 0.0, 350.375, 70096.4375, 0.0
959, 1.04167, 0.0, 0.0, 0.0, 0.0, 349.95833, 70013.89583, 0.0
960, 1.04348, 0.0, 0.0, 0.0, 1.0, 350.30435, 69949.39583, 0.0
961, 1.04348, 0.0, 0.0, 0.0, 0.0, 349.86957, 69845.58696, 0.0
962, 1.02174, 0.0, 0.0, 0.0, 1.0, 341.84783, 69775.08696, 0.0
963, 1.02174, 0.0, 0.0, 0.0, 0.0, 341.43478, 69695.63043, 0.0
964, 1.02174, 0.0, 0.0, 0.0, 0.0, 341.1087, 69613.76087, 0.0
965, 1.02174, 0.0, 0.0, 0.0, 0.0, 340.73913, 69533.43478, 0.0
966, 1.02273, 0.0, 0.0, 0.0, 1.0, 340.79545, 69471.8913, 0.0
967, 1.02326, 0.0, 0.0, 0.0, 1.0, 340.67442, 69400.84091, 0.0
968, 1.02326, 0.0, 0.0, 0.0, 0.0, 340.09302, 69338.02326, 0.0
969, 1.02326, 0.0, 0.0, 0.0, 0.0, 339.62791, 69260.02326, 0.0
970, 1.02326, 0.0, 0.0, 0.0, 0.0, 339.30233, 69181.30233, 0.0
971, 1.02326, 0.0, 0.0, 0.0, 0.0, 338.88372, 69104.2093, 0.0
972, 1.02326, 0.0, 0.0, 0.0, 0.0, 338.48837, 69026.27907, 0.0
973, 1.02326, 0.0, 0.0, 0.0, 0.0, 337.83721, 68948.32558, 0.0
974, 1.02381, 0.0, 0.0, 0.0, 1.0, 337.83333, 68878.16279, 0.0
975, 1.02381, 0.0, 0.0, 0.0, 0.0, 337.52381, 68819.02381, 0.0
976, 1.02381, 0.0, 0.0, 0.0, 0.0, 337.16667, 68740.35714, 0.0
977, 1.02381, 0.0, 0.0, 0.0, 0.0, 336.7619, 68659.97619, 0.0
978, 1.02439, 0.0, 0.0, 0.0, 1.0, 336.43902, 68589.11905, 0.0
979, 1.02439, 0.0, 0.0, 0.0, 0.0, 336.12195, 68498.46341, 0.0
980, 1.02439, 0.0, 0.0, 0.0, 0.0, 335.92683, 68420.41463, 0.0
981, 1.02439, 0.0, 0.0, 0.0, 0.0, 335.39024, 68339.53659, 0.0
982, 1.025, 0.0, 0.0, 0.0, 1.0, 334.225, 68271.17073, 0.0
983, 1.025, 0.0, 0.0, 0.0, 0.0, 333.75, 68175.775, 0.0
984, 1.025, 0.0, 0.0, 0.0, 0.0, 333.275, 68099.075, 0.0
985, 1.025, 0.0, 0.0, 0.0, 0.0, 332.8, 68022.175, 0.0
986, 1.02564, 0.0, 0.0, 0.0, 1.0, 332.33333, 67953.95, 0.0
987, 1.02564, 0.0, 0.0, 0.0, 0.0, 331.89744, 67870.10256, 0.0
988, 1.02564, 0.0, 0.0, 0.0, 0.0, 331.51282, 67793.5641, 0.0
989, 1.02632, 0.0, 0.0, 0.0, 1.0, 331.13158, 67728.20513, 0.0
990, 1.02632, 0.0, 0.0, 0.0, 0.0, 330.63158, 67609.81579, 0.0
991, 1.02703, 0.0, 0.0, 0.0, 1.0, 329.62162, 67542.68421, 0.0
992, 1.02778, 0.0, 0.0, 0.0, 1.0, 330.72222, 67460.91892, 0.0
993, 1.02857, 0.0, 0.0, 0.0, 1.0, 329.68571, 67379.36111, 0.0
994, 1.02857, 0.0, 0.0, 0.0, 0.0, 329.28571, 67321.14286, 0.0
995, 1.02857, 0.0, 0.0, 0.0, 0.0, 328.91429, 67242.68571, 0.0
996, 1.02941, 0.0, 0.0, 0.0, 1.0, 327.38235, 67178.82857, 0.0
997, 1.02941, 0.0, 0.0, 0.0, 0.0, 327.05882, 67129.58824, 0.0
998, 1.02941, 0.0, 0.0, 0.0, 0.0, 326.61765, 67053.05882, 0.0
999, 1.02941, 0.0, 0.0, 0.0, 0.0, 326.35294, 66979.20588, 0.0
1000, 1.02941, 0.0, 0.0, 0.0, 0.0, 325.91176, 66903.26471, 0.0
1001, 1.02941, 0.0, 0.0, 0.0, 0.0, 325.47059, 66827.88235, 0.0
1002, 1.02941, 0.0, 0.0, 0.0, 0.0, 325.0, 66751.44118, 0.0
1003, 1.0303, 0.0, 0.0, 0.0, 1.0, 325.15152, 66685.05882, 0.0
1004, 1.03125, 0.0, 0.0, 0.0, 1.0, 325.96875, 66608.57576, 0.0
1005, 1.03125, 0.0, 0.0, 0.0, 0.0, 325.6875, 66503.6875, 0.0
1006, 1.03125, 0.0, 0.0, 0.0, 0.0, 325.1875, 66425.25, 0.0
1007, 1.03226, 0.0, 0.0, 0.0, 1.0, 325.03226, 66362.75, 0.0
1008, 1.03226, 0.0, 0.0, 0.0, 0.0, 324.64516, 66284.74194, 0.0
1009, 1.03226, 0.0, 0.0, 0.0, 0.0, 324.32258, 66212.6129, 0.0
1010, 1.03333, 0.0, 0.0, 0.0, 1.0, 323.46667, 66144.83871, 0.0
1011, 1.03333, 0.0, 0.0, 0.0, 0.0, 323.1, 66062.46667, 0.0
1012, 1.03333, 0.0, 0.0, 0.0, 0.0, 322.73333, 65984.83333, 0.0
1013, 1.03333, 0.0, 0.0, 0.0, 0.0, 322.4, 65910.13333, 0.0
1014, 1.03333, 0.0, 0.0, 0.0, 0.0, 322.0, 65837.03333, 0.0
1015, 1.03333, 0.0, 0.0, 0.0, 0.0, 321.76667, 65763.26667, 0.0
1016, 1.03333, 0.0, 0.0, 0.0, 0.0, 321.3, 65688.46667, 0.0
1017, 1.03333, 0.0, 0.0, 0.0, 0.0, 321.1, 65611.3, 0.0
1018, 1.03333, 0.0, 0.0, 0.0, 0.0, 320.66667, 65534.43333, 0.0
1019, 1.03448, 0.0, 0.0, 0.0, 1.0, 320.27586, 65472.53333, 0.0
1020, 1.03448, 0.0, 0.0, 0.0, 0.0, 319.86207, 65360.72414, 0.0
1021, 1.03448, 0.0, 0.0, 0.0, 0.0, 319.58621, 65286.48276, 0.0
1022, 1.03448, 0.0, 0.0, 0.0, 0.0, 319.34483, 65213.34483, 0.0
1023, 1.03571, 0.0, 0.0, 0.0, 1.0, 319.10714, 65149.62069, 0.0
1024, 1.03571, 0.0, 0.0, 0.0, 0.0, 318.64286, 65094.78571, 0.0
1025, 1.03571, 0.0, 0.0, 0.0, 0.0, 318.17857, 65019.21429, 0.0
1026, 1.03571, 0.0, 0.0, 0.0, 0.0, 318.0, 64944.60714, 0.0
1027, 1.03571, 0.0, 0.0, 0.0, 0.0, 317.67857, 64868.82143, 0.0
1028, 1.03571, 0.0, 0.0, 0.0, 0.0, 317.25, 64795.0, 0.0
1029, 1.03571, 0.0, 0.0, 0.0, 0.0, 317.0, 64723.96429, 0.0
1030, 1.03571, 0.0, 0.0, 0.0, 0.0, 316.78571, 64649.10714, 0.0
1031, 1.03571, 0.0, 0.0, 0.0, 0.0, 316.53571, 64576.17857, 0.0
1032, 1.03704, 0.0, 0.0, 0.0, 1.0, 317.85185, 64512.85714, 0.0
1033, 1.03704, 0.0, 0.0, 0.0, 0.0, 317.48148, 64438.59259, 0.0
1034, 1.04, 0.0, 0.0, 0.0, 1.0, 316.8, 64396.14815, 0.0
1035, 1.04, 0.0, 0.0, 0.0, 0.0, 316.52, 64273.2, 0.0
1036, 1.04, 0.0, 0.0, 0.0, 0.0, 315.88, 64199.0, 0.0
1037, 1.04, 0.0, 0.0, 0.0, 0.0, 315.64, 64124.08, 0.0
1038, 1.04, 0.0, 0.0, 0.0, 0.0, 315.32, 64050.04, 0.0
1039, 1.04167, 0.0, 0.0, 0.0, 1.0, 315.45833, 63991.12, 0.0
1040, 1.04167, 0.0, 0.0, 0.0, 0.0, 315.04167, 63915.33333, 0.0
1041, 1.04545, 0.0, 0.0, 0.0, 1.0, 316.36364, 63871.66667, 0.0
1042, 1.04545, 0.0, 0.0, 0.0, 0.0, 315.90909, 63806.09091, 0.0
1043, 1.04545, 0.0, 0.0, 0.0, 0.0, 315.63636, 63733.54545, 0.0
1044, 1.04545, 0.0, 0.0, 0.0, 0.0, 315.27273, 63660.72727, 0.0
1045, 1.04545, 0.0, 0.0, 0.0, 0.0, 314.81818, 63589.63636, 0.0
1046, 1.04545, 0.0, 0.0, 0.0, 0.0, 314.5, 63516.04545, 0.0
1047, 1.05, 0.0, 0.0, 0.0, 1.0, 330.8, 63457.95455, 0.0
1048, 1.05, 0.0, 0.0, 0.0, 0.0, 329.95, 63311.45, 0.0
1049, 1.05, 0.0, 0.0, 0.0, 0.0, 329.4, 63240.0, 0.0
1050, 1.05263, 0.0, 0.0, 0.0, 1.0, 325.57895, 63189.3, 0.0
1051, 1.05263, 0.0, 0.0, 0.0, 0.0, 325.21053, 63054.94737, 0.0
1052, 1.05556, 0.0, 0.0, 0.0, 1.0, 323.61111, 63005.15789, 0.0
1053, 1.05556, 0.0, 0.0, 0.0, 0.0, 323.27778, 62983.16667, 0.0
1054, 1.05556, 0.0, 0.0, 0.0, 0.0, 322.94444, 62909.5, 0.0
1055, 1.05556, 0.0, 0.0, 0.0, 0.0, 322.44444, 62837.0, 0.0
1056, 1.05556, 0.0, 0.0, 0.0, 0.0, 322.0, 62761.66667, 0.0
1057, 1.05556, 0.0, 0.0, 0.0, 0.0, 321.38889, 62689.88889, 0.0
1058, 1.0, 0.0, 0.0, 0.0, 1.0, 303.55556, 62635.66667, 0.0
1059, 1.0, 0.0, 0.0, 0.0, 0.0, 303.27778, 62564.22222, 0.0
1060, 1.0, 0.0, 0.0, 0.0, 0.0, 302.94444, 62494.33333, 0.0
1061, 1.0, 0.0, 0.0, 0.0, 0.0, 302.27778, 62423.66667, 0.0
1062, 1.0, 0.0, 0.0, 0.0, 0.0, 301.77778, 62354.27778, 0.0
1063, 1.0, 0.0, 0.0, 0.0, 0.0, 301.38889, 62282.72222, 0.0
1064, 1.0, 0.0, 0.0, 0.0, 0.0, 301.11111, 62212.44444, 0.0
1065, 1.0, 0.0, 0.0, 0.0, 0.0, 300.55556, 62142.11111, 0.0
1066, 1.0, 0.0, 0.0, 0.0, 0.0, 300.33333, 62070.55556, 0.0
1067, 1.0, 0.0, 0.0, 0.0, 0.0, 299.88889, 61999.11111, 0.0
1068, 1.0, 0.0, 0.0, 0.0, 0.0, 299.61111, 61927.5, 0.0
1069, 1.0, 0.0, 0.0, 0.0, 1.0, 299.52941, 61875.61111, 0.0
1070, 1.0, 0.0, 0.0, 0.0, 0.0, 299.05882, 61815.11765, 0.0
1071, 1.0, 0.0, 0.0, 0.0, 0.0, 298.82353, 61747.70588, 0.0
1072, 1.0, 0.0, 0.0, 0.0, 0.0, 298.52941, 61675.41176, 0.0
1073, 1.0, 0.0, 0.0, 0.0, 0.0, 297.88235, 61598.82353, 0.0
1074, 1.0, 0.0, 0.0, 0.0, 1.0, 298.375, 61547.47059, 0.0
1075, 1.0, 0.0, 0.0, 0.0, 0.0, 298.0, 61432.625, 0.0
1076, 1.0, 0.0, 0.0, 0.0, 0.0, 297.625, 61366.125, 0.0
1077, 1.0, 0.0, 0.0, 0.0, 0.0, 297.0, 61298.5, 0.0
1078, 1.0, 0.0, 0.0, 0.0, 1.0, 296.2, 61249.0, 0.0
1079, 1.0, 0.0, 0.0, 0.0, 0.0, 295.8, 61162.86667, 0.0
1080, 1.0, 0.0, 0.0, 0.0, 0.0, 295.53333, 61093.13333, 0.0
1081, 1.0, 0.0, 0.0, 0.0, 0.0, 294.86667, 61023.66667, 0.0
1082, 1.0, 0.0, 0.0, 0.0, 0.0, 294.4, 60953.33333, 0.0
1083, 1.0, 0.0, 0.0, 0.0, 0.0, 294.13333, 60883.06667, 0.0
1084, 1.0, 0.0, 0.0, 0.0, 0.0, 293.73333, 60813.73333, 0.0
1085, 1.0, 0.0, 0.0, 0.0, 0.0, 293.4, 60747.0, 0.0
1086, 1.0, 0.0, 0.0, 0.0, 0.0, 293.2, 60678.73333, 0.0
1087, 1.0, 0.0, 0.0, 0.0, 0.0, 292.73333, 60610.93333, 0.0
1088, 1.0, 0.0, 0.0, 0.0, 0.0, 292.26667, 60543.06667, 0.0
1089, 1.0, 0.0, 0.0, 0.0, 0.0, 292.06667, 60475.06667, 0.0
1090, 1.0, 0.0, 0.0, 0.0, 0.0, 291.86667, 60405.6, 0.0
1091, 1.0, 0.0, 0.0, 0.0, 0.0, 291.6, 60337.06667, 0.0
1092, 1.0, 0.0, 0.0, 0.0, 1.0, 290.85714, 60288.73333, 0.0
1093, 1.0, 0.0, 0.0, 0.0, 0.0, 290.78571, 60211.14286, 0.0
1094, 1.0, 0.0, 0.0, 0.0, 0.0, 290.35714, 60142.21429, 0.0
1095, 1.0, 0.0, 0.0, 0.0, 0.0, 290.0, 60071.42857, 0.0
1096, 1.0, 0.0, 0.0, 0.0, 0.0, 289.42857, 60004.5, 0.0
1097, 1.0, 0.0, 0.0, 0.0, 0.0, 289.0, 59932.71429, 0.0
1098, 1.0, 0.0, 0.0, 0.0, 0.0, 288.92857, 59868.28571, 0.0
1099, 1.0, 0.0, 0.0, 0.0, 0.0, 288.5, 59801.71429, 0.0
1100, 1.0, 0.0, 0.0, 0.0, 0.0, 288.35714, 59732.85714, 0.0
1101, 1.0, 0.0, 0.0, 0.0, 0.0, 288.21429, 59664.5, 0.0
1102, 1.0, 0.0, 0.0, 0.0, 0.0, 287.85714, 59594.71429, 0.0
1103, 1.0, 0.0, 0.0, 0.0, 0.0, 287.35714, 59527.57143, 0.0
1104, 1.0, 0.0, 0.0, 0.0, 0.0, 286.92857, 59459.42857, 0.0
1105, 1.0, 0.0, 0.0, 0.0, 0.0, 286.28571, 59387.28571, 0.0
1106, 1.0, 0.0, 0.0, 0.0, 1.0, 289.0, 59338.78571, 0.0
1107, 1.0, 0.0, 0.0, 0.0, 0.0, 288.76923, 59216.30769, 0.0
1108, 1.0, 0.0, 0.0, 0.0, 1.0, 291.33333, 59171.84615, 0.0
1109, 1.0, 0.0, 0.0, 0.0, 0.0, 291.0, 59081.91667, 0.0
1110, 1.0, 0.0, 0.0, 0.0, 0.0, 290.66667, 59013.41667, 0.0
1111, 1.0, 0.0, 0.0, 0.0, 1.0, 289.36364, 58970.91667, 0.0
1112, 1.0, 0.0, 0.0, 0.0, 0.0, 289.0, 58952.72727, 0.0
1113, 1.0, 0.0, 0.0, 0.0, 0.0, 288.54545, 58890.09091, 0.0
1114, 1.0, 0.0, 0.0, 0.0, 0.0, 287.90909, 58823.27273, 0.0
1115, 1.0, 0.0, 0.0, 0.0, 0.0, 287.36364, 58754.45455, 0.0
1116, 1.0, 0.0, 0.0, 0.0, 0.0, 287.0, 58691.72727, 0.0
1117, 1.0, 0.0, 0.0, 0.0, 0.0, 286.54545, 58627.27273, 0.0
1118, 1.0, 0.0, 0.0, 0.0, 0.0, 286.27273, 58560.81818, 0.0
1119, 1.0, 0.0, 0.0, 0.0, 1.0, 286.2, 58518.81818, 0.0
1120, 1.0, 0.0, 0.0, 0.0, 1.0, 283.22222, 58536.9, 0.0
1121, 1.0, 0.0, 0.0, 0.0, 0.0, 282.66667, 58474.66667, 0.0
1122, 1.0, 0.0, 0.0, 0.0, 0.0, 282.33333, 58411.77778, 0.0
1123, 1.0, 0.0, 0.0, 0.0, 1.0, 277.75, 58385.33333, 0.0
1124, 1.0, 0.0, 0.0, 0.0, 0.0, 277.25, 58280.5, 0.0
1125, 1.0, 0.0, 0.0, 0.0, 0.0, 276.75, 58213.125, 0.0
1126, 1.0, 0.0, 0.0, 0.0, 0.0, 276.25, 58148.0, 0.0
1127, 1.0, 0.0, 0.0, 0.0, 0.0, 276.0, 58084.5, 0.0
1128, 1.0, 0.0, 0.0, 0.0, 0.0, 275.75, 58012.5, 0.0
1129, 1.0, 0.0, 0.0, 0.0, 0.0, 275.375, 57945.75, 0.0
1130, 1.0, 0.0, 0.0, 0.0, 0.0, 275.0, 57879.625, 0.0
1131, 1.0, 0.0, 0.0, 0.0, 0.0, 274.375, 57814.125, 0.0
1132, 1.0, 0.0, 0.0, 0.0, 0.0, 274.125, 57744.375, 0.0
1133, 1.0, 0.0, 0.0, 0.0, 0.0, 273.375, 57680.625, 0.0
1134, 1.0, 0.0, 0.0, 0.0, 0.0, 273.375, 57616.75, 0.0
1135, 1.0, 0.0, 0.0, 0.0, 0.0, 273.0, 57552.125, 0.0
1136, 1.0, 0.0, 0.0, 0.0, 0.0, 272.75, 57484.75, 0.0
1137, 1.0, 0.0, 0.0, 0.0, 1.0, 275.14286, 57454.25, 0.0
1138, 1.0, 0.0, 0.0, 0.0, 0.0, 275.0, 57494.57143, 0.0
1139, 1.0, 0.0, 0.0, 0.0, 0.0, 275.0, 57429.0, 0.0
1140, 1.0, 0.0, 0.0, 0.0, 1.0, 278.33333, 57404.57143, 0.0
1141, 1.0, 0.0, 0.0, 0.0, 0.0, 278.0, 57257.16667, 0.0
1142, 1.0, 0.0, 0.0, 0.0, 0.0, 277.33333, 57203.33333, 0.0
1143, 1.0, 0.0, 0.0, 0.0, 0.0, 276.83333, 57144.5, 0.0
1144, 1.0, 0.0, 0.0, 0.0, 0.0, 276.5, 57080.66667, 0.0
1145, 1.0, 0.0, 0.0, 0.0, 0.0, 276.33333, 57012.83333, 0.0
1146, 1.0, 0.0, 0.0, 0.0, 0.0, 276.33333, 56945.0, 0.0
1147, 1.0, 0.0, 0.0, 0.0, 0.0, 276.16667, 56884.0, 0.0
1148, 1.0, 0.0, 0.0, 0.0, 0.0, 276.0, 56822.0, 0.0
1149, 1.0, 0.0, 0.0, 0.0, 0.0, 275.5, 56755.0, 0.0
1150, 1.0, 0.0, 0.0, 0.0, 0.0, 274.66667, 56687.66667, 0.0
1151, 1.0, 0.0, 0.0, 0.0, 0.0, 274.33333, 56626.5, 0.0
1152, 1.0, 0.0, 0.0, 0.0, 0.0, 273.66667, 56561.66667, 0.0
1153, 1.0, 0.0, 0.0, 0.0, 0.0, 273.0, 56495.0, 0.0
1154, 1.0, 0.0, 0.0, 0.0, 1.0, 269.6, 56480.83333, 0.0
1155, 1.0, 0.0, 0.0, 0.0, 0.0, 268.8, 56321.6, 0.0
1156, 1.0, 0.0, 0.0, 0.0, 0.0, 268.6, 56262.6, 0.0
1157, 1.0, 0.0, 0.0, 0.0, 0.0, 268.2, 56196.0, 0.0
1158, 1.0, 0.0, 0.0, 0.0, 0.0, 268.0, 56136.0, 0.0
1159, 1.0, 0.0, 0.0, 0.0, 0.0, 268.0, 56075.8, 0.0
1160, 1.0, 0.0, 0.0, 0.0, 0.0, 268.0, 56012.0, 0.0
1161, 1.0, 0.0, 0.0, 0.0, 0.0, 267.8, 55953.4, 0.0
1162, 1.0, 0.0, 0.0, 0.0, 0.0, 267.4, 55887.0, 0.0
1163, 1.0, 0.0, 0.0, 0.0, 0.0, 267.4, 55820.4, 0.0
1164, 1.0, 0.0, 0.0, 0.0, 0.0, 266.8, 55755.2, 0.0
1165, 1.0, 0.0, 0.0, 0.0, 0.0, 266.6, 55695.2, 0.0
1166, 1.0, 0.0, 0.0, 0.0, 0.0, 266.4, 55632.8, 0.0
1167, 1.0, 0.0, 0.0, 0.0, 0.0, 266.4, 55566.0, 0.0
1168, 1.0, 0.0, 0.0, 0.0, 0.0, 265.6, 55505.2, 0.0
1169, 1.0, 0.0, 0.0, 0.0, 1.0, 258.66667, 55572.0, 0.0
1170, 1.0, 0.0, 0.0, 0.0, 0.0, 258.33333, 55582.0, 0.0
1171, 1.0, 0.0, 0.0, 0.0, 0.0, 257.66667, 55514.66667, 0.0
1172, 1.0, 0.0, 0.0, 0.0, 0.0, 257.33333, 55443.33333, 0.0
1173, 1.0, 0.0, 0.0, 0.0, 0.0, 257.33333, 55377.33333, 0.0
1174, 1.0, 0.0, 0.0, 0.0, 0.0, 257.33333, 55310.33333, 0.0
1175, 1.0, 0.0, 0.0, 0.0, 0.0, 257.0, 55251.33333, 0.0
1176, 1.0, 0.0, 0.0, 0.0, 0.0, 256.33333, 55195.66667, 0.0
1177, 1.0, 0.0, 0.0, 0.0, 0.0, 256.0, 55131.66667, 0.0
1178, 1.0, 0.0, 0.0, 0.0, 0.0, 256.0, 55066.0, 0.0
1179, 1.0, 0.0, 0.0, 0.0, 0.0, 255.66667, 55007.33333, 0.0
1180, 1.0, 0.0, 0.0, 0.0, 0.0, 255.33333, 54949.0, 0.0
1181, 1.0, 0.0, 0.0, 0.0, 1.0, 239.5, 55003.66667, 0.0
1182, 1.0, 0.0, 0.0, 0.0, 0.0, 239.0, 54716.0, 0.0
1183, 1.0, 0.0, 0.0, 0.0, 0.0, 239.0, 54662.0, 0.0
1184, 1.0, 0.0, 0.0, 0.0, 0.0, 238.5, 54604.5, 0.0
1185, 1.0, 0.0, 0.0, 0.0, 0.0, 237.5, 54546.0, 0.0
1186, 1.0, 0.0, 0.0, 0.0, 0.0, 237.5, 54488.5, 0.0
1187, 1.0, 0.0, 0.0, 0.0, 0.0, 237.5, 54423.0, 0.0
1188, 1.0, 0.0, 0.0, 0.0, 0.0, 237.5, 54361.0, 0.0
1189, 1.0, 0.0, 0.0, 0.0, 0.0, 237.5, 54303.5, 0.0
1190, 1.0, 0.0, 0.0, 0.0, 0.0, 237.5, 54243.5, 0.0
1191, 1.0, 0.0, 0.0, 0.0, 0.0, 237.5, 54184.5, 0.0
1192, 1.0, 0.0, 0.0, 0.0, 0.0, 237.0, 54123.5, 0.0
1193, 1.0, 0.0, 0.0, 0.0, 0.0, 237.0, 54059.0, 0.0
1194, 1.0, 0.0, 0.0, 0.0, 0.0, 236.5, 54000.5, 0.0
1195, 1.0, 0.0, 0.0, 0.0, 0.0, 236.5, 53942.0, 0.0
1196, 1.0, 0.0, 0.0, 0.0, 0.0, 236.0, 53884.5, 0.0
1197, 1.0, 0.0, 0.0, 0.0, 0.0, 236.0, 53826.5, 0.0
1198, 1.0, 0.0, 0.0, 0.0, 0.0, 236.0, 53765.0, 0.0
1199, 1.0, 0.0, 0.0, 0.0, 0.0, 236.0, 53707.0, 0.0
1200, 1.0, 0.0, 0.0, 0.0, 0.0, 236.0, 53653.0, 0.0
1201, 1.0, 0.0, 0.0, 0.0, 0.0, 235.5, 53591.5, 0.0
1202, 1.0, 0.0, 0.0, 0.0, 0.0, 234.5, 53537.0, 0.0
1203, 1.0, 0.0, 0.0, 0.0, 0.0, 234.5, 53479.5, 0.0
1204, 1.0, 0.0, 0.0, 0.0, 0.0, 234.5, 53414.5, 0.0
1205, 1.0, 0.0, 0.0, 0.0, 0.0, 234.0, 53352.0, 0.0
1206, 1.0, 0.0, 0.0, 0.0, 0.0, 234.0, 53295.0, 0.0
1207, 1.0, 0.0, 0.0, 0.0, 0.0, 233.5, 53232.0, 0.0
1208, 1.0, 0.0, 0.0, 0.0, 0.0, 233.0, 53167.0, 0.0
1209, 1.0, 0.0, 0.0, 0.0, 0.0, 232.0, 53111.0, 0.0
1210, 1.0, 0.0, 0.0, 0.0, 0.0, 232.0, 53050.0, 0.0
1211, 1.0, 0.0, 0.0, 0.0, 0.0, 232.0, 52992.5, 0.0
1212, 1.0, 0.0, 0.0, 0.0, 0.0, 232.0, 52940.0, 0.0
1213, 1.0, 0.0, 0.0, 0.0, 0.0, 231.0, 52885.0, 0.0
1214, 1.0, 0.0, 0.0, 0.0, 0.0, 231.0, 52834.0, 0.0
1215, 1.0, 0.0, 0.0, 0.0, 0.0, 230.5, 52772.0, 0.0
1216, 1.0, 0.0, 0.0, 0.0, 1.0, 238.0, 52814.5, 0.0
1217, 1.0, 0.0, 0.0, 0.0, 0.0, 238.0, 52746.0, 0.0
1218, 1.0, 0.0, 0.0, 0.0, 0.0, 238.0, 52693.0, 0.0
1219, 1.0, 0.0, 0.0, 0.0, 0.0, 237.0, 52634.0, 0.0
1220, 1.0, 0.0, 0.0, 0.0, 0.0, 237.0, 52580.0, 0.0
1221, 1.0, 0.0, 0.0, 0.0, 0.0, 236.0, 52519.0, 0.0
1222, 1.0, 0.0, 0.0, 0.0, 0.0, 236.0, 52451.0, 0.0
1223, 1.0, 0.0, 0.0, 0.0, 0.0, 236.0, 52400.0, 0.0
1224, 1.0, 0.0, 0.0, 0.0, 0.0, 235.0, 52346.0, 0.0
1225, 1.0, 0.0, 0.0, 0.0, 0.0, 235.0, 52285.0, 0.0
1226, 1.0, 0.0, 0.0, 0.0, 0.0, 235.0, 52230.0, 0.0
1227, 1.0, 0.0, 0.0, 0.0, 0.0, 234.0, 52171.0, 0.0
1228, 1.0, 0.0, 0.0, 0.0, 0.0, 234.0, 52102.0, 0.0
1229, 1.0, 0.0, 0.0, 0.0, 0.0, 232.0, 52048.0, 0.0
1230, 0.0, 0.0, 0.0, 0.0, 1.0, 0.0, 52237.0, 0.0
