time, seeders, joined, request_count, response_size, left, awareness, bad_data, leechers
0, 0.0, 0.0, 0.0, 0.0, 0.0, 1001.0, 0.0, 0.0
1, 0.0, 99.0, 362.48283, 0.33468, 0.0, 33302.912, 0.0, 99.0
2, 0.0, 3.474, 219.63155, 0.63984, 5.914, 31281.918, 2525.336, 97.56
3, 0.0, 3.72597, 217.01427, 0.6697, 2.71154, 31271.144, 3320.002, 98.666
4, 0.0, 2.73291, 215.32447, 0.7037, 2.67672, 31012.45, 4123.446, 98.74
5, 0.0, 2.6951, 211.31329, 0.69674, 2.79826, 30803.284, 4858.654, 98.688
6, 0.0, 2.83007, 215.16551, 0.70877, 2.75328, 30500.23, 5711.196, 98.764
7, 0.0, 2.75165, 224.28115, 0.71546, 2.73144, 30368.43, 6392.182, 98.766
8, 0.0, 2.68936, 228.87658, 0.72209, 2.72805, 30145.844, 7179.56, 98.746
9, 0.0, 2.79341, 215.02754, 0.76253, 2.68936, 29932.966, 7923.36, 98.76
10, 0.0, 2.74617, 220.07968, 0.7719, 2.72511, 29760.266, 8630.592, 98.752
11, 76.922, 1.94763, 222.02305, 0.76182, 1.24889, 29924.46, 8726.446, 22.83
12, 77.142, 2.09832, 232.45714, 0.76745, 3.13191, 29440.608, 9528.262, 21.416
13, 78.65, 2.62939, 230.44204, 0.74955, 2.19858, 29417.19, 10014.114, 20.446
14, 79.204, 2.25058, 228.45361, 0.77482, 2.22472, 29181.858, 10603.42, 19.852
15, 79.832, 2.17464, 236.41364, 0.75989, 2.16058, 29024.296, 11101.57, 19.266
16, 80.442, 2.19169, 227.29189, 0.82244, 2.16895, 28825.36, 11642.986, 18.654
17, 81.046, 2.11369, 226.34468, 0.81814, 2.15691, 28614.528, 12176.572, 18.03
18, 81.554, 2.27273, 236.92308, 0.79004, 2.19091, 28467.408, 12697.102, 17.544
19, 82.17, 2.18204, 236.70745, 0.81156, 2.16825, 28330.654, 13170.794, 16.896
20, 82.8, 2.24402, 248.9339, 0.78244, 2.11864, 28220.54, 13659.196, 16.392
21, 82.51, 2.04612, 241.16251, 0.81899, 2.23206, 28044.748, 14151.914, 16.502
22, 82.438, 2.19725, 237.89144, 0.82492, 2.11321, 27963.198, 14598.804, 16.698
23, 82.994, 2.13659, 234.36073, 0.82952, 2.09353, 27861.05, 15020.146, 16.148
24, 83.114, 2.09113, 232.68349, 0.85707, 2.15366, 27741.458, 15453.408, 15.95
25, 82.978, 2.23709, 235.36201, 0.8765, 2.26147, 27564.336, 15986.364, 16.02
26, 83.08, 2.19286, 248.75136, 0.83501, 2.11192, 27529.344, 16384.87, 16.024
27, 83.096, 2.10949, 245.5594, 0.87036, 2.13494, 27406.878, 16838.512, 15.97
28, 83.152, 2.15862, 252.60916, 0.85118, 2.17412, 27260.43, 17363.67, 15.944
29, 83.096, 2.1373, 246.14561, 0.89561, 2.2177, 27196.144, 17791.458, 16.014
30, 83.27, 2.11222, 246.28099, 0.8581, 2.09181, 27099.674, 18208.02, 15.848
31, 83.192, 2.08612, 237.72936, 0.90979, 2.15254, 26933.538, 18691.786, 15.892
32, 83.37, 2.14528, 251.693, 0.87982, 2.06039, 26814.876, 19158.724, 15.78
33, 83.34, 2.10577, 236.75799, 0.95275, 2.15311, 26690.912, 19598.49, 15.762
34, 83.246, 2.20925, 241.18943, 0.91507, 2.1875, 26607.83, 20019.58, 15.852
35, 83.292, 2.15904, 246.20536, 0.93563, 2.15068, 26500.892, 20467.756, 15.714
36, 83.446, 2.16229, 242.49448, 0.95084, 2.05679, 26454.22, 20852.626, 15.706
37, 83.37, 2.1599, 249.61326, 0.93935, 2.21531, 26382.568, 21273.284, 15.74
38, 83.502, 2.19465, 249.44568, 0.90711, 2.13971, 26305.496, 21697.946, 15.666
39, 83.55, 2.09639, 252.18391, 0.94986, 2.17788, 26220.792, 22117.508, 15.546
40, 83.578, 2.14355, 262.99659, 0.90764, 2.02118, 26184.452, 22513.346, 15.562
41, 83.562, 2.09582, 243.02462, 0.98553, 2.16626, 26069.348, 22937.836, 15.512
42, 83.48, 2.2209, 249.09091, 0.99184, 2.1338, 26028.164, 23338.414, 15.646
43, 83.398, 2.1087, 242.49714, 0.98252, 2.22542, 25943.18, 23739.668, 15.618
44, 83.478, 2.16, 245.42484, 0.98935, 2.01392, 25885.786, 24140.74, 15.638
45, 83.526, 2.15865, 242.2049, 1.04414, 2.10165, 25811.81, 24542.57, 15.608
46, 83.472, 2.1295, 240.42793, 1.02201, 2.20813, 25696.918, 24976.104, 15.592
47, 83.54, 2.07786, 249.8829, 1.02999, 2.09653, 25634.742, 25355.85, 15.538
48, 83.552, 2.16941, 248.26464, 1.0249, 2.15572, 25584.248, 25754.412, 15.598
49, 83.604, 2.04401, 254.30622, 1.02681, 2.0119, 25543.614, 26108.868, 15.528
50, 83.588, 2.13692, 242.67735, 1.03017, 2.18599, 25479.614, 26484.578, 15.482
51, 83.578, 2.17986, 255.88559, 1.03439, 2.0534, 25450.664, 26865.864, 15.618
52, 83.698, 2.0, 251.07399, 1.0366, 2.06538, 25369.722, 27254.044, 15.468
53, 83.574, 2.15815, 260.42841, 1.04416, 2.25243, 25338.942, 27632.902, 15.51
54, 83.56, 2.2029, 263.70614, 1.04699, 2.14679, 25320.572, 28017.386, 15.476
55, 83.556, 2.16588, 252.07877, 1.05556, 2.18644, 25282.838, 28400.664, 15.502
56, 83.622, 2.18588, 252.5296, 1.0665, 2.16089, 25247.606, 28788.892, 15.548
57, 83.484, 2.11794, 246.75174, 1.10672, 2.1875, 25178.486, 29167.182, 15.52
58, 83.484, 2.2217, 262.10191, 1.06683, 2.10714, 25208.888, 29513.358, 15.634
59, 83.308, 2.10451, 257.90068, 1.06915, 2.19431, 25163.06, 29897.786, 15.73
60, 83.278, 2.19759, 249.7807, 1.11545, 2.19118, 25112.366, 30284.824, 15.796
61, 83.35, 2.20843, 255.88547, 1.0518, 2.18421, 25055.344, 30705.334, 15.784
62, 83.2, 2.13022, 261.47636, 1.12131, 2.09112, 24999.594, 31093.53, 15.878
63, 83.152, 2.19626, 261.70213, 1.13374, 2.17991, 24967.194, 31496.666, 15.94
64, 83.106, 2.23059, 251.47679, 1.18498, 2.28671, 24887.058, 31931.812, 15.92
65, 83.114, 2.25059, 249.1155, 1.13826, 2.13333, 24844.814, 32330.164, 16.042
66, 83.248, 2.08333, 258.0, 1.10306, 2.10149, 24822.742, 32666.49, 15.91
67, 83.228, 2.06699, 261.9213, 1.13831, 2.05714, 24788.778, 33029.812, 15.93
68, 83.31, 2.16462, 257.88876, 1.14613, 2.15254, 24746.486, 33401.156, 15.832
69, 83.32, 2.07488, 250.98952, 1.14007, 2.09927, 24705.696, 33747.668, 15.806
70, 83.204, 2.19249, 263.81156, 1.15787, 2.2133, 24694.752, 34125.43, 15.86
71, 83.28, 2.22434, 253.64807, 1.16836, 2.21986, 24645.066, 34520.612, 15.77
72, 83.166, 2.18396, 265.87473, 1.12916, 2.11547, 24651.644, 34877.756, 15.904
73, 83.228, 2.17967, 251.30152, 1.21062, 2.1881, 24574.88, 35288.968, 15.848
74, 83.27, 2.22115, 263.20346, 1.16324, 2.1452, 24570.916, 35649.966, 15.822
75, 83.33, 2.13146, 263.76652, 1.19332, 2.14388, 24540.396, 36029.684, 15.79
76, 83.322, 2.10811, 257.69231, 1.20941, 2.0936, 24505.464, 36375.496, 15.814
77, 83.35, 2.12563, 265.60284, 1.19448, 2.13776, 24502.376, 36696.272, 15.802
78, 83.312, 2.07561, 262.39718, 1.24183, 2.17961, 24422.312, 37091.324, 15.746
79, 83.28, 2.15278, 265.48387, 1.18023, 2.09302, 24417.352, 37456.99, 15.838
80, 83.4, 2.16176, 265.87302, 1.20896, 2.16507, 24400.3, 37809.56, 15.672
81, 83.45, 2.20142, 261.78687, 1.22286, 2.16429, 24379.39, 38181.648, 15.662
82, 83.456, 2.09491, 262.65193, 1.25789, 2.2109, 24365.666, 38534.95, 15.6
83, 83.512, 2.23168, 270.23305, 1.2403, 2.08571, 24396.422, 38878.5, 15.68
84, 83.492, 2.15815, 262.79594, 1.25097, 2.2276, 24345.082, 39259.376, 15.634
85, 83.502, 2.13171, 256.29291, 1.27545, 2.14421, 24294.36, 39621.3, 15.558
86, 83.444, 2.08873, 260.39036, 1.29321, 2.07692, 24269.626, 39960.816, 15.63
87, 83.338, 2.17361, 263.15229, 1.28086, 2.18957, 24257.024, 40328.808, 15.766
88, 83.204, 2.15839, 256.62651, 1.29535, 2.13212, 24186.568, 40728.03, 15.854
89, 83.312, 2.13462, 254.05405, 1.3289, 2.11408, 24179.626, 41045.962, 15.78
90, 83.278, 2.157, 260.0224, 1.28381, 2.11962, 24130.51, 41418.832, 15.828
91, 83.244, 2.16038, 268.66812, 1.31247, 2.19953, 24093.312, 41806.394, 15.82
92, 83.204, 2.18329, 263.54942, 1.30282, 2.15962, 24092.216, 42159.952, 15.902
93, 83.282, 2.17391, 277.66667, 1.31933, 2.16545, 24101.522, 42507.41, 15.844
94, 83.308, 2.02594, 278.69616, 1.29198, 2.1327, 24054.45, 42890.268, 15.736
95, 83.28, 2.1957, 259.78261, 1.33222, 2.07143, 24058.862, 43219.448, 15.864
96, 83.226, 2.0642, 257.53589, 1.3163, 2.11192, 23965.244, 43598.636, 15.854
97, 83.214, 2.15385, 262.44589, 1.32577, 2.21065, 23938.284, 43964.348, 15.804
98, 83.164, 2.2645, 263.52459, 1.33593, 2.29426, 23929.384, 44340.43, 15.888
99, 83.158, 2.1401, 258.23928, 1.37587, 2.05386, 23863.344, 44716.316, 15.912
100, 83.154, 2.14019, 269.75983, 1.33347, 2.13126, 23890.802, 45034.982, 15.962
101, 83.208, 2.05896, 258.99198, 1.37904, 2.07674, 23858.174, 45370.824, 15.868
102, 83.296, 2.14019, 264.08297, 1.39024, 2.13002, 23854.864, 45708.256, 15.81
103, 83.244, 2.14183, 275.08418, 1.32966, 2.13189, 23891.308, 46010.844, 15.866
104, 83.2, 2.08831, 258.85714, 1.38543, 2.15202, 23863.792, 46340.002, 15.848
105, 83.196, 2.22695, 262.10191, 1.42163, 2.14421, 23841.598, 46704.724, 15.922
106, 83.062, 2.16788, 261.84063, 1.40977, 2.1829, 23821.602, 47038.734, 16.0
107, 83.08, 2.20882, 261.86975, 1.40513, 2.15851, 23810.468, 47395.528, 16.034
108, 83.196, 2.16949, 255.58036, 1.41179, 2.15036, 23808.066, 47701.748, 15.908
109, 83.028, 2.2029, 268.64035, 1.40735, 2.26415, 23804.536, 48040.784, 15.98
110, 83.08, 2.23113, 260.04228, 1.43659, 2.1601, 23849.038, 48333.59, 16.066
111, 82.99, 2.1432, 263.14031, 1.41557, 2.18014, 23815.18, 48683.794, 16.064
112, 83.046, 2.2381, 271.59574, 1.43674, 2.20428, 23850.57, 49003.088, 16.032
113, 82.992, 2.17882, 260.47516, 1.49212, 2.23798, 23815.864, 49363.53, 16.076
114, 82.866, 2.20235, 271.47436, 1.39512, 2.14623, 23796.484, 49732.324, 16.254
115, 83.054, 2.133, 269.63048, 1.44197, 2.02651, 23796.678, 50040.368, 16.116
116, 83.08, 2.09685, 274.48037, 1.42112, 2.14806, 23806.524, 50344.884, 16.052
117, 83.234, 2.18735, 263.84872, 1.47808, 2.11111, 23827.63, 50638.124, 15.948
118, 83.174, 2.06888, 267.96785, 1.47515, 2.19417, 23794.612, 50977.058, 15.942
119, 83.238, 2.08095, 253.89016, 1.50428, 2.06459, 23798.084, 51255.55, 15.9
120, 83.218, 2.16386, 276.72606, 1.50101, 2.17412, 23800.136, 51588.722, 15.868
121, 83.18, 2.25829, 262.53935, 1.55156, 2.2459, 23796.552, 51929.458, 15.894
122, 83.218, 2.20141, 258.29787, 1.53336, 2.1619, 23797.282, 52250.078, 15.92
123, 83.222, 2.10817, 256.89852, 1.49534, 2.17136, 23755.814, 52577.096, 15.82
124, 83.39, 2.14894, 268.9769, 1.4818, 2.04087, 23795.656, 52861.426, 15.772
125, 83.376, 2.05783, 276.69789, 1.52603, 2.12411, 23744.418, 53219.698, 15.714
126, 83.37, 2.04796, 270.14052, 1.50238, 2.08516, 23743.642, 53515.75, 15.714
127, 83.454, 2.17604, 273.37079, 1.51541, 2.21411, 23760.13, 53819.426, 15.652
128, 83.406, 2.17918, 268.77778, 1.5184, 2.16627, 23756.348, 54139.474, 15.676
129, 83.46, 2.17308, 272.45575, 1.50426, 2.10024, 23786.126, 54433.1, 15.712
130, 83.392, 2.04717, 280.76037, 1.51375, 2.16351, 23773.642, 54764.232, 15.69
131, 83.492, 2.08019, 259.52381, 1.58104, 2.10922, 23760.812, 55065.988, 15.616
132, 83.542, 2.11244, 266.59117, 1.58581, 2.18873, 23759.978, 55367.646, 15.546
133, 83.482, 2.14651, 263.59697, 1.57871, 2.19149, 23751.732, 55691.44, 15.598
134, 83.516, 2.0967, 262.09224, 1.60343, 2.09501, 23751.388, 55985.562, 15.578
135, 83.422, 2.12, 266.25971, 1.58066, 2.1866, 23752.952, 56290.888, 15.646
136, 83.388, 2.17191, 269.11929, 1.61392, 2.17918, 23751.7, 56601.364, 15.674
137, 83.302, 2.22248, 253.42466, 1.63326, 2.16317, 23732.302, 56927.334, 15.802
138, 83.262, 2.07373, 266.88889, 1.60533, 2.12235, 23737.812, 57227.992, 15.838
139, 83.324, 2.15311, 263.66667, 1.62495, 2.20833, 23716.124, 57549.062, 15.774
140, 83.326, 2.06938, 263.12139, 1.60369, 2.11429, 23715.048, 57829.078, 15.726
141, 83.354, 2.15865, 264.58797, 1.62247, 2.10817, 23723.286, 58119.056, 15.74
142, 83.254, 2.08506, 275.85447, 1.63189, 2.19518, 23698.61, 58466.954, 15.832
143, 83.336, 2.1734, 269.61749, 1.59141, 2.1715, 23719.81, 58761.19, 15.782
144, 83.402, 2.07317, 263.88235, 1.66473, 2.07212, 23701.178, 59049.5, 15.692
145, 83.404, 2.13126, 264.05375, 1.64377, 2.20149, 23687.624, 59355.596, 15.706
146, 83.398, 2.13189, 277.27784, 1.65517, 2.10875, 23701.288, 59655.05, 15.706
147, 83.438, 2.1171, 254.42478, 1.65348, 2.19465, 23675.218, 59961.75, 15.67
148, 83.41, 2.11475, 279.40199, 1.65914, 2.15023, 23707.292, 60252.646, 15.672
149, 83.314, 2.12329, 272.04301, 1.73083, 2.20602, 23706.714, 60578.332, 15.722
150, 83.21, 2.21478, 272.78415, 1.68272, 2.16312, 23752.388, 60873.234, 15.914
151, 83.15, 2.09157, 259.90783, 1.71011, 2.19712, 23726.674, 61167.11, 15.882
152, 83.26, 2.2, 259.25134, 1.69142, 2.1186, 23709.846, 61484.844, 15.82
153, 83.304, 2.24574, 254.38787, 1.75511, 2.08019, 23707.174, 61773.038, 15.858
154, 83.298, 2.03589, 268.86016, 1.66171, 2.06731, 23700.618, 62053.084, 15.846
155, 83.206, 2.08029, 267.36842, 1.68985, 2.2201, 23657.092, 62368.474, 15.792
156, 83.17, 2.22197, 272.39959, 1.69376, 2.19221, 23693.056, 62674.832, 15.968
157, 83.074, 2.06856, 264.22857, 1.72405, 2.22535, 23624.006, 63019.25, 15.918
158, 83.038, 2.2092, 269.19875, 1.73058, 2.14789, 23657.81, 63315.47, 16.046
159, 83.04, 2.28465, 270.09751, 1.73325, 2.2241, 23666.278, 63616.942, 16.044
160, 83.16, 2.13095, 268.49162, 1.70911, 2.14286, 23677.838, 63896.832, 15.914
161, 82.94, 2.29117, 262.60417, 1.77787, 2.28506, 23671.074, 64217.34, 16.066
162, 82.928, 2.28438, 267.14286, 1.72842, 2.30993, 23697.268, 64524.578, 16.13
163, 82.944, 2.18545, 271.96563, 1.75948, 2.13942, 23753.378, 64784.164, 16.196
164, 82.786, 2.17464, 269.74697, 1.76305, 2.17716, 23752.5, 65083.934, 16.304
165, 82.722, 2.14645, 255.01066, 1.8194, 2.09324, 23754.584, 65368.376, 16.448
166, 82.906, 2.07838, 270.85714, 1.77046, 2.15981, 23754.76, 65649.696, 16.23
167, 82.954, 2.11779, 270.14756, 1.76681, 2.06588, 23737.46, 65949.946, 16.188
168, 83.088, 2.11325, 259.52109, 1.76977, 2.13253, 23729.734, 66218.764, 16.038
169, 83.118, 2.08899, 264.91031, 1.80195, 2.09767, 23685.0, 66540.804, 15.988
170, 83.112, 2.17422, 277.49726, 1.78402, 2.11408, 23714.784, 66820.516, 16.074
171, 83.278, 2.04902, 269.37799, 1.78508, 2.12649, 23685.118, 67104.9, 15.798
172, 83.338, 2.07159, 264.43701, 1.82673, 2.09655, 23674.94, 67393.33, 15.708
173, 83.388, 2.21262, 275.92397, 1.81936, 2.20384, 23702.038, 67692.538, 15.714
174, 83.548, 2.12649, 277.21661, 1.76559, 1.99296, 23731.492, 67958.86, 15.638
175, 83.49, 2.16229, 253.97351, 1.85615, 2.25952, 23672.726, 68279.426, 15.61
176, 83.478, 2.17918, 263.55556, 1.82083, 2.16355, 23639.02, 68590.066, 15.57
177, 83.328, 2.26389, 267.07566, 1.85796, 2.19725, 23643.938, 68908.736, 15.76
178, 83.252, 2.12165, 281.42202, 1.79095, 2.15439, 23649.098, 69193.738, 15.766
179, 83.196, 2.2209, 263.63636, 1.84381, 2.18644, 23676.436, 69458.456, 15.886
180, 83.128, 2.19672, 269.72281, 1.86522, 2.15704, 23655.434, 69783.92, 15.962
181, 82.974, 2.19036, 272.16722, 1.80881, 2.16981, 23637.362, 70094.828, 16.094
182, 83.014, 2.14824, 263.19825, 1.87099, 2.1007, 23628.362, 70381.92, 16.086
183, 83.058, 2.24105, 271.459, 1.9133, 2.15476, 23649.994, 70665.024, 16.11
184, 82.954, 2.14044, 274.09502, 1.86876, 2.24648, 23631.73, 70963.336, 16.068
185, 82.928, 2.13626, 263.89189, 1.92339, 2.18795, 23617.782, 71260.716, 16.128
186, 82.93, 2.17096, 265.91154, 1.89574, 2.09513, 23612.106, 71553.586, 16.174
187, 83.05, 2.07798, 276.82119, 1.89753, 2.15059, 23623.146, 71838.664, 16.038
188, 83.036, 2.16547, 270.87486, 1.87817, 2.11111, 23641.776, 72102.808, 16.072
189, 83.126, 2.09927, 272.54902, 1.92383, 2.1401, 23665.472, 72344.888, 15.944
190, 83.148, 2.1966, 259.55801, 1.92593, 2.1599, 23628.784, 72644.386, 15.922
191, 83.134, 2.22871, 254.91266, 1.94561, 2.19465, 23623.896, 72906.888, 15.964
192, 83.19, 2.16502, 270.5347, 1.95332, 2.22333, 23627.146, 73169.99, 15.874
193, 83.27, 2.22302, 266.99029, 1.89657, 2.19608, 23641.146, 73442.904, 15.856
194, 83.242, 2.09976, 263.6153, 1.95429, 2.13669, 23598.424, 73730.884, 15.828
195, 83.23, 2.22353, 268.99471, 1.98348, 2.21678, 23587.75, 74038.386, 15.828
196, 83.338, 2.19903, 252.42826, 1.90337, 2.05213, 23580.452, 74291.214, 15.8
197, 83.298, 2.13547, 280.73818, 1.94495, 2.17831, 23569.652, 74576.394, 15.766
198, 83.306, 2.24582, 270.45696, 1.93635, 2.14524, 23610.88, 74832.212, 15.838
199, 83.22, 2.13429, 271.91011, 1.96694, 2.17548, 23636.176, 75078.278, 15.894
200, 83.316, 2.10402, 260.11236, 1.91533, 2.12981, 23616.092, 75347.864, 15.806
201, 83.36, 2.12617, 272.08791, 1.97658, 2.1966, 23614.716, 75631.652, 15.772
202, 83.356, 2.12469, 274.53052, 1.95041, 2.18114, 23606.302, 75893.002, 15.722
203, 83.366, 2.16393, 271.1039, 1.98962, 2.23601, 23614.71, 76170.744, 15.722
204, 83.346, 2.11893, 262.08477, 2.01224, 2.05, 23609.326, 76417.728, 15.766
205, 83.322, 2.1477, 276.21195, 1.99184, 2.18313, 23604.392, 76696.004, 15.752
206, 83.346, 2.16746, 261.81015, 2.0527, 2.19315, 23610.484, 76947.394, 15.746
207, 83.254, 2.26471, 260.82251, 2.00996, 2.26492, 23613.37, 77208.85, 15.788
208, 83.358, 2.17143, 254.27632, 2.03536, 2.12981, 23602.182, 77465.49, 15.736
209, 83.35, 2.17523, 262.94307, 2.01552, 2.09456, 23602.274, 77736.602, 15.834
210, 83.368, 2.1275, 272.97297, 2.01507, 2.13551, 23590.282, 77994.22, 15.69
211, 83.272, 2.22535, 271.62447, 2.00971, 2.20609, 23602.168, 78277.192, 15.798
212, 83.152, 2.21564, 271.76471, 2.01495, 2.20141, 23622.67, 78544.106, 15.908
213, 83.254, 2.17689, 261.75515, 2.03311, 2.17831, 23640.91, 78788.636, 15.844
214, 83.206, 2.19286, 262.97503, 2.05285, 2.12264, 23646.18, 79045.946, 15.934
215, 83.186, 2.15166, 271.25551, 2.01786, 2.15, 23648.868, 79313.52, 15.964
216, 83.156, 2.07543, 265.88511, 2.02072, 2.22912, 23604.886, 79588.858, 15.832
217, 83.2, 2.18692, 275.96154, 2.03252, 2.05687, 23650.248, 79837.36, 15.924
218, 83.21, 2.12143, 271.82941, 2.06358, 2.27628, 23623.932, 80124.002, 15.834
219, 83.302, 2.21981, 268.33515, 2.03974, 2.13208, 23637.624, 80379.21, 15.772
220, 83.244, 2.10599, 266.19256, 2.06946, 2.08153, 23664.238, 80614.746, 15.922
221, 83.28, 2.086, 287.51472, 1.99304, 2.17494, 23652.066, 80888.972, 15.744
222, 83.324, 2.23684, 279.89305, 2.09171, 2.13253, 23688.684, 81149.664, 15.8
223, 83.446, 2.18599, 250.60773, 2.13624, 2.14183, 23659.284, 81403.886, 15.706
224, 83.494, 2.11005, 264.28571, 2.08752, 2.19753, 23646.018, 81657.516, 15.642
225, 83.496, 2.07039, 273.73974, 2.09293, 2.06205, 23624.08, 81918.694, 15.618
226, 83.45, 2.16216, 263.40909, 2.05953, 2.21891, 23608.25, 82170.61, 15.64
227, 83.476, 2.1851, 258.30583, 2.09157, 2.13702, 23593.534, 82427.514, 15.654
228, 83.558, 2.0799, 252.3865, 2.13699, 2.09179, 23575.536, 82649.87, 15.558
229, 83.602, 2.15931, 253.68899, 2.12975, 2.16337, 23533.526, 82909.896, 15.528
230, 83.666, 2.04019, 258.40093, 2.12242, 2.04773, 23527.468, 83131.67, 15.474
231, 83.636, 2.10654, 265.63218, 2.1402, 2.11794, 23531.598, 83358.134, 15.52
232, 83.666, 2.07353, 259.69267, 2.1807, 2.12143, 23510.48, 83588.312, 15.4
233, 83.688, 2.13882, 273.15732, 2.16351, 2.14286, 23538.956, 83824.978, 15.396
234, 83.674, 2.14014, 267.2586, 2.15781, 2.14081, 23555.838, 84058.038, 15.418
235, 83.592, 2.22469, 277.35849, 2.07683, 2.13412, 23559.742, 84320.948, 15.488
236, 83.6, 2.09976, 270.13575, 2.11977, 2.19059, 23556.802, 84568.83, 15.478
237, 83.572, 2.15348, 271.82628, 2.161, 2.19712, 23571.84, 84808.938, 15.474
238, 83.506, 2.20375, 270.24442, 2.17106, 2.12683, 23618.674, 85035.348, 15.678
239, 83.538, 2.11057, 276.6007, 2.09386, 2.0739, 23623.232, 85272.012, 15.568
240, 83.48, 2.13256, 270.11996, 2.15826, 2.1844, 23627.116, 85528.338, 15.612
241, 83.332, 2.16145, 260.98105, 2.19351, 2.20794, 23586.24, 85801.25, 15.664
242, 83.288, 2.23294, 255.21602, 2.17093, 2.17349, 23565.34, 86070.352, 15.802
243, 83.258, 2.1924, 271.07259, 2.14788, 2.21635, 23591.502, 86307.01, 15.834
244, 83.256, 2.13842, 276.5625, 2.17312, 2.16787, 23603.034, 86554.16, 15.82
245, 83.298, 2.19506, 260.40495, 2.24838, 2.15869, 23577.854, 86804.462, 15.842
246, 83.28, 2.11137, 262.4018, 2.1621, 2.12706, 23549.9, 87061.412, 15.834
247, 83.248, 2.10094, 273.18436, 2.19018, 2.1555, 23540.078, 87320.934, 15.854
248, 83.324, 2.13126, 252.18365, 2.26821, 2.13909, 23502.618, 87569.154, 15.78
249, 83.348, 2.11247, 258.7963, 2.21064, 2.07022, 23499.072, 87779.342, 15.774
250, 83.264, 2.14461, 266.17143, 2.25719, 2.21709, 23463.614, 88040.9, 15.688
251, 83.22, 2.3185, 273.73737, 2.21993, 2.18313, 23519.134, 88286.632, 15.9
252, 83.318, 2.12888, 273.31839, 2.24938, 2.14727, 23532.028, 88519.008, 15.778
253, 83.324, 2.16058, 270.94595, 2.23732, 2.18009, 23524.208, 88766.312, 15.708
254, 83.204, 2.2645, 272.95082, 2.18844, 2.16397, 23540.144, 89040.11, 15.906
255, 83.106, 2.17689, 277.46479, 2.25654, 2.18225, 23555.68, 89292.322, 16.03
256, 83.204, 2.08213, 266.2413, 2.26841, 2.06143, 23566.08, 89497.148, 15.978
257, 83.192, 2.04524, 277.4156, 2.21779, 2.17857, 23540.698, 89754.228, 15.878
258, 83.054, 2.27854, 264.02806, 2.26831, 2.35071, 23548.938, 90027.17, 16.028
259, 82.974, 2.17422, 273.54555, 2.27287, 2.11722, 23588.63, 90240.016, 16.16
260, 83.062, 2.07729, 269.53488, 2.23296, 2.13098, 23580.622, 90466.362, 16.1
261, 83.176, 2.18945, 255.8598, 2.28125, 2.2069, 23567.836, 90699.482, 16.02
262, 83.188, 2.07363, 272.62314, 2.27773, 2.22727, 23554.962, 90940.846, 15.892
263, 83.316, 2.09412, 268.76404, 2.24415, 2.03837, 23565.378, 91160.96, 15.844
264, 83.426, 2.14988, 268.8, 2.23129, 2.26667, 23552.334, 91395.322, 15.648
265, 83.462, 2.19002, 264.20824, 2.2775, 2.12289, 23565.132, 91621.946, 15.694
266, 83.466, 2.10319, 271.14486, 2.26626, 2.15, 23576.77, 91825.008, 15.682
267, 83.39, 2.12048, 271.25, 2.28613, 2.17184, 23562.558, 92066.886, 15.698
268, 83.486, 2.11298, 276.67804, 2.27755, 2.18095, 23543.048, 92322.27, 15.528
269, 83.526, 2.2, 257.18816, 2.30826, 2.08274, 23570.544, 92530.736, 15.618
270, 83.488, 2.09882, 269.50673, 2.30824, 2.10539, 23570.634, 92760.652, 15.642
271, 83.544, 2.08353, 264.83391, 2.37197, 2.04717, 23563.844, 92978.746, 15.596
272, 83.434, 2.05425, 259.47187, 2.31549, 2.14085, 23523.114, 93219.482, 15.624
273, 83.444, 2.13948, 276.1326, 2.28691, 2.17359, 23545.284, 93445.506, 15.646
274, 83.426, 2.12619, 265.06159, 2.31939, 2.14081, 23541.226, 93669.722, 15.656
275, 83.396, 2.21801, 257.15812, 2.37931, 2.17136, 23509.962, 93929.688, 15.708
276, 83.428, 2.12871, 269.18605, 2.30367, 2.02421, 23521.15, 94126.448, 15.724
277, 83.39, 2.12136, 265.78947, 2.3461, 2.14588, 23504.554, 94352.706, 15.686
278, 83.26, 2.2178, 269.27138, 2.36314, 2.26651, 23498.014, 94615.246, 15.788
279, 83.346, 2.20574, 268.98048, 2.375, 2.17275, 23524.168, 94828.826, 15.76
280, 83.354, 2.20241, 270.78775, 2.33293, 2.19951, 23543.76, 95048.412, 15.794
281, 83.272, 2.1253, 257.14286, 2.35009, 2.23671, 23528.602, 95261.046, 15.788
282, 83.196, 2.20843, 269.03499, 2.33268, 2.24048, 23540.376, 95500.412, 15.868
283, 83.21, 2.17371, 269.33045, 2.38974, 2.11374, 23584.614, 95697.758, 15.922
284, 83.176, 2.11401, 259.66292, 2.41411, 2.16317, 23525.018, 95961.642, 15.88
285, 83.214, 2.15877, 270.80132, 2.39035, 2.12649, 23533.252, 96189.29, 15.882
286, 83.082, 2.23389, 271.36752, 2.33976, 2.2488, 23533.26, 96437.664, 16.006
287, 83.09, 2.14623, 281.20879, 2.4193, 2.11736, 23571.52, 96651.986, 16.086
288, 83.19, 2.12077, 271.64009, 2.35681, 2.18225, 23547.94, 96892.44, 15.922
289, 83.196, 2.16159, 276.27302, 2.35843, 2.14489, 23559.976, 97129.582, 15.956
290, 83.154, 2.1966, 268.0663, 2.40808, 2.20188, 23555.634, 97358.79, 15.932
291, 83.164, 2.18571, 272.76688, 2.39896, 2.10981, 23587.64, 97565.166, 15.952
292, 83.208, 2.14806, 267.23164, 2.46004, 2.15752, 23568.728, 97797.806, 15.87
293, 83.336, 2.14321, 269.81567, 2.3766, 2.12903, 23589.42, 97984.206, 15.762
294, 83.386, 2.11429, 270.72072, 2.48544, 2.08115, 23603.328, 98187.51, 15.744
295, 83.284, 2.08353, 279.28731, 2.4382, 2.2381, 23574.876, 98454.006, 15.762
296, 83.296, 2.18307, 259.74843, 2.46207, 2.23741, 23583.456, 98676.238, 15.792
297, 83.322, 2.14078, 268.82086, 2.47111, 2.11298, 23573.23, 98895.874, 15.772
298, 83.37, 2.13285, 254.36014, 2.4301, 2.06053, 23566.348, 99086.69, 15.788
299, 83.46, 2.10476, 272.05882, 2.44657, 2.09709, 23601.684, 99267.442, 15.738
300, 83.39, 2.03722, 265.04263, 2.48529, 2.1165, 23582.386, 99456.428, 15.706
301, 83.304, 2.21801, 264.74359, 2.4205, 2.29138, 23585.638, 99682.91, 15.698
302, 83.314, 2.24883, 257.51566, 2.47588, 2.06497, 23615.42, 99878.834, 15.824
303, 83.24, 2.09308, 257.01254, 2.56566, 2.19477, 23571.616, 100106.626, 15.804
304, 83.282, 2.15668, 269.44444, 2.48731, 2.13189, 23599.74, 100316.036, 15.856
305, 83.242, 2.13107, 263.21185, 2.45045, 2.23721, 23537.074, 100574.3, 15.728
306, 83.294, 2.22973, 284.94949, 2.45764, 2.21698, 23607.948, 100799.598, 15.776
307, 83.31, 2.15877, 266.84962, 2.4422, 2.20494, 23619.192, 101005.222, 15.796
308, 83.284, 2.06888, 270.49369, 2.52929, 2.11348, 23619.056, 101207.612, 15.776
309, 83.278, 2.09785, 269.05575, 2.50444, 2.10591, 23640.034, 101389.088, 15.83
310, 83.156, 2.1881, 267.46464, 2.49268, 2.16067, 23643.152, 101607.884, 15.988
311, 83.176, 2.04009, 269.24855, 2.48433, 2.1555, 23622.856, 101824.286, 15.896
312, 83.23, 2.1816, 275.45946, 2.49804, 2.09862, 23637.592, 102047.522, 15.862
313, 83.078, 2.19194, 267.78378, 2.47194, 2.15457, 23653.092, 102255.362, 16.024
314, 83.176, 2.05374, 269.96587, 2.46987, 2.09677, 23676.694, 102432.772, 15.994
315, 83.16, 2.12225, 258.75576, 2.5138, 2.17391, 23660.458, 102627.132, 15.946
316, 83.348, 2.10386, 270.37887, 2.48747, 2.06338, 23642.082, 102842.542, 15.742
317, 83.352, 2.15691, 273.07275, 2.49185, 2.13753, 23663.814, 103049.352, 15.746
318, 83.364, 2.15217, 270.1459, 2.49231, 2.18382, 23676.892, 103242.242, 15.734
319, 83.394, 2.15366, 275.76444, 2.5039, 2.15122, 23705.372, 103425.824, 15.706
320, 83.436, 2.20476, 256.15551, 2.53246, 2.15625, 23701.48, 103627.37, 15.722
321, 83.256, 2.16307, 267.2949, 2.53961, 2.28538, 23660.048, 103876.664, 15.736
322, 83.364, 2.2399, 263.62672, 2.57321, 2.09201, 23699.98, 104057.066, 15.786
323, 83.4, 2.12136, 263.84439, 2.60191, 2.16628, 23657.748, 104284.394, 15.622
324, 83.326, 2.15814, 261.63793, 2.56013, 2.10849, 23650.628, 104500.324, 15.764
325, 83.318, 2.09693, 279.59414, 2.56331, 2.14014, 23680.068, 104690.316, 15.744
326, 83.28, 2.18005, 254.24107, 2.54522, 2.11031, 23665.916, 104881.586, 15.814
327, 83.274, 2.15513, 262.56921, 2.55335, 2.14019, 23668.84, 105074.59, 15.794
328, 83.24, 2.11944, 265.96685, 2.58995, 2.15971, 23685.494, 105260.816, 15.88
329, 83.258, 2.14493, 269.36937, 2.58696, 2.15049, 23718.806, 105426.748, 15.866
330, 83.348, 2.14286, 274.23729, 2.548, 2.11463, 23741.368, 105609.912, 15.812
331, 83.298, 2.11594, 275.45662, 2.52632, 2.17633, 23703.014, 105851.22, 15.738
332, 83.414, 2.26933, 265.05495, 2.54643, 2.0799, 23706.626, 106049.742, 15.724
333, 83.376, 2.10628, 264.79358, 2.54699, 2.15403, 23714.706, 106221.92, 15.744
334, 83.462, 2.04471, 267.20368, 2.64169, 2.05276, 23708.932, 106410.826, 15.684
335, 83.47, 2.10194, 274.48037, 2.56289, 2.14685, 23681.392, 106632.446, 15.566
336, 83.518, 2.19249, 267.88009, 2.61671, 2.10798, 23698.882, 106833.198, 15.59
337, 83.592, 2.09809, 254.38997, 2.60511, 2.09592, 23689.21, 107006.928, 15.522
338, 83.564, 2.23961, 261.68122, 2.6383, 2.23786, 23671.988, 107221.554, 15.538
339, 83.468, 2.14423, 264.79821, 2.6033, 2.19185, 23649.112, 107433.848, 15.59
340, 83.448, 2.18052, 276.25272, 2.60489, 2.16822, 23673.71, 107633.162, 15.59
341, 83.204, 2.23077, 263.84535, 2.56158, 2.26698, 23667.662, 107861.206, 15.812
342, 83.158, 2.20642, 279.72973, 2.60424, 2.18329, 23693.832, 108089.194, 15.9
343, 83.058, 2.20519, 261.49733, 2.64908, 2.1733, 23686.354, 108302.052, 16.014
344, 83.06, 2.10843, 271.88571, 2.59605, 2.10194, 23680.634, 108498.58, 16.03
345, 82.95, 2.18029, 266.15215, 2.61309, 2.18009, 23657.708, 108719.136, 16.114
346, 82.992, 2.13953, 262.93478, 2.5957, 2.14663, 23666.7, 108907.15, 16.126
347, 83.006, 2.18826, 252.40223, 2.63789, 2.0922, 23657.29, 109080.828, 16.132
348, 83.006, 2.17925, 274.02597, 2.58689, 2.18735, 23673.236, 109283.84, 16.112
349, 82.95, 2.11164, 256.13048, 2.68643, 2.12201, 23664.014, 109461.67, 16.172
350, 82.968, 2.13507, 269.47836, 2.66474, 2.12009, 23665.804, 109656.664, 16.12
351, 83.078, 2.12352, 267.89709, 2.68434, 2.19417, 23652.948, 109860.358, 15.99
352, 83.158, 2.18868, 258.94397, 2.71952, 2.13146, 23641.554, 110063.676, 15.95
353, 83.258, 2.16547, 259.13621, 2.66966, 2.15122, 23642.734, 110241.478, 15.892
354, 83.274, 2.06796, 269.3662, 2.64488, 2.05036, 23640.512, 110414.16, 15.87
355, 83.24, 2.24578, 255.79399, 2.68079, 2.26442, 23611.488, 110630.816, 15.884
356, 83.258, 2.17266, 265.23179, 2.65293, 2.18329, 23579.426, 110853.252, 15.796
357, 83.286, 2.26942, 275.50802, 2.6347, 2.16067, 23614.092, 111044.65, 15.836
358, 83.21, 2.13527, 269.79638, 2.61384, 2.25352, 23572.992, 111271.896, 15.76
359, 83.228, 2.19718, 267.52137, 2.64018, 2.06747, 23624.138, 111431.282, 15.898
360, 83.286, 2.07434, 272.25434, 2.63057, 2.11271, 23622.368, 111613.236, 15.808
361, 83.15, 2.12706, 272.45575, 2.71092, 2.22222, 23618.56, 111818.062, 15.872
362, 83.228, 2.20331, 265.34335, 2.66599, 2.21446, 23624.042, 112012.802, 15.82
363, 83.064, 2.25635, 275.02559, 2.69743, 2.27896, 23659.464, 112220.9, 16.01
364, 83.042, 2.19118, 264.7651, 2.70638, 2.06747, 23663.258, 112396.182, 16.104
365, 83.122, 2.15072, 264.62736, 2.73644, 2.1655, 23631.642, 112608.782, 15.964
366, 83.146, 2.20581, 260.59276, 2.68408, 2.16, 23610.42, 112809.738, 15.926
367, 83.256, 2.18005, 255.13393, 2.75503, 2.13022, 23620.224, 112962.276, 15.874
368, 83.276, 2.07876, 267.85304, 2.73039, 2.09026, 23615.696, 113137.114, 15.836
369, 83.32, 2.1941, 266.62934, 2.70517, 2.14558, 23622.302, 113310.296, 15.78
370, 83.32, 2.15892, 273.49943, 2.70849, 2.06444, 23625.712, 113493.562, 15.816
371, 83.304, 2.08333, 263.2, 2.72688, 2.19575, 23597.176, 113688.608, 15.72
372, 83.316, 2.16129, 271.96162, 2.74481, 2.15663, 23630.968, 113867.164, 15.794
373, 83.408, 2.20244, 259.24695, 2.79154, 2.18313, 23621.198, 114047.956, 15.696
374, 83.352, 2.18632, 271.95254, 2.73225, 2.1445, 23600.774, 114275.622, 15.736
375, 83.322, 2.23131, 269.00524, 2.77968, 2.22542, 23623.038, 114469.502, 15.82
376, 83.364, 2.04096, 268.94923, 2.72564, 2.09048, 23605.894, 114644.796, 15.716
377, 83.308, 2.19715, 265.18919, 2.79005, 2.15802, 23596.792, 114845.986, 15.792
378, 83.244, 2.10214, 255.59322, 2.78117, 2.18599, 23556.306, 115040.288, 15.816
379, 83.216, 2.20574, 268.76356, 2.79742, 2.179, 23567.964, 115223.972, 15.862
380, 83.078, 2.27098, 271.38332, 2.78444, 2.2346, 23578.32, 115427.886, 16.008
381, 83.018, 2.21498, 266.63032, 2.79427, 2.21277, 23560.196, 115635.32, 16.03
382, 83.13, 2.12235, 264.19069, 2.79815, 2.10979, 23570.1, 115801.4, 15.954
383, 83.136, 2.22619, 275.50802, 2.78144, 2.16822, 23600.484, 115984.002, 15.962
384, 83.234, 2.13882, 259.07591, 2.83567, 2.13679, 23595.55, 116157.924, 15.87
385, 83.276, 2.16509, 256.64488, 2.80475, 2.16512, 23563.79, 116357.94, 15.802
386, 83.11, 2.2518, 266.24068, 2.7576, 2.16589, 23575.596, 116543.572, 15.992
387, 83.136, 2.12827, 272.54464, 2.7371, 2.18072, 23576.702, 116728.788, 15.948
388, 83.078, 2.14663, 274.69205, 2.71586, 2.15752, 23596.468, 116896.516, 15.984
389, 83.13, 2.19104, 268.24543, 2.85955, 2.19071, 23607.328, 117081.754, 15.998
390, 83.228, 2.16418, 257.24138, 2.76944, 2.11779, 23567.518, 117265.04, 15.878
391, 83.262, 2.12225, 265.78341, 2.82445, 2.21898, 23538.734, 117450.268, 15.756
392, 83.21, 2.15826, 267.37513, 2.78458, 2.09693, 23547.128, 117640.438, 15.916
393, 83.304, 2.14734, 262.54218, 2.84876, 2.08038, 23532.312, 117815.886, 15.84
394, 83.346, 2.09929, 264.52703, 2.83908, 2.06506, 23544.304, 117968.226, 15.86
395, 83.348, 2.06176, 259.10138, 2.82081, 2.18945, 23500.04, 118157.508, 15.768
396, 83.454, 2.17778, 273.46939, 2.82214, 2.10142, 23497.648, 118335.876, 15.644
397, 83.444, 2.19811, 265.23605, 2.82322, 2.29904, 23477.402, 118544.71, 15.596
398, 83.384, 2.17483, 286.28081, 2.80719, 2.19952, 23509.592, 118741.528, 15.67
399, 83.388, 2.22195, 267.28869, 2.82012, 2.13902, 23543.186, 118887.372, 15.734
400, 83.338, 2.13876, 258.38926, 2.88528, 2.1555, 23532.212, 119052.992, 15.77
401, 83.254, 2.14252, 257.42794, 2.82644, 2.15603, 23504.758, 119236.558, 15.834
402, 83.36, 2.19026, 278.07203, 2.82057, 2.1851, 23565.434, 119392.964, 15.798
403, 83.258, 2.13909, 272.53363, 2.82271, 2.179, 23561.374, 119574.154, 15.858
404, 83.098, 2.21226, 276.33262, 2.80941, 2.2093, 23573.924, 119770.93, 15.994
405, 82.922, 2.19286, 266.55809, 2.91283, 2.21065, 23563.824, 119962.222, 16.102
406, 82.982, 2.13002, 258.71254, 2.85972, 2.09976, 23548.636, 120133.838, 16.076
407, 83.076, 2.1639, 277.27772, 2.84956, 2.14149, 23589.78, 120287.98, 16.018
408, 83.132, 2.14218, 279.42478, 2.88282, 2.11893, 23630.896, 120440.726, 16.024
409, 83.152, 2.0688, 271.49644, 2.86177, 2.06294, 23615.51, 120601.08, 15.918
410, 83.132, 2.18353, 253.87931, 2.91341, 2.20588, 23606.994, 120770.066, 15.994
411, 83.22, 2.15476, 269.28177, 2.84243, 2.1247, 23615.754, 120937.41, 15.944
412, 83.378, 2.07543, 260.49238, 2.88389, 2.08475, 23607.66, 121077.492, 15.77
413, 83.278, 2.15207, 278.69379, 2.92201, 2.26869, 23606.128, 121286.824, 15.796
414, 83.388, 2.15238, 264.26991, 2.91335, 2.10602, 23615.78, 121441.38, 15.746
415, 83.502, 2.12319, 268.25939, 2.91942, 2.12107, 23633.86, 121581.122, 15.638
416, 83.486, 2.08108, 280.40142, 2.92463, 2.16341, 23625.37, 121750.728, 15.574
417, 83.416, 2.25118, 260.84211, 2.91687, 2.15222, 23631.234, 121925.922, 15.706
418, 83.444, 2.06888, 283.92652, 2.8981, 2.15648, 23618.506, 122119.786, 15.656
419, 83.378, 2.17531, 265.83428, 2.91418, 2.11057, 23635.526, 122255.69, 15.766
420, 83.45, 2.00726, 268.1544, 2.87584, 2.08894, 23591.836, 122428.364, 15.614
421, 83.494, 2.16827, 269.1796, 2.92175, 2.14286, 23612.24, 122577.974, 15.604
422, 83.464, 2.14806, 265.76271, 2.9256, 2.14524, 23585.472, 122759.41, 15.602
423, 83.554, 2.14353, 272.33809, 2.93309, 2.08899, 23579.372, 122945.288, 15.55
424, 83.496, 2.04598, 260.78652, 2.96812, 2.16351, 23573.954, 123097.804, 15.562
425, 83.492, 2.21256, 267.79476, 2.89401, 2.14423, 23575.866, 123267.782, 15.614
426, 83.418, 2.12319, 267.91809, 2.95456, 2.07621, 23576.61, 123421.224, 15.648
427, 83.538, 2.18913, 260.69114, 2.92502, 2.13176, 23568.284, 123594.026, 15.568
428, 83.568, 2.08471, 255.75621, 2.9541, 2.07824, 23586.856, 123710.492, 15.61
429, 83.516, 2.15764, 270.6621, 2.84268, 2.22249, 23581.438, 123872.892, 15.596
430, 83.36, 2.14252, 287.25055, 2.94288, 2.15862, 23601.74, 124052.352, 15.678
431, 83.45, 2.1733, 260.23707, 2.98427, 2.10412, 23633.888, 124185.122, 15.706
432, 83.424, 2.01914, 273.45972, 2.97227, 2.16029, 23592.776, 124368.492, 15.614
433, 83.45, 2.13785, 261.63934, 2.91228, 2.05116, 23606.586, 124513.182, 15.654
434, 83.422, 2.15046, 262.43272, 2.9557, 2.12471, 23607.488, 124680.36, 15.734
435, 83.31, 2.1049, 272.75748, 3.00731, 2.18059, 23597.108, 124862.912, 15.72
436, 83.282, 2.1713, 276.65245, 2.92832, 2.18029, 23651.304, 125005.998, 15.81
437, 83.316, 2.18353, 268.96552, 2.97676, 2.18377, 23650.012, 125184.114, 15.802
438, 83.266, 2.20343, 277.08565, 2.90124, 2.11722, 23659.41, 125351.8, 15.88
439, 83.246, 2.07212, 248.7239, 2.9916, 2.10402, 23627.234, 125489.968, 15.844
440, 83.216, 2.16317, 269.93534, 2.92974, 2.19093, 23614.51, 125681.642, 15.894
441, 83.144, 2.16865, 273.16539, 2.93865, 2.20331, 23598.326, 125874.764, 15.928
442, 83.028, 2.11806, 255.40984, 2.9662, 2.19811, 23587.014, 126029.542, 16.01
443, 83.066, 2.20903, 267.74194, 2.93896, 2.18795, 23598.102, 126194.848, 16.016
444, 83.08, 2.1957, 266.19565, 3.01307, 2.21792, 23588.422, 126368.752, 16.01
445, 83.088, 2.10514, 259.48946, 3.04534, 2.08038, 23574.444, 126526.366, 16.044
446, 83.154, 2.11848, 260.06711, 2.98538, 2.14558, 23550.558, 126690.982, 15.968
447, 83.278, 2.14149, 278.16349, 2.97262, 2.12411, 23557.226, 126855.914, 15.85
448, 83.4, 2.14251, 275.22936, 2.98458, 2.11605, 23555.188, 127013.518, 15.758
449, 83.314, 2.14628, 261.22905, 2.98375, 2.19512, 23545.704, 127165.016, 15.834
450, 83.382, 2.11244, 262.51416, 3.02416, 2.1715, 23533.482, 127315.012, 15.734
451, 83.374, 2.19518, 269.59385, 3.03909, 2.1986, 23529.958, 127483.476, 15.682
452, 83.386, 2.16279, 274.62366, 2.9906, 2.17577, 23533.008, 127666.578, 15.698
453, 83.478, 2.14321, 269.47005, 2.9953, 2.11951, 23554.38, 127785.838, 15.604
454, 83.418, 2.16785, 253.65322, 3.02537, 2.15349, 23544.226, 127934.19, 15.646
455, 83.338, 2.20331, 261.80258, 3.00574, 2.19194, 23523.144, 128116.448, 15.74
456, 83.314, 2.17184, 256.04396, 3.01931, 2.14286, 23516.206, 128262.562, 15.784
457, 83.374, 2.0649, 260.53551, 3.02592, 2.10224, 23511.848, 128386.626, 15.756
458, 83.328, 2.11566, 272.77904, 3.03883, 2.17618, 23503.78, 128545.472, 15.804
459, 83.264, 2.15588, 266.18465, 3.02466, 2.14713, 23483.76, 128716.62, 15.798
460, 83.352, 2.06207, 267.22408, 3.13183, 2.07637, 23501.494, 128848.532, 15.764
461, 83.406, 2.10689, 270.34949, 3.00667, 2.17402, 23482.182, 129018.124, 15.71
462, 83.486, 2.13462, 280.06757, 2.98834, 2.17815, 23492.286, 129175.872, 15.572
463, 83.518, 2.10791, 260.63709, 3.06591, 2.08516, 23494.378, 129301.518, 15.584
464, 83.49, 2.15728, 268.11752, 3.03815, 2.23005, 23493.286, 129466.06, 15.55
465, 83.376, 2.27714, 266.12576, 3.08498, 2.25641, 23497.116, 129656.672, 15.7
466, 83.466, 2.05097, 272.07101, 3.02914, 2.07598, 23492.44, 129789.478, 15.606
467, 83.404, 2.11321, 278.79464, 3.02122, 2.10386, 23499.708, 129950.256, 15.718
468, 83.35, 2.06921, 266.78201, 3.06788, 2.14218, 23490.958, 130091.486, 15.698
469, 83.338, 2.13876, 260.85011, 3.1072, 2.12107, 23492.63, 130224.86, 15.746
470, 83.368, 2.17016, 266.27282, 3.08189, 2.12264, 23509.054, 130374.0, 15.778
471, 83.374, 2.21027, 266.92478, 3.0891, 2.21891, 23511.814, 130519.692, 15.796
472, 83.302, 2.13801, 267.61042, 3.08633, 2.18632, 23510.748, 130659.96, 15.78
473, 83.288, 2.18953, 265.48975, 3.05663, 2.17172, 23500.71, 130802.962, 15.83
474, 83.422, 2.06813, 256.58824, 3.13297, 2.09291, 23470.49, 130935.974, 15.684
475, 83.564, 2.01882, 274.59207, 3.0174, 2.15202, 23460.75, 131083.91, 15.446
476, 83.474, 2.23776, 269.6875, 3.14137, 2.14019, 23491.21, 131237.982, 15.624
477, 83.416, 2.13679, 273.50993, 3.05004, 2.1619, 23504.602, 131386.112, 15.678
478, 83.282, 2.14184, 271.8543, 3.10313, 2.21103, 23483.48, 131565.916, 15.78
479, 83.358, 2.10979, 260.40724, 3.10295, 2.06914, 23492.328, 131682.338, 15.796
480, 83.522, 2.12285, 261.22685, 3.08418, 2.04739, 23467.158, 131823.414, 15.632
