time, seeders, joined, request_count, response_size, left, awareness, bad_data, leechers
0, 0.0, 0.0, 0.0, 0.0, 0.0, 5001.0, 0.0, 0.0
1, 0.0, 999.0, 482.01301, 22.71503, 0.0, 430187.736, 0.0, 999.0
2, 0.0, 25.45, 458.27112, 44.04964, 49.892, 412480.784, 25767.434, 975.558
3, 0.0, 36.244, 460.32447, 45.39547, 24.468, 417853.808, 36521.982, 987.334
4, 0.0, 25.234, 457.55726, 46.82539, 25.102, 418219.528, 47606.356, 987.466
5, 0.0, 24.988, 458.17993, 47.84505, 25.142, 418455.942, 58713.932, 987.312
6, 0.0, 25.02, 457.39408, 48.98191, 24.756, 418797.382, 69668.566, 987.576
7, 0.0, 24.732, 459.16222, 50.09889, 24.794, 419029.464, 80620.914, 987.514
8, 0.0, 25.0, 458.12, 51.20178, 25.354, 419048.382, 91876.096, 987.16
9, 0.0, 25.416, 458.17595, 52.28785, 25.152, 419363.004, 102969.946, 987.424
10, 0.0, 25.066, 458.7489, 53.40151, 25.206, 419483.228, 114099.426, 987.284
11, 777.622, 15.634, 456.76091, 54.31704, 5.83534, 422668.576, 116502.358, 219.484
12, 771.834, 18.458, 458.60873, 54.75192, 30.992, 416980.464, 129875.008, 212.738
13, 787.05, 24.298, 458.8855, 55.67166, 18.032, 418948.212, 137547.372, 203.788
14, 793.308, 18.578, 458.39165, 56.53476, 18.572, 418257.932, 145478.112, 197.536
15, 799.512, 18.048, 457.66844, 57.28874, 18.022, 417622.244, 153088.942, 191.358
16, 805.278, 18.356, 459.08695, 58.07713, 18.454, 416989.624, 160867.336, 185.494
17, 811.254, 18.178, 458.5763, 58.62704, 17.794, 416567.778, 168321.926, 179.902
18, 816.97, 17.876, 459.55471, 59.38564, 18.168, 415896.592, 175928.782, 173.894
19, 822.914, 18.378, 459.62564, 59.89381, 18.312, 415420.046, 183558.998, 168.016
20, 828.434, 18.088, 458.42548, 60.6938, 17.936, 414920.244, 191052.034, 162.648
21, 826.402, 18.17, 460.31921, 61.34374, 18.214, 414423.982, 198600.874, 164.636
22, 826.872, 18.062, 460.02658, 62.03201, 18.082, 413916.288, 206083.766, 164.146
23, 831.928, 17.872, 459.99329, 62.65734, 17.796, 413474.162, 213392.884, 159.166
24, 832.404, 17.888, 456.84258, 63.40761, 18.14, 412850.66, 220836.752, 158.438
25, 832.538, 18.012, 457.58383, 64.0546, 17.724, 412447.626, 228099.142, 158.592
26, 832.58, 17.98, 458.23137, 64.75749, 18.152, 411894.258, 235502.75, 158.378
27, 832.796, 18.014, 457.75508, 65.38358, 18.026, 411433.184, 242797.152, 158.15
28, 832.532, 18.106, 458.6325, 66.1427, 18.164, 410941.712, 250169.162, 158.356
29, 832.552, 18.278, 456.45038, 66.85701, 18.092, 410538.85, 257466.636, 158.522
30, 832.742, 17.926, 458.88653, 67.42293, 18.004, 410061.872, 264714.974, 158.254
31, 833.096, 17.838, 459.02007, 68.02296, 17.754, 409659.69, 271830.5, 157.984
32, 833.528, 17.848, 458.09054, 68.76211, 17.74, 409320.882, 278848.884, 157.66
33, 833.284, 18.05, 459.00277, 69.52553, 18.226, 408829.392, 286129.536, 157.728
34, 833.26, 18.014, 458.53225, 70.08838, 17.888, 408446.8, 293258.978, 157.878
35, 833.294, 17.846, 460.1031, 70.77798, 18.078, 407948.404, 300443.366, 157.612
36, 833.188, 17.884, 458.78998, 71.3259, 17.956, 407551.81, 307498.632, 157.646
37, 833.54, 18.198, 458.89658, 71.99305, 17.892, 407280.182, 314548.614, 157.6
38, 833.548, 17.776, 458.14581, 72.54789, 18.084, 406768.536, 321637.716, 157.284
39, 833.704, 18.168, 460.09467, 73.39203, 18.06, 406469.516, 328697.2, 157.236
40, 833.84, 17.91, 462.36739, 73.93407, 17.722, 406238.768, 335589.526, 157.288
41, 833.658, 17.758, 458.55389, 74.47931, 17.85, 405849.726, 342504.17, 157.378
42, 833.708, 17.944, 459.26215, 75.08664, 17.84, 405538.818, 349419.726, 157.432
43, 833.562, 17.75, 459.5493, 75.79134, 18.048, 405070.914, 356402.242, 157.28
44, 833.432, 18.138, 459.09141, 76.49994, 18.066, 404804.032, 363329.982, 157.482
45, 833.388, 18.074, 460.38508, 77.05072, 17.928, 404585.352, 370184.226, 157.672
46, 833.37, 18.08, 460.67478, 77.69708, 18.028, 404291.246, 377114.582, 157.742
47, 833.452, 18.044, 456.27355, 78.43107, 18.146, 403870.556, 384067.56, 157.558
48, 832.96, 17.968, 461.98798, 79.13035, 18.17, 403508.54, 391007.988, 157.848
49, 833.45, 18.074, 459.77647, 79.90866, 17.592, 403386.058, 397686.264, 157.84
50, 833.824, 17.678, 459.27141, 80.21961, 17.726, 403030.866, 404412.54, 157.418
51, 833.714, 17.76, 457.93919, 80.92008, 17.954, 402648.682, 411168.3, 157.334
52, 833.948, 17.772, 458.86788, 81.8, 17.646, 402390.272, 417791.07, 157.226
53, 833.74, 17.816, 459.75528, 82.22207, 18.034, 402007.472, 424580.198, 157.216
54, 833.838, 18.094, 459.26827, 82.90337, 18.104, 401720.73, 431371.134, 157.108
55, 833.928, 18.308, 461.05528, 83.51558, 18.046, 401610.342, 438085.376, 157.28
56, 834.048, 17.79, 460.31478, 84.1143, 17.794, 401331.68, 444716.486, 157.156
57, 833.944, 17.976, 460.94793, 84.81161, 18.184, 401004.442, 451477.412, 157.052
58, 833.97, 17.918, 461.37962, 85.23999, 17.938, 400753.708, 458128.852, 157.006
59, 834.066, 17.986, 458.5233, 85.93452, 18.074, 400456.486, 464793.004, 156.822
60, 833.996, 18.036, 459.96895, 86.55967, 17.914, 400237.496, 471414.294, 157.014
61, 833.332, 18.032, 458.51819, 87.19787, 18.374, 399846.562, 478181.43, 157.336
62, 832.976, 18.384, 460.40035, 87.95629, 18.062, 399794.214, 484761.726, 158.014
63, 832.52, 17.954, 460.78868, 88.69709, 17.94, 399593.866, 491295.052, 158.484
64, 832.538, 18.056, 459.18254, 89.11205, 18.016, 399349.234, 497878.96, 158.506
65, 832.88, 17.972, 462.38593, 89.79627, 17.972, 399197.042, 504368.198, 158.164
66, 832.996, 17.774, 461.29177, 90.50726, 17.616, 399080.03, 510695.22, 158.206
67, 832.8, 17.772, 457.29237, 90.93023, 18.094, 398720.316, 517203.13, 158.08
68, 832.696, 17.968, 462.8228, 91.5754, 17.95, 398566.954, 523657.388, 158.202
69, 832.712, 18.152, 462.37329, 92.25795, 18.178, 398386.49, 530210.784, 158.16
70, 832.484, 18.258, 461.0034, 92.78864, 18.16, 398220.82, 536753.522, 158.486
71, 832.76, 18.142, 458.71458, 93.42514, 17.978, 398069.622, 543170.978, 158.374
72, 833.178, 17.932, 460.18291, 94.17717, 17.872, 397916.604, 549510.098, 158.016
73, 832.86, 17.646, 459.82092, 94.64777, 18.154, 397512.246, 555973.342, 157.826
74, 832.954, 18.386, 459.42565, 95.17355, 18.166, 397390.098, 562443.908, 157.952
75, 832.642, 18.282, 458.81195, 95.98808, 18.196, 397248.296, 568864.74, 158.35
76, 832.676, 17.902, 461.45682, 96.28011, 17.776, 397130.776, 575121.076, 158.442
77, 832.764, 17.734, 461.14808, 97.02764, 17.862, 396954.394, 581344.954, 158.226
78, 832.788, 17.87, 460.88416, 97.71697, 18.01, 396707.674, 587696.052, 158.062
79, 832.794, 18.298, 461.5805, 98.14776, 18.068, 396646.132, 594035.494, 158.286
80, 833.264, 17.796, 460.60913, 98.93241, 17.96, 396411.594, 600303.346, 157.652
81, 833.408, 17.882, 459.95974, 99.47258, 17.96, 396176.53, 606587.486, 157.43
82, 833.164, 18.146, 459.38499, 100.09021, 18.112, 396007.316, 612889.294, 157.708
83, 833.17, 18.086, 460.46666, 100.75288, 17.798, 395998.518, 619001.792, 157.99
84, 833.368, 17.896, 461.4439, 101.39537, 18.004, 395859.18, 625172.152, 157.684
85, 833.41, 18.136, 461.45787, 101.80033, 18.27, 395696.13, 631464.794, 157.508
86, 833.432, 17.956, 461.34997, 102.48624, 17.842, 395627.598, 637560.366, 157.6
87, 833.332, 18.052, 460.77997, 103.13645, 17.826, 395557.852, 643673.66, 157.926
88, 833.36, 17.638, 459.57592, 103.61473, 17.776, 395323.824, 649743.46, 157.76
89, 833.776, 17.76, 462.5, 104.21804, 17.978, 395114.214, 655878.058, 157.126
90, 833.798, 18.02, 461.32075, 104.98617, 17.948, 395021.596, 661973.954, 157.176
91, 833.956, 17.832, 460.46433, 105.24674, 17.784, 394965.818, 667920.41, 157.066
92, 834.13, 18.016, 461.6452, 106.04064, 17.968, 394879.034, 673993.202, 156.94
93, 834.268, 18.106, 458.13542, 106.31501, 18.108, 394702.282, 680131.488, 156.8
94, 833.98, 17.706, 459.56173, 107.11675, 17.95, 394469.32, 686153.37, 156.844
95, 833.842, 18.292, 459.43582, 107.67551, 18.138, 394435.804, 692213.25, 157.136
96, 833.648, 18.082, 460.73443, 108.42144, 18.29, 394211.232, 698395.994, 157.122
97, 833.902, 18.26, 458.98138, 108.98174, 17.856, 394263.918, 704317.152, 157.272
98, 833.45, 18.01, 461.3548, 109.52377, 18.268, 394069.864, 710416.29, 157.466
99, 833.528, 17.722, 461.51676, 109.85512, 17.612, 394017.908, 716224.554, 157.498
100, 833.778, 17.912, 462.42742, 110.7886, 17.866, 393965.772, 722118.162, 157.294
101, 833.69, 17.898, 461.28059, 111.27616, 17.91, 393850.346, 728042.748, 157.37
102, 833.436, 18.302, 461.15179, 111.68744, 18.306, 393816.314, 734050.144, 157.62
103, 833.396, 18.064, 459.97564, 112.20039, 18.136, 393646.338, 740058.492, 157.588
104, 833.12, 18.0, 462.33333, 112.92129, 17.858, 393617.732, 745917.392, 158.006
105, 833.22, 17.818, 460.65776, 113.53996, 18.08, 393434.898, 751822.228, 157.644
106, 833.39, 18.074, 463.09616, 114.29642, 17.87, 393459.182, 757646.324, 157.678
107, 833.402, 18.034, 457.13652, 114.90745, 18.26, 393225.49, 763612.108, 157.44
108, 833.244, 18.402, 460.71079, 115.16006, 18.164, 393197.64, 769580.078, 157.836
109, 833.108, 17.956, 458.84384, 115.85593, 17.938, 393070.136, 775399.776, 157.99
110, 833.22, 17.822, 459.71271, 116.33272, 17.704, 393008.53, 781091.342, 157.996
111, 833.256, 17.78, 459.73003, 116.76609, 18.002, 392797.178, 786909.974, 157.738
112, 833.556, 17.874, 459.04666, 117.54455, 17.958, 392655.268, 792673.774, 157.354
113, 833.384, 18.29, 462.38382, 117.95897, 18.206, 392665.964, 798515.498, 157.61
114, 833.51, 17.958, 459.51665, 118.81568, 17.94, 392575.264, 804245.474, 157.502
115, 833.296, 17.938, 458.02208, 119.13084, 17.888, 392477.916, 809938.418, 157.766
116, 833.432, 17.768, 459.08375, 119.66998, 17.808, 392329.318, 815613.074, 157.59
117, 833.622, 17.898, 459.10158, 120.24425, 17.942, 392211.366, 821304.174, 157.356
118, 834.16, 18.04, 458.98004, 120.7285, 17.878, 392148.07, 826984.666, 156.98
119, 834.354, 17.912, 461.1992, 121.37526, 17.878, 392106.208, 832614.59, 156.82
120, 834.068, 17.768, 461.05358, 121.73328, 17.854, 392032.058, 838198.516, 157.02
121, 833.87, 17.874, 461.67618, 122.34489, 17.774, 392027.512, 843751.768, 157.318
122, 833.874, 17.668, 459.70115, 122.92662, 17.996, 391792.788, 849407.758, 156.986
123, 834.232, 17.948, 459.10408, 123.47476, 17.752, 391765.61, 854947.166, 156.824
124, 834.046, 17.952, 461.84269, 123.93053, 17.97, 391725.15, 860547.6, 156.992
125, 833.896, 17.88, 461.24161, 124.55863, 17.976, 391670.484, 866104.38, 157.046
126, 833.826, 18.06, 462.62458, 125.18875, 17.912, 391720.812, 871641.502, 157.264
127, 834.174, 17.956, 460.57028, 125.66034, 17.578, 391807.396, 877045.008, 157.294
128, 834.142, 17.602, 457.73208, 126.28385, 18.106, 391450.828, 882699.804, 156.822
129, 834.042, 18.242, 463.27157, 126.69613, 18.26, 391424.168, 888377.832, 156.904
130, 833.828, 17.982, 458.84774, 127.29936, 17.86, 391383.148, 893870.436, 157.24
131, 833.71, 18.082, 462.22763, 127.77531, 18.15, 391322.368, 899472.67, 157.29
132, 833.544, 18.146, 459.60542, 128.36451, 18.112, 391267.27, 905034.168, 157.49
133, 833.574, 17.898, 462.90088, 128.82342, 18.098, 391202.408, 910544.302, 157.26
134, 833.644, 17.978, 463.01035, 129.19666, 17.848, 391205.368, 916005.064, 157.32
135, 833.9, 17.808, 462.37646, 129.7984, 17.564, 391255.596, 921312.03, 157.308
136, 833.97, 17.926, 460.00223, 130.32792, 17.926, 391220.894, 926711.786, 157.238
137, 834.022, 17.974, 460.77668, 131.03876, 17.984, 391147.532, 932181.2, 157.176
138, 833.266, 17.838, 459.30037, 131.53472, 18.162, 390933.02, 937704.828, 157.608
139, 833.798, 17.928, 461.2896, 132.00206, 17.706, 390987.792, 943001.45, 157.298
140, 833.938, 17.442, 460.55498, 132.79659, 17.712, 390800.442, 948305.416, 156.888
141, 833.894, 18.21, 459.96705, 133.08787, 18.076, 390817.096, 953724.242, 157.066
142, 834.188, 17.84, 461.7713, 133.66667, 17.768, 390809.824, 959025.844, 156.844
143, 834.034, 17.84, 463.2287, 134.00012, 18.214, 390658.496, 964490.802, 156.624
144, 834.072, 18.202, 462.36677, 134.77376, 17.93, 390767.952, 969812.222, 156.858
145, 833.77, 18.2, 462.52747, 135.43775, 18.218, 390776.498, 975232.708, 157.142
146, 833.736, 18.046, 460.54527, 135.82601, 17.996, 390742.536, 980585.306, 157.226
147, 833.336, 18.16, 460.18722, 136.13103, 18.282, 390664.878, 986024.184, 157.504
148, 833.362, 18.09, 462.68657, 136.76918, 17.756, 390783.59, 991248.716, 157.812
149, 833.31, 17.796, 462.68824, 137.32256, 18.002, 390695.632, 996546.09, 157.658
150, 832.442, 18.106, 459.90279, 137.88639, 18.258, 390597.768, 1001940.696, 158.374
151, 832.684, 18.266, 459.0496, 138.52236, 17.932, 390687.748, 1007176.25, 158.466
152, 832.544, 17.75, 461.29577, 138.5331, 17.872, 390628.998, 1012367.084, 158.484
153, 832.766, 17.812, 459.91466, 139.44788, 17.78, 390622.634, 1017485.926, 158.294
154, 833.196, 17.954, 462.06973, 139.94118, 17.842, 390626.996, 1022690.946, 157.976
155, 833.368, 17.98, 461.45717, 140.55936, 18.072, 390575.862, 1027949.448, 157.712
156, 833.35, 18.028, 458.95274, 140.85303, 18.248, 390408.014, 1033294.706, 157.51
157, 833.46, 18.062, 460.69095, 141.43805, 17.99, 390399.706, 1038508.036, 157.472
158, 833.656, 17.76, 461.5991, 141.99061, 17.79, 390330.906, 1043649.42, 157.246
159, 833.428, 18.238, 463.15385, 142.217, 17.976, 390423.774, 1048862.77, 157.736
160, 833.75, 17.62, 463.39387, 142.85818, 17.698, 390383.76, 1053917.782, 157.336
161, 834.1, 17.908, 461.80478, 143.45719, 18.0, 390308.764, 1059105.642, 156.894
162, 833.96, 17.74, 460.14656, 143.80902, 17.904, 390222.204, 1064185.236, 156.87
163, 833.75, 18.096, 458.83068, 144.44502, 17.954, 390199.578, 1069323.556, 157.222
164, 833.95, 18.05, 461.93906, 144.77105, 18.022, 390202.354, 1074463.768, 157.05
165, 833.804, 17.998, 463.66263, 145.59293, 17.912, 390230.812, 1079568.052, 157.282
166, 833.51, 17.898, 460.21902, 146.05876, 18.16, 390087.68, 1084742.61, 157.314
167, 833.71, 18.158, 457.75967, 146.48641, 17.852, 390113.854, 1089793.192, 157.42
168, 833.774, 17.766, 458.23483, 147.15182, 17.85, 390031.548, 1094781.47, 157.272
169, 833.688, 18.114, 460.91421, 147.31956, 18.276, 389984.258, 1099925.892, 157.196
170, 833.246, 18.282, 460.83579, 147.87228, 18.144, 390025.8, 1105041.846, 157.776
171, 833.102, 18.13, 462.27248, 148.59695, 17.99, 390089.76, 1110076.812, 158.06
172, 832.932, 17.846, 459.31861, 149.12358, 18.176, 389920.942, 1115168.436, 157.9
173, 833.018, 18.098, 461.15593, 149.38366, 18.002, 389929.686, 1120207.758, 157.91
174, 833.162, 18.118, 461.36439, 149.98481, 18.09, 389948.844, 1125244.078, 157.794
175, 832.94, 18.228, 461.3781, 150.50511, 18.394, 389901.418, 1130390.022, 157.85
176, 832.952, 18.032, 459.51642, 151.15013, 17.87, 389941.718, 1135300.924, 158.0
177, 833.2, 17.948, 460.38556, 151.39405, 17.834, 389941.358, 1140232.834, 157.866
178, 833.22, 17.704, 462.04248, 151.78863, 17.906, 389844.242, 1145172.798, 157.644
179, 833.224, 18.016, 461.86723, 152.44478, 18.148, 389797.716, 1150182.35, 157.508
180, 833.174, 18.472, 460.96795, 152.64416, 18.178, 389892.17, 1155228.392, 157.852
181, 833.314, 17.992, 459.70431, 153.26877, 17.826, 389915.94, 1160086.582, 157.878
182, 833.292, 17.808, 462.15184, 153.80838, 17.876, 389898.608, 1164941.9, 157.832
183, 832.924, 17.872, 460.77663, 154.37996, 18.24, 389737.608, 1169947.088, 157.832
184, 832.91, 18.244, 457.90397, 154.66866, 18.04, 389758.626, 1174863.494, 158.05
185, 833.034, 17.918, 461.49124, 155.09215, 18.076, 389662.246, 1179811.578, 157.768
186, 832.616, 18.238, 462.3314, 155.83136, 18.35, 389665.906, 1184801.888, 158.074
187, 832.528, 18.326, 461.91204, 156.26816, 18.23, 389737.226, 1189751.09, 158.258
188, 832.162, 18.22, 462.12953, 156.7209, 18.058, 389795.916, 1194651.204, 158.786
189, 832.17, 18.056, 459.95791, 157.26213, 18.036, 389775.244, 1199511.094, 158.798
190, 832.678, 18.094, 459.98674, 158.01238, 17.916, 389824.496, 1204301.834, 158.468
191, 832.664, 17.698, 458.46988, 157.87515, 17.85, 389697.108, 1209066.95, 158.33
192, 832.634, 17.998, 461.32904, 158.68578, 17.848, 389757.876, 1213804.694, 158.51
193, 832.542, 17.88, 462.69575, 158.77203, 18.15, 389659.17, 1218675.656, 158.332
194, 832.85, 18.038, 458.58743, 159.34671, 17.962, 389588.932, 1223512.712, 158.1
195, 832.876, 17.948, 459.66124, 160.12933, 18.098, 389492.998, 1228338.588, 157.924
196, 833.062, 18.24, 461.34868, 160.53951, 17.956, 389579.17, 1233116.666, 158.022
197, 833.446, 18.022, 462.60127, 161.25885, 18.046, 389616.424, 1237865.152, 157.614
198, 833.912, 17.674, 461.58198, 161.39875, 17.596, 389638.462, 1242439.254, 157.226
199, 834.102, 17.67, 463.15789, 161.95589, 17.984, 389542.798, 1247147.124, 156.722
200, 834.09, 17.998, 461.94022, 162.22047, 17.986, 389547.442, 1251876.206, 156.746
201, 833.784, 18.128, 464.25419, 162.71328, 18.01, 389608.694, 1256632.972, 157.17
202, 833.47, 18.244, 462.8371, 163.50178, 18.134, 389682.47, 1261398.15, 157.594
203, 833.478, 17.976, 461.72675, 163.94361, 17.93, 389705.184, 1266062.266, 157.632
204, 833.438, 17.878, 460.9576, 164.3718, 18.126, 389556.94, 1270843.972, 157.424
205, 833.48, 18.086, 460.57724, 164.69148, 17.964, 389549.542, 1275552.67, 157.504
206, 833.92, 17.78, 460.17998, 165.03337, 17.594, 389561.364, 1280079.06, 157.25
207, 833.92, 17.712, 462.45483, 165.73532, 18.1, 389393.702, 1284795.75, 156.862
208, 833.514, 18.208, 460.45694, 165.81846, 17.802, 389545.894, 1289348.53, 157.674
209, 833.264, 17.926, 461.11793, 166.55904, 18.188, 389443.942, 1294052.652, 157.662
210, 833.218, 18.344, 460.64108, 166.80343, 18.104, 389481.442, 1298778.224, 157.948
211, 833.21, 17.92, 460.9375, 167.11646, 18.108, 389418.124, 1303420.686, 157.768
212, 833.524, 18.098, 463.08984, 167.55745, 18.102, 389440.496, 1308079.9, 157.45
213, 833.386, 18.05, 460.0, 168.27701, 18.048, 389388.65, 1312725.526, 157.59
214, 833.178, 18.196, 460.10112, 168.74546, 18.076, 389425.212, 1317331.754, 157.918
215, 833.482, 17.696, 460.38653, 169.51798, 17.81, 389328.8, 1321840.422, 157.5
216, 833.732, 17.592, 462.65348, 169.44035, 17.348, 389411.652, 1326148.396, 157.494
217, 833.368, 17.824, 460.39048, 170.03875, 18.026, 389324.804, 1330697.544, 157.656
218, 833.594, 17.88, 460.6264, 170.38514, 17.906, 389306.364, 1335192.152, 157.404
219, 833.602, 17.976, 460.55852, 171.15231, 18.046, 389258.394, 1339758.208, 157.326
220, 834.064, 18.07, 461.81516, 171.65368, 17.81, 389370.11, 1344200.32, 157.124
221, 833.968, 17.868, 461.88717, 172.20756, 18.012, 389297.148, 1348743.676, 157.076
222, 833.852, 17.9, 457.82123, 172.3557, 18.004, 389203.636, 1353236.048, 157.088
223, 833.87, 17.988, 461.97465, 172.93983, 18.038, 389172.25, 1357771.014, 157.02
224, 834.15, 18.002, 460.89323, 173.28408, 17.938, 389170.44, 1362248.734, 156.804
225, 834.134, 18.0, 461.66667, 173.69892, 17.938, 389230.34, 1366663.992, 156.882
226, 834.15, 17.868, 458.52921, 174.30209, 17.742, 389198.556, 1371058.832, 156.992
227, 834.046, 17.812, 461.20593, 174.44066, 17.8, 389173.678, 1375444.926, 157.108
228, 833.616, 18.138, 461.90319, 174.80926, 18.416, 389114.89, 1380034.768, 157.26
229, 833.75, 18.136, 459.19718, 175.26081, 18.004, 389135.344, 1384468.984, 157.258
230, 833.776, 18.064, 460.25244, 175.86697, 18.004, 389128.588, 1388916.378, 157.292
231, 833.55, 17.916, 462.88234, 176.31569, 18.032, 389116.784, 1393335.42, 157.402
232, 833.284, 18.062, 461.18924, 176.64238, 17.956, 389126.45, 1397756.948, 157.774
233, 833.42, 18.084, 463.61424, 177.0891, 17.93, 389204.754, 1402153.256, 157.792
234, 833.022, 17.856, 460.34946, 177.49781, 18.19, 389116.686, 1406555.636, 157.856
235, 833.182, 18.098, 462.59255, 178.25131, 17.752, 389272.016, 1410839.328, 158.042
236, 833.038, 17.804, 461.357, 178.4765, 17.922, 389202.226, 1415190.806, 158.068
237, 832.982, 18.108, 459.46543, 178.94627, 18.128, 389146.44, 1419630.456, 158.104
238, 833.182, 17.716, 462.01174, 179.12108, 17.924, 389056.808, 1423965.504, 157.696
239, 833.47, 18.056, 462.22862, 179.72418, 17.638, 389212.738, 1428179.404, 157.826
240, 833.794, 17.6, 462.67045, 180.07184, 17.716, 389168.068, 1432400.482, 157.386
241, 833.75, 17.768, 461.95407, 180.39133, 17.964, 389118.402, 1436686.874, 157.234
242, 833.674, 18.108, 462.28186, 181.10178, 18.122, 389111.196, 1441079.172, 157.296
243, 834.098, 17.908, 461.91646, 181.44064, 17.826, 389085.676, 1445378.716, 156.954
244, 833.846, 17.966, 462.48469, 181.8959, 18.186, 389013.168, 1449765.472, 156.986
245, 833.808, 18.36, 463.39869, 182.40891, 18.108, 389169.504, 1454090.088, 157.276
246, 833.768, 17.914, 462.43162, 182.7069, 17.804, 389245.482, 1458267.508, 157.426
247, 833.886, 17.692, 461.22541, 183.09081, 17.898, 389187.758, 1462455.476, 157.102
248, 833.548, 17.976, 462.11615, 183.53425, 18.08, 389195.598, 1466702.708, 157.336
249, 833.378, 18.262, 459.80725, 183.79516, 18.18, 389215.174, 1471031.806, 157.588
250, 832.98, 17.982, 460.01557, 184.48839, 18.176, 389140.624, 1475321.818, 157.792
251, 832.622, 18.302, 460.66004, 184.76136, 18.082, 389233.388, 1479576.462, 158.37
252, 832.776, 18.078, 462.49585, 185.25798, 17.982, 389300.944, 1483784.762, 158.312
253, 832.86, 17.96, 461.24722, 185.64498, 17.782, 389358.31, 1487918.53, 158.406
254, 832.834, 17.71, 459.40147, 186.35263, 17.986, 389207.154, 1492118.692, 158.156
255, 833.172, 18.01, 462.63187, 186.42775, 17.944, 389280.792, 1496260.488, 157.884
256, 833.244, 17.762, 460.81522, 187.2562, 17.718, 389289.448, 1500316.472, 157.856
257, 832.896, 17.784, 460.24516, 187.22505, 18.002, 389201.49, 1504471.842, 157.986
258, 832.98, 17.978, 461.84225, 187.56799, 17.888, 389221.828, 1508614.838, 157.992
259, 833.292, 17.924, 460.72305, 187.83543, 17.752, 389262.082, 1512680.076, 157.852
260, 833.61, 17.556, 461.32376, 188.56069, 17.766, 389188.632, 1516707.336, 157.324
261, 834.004, 18.148, 461.04254, 188.67479, 17.9, 389300.758, 1520792.726, 157.178
262, 834.202, 17.878, 459.44737, 189.24312, 18.204, 389092.266, 1525059.926, 156.654
263, 834.366, 18.126, 461.21593, 189.60335, 17.858, 389170.498, 1529155.654, 156.758
264, 834.19, 17.864, 458.18406, 190.07392, 17.968, 389091.128, 1533231.484, 156.83
265, 834.17, 17.85, 460.0, 190.48009, 18.124, 388969.76, 1537374.048, 156.576
266, 834.092, 18.128, 463.48191, 191.19317, 17.896, 389128.49, 1541397.188, 156.886
267, 833.936, 18.056, 462.39477, 191.20577, 18.088, 389109.034, 1545551.36, 157.01
268, 834.048, 18.126, 460.60907, 191.95461, 17.84, 389241.438, 1549538.626, 157.184
269, 833.744, 17.948, 463.72855, 192.26649, 18.18, 389216.414, 1553652.56, 157.256
270, 833.026, 18.178, 463.63736, 192.71678, 18.19, 389271.27, 1557778.664, 157.962
271, 833.242, 17.986, 464.13877, 192.93927, 17.85, 389373.42, 1561763.842, 157.882
272, 833.424, 17.768, 459.25259, 193.0739, 17.76, 389311.828, 1565734.286, 157.708
273, 833.72, 17.926, 462.56834, 193.97865, 17.874, 389367.704, 1569697.548, 157.464
274, 833.63, 17.792, 460.71268, 194.1697, 17.868, 389302.142, 1573684.154, 157.478
275, 833.636, 17.92, 459.20759, 194.65148, 17.696, 389376.678, 1577544.008, 157.696
276, 833.348, 17.626, 460.96675, 194.76, 18.18, 389143.81, 1581625.93, 157.43
277, 833.766, 18.07, 462.64527, 195.29282, 17.888, 389209.098, 1585612.056, 157.194
278, 833.66, 18.182, 460.51039, 195.52287, 18.276, 389139.446, 1589750.592, 157.206
279, 833.626, 18.102, 460.83306, 196.21913, 17.986, 389147.688, 1593762.546, 157.356
280, 833.648, 18.02, 461.26526, 196.14762, 17.994, 389151.482, 1597742.758, 157.36
281, 833.812, 18.104, 460.39549, 196.77564, 18.096, 389133.646, 1601762.988, 157.204
282, 833.554, 18.124, 460.27367, 197.55394, 18.054, 389100.156, 1605797.266, 157.532
283, 833.564, 17.798, 461.40016, 197.62847, 17.732, 389115.594, 1609638.78, 157.588
284, 833.504, 17.696, 462.42089, 198.34669, 17.776, 389119.016, 1613446.398, 157.568
285, 833.324, 17.96, 460.57906, 198.8073, 17.996, 389118.448, 1617345.594, 157.712
286, 833.196, 17.912, 461.92497, 198.99251, 17.888, 389131.64, 1621233.35, 157.864
287, 833.096, 18.062, 461.52143, 199.37548, 18.104, 389126.89, 1625193.236, 157.922
288, 833.29, 17.922, 461.22085, 199.33608, 17.95, 389143.632, 1629052.488, 157.7
289, 833.314, 17.988, 460.25128, 200.16934, 18.034, 389136.084, 1632938.098, 157.63
290, 833.114, 18.218, 461.3569, 200.34979, 18.234, 389135.54, 1636926.698, 157.814
291, 833.57, 17.906, 462.07975, 200.40827, 17.768, 389177.176, 1640740.296, 157.496
292, 833.9, 17.782, 460.12822, 201.41934, 17.79, 389076.998, 1644602.294, 157.158
293, 833.664, 18.07, 458.21804, 201.84287, 18.07, 389028.964, 1648499.742, 157.394
294, 833.008, 18.146, 461.53422, 201.93624, 18.368, 388966.092, 1652492.474, 157.828
295, 832.764, 18.314, 459.92137, 202.47002, 18.372, 388951.77, 1656477.512, 158.014
296, 832.736, 18.416, 461.66377, 202.85462, 18.094, 389095.808, 1660358.176, 158.364
297, 832.662, 18.044, 462.64686, 203.03654, 17.998, 389183.046, 1664139.704, 158.484
298, 832.782, 17.766, 462.17494, 203.41213, 17.858, 389167.978, 1667887.102, 158.272
299, 832.724, 18.066, 461.08712, 203.67959, 17.848, 389243.176, 1671645.348, 158.548
300, 832.838, 17.934, 463.53295, 204.14965, 18.09, 389161.37, 1675550.07, 158.278
301, 832.378, 17.82, 459.59596, 204.92076, 18.376, 388895.14, 1679519.966, 158.182
302, 832.272, 18.254, 461.37833, 205.22109, 17.776, 389047.95, 1683269.906, 158.766
303, 832.218, 18.162, 462.44907, 204.81438, 18.022, 389105.564, 1687084.932, 158.96
304, 832.142, 17.806, 460.96821, 205.52839, 18.28, 388872.276, 1691012.754, 158.562
305, 832.244, 18.522, 461.50524, 205.79118, 18.326, 388978.326, 1694908.41, 158.656
306, 832.704, 17.992, 461.59404, 206.68983, 17.91, 389057.404, 1698576.718, 158.278
307, 832.96, 17.78, 459.95501, 206.79433, 17.852, 388984.984, 1702280.604, 157.95
308, 833.12, 17.984, 461.41014, 207.27633, 17.902, 389002.112, 1706003.006, 157.872
309, 833.048, 18.176, 459.78213, 207.46991, 17.996, 389033.196, 1709762.702, 158.124
310, 833.074, 17.922, 461.72302, 208.18828, 17.95, 389058.14, 1713433.018, 158.07
311, 832.872, 17.834, 462.48738, 208.36045, 18.1, 389004.148, 1717156.574, 158.006
312, 832.928, 18.216, 461.57224, 208.73275, 18.018, 389057.38, 1720914.484, 158.148
313, 833.39, 18.088, 459.97346, 208.93774, 17.754, 389139.2, 1724553.368, 158.02
314, 833.11, 17.752, 460.51149, 209.32991, 18.188, 389001.386, 1728261.846, 157.864
315, 833.344, 18.17, 459.21849, 210.12967, 18.262, 388923.288, 1732068.296, 157.538
316, 833.318, 18.256, 462.47809, 209.96127, 18.058, 388997.14, 1735799.188, 157.762
317, 833.566, 17.726, 462.87939, 210.84083, 17.588, 389023.902, 1739343.138, 157.652
318, 833.326, 17.856, 461.91756, 211.12294, 18.078, 388922.876, 1743060.904, 157.67
319, 833.708, 17.844, 463.34902, 211.45053, 17.702, 388997.592, 1746597.416, 157.43
320, 833.416, 18.072, 461.93006, 211.54444, 18.28, 388920.26, 1750371.502, 157.514
321, 833.172, 18.202, 462.47665, 211.68936, 18.066, 389022.994, 1754014.836, 157.894
322, 833.142, 18.104, 461.05833, 212.35138, 18.172, 389020.982, 1757690.644, 157.856
323, 833.012, 18.112, 461.79329, 212.59816, 18.142, 389050.27, 1761335.208, 157.956
324, 832.922, 17.926, 464.29767, 213.38316, 17.908, 389105.13, 1764900.022, 158.064
325, 832.77, 18.158, 459.63212, 213.26252, 18.382, 389036.538, 1768631.388, 157.992
326, 833.216, 18.032, 461.18012, 213.95058, 17.604, 389229.424, 1772030.862, 157.974
327, 833.168, 17.71, 459.57086, 213.99103, 17.91, 389097.312, 1775596.466, 157.822
328, 833.196, 18.138, 463.11611, 214.49857, 17.992, 389191.672, 1779177.854, 157.94
329, 833.362, 17.798, 459.6022, 214.97249, 17.706, 389136.846, 1782691.328, 157.866
330, 833.774, 17.512, 464.99543, 215.26121, 17.426, 389205.852, 1786020.004, 157.54
331, 834.122, 17.664, 459.5788, 215.31683, 17.898, 389075.932, 1789529.44, 156.958
332, 834.138, 17.886, 459.96869, 215.76419, 18.092, 388970.388, 1793120.598, 156.736
333, 834.508, 18.004, 459.23128, 216.2165, 17.888, 388976.676, 1796624.078, 156.482
334, 834.248, 18.214, 460.85429, 216.72945, 18.1, 389042.99, 1800184.828, 156.856
335, 834.44, 17.666, 462.80992, 217.01822, 17.816, 388989.462, 1803643.392, 156.514
336, 834.446, 18.022, 460.93663, 216.84339, 18.088, 388951.222, 1807211.008, 156.442
337, 834.212, 18.154, 462.37744, 217.43364, 18.038, 389031.618, 1810736.8, 156.792
338, 834.546, 17.772, 462.9192, 217.90701, 17.632, 389117.174, 1814069.578, 156.598
339, 834.104, 17.902, 459.50173, 218.11221, 18.078, 389024.176, 1817594.716, 156.864
340, 833.816, 18.062, 462.79482, 218.49276, 17.94, 389114.87, 1821048.754, 157.274
341, 833.396, 17.88, 460.6264, 219.16404, 18.014, 389026.188, 1824565.268, 157.56
342, 833.426, 18.032, 459.57187, 219.35055, 17.864, 389095.918, 1827955.908, 157.698
343, 833.388, 18.108, 462.22664, 219.74444, 18.17, 389066.966, 1831522.906, 157.674
344, 833.672, 17.898, 461.44821, 219.86705, 17.956, 389027.924, 1834983.054, 157.332
345, 833.408, 17.92, 462.33259, 220.42655, 17.94, 389039.728, 1838406.092, 157.576
346, 833.736, 18.098, 461.98475, 220.37448, 17.724, 389185.014, 1841756.828, 157.622
347, 833.742, 17.686, 464.15244, 220.8565, 18.042, 389105.24, 1845188.522, 157.26
348, 833.632, 17.994, 460.87585, 221.62908, 17.826, 389164.73, 1848541.862, 157.538
349, 833.6, 17.626, 460.51288, 221.64137, 17.83, 389074.004, 1851871.932, 157.366
350, 833.816, 17.974, 460.83231, 221.84112, 18.018, 388978.554, 1855373.308, 157.106
351, 833.622, 18.202, 460.60872, 222.39408, 17.966, 389047.084, 1858787.178, 157.536
352, 833.638, 17.722, 461.68604, 222.65644, 17.892, 388954.542, 1862163.64, 157.35
353, 834.038, 17.894, 462.05432, 223.22303, 17.782, 389034.66, 1865434.612, 157.062
354, 834.162, 18.072, 461.93006, 223.23071, 17.926, 389064.09, 1868838.028, 157.084
355, 834.176, 17.694, 461.85148, 223.59165, 17.796, 388969.516, 1872189.224, 156.968
356, 834.252, 17.774, 462.81085, 224.03124, 17.94, 388895.642, 1875557.124, 156.726
357, 834.434, 17.848, 458.76289, 224.19638, 17.802, 388851.93, 1878860.188, 156.59
358, 834.6, 17.816, 461.77593, 224.63583, 17.656, 388888.504, 1882096.164, 156.584
359, 834.15, 17.86, 460.75028, 225.17548, 17.97, 388837.924, 1885425.434, 156.924
360, 834.632, 17.79, 462.61945, 225.44824, 17.576, 388940.474, 1888584.232, 156.656
361, 834.85, 17.724, 462.14173, 225.66158, 17.94, 388856.48, 1891904.82, 156.222
362, 834.72, 17.962, 460.63913, 226.18383, 17.936, 388906.34, 1895149.496, 156.378
363, 834.804, 17.706, 462.32915, 226.25996, 17.556, 388974.74, 1898284.412, 156.444
364, 834.99, 17.636, 460.08165, 226.38489, 17.864, 388875.074, 1901526.024, 156.03
365, 834.756, 17.986, 459.63527, 226.96504, 17.794, 388943.512, 1904725.436, 156.456
366, 834.632, 17.688, 459.85979, 227.00037, 17.862, 388864.856, 1907949.042, 156.406
367, 834.584, 17.948, 459.38266, 227.6849, 18.022, 388817.548, 1911239.732, 156.38
368, 834.628, 17.976, 460.8923, 227.84937, 17.644, 388958.186, 1914354.85, 156.668
369, 834.578, 17.53, 459.15573, 228.13045, 17.882, 388770.234, 1917586.062, 156.366
370, 834.082, 17.932, 460.46174, 228.48601, 18.212, 388679.188, 1920917.512, 156.582
371, 834.284, 18.178, 463.03224, 228.96982, 17.576, 388985.52, 1923964.086, 156.982
372, 834.492, 17.48, 459.78261, 228.972, 17.878, 388808.93, 1927157.766, 156.376
373, 834.196, 18.216, 461.79183, 229.24536, 18.156, 388900.5, 1930425.494, 156.732
374, 833.724, 18.356, 463.88102, 229.56794, 18.246, 388971.75, 1933808.204, 157.314
375, 833.578, 18.156, 459.73783, 230.26261, 18.12, 388935.22, 1937126.766, 157.496
376, 833.496, 17.852, 459.89245, 230.2123, 17.8, 388935.42, 1940272.374, 157.63
377, 833.448, 17.946, 460.82693, 230.7081, 18.104, 388883.866, 1943528.66, 157.52
378, 833.406, 18.086, 462.23598, 231.05395, 18.1, 388930.62, 1946757.016, 157.548
379, 833.14, 18.052, 462.05407, 231.22383, 17.994, 388953.122, 1949984.256, 157.872
380, 832.748, 18.064, 462.35607, 231.69696, 18.066, 388979.844, 1953208.84, 158.262
381, 833.228, 17.732, 460.35416, 232.15227, 17.606, 389031.876, 1956200.668, 157.908
382, 832.796, 17.826, 458.20711, 232.15561, 18.072, 388885.838, 1959412.804, 158.094
383, 833.146, 18.182, 463.81036, 232.79853, 17.906, 389043.272, 1962565.602, 158.02
384, 833.41, 17.796, 459.87862, 233.2021, 18.094, 388895.62, 1965786.414, 157.458
385, 833.706, 17.9, 458.82682, 232.97053, 17.76, 388890.51, 1968875.076, 157.302
386, 833.886, 17.89, 460.98379, 233.73372, 17.818, 388922.892, 1971943.948, 157.194
387, 833.8, 17.862, 460.92263, 233.78197, 18.094, 388821.52, 1975144.732, 157.048
388, 834.168, 17.96, 460.63474, 234.31415, 17.756, 388862.488, 1978217.258, 156.884
389, 833.934, 18.088, 459.19947, 234.35444, 18.286, 388765.334, 1981474.53, 156.92
390, 834.048, 18.046, 461.48731, 234.84918, 17.796, 388859.498, 1984536.302, 157.056
391, 833.982, 17.672, 462.03033, 234.89063, 17.814, 388815.978, 1987574.034, 156.98
392, 834.0, 18.062, 459.69439, 235.58364, 17.85, 388862.546, 1990650.572, 157.174
393, 834.13, 17.646, 460.78431, 235.7758, 17.744, 388778.756, 1993694.02, 156.946
394, 833.66, 18.06, 461.96013, 235.9686, 18.316, 388705.27, 1996925.94, 157.16
395, 833.886, 18.118, 460.3709, 236.4177, 17.732, 388885.008, 1999873.55, 157.32
396, 833.906, 17.798, 459.09653, 236.74079, 18.062, 388723.028, 2003013.928, 157.036
397, 833.702, 17.864, 460.4232, 236.83441, 17.924, 388664.778, 2006096.504, 157.18
398, 833.652, 18.188, 463.21751, 237.34659, 17.94, 388832.452, 2009115.776, 157.478
399, 833.818, 18.038, 461.69198, 237.14073, 18.048, 388830.434, 2012220.348, 157.302
400, 834.064, 17.636, 460.25176, 237.99199, 17.742, 388785.22, 2015150.918, 156.95
401, 833.888, 17.966, 460.25827, 238.1606, 18.038, 388718.098, 2018253.884, 157.054
402, 834.028, 18.046, 461.59814, 238.25966, 17.954, 388803.86, 2021244.692, 157.006
403, 833.444, 18.17, 462.19042, 238.75196, 18.224, 388785.764, 2024407.678, 157.536
404, 833.874, 17.774, 460.84168, 239.20205, 17.506, 388832.588, 2027285.46, 157.374
405, 834.256, 17.584, 459.28116, 239.19131, 17.644, 388756.832, 2030181.238, 156.932
406, 833.912, 18.084, 459.30104, 239.83867, 18.146, 388723.77, 2033250.786, 157.214
407, 833.706, 17.92, 460.82589, 240.01199, 18.048, 388713.662, 2036249.272, 157.292
408, 834.064, 18.054, 462.39061, 240.38752, 17.804, 388865.168, 2039144.826, 157.184
409, 834.062, 17.778, 464.22545, 240.34799, 18.032, 388804.672, 2042176.992, 156.932
410, 833.836, 17.774, 461.23551, 240.98243, 18.018, 388703.856, 2045185.024, 156.914
411, 834.012, 18.152, 460.39004, 241.26888, 17.784, 388848.33, 2048083.474, 157.106
412, 834.24, 17.626, 461.08022, 241.58595, 17.864, 388719.706, 2051036.036, 156.64
413, 834.462, 17.894, 464.34559, 242.13792, 17.634, 388886.702, 2053844.278, 156.678
414, 834.142, 17.978, 462.84348, 241.84605, 18.108, 388854.658, 2056884.738, 156.868
415, 833.978, 18.068, 460.70401, 242.54673, 17.78, 388964.978, 2059765.27, 157.32
416, 834.026, 17.85, 459.94398, 242.59976, 18.196, 388789.176, 2062838.292, 156.926
417, 834.02, 17.9, 464.18994, 243.05163, 17.832, 388842.882, 2065747.558, 157.0
418, 833.944, 17.936, 460.35905, 243.2909, 17.966, 388835.484, 2068668.472, 157.046
419, 833.852, 18.06, 462.7907, 243.28559, 17.924, 388939.94, 2071570.38, 157.274
420, 833.414, 17.852, 457.03563, 243.79961, 18.152, 388728.426, 2074602.896, 157.412
421, 833.344, 18.39, 462.2621, 243.84037, 18.25, 388816.064, 2077646.13, 157.622
422, 833.064, 17.9, 462.06704, 244.44045, 17.788, 388893.698, 2080459.058, 158.014
423, 833.436, 17.66, 461.32503, 245.01768, 17.556, 388930.694, 2083186.146, 157.746
424, 833.54, 17.734, 461.20447, 244.94486, 17.752, 388891.196, 2086021.226, 157.624
425, 833.44, 17.93, 461.51701, 245.13293, 18.094, 388832.978, 2088974.286, 157.56
426, 833.368, 18.064, 461.96856, 245.35015, 17.942, 388903.058, 2091844.668, 157.754
427, 833.148, 18.15, 461.98347, 245.39141, 18.288, 388890.532, 2094844.392, 157.836
428, 833.3, 17.98, 462.29143, 246.19971, 18.008, 388887.68, 2097751.392, 157.656
429, 833.45, 17.89, 461.71045, 246.71755, 18.096, 388788.91, 2100701.074, 157.3
430, 833.224, 18.364, 460.08495, 246.5919, 18.352, 388808.978, 2103712.276, 157.538
431, 833.374, 18.164, 459.42524, 246.8308, 18.09, 388808.082, 2106632.704, 157.462
432, 833.258, 18.216, 462.61528, 246.79233, 18.116, 388893.06, 2109532.162, 157.678
433, 833.26, 17.976, 460.83667, 247.50978, 17.764, 388955.982, 2112304.032, 157.888
434, 832.892, 17.824, 460.5588, 247.77975, 17.908, 388942.752, 2115087.78, 158.172
435, 832.824, 18.126, 461.9883, 248.62813, 18.09, 388939.968, 2118007.292, 158.276
436, 832.62, 18.024, 459.66489, 247.92987, 18.242, 388833.782, 2120944.67, 158.262
437, 832.706, 18.306, 462.08893, 248.57371, 17.938, 388951.596, 2123804.174, 158.544
438, 832.91, 17.56, 461.78815, 248.59551, 17.682, 388888.86, 2126511.488, 158.218
439, 833.012, 17.72, 458.97291, 249.33567, 17.832, 388790.228, 2129270.668, 158.004
440, 833.27, 17.746, 461.96326, 249.25152, 17.85, 388770.36, 2132005.116, 157.642
441, 833.422, 17.91, 464.09827, 249.88835, 17.994, 388825.204, 2134765.804, 157.406
442, 833.796, 18.236, 460.737, 250.18603, 17.856, 388986.918, 2137496.886, 157.412
443, 833.536, 17.954, 462.79381, 250.21134, 18.192, 388948.802, 2140342.688, 157.434
444, 833.514, 17.802, 459.16189, 250.28285, 17.864, 388860.92, 2143103.78, 157.394
445, 833.704, 18.112, 459.25353, 250.83121, 17.9, 388948.622, 2145815.876, 157.416
446, 833.8, 17.914, 461.53846, 250.89453, 18.076, 388864.726, 2148659.092, 157.158
447, 833.778, 18.066, 461.52995, 251.54593, 18.27, 388796.33, 2151543.798, 156.976
448, 833.596, 18.326, 459.12911, 251.60768, 18.07, 388844.468, 2154369.496, 157.414
449, 833.522, 17.952, 461.73128, 251.74907, 17.844, 388909.78, 2157055.43, 157.596
450, 833.468, 17.786, 461.37411, 252.41726, 17.656, 389003.836, 2159612.638, 157.78
451, 833.266, 17.772, 462.01891, 252.84155, 18.15, 388830.652, 2162468.276, 157.604
452, 833.678, 18.198, 460.98472, 252.5537, 17.97, 388957.788, 2165175.934, 157.42
453, 833.554, 17.96, 461.97105, 253.25877, 18.176, 388886.804, 2167992.836, 157.328
454, 833.308, 18.132, 461.00816, 253.20648, 18.206, 388846.678, 2170828.426, 157.5
455, 833.566, 18.0, 460.94444, 253.36965, 17.76, 388889.316, 2173508.32, 157.482
456, 833.548, 18.038, 463.02251, 253.89188, 17.894, 388943.502, 2176226.56, 157.644
457, 833.676, 17.832, 459.39883, 254.06775, 17.724, 388934.908, 2178834.112, 157.624
458, 833.922, 17.654, 459.83913, 254.17763, 17.948, 388788.284, 2181515.756, 157.084
459, 833.494, 18.132, 459.02272, 254.40214, 18.344, 388666.286, 2184378.386, 157.3
460, 833.172, 18.376, 461.74358, 254.96193, 18.29, 388754.51, 2187160.806, 157.708
461, 832.906, 18.092, 460.97723, 255.46487, 18.126, 388765.172, 2189870.004, 157.94
462, 832.764, 18.422, 461.62197, 255.69473, 18.246, 388862.456, 2192655.688, 158.258
463, 832.74, 18.01, 459.68906, 255.75903, 18.236, 388712.018, 2195475.302, 158.056
464, 832.822, 18.356, 460.23099, 255.9465, 18.034, 388823.812, 2198172.856, 158.296
465, 832.984, 17.86, 463.66181, 256.41879, 17.746, 388930.492, 2200699.206, 158.248
466, 833.238, 17.794, 463.02124, 256.70045, 17.756, 388945.954, 2203281.006, 158.032
467, 833.284, 17.508, 459.21864, 256.88632, 17.652, 388823.646, 2205814.376, 157.842
468, 833.058, 17.924, 461.6715, 257.12145, 17.972, 388821.308, 2208438.902, 158.02
469, 833.216, 17.932, 458.67723, 257.41216, 17.96, 388771.474, 2211068.282, 157.834
470, 833.45, 18.194, 458.77762, 257.55002, 18.27, 388684.41, 2213847.466, 157.524
471, 833.624, 17.824, 462.12971, 257.83999, 17.694, 388757.064, 2216342.48, 157.48
472, 833.784, 17.67, 464.45954, 258.25807, 18.04, 388618.508, 2219024.03, 156.95
473, 833.758, 18.178, 460.83177, 258.2514, 17.876, 388718.3, 2221618.712, 157.278
474, 833.93, 17.812, 462.44105, 258.79155, 18.012, 388658.166, 2224235.656, 156.906
475, 833.696, 18.342, 462.43594, 258.63676, 18.136, 388794.888, 2226886.33, 157.346
476, 833.402, 18.076, 460.88736, 258.82043, 18.194, 388741.38, 2229586.74, 157.522
477, 832.996, 18.122, 461.64882, 259.41477, 17.912, 388826.188, 2232166.478, 158.138
478, 833.144, 17.794, 462.00967, 260.17005, 17.75, 388824.604, 2234684.1, 158.034
479, 833.094, 17.866, 462.72249, 259.41768, 18.052, 388755.44, 2237308.39, 157.898
480, 833.654, 17.664, 462.18297, 260.08586, 17.646, 388732.752, 2239774.206, 157.356
