time, seeders, joined, request_count, response_size, left, awareness, bad_data, leechers
0, 0.0, 0.0, 0.0, 0.0, 0.0, 5001.0, 0.0, 0.0
1, 0.0, 1032.038, 910.06339, 81.99633, 0.0, 798819.554, 0.0, 1032.038
2, 0.0, 491.96, 800.13416, 193.72905, 51.226, 1068617.102, 46045.442, 1473.772
3, 0.0, 473.538, 748.99586, 260.42178, 48.152, 1307481.164, 85049.188, 1899.158
4, 0.0, 457.018, 706.58048, 321.48231, 57.746, 1505482.938, 130494.504, 2298.43
5, 0.0, 444.768, 670.4619, 377.3396, 67.834, 1671486.818, 182645.938, 2675.364
6, 0.0, 427.746, 640.51096, 428.7004, 76.216, 1810507.484, 239521.354, 3026.894
7, 0.0, 415.266, 616.00998, 476.09167, 85.24, 1928836.654, 301403.214, 3356.92
8, 0.0, 403.46, 592.81713, 520.2981, 92.842, 2030057.39, 367037.068, 3667.538
9, 0.0, 388.646, 573.15912, 561.38413, 100.126, 2115768.534, 436239.02, 3956.058
10, 0.0, 375.5, 557.84288, 599.44864, 107.434, 2189034.748, 508866.334, 4224.124
11, 803.65, 363.058, 542.96008, 632.62841, 93.12, 2240732.118, 562273.67, 3690.412
12, 1041.312, 352.458, 535.8142, 660.46454, 236.468, 2225477.666, 727048.58, 3568.74
13, 1278.562, 339.278, 534.62942, 687.13815, 219.374, 2218874.58, 870662.204, 3451.394
14, 1481.194, 327.84, 535.82845, 712.54338, 238.692, 2205747.866, 1023686.472, 3337.91
15, 1656.664, 318.246, 534.15911, 737.27888, 252.592, 2189349.628, 1179905.826, 3228.094
16, 1801.758, 308.854, 534.99712, 761.17854, 266.58, 2169513.844, 1339995.086, 3125.274
17, 1924.88, 297.91, 541.47226, 784.66778, 276.612, 2148103.876, 1501104.334, 3023.45
18, 2029.306, 287.572, 542.49371, 807.21625, 283.718, 2124996.392, 1661507.792, 2922.878
19, 2111.448, 278.198, 547.22176, 829.28686, 292.58, 2099410.206, 1823828.588, 2826.354
20, 2176.47, 269.856, 549.57459, 850.63662, 296.242, 2073544.294, 1983610.884, 2734.946
21, 2227.592, 260.574, 558.27519, 871.31064, 299.116, 2047070.352, 2138881.718, 2645.282
22, 2265.52, 251.842, 563.23409, 891.06077, 301.66, 2019166.992, 2289943.056, 2557.536
23, 2290.456, 244.572, 568.47881, 909.7576, 302.478, 1990523.182, 2436819.316, 2474.694
24, 2305.034, 236.646, 570.95408, 927.55908, 301.36, 1960468.292, 2580006.216, 2395.402
25, 2310.832, 227.878, 578.37088, 944.60535, 300.618, 1929899.13, 2718943.208, 2316.864
26, 2309.81, 221.474, 581.6755, 960.74097, 297.662, 1899542.702, 2853113.882, 2241.698
27, 2300.752, 212.642, 591.20964, 976.1064, 295.846, 1868786.206, 2983653.892, 2167.552
28, 2284.852, 206.302, 597.53177, 991.17629, 293.376, 1838208.842, 3110549.078, 2096.378
29, 2265.154, 199.99, 601.13006, 1005.24131, 287.962, 1807925.85, 3233148.38, 2028.104
30, 2240.24, 193.398, 607.13141, 1019.13759, 285.502, 1777255.436, 3352969.248, 1960.914
31, 2210.972, 187.33, 614.3063, 1032.04496, 280.186, 1747459.17, 3468374.606, 1897.326
32, 2180.06, 181.224, 621.80506, 1044.90304, 274.404, 1718009.612, 3579969.496, 1835.058
33, 2144.952, 174.31, 626.87167, 1056.9107, 270.116, 1688206.246, 3687724.802, 1774.36
34, 2108.728, 168.89, 632.77873, 1068.45206, 263.626, 1658961.65, 3791246.342, 1715.848
35, 2069.806, 162.542, 638.99792, 1079.21074, 258.552, 1629646.202, 3890864.574, 1658.76
36, 2030.108, 157.564, 643.63687, 1089.42663, 252.604, 1600274.57, 3987199.664, 1603.418
37, 1987.884, 152.156, 650.62173, 1099.03834, 246.524, 1571800.384, 4078880.394, 1551.274
38, 1945.038, 147.68, 655.93174, 1108.3538, 242.014, 1543064.018, 4167972.13, 1499.786
39, 1900.606, 142.9, 663.42897, 1117.00643, 236.718, 1514185.004, 4254412.808, 1450.4
40, 1857.572, 137.846, 669.67485, 1125.36526, 229.066, 1486181.138, 4336357.766, 1402.214
41, 1813.314, 134.618, 673.58006, 1133.24831, 223.98, 1458835.516, 4415111.558, 1357.11
42, 1769.658, 128.954, 679.07936, 1140.71107, 218.03, 1430960.94, 4490880.418, 1311.69
43, 1724.246, 124.38, 686.17141, 1147.51606, 213.282, 1402775.82, 4564241.964, 1268.2
44, 1679.676, 121.276, 691.00234, 1153.9575, 207.544, 1375386.96, 4634429.07, 1226.502
45, 1635.304, 115.97, 696.62844, 1159.77289, 201.384, 1348207.186, 4700682.746, 1185.46
46, 1592.174, 113.868, 707.31022, 1165.5772, 194.888, 1322584.578, 4764047.812, 1147.57
47, 1549.086, 109.174, 708.94169, 1170.63105, 189.722, 1296184.818, 4824872.176, 1110.11
48, 1506.552, 105.57, 717.55233, 1175.37668, 184.732, 1270354.758, 4882827.752, 1073.482
49, 1465.452, 102.482, 720.47774, 1180.19947, 179.384, 1244693.996, 4938109.434, 1037.68
50, 1424.0, 98.424, 728.35894, 1184.11849, 173.756, 1219606.214, 4990093.028, 1003.8
51, 1383.958, 96.256, 730.46875, 1187.52153, 169.618, 1194850.96, 5039866.982, 970.48
52, 1342.99, 92.164, 735.68856, 1190.85378, 164.854, 1169404.752, 5087684.174, 938.758
53, 1302.916, 89.582, 743.60921, 1193.72579, 159.786, 1144866.338, 5132811.806, 908.628
54, 1265.278, 86.852, 745.68231, 1196.38166, 154.496, 1120899.728, 5174964.97, 878.622
55, 1227.326, 84.054, 750.2082, 1198.85746, 149.512, 1097510.45, 5214365.08, 851.116
56, 1191.418, 81.55, 760.17167, 1200.65379, 146.082, 1073925.328, 5252730.284, 822.492
57, 1155.68, 78.388, 763.48421, 1202.43918, 140.788, 1050740.516, 5288195.11, 795.83
58, 1120.97, 75.742, 768.87328, 1204.16904, 136.378, 1027990.13, 5321253.554, 769.904
59, 1087.272, 73.428, 771.88538, 1204.83373, 131.866, 1005696.926, 5352020.364, 745.164
60, 1054.254, 71.186, 779.87245, 1205.85262, 127.742, 984284.214, 5380287.908, 721.626
61, 1022.302, 67.77, 782.58817, 1206.05268, 124.44, 961765.28, 5407290.162, 696.908
62, 990.34, 66.986, 785.83585, 1206.24529, 121.008, 940441.03, 5432287.804, 674.848
63, 959.752, 64.852, 792.57386, 1206.10304, 116.462, 919898.54, 5454957.574, 653.826
64, 930.426, 62.072, 795.68888, 1205.85414, 113.588, 898403.606, 5476710.296, 631.636
65, 901.266, 59.94, 799.86653, 1205.26268, 110.03, 877305.392, 5496400.606, 610.706
66, 873.278, 58.132, 809.05525, 1204.42125, 106.14, 857400.568, 5513681.286, 590.686
67, 845.702, 56.364, 804.83997, 1203.39591, 103.382, 836977.766, 5529824.274, 571.244
68, 818.666, 54.214, 817.05832, 1202.38992, 100.16, 817131.188, 5544159.13, 552.334
69, 793.604, 53.006, 819.26574, 1201.46069, 96.03, 798074.928, 5556656.568, 534.372
70, 768.932, 50.588, 824.14802, 1199.39312, 93.838, 778613.452, 5567849.638, 515.794
71, 743.852, 49.332, 823.80605, 1197.31777, 90.506, 759655.322, 5577394.144, 499.7
72, 721.096, 47.628, 830.51986, 1195.2068, 86.974, 741577.608, 5584833.056, 483.11
73, 698.702, 45.986, 836.77641, 1192.71429, 84.542, 723495.762, 5591249.526, 466.948
74, 676.86, 44.35, 839.63923, 1190.54219, 81.772, 705714.484, 5596057.958, 451.368
75, 655.1, 43.14, 842.32731, 1187.7914, 79.682, 688056.986, 5599881.674, 436.586
76, 633.212, 41.974, 844.14161, 1185.30724, 77.726, 670608.816, 5602618.236, 422.722
77, 612.548, 40.102, 851.02987, 1182.27655, 74.222, 653647.238, 5603533.134, 409.266
78, 591.882, 38.594, 852.82686, 1178.79304, 72.654, 636760.684, 5603264.314, 395.872
79, 573.41, 37.434, 858.47091, 1175.56877, 69.496, 620856.004, 5601157.79, 382.282
80, 555.152, 36.776, 864.20492, 1172.07268, 67.142, 605443.066, 5598267.576, 370.174
81, 537.646, 35.348, 868.56399, 1168.52081, 64.858, 590557.996, 5593791.248, 358.17
82, 520.74, 34.496, 869.2602, 1164.66938, 62.946, 575544.86, 5588886.806, 346.626
83, 503.328, 32.744, 873.44246, 1161.35231, 61.488, 560127.682, 5583151.394, 335.294
84, 486.876, 31.684, 876.40449, 1157.91991, 59.276, 545265.674, 5576123.24, 324.154
85, 471.732, 30.862, 880.82431, 1152.65303, 57.082, 531111.526, 5567849.724, 313.078
86, 456.228, 30.128, 882.76686, 1149.14506, 55.52, 517420.56, 5558611.43, 303.19
87, 441.358, 28.624, 891.48966, 1144.78384, 53.516, 503795.49, 5548391.776, 293.168
88, 426.876, 27.846, 887.81153, 1140.57609, 51.636, 490371.028, 5537307.524, 283.86
89, 412.784, 27.086, 888.57712, 1135.50249, 50.258, 477078.63, 5525600.314, 274.78
90, 399.718, 25.728, 890.70274, 1130.56336, 48.484, 463920.416, 5512759.37, 265.09
91, 387.014, 25.094, 896.62868, 1126.20978, 46.902, 451206.666, 5499216.914, 255.986
92, 375.064, 24.696, 899.01199, 1121.55112, 45.336, 439158.29, 5484839.7, 247.296
93, 362.832, 23.858, 902.84181, 1116.49359, 43.88, 427568.43, 5469447.394, 239.506
94, 350.394, 22.89, 903.36391, 1112.39617, 42.98, 415611.348, 5453834.876, 231.854
95, 338.836, 22.186, 912.46732, 1106.84558, 41.286, 404117.94, 5437510.392, 224.312
96, 328.34, 21.23, 908.52567, 1102.05807, 39.608, 392763.366, 5420265.71, 216.43
97, 316.882, 20.678, 914.20834, 1096.71964, 38.988, 381570.102, 5402661.454, 209.578
98, 306.102, 20.056, 916.33426, 1091.53042, 37.288, 371090.512, 5384015.668, 203.126
99, 295.916, 19.158, 918.46748, 1085.50057, 36.358, 360352.544, 5365091.084, 196.112
100, 286.306, 19.4, 918.96907, 1081.48396, 34.456, 351162.486, 5344931.43, 190.666
101, 276.908, 18.286, 923.65744, 1074.80616, 33.584, 341555.228, 5324520.538, 184.766
102, 267.786, 17.546, 924.99715, 1070.40222, 32.884, 331768.538, 5303881.6, 178.55
103, 259.176, 17.172, 926.62474, 1064.14329, 31.576, 322639.498, 5282465.25, 172.756
104, 250.52, 16.14, 926.39405, 1058.54575, 30.684, 313098.748, 5260776.704, 166.868
105, 242.39, 15.838, 935.85049, 1052.44326, 29.446, 304242.982, 5238476.84, 161.39
106, 234.43, 15.332, 934.3856, 1047.50998, 28.296, 295670.4, 5215621.564, 156.386
107, 226.518, 14.636, 933.45176, 1041.48207, 27.684, 286980.496, 5192486.082, 151.25
108, 219.768, 14.376, 937.39566, 1035.12511, 25.996, 279168.474, 5168477.228, 146.38
109, 212.396, 13.738, 943.07759, 1030.40182, 25.932, 271009.36, 5144575.048, 141.558
110, 205.49, 13.674, 943.1037, 1025.16362, 25.37, 263065.568, 5120663.636, 136.768
111, 199.1, 13.038, 943.70302, 1018.16076, 23.97, 255571.774, 5095919.692, 132.226
112, 192.902, 12.322, 941.40562, 1012.57569, 23.222, 247937.878, 5070895.446, 127.524
113, 186.492, 12.12, 939.27393, 1005.8143, 22.796, 240512.84, 5045678.256, 123.258
114, 180.118, 11.624, 945.28562, 999.63961, 21.886, 233184.8, 5020227.248, 119.37
115, 173.926, 11.094, 950.24337, 994.60046, 21.394, 226001.502, 4994432.948, 115.262
116, 168.49, 11.082, 949.10666, 988.8089, 20.386, 219388.866, 4968293.688, 111.394
117, 162.974, 10.95, 951.23288, 982.62596, 19.716, 213211.348, 4941885.86, 108.144
118, 157.858, 10.218, 954.39421, 977.05414, 19.022, 206910.618, 4915202.978, 104.456
119, 152.77, 9.622, 955.93432, 969.49206, 18.316, 200576.88, 4888258.35, 100.85
120, 147.982, 9.514, 955.4341, 965.57228, 17.808, 194563.364, 4861161.194, 97.344
121, 143.236, 9.04409, 954.79725, 959.45579, 17.34, 188456.916, 4833979.242, 93.776
122, 138.282, 8.934, 956.79427, 953.04586, 16.88, 182724.668, 4806572.224, 90.784
123, 133.622, 8.538, 962.75474, 946.46521, 16.306, 177081.366, 4779033.454, 87.676
124, 129.194, 8.62, 958.93271, 939.68933, 15.666, 171909.7, 4751306.21, 85.058
125, 124.892, 8.414, 959.11576, 935.42577, 15.08, 167040.742, 4723334.078, 82.694
126, 121.018, 8.05, 958.01242, 929.81146, 14.562, 162197.208, 4695274.86, 80.056
127, 117.392, 7.82129, 962.51605, 922.49133, 14.18, 157410.202, 4667211.394, 77.292
128, 113.524, 7.366, 967.41787, 916.91524, 13.726, 152661.57, 4638980.358, 74.8
129, 109.326, 7.168, 966.23884, 911.23506, 13.422, 147924.196, 4610849.798, 72.744
130, 105.684, 6.914, 962.68441, 903.50541, 12.826, 143359.42, 4582513.758, 70.474
131, 102.096, 6.732, 972.96494, 898.45374, 12.37, 139124.596, 4554038.646, 68.424
132, 98.59, 6.62048, 972.09584, 892.34353, 12.198, 134888.808, 4525667.028, 66.326
133, 95.242, 6.1523, 972.63844, 886.46115, 11.73, 130585.846, 4497197.744, 64.084
134, 92.34, 5.99398, 969.17923, 880.83235, 11.272, 126443.136, 4468662.762, 61.684
135, 89.524, 5.88153, 972.34551, 874.57093, 10.948, 122499.722, 4440086.624, 59.41
136, 86.672, 5.66465, 973.2525, 868.77831, 10.488, 118730.784, 4411376.706, 57.382
137, 83.934, 5.288, 975.03782, 862.47595, 10.212, 114913.642, 4382668.346, 55.196
138, 81.136, 5.45363, 977.07948, 856.8672, 9.776, 111553.598, 4353915.236, 53.628
139, 78.448, 5.20121, 976.40232, 851.542, 9.566, 108084.826, 4325306.136, 51.92
140, 75.852, 5.09658, 976.31267, 846.04003, 9.298, 104769.896, 4296674.258, 50.284
141, 73.224, 4.6303, 976.87609, 837.79589, 9.056, 101228.296, 4268093.422, 48.44
142, 70.956, 4.56137, 973.09219, 833.81369, 8.574, 97998.71, 4239388.838, 46.668
143, 68.346, 4.64286, 984.61538, 827.8625, 8.568, 94844.114, 4210940.5, 45.26
144, 66.046, 4.3664, 976.35605, 822.2113, 8.098, 91785.032, 4182411.496, 43.776
145, 63.766, 4.1551, 977.40668, 816.79799, 7.98998, 88596.844, 4154005.448, 42.154
146, 61.496, 4.16735, 978.94221, 811.24312, 7.55511, 85843.348, 4125434.87, 40.968
147, 59.408, 4.03252, 975.30242, 805.22326, 7.21643, 83203.338, 4096881.63, 39.822
148, 57.844, 3.82136, 982.80494, 797.25697, 6.668, 80835.124, 4068105.22, 38.44
149, 55.976, 3.9126, 984.93506, 792.29641, 6.842, 78457.446, 4039724.672, 37.316
150, 54.412, 3.4499, 986.36633, 788.45853, 6.40281, 75997.742, 4011232.644, 35.864
151, 52.536, 3.55602, 983.66394, 781.59549, 6.39679, 73593.274, 3983001.626, 34.784
152, 50.796, 3.40833, 981.66259, 776.4807, 6.12, 71238.524, 3954803.942, 33.676
153, 49.406, 3.38163, 981.89499, 772.00676, 5.87776, 69163.002, 3926632.97, 32.514
154, 47.896, 3.22129, 982.50162, 764.68734, 5.71687, 67023.142, 3898539.48, 31.416
155, 46.054, 3.19703, 983.43274, 759.93531, 5.8016, 64761.622, 3870762.332, 30.486
156, 44.686, 3.01911, 983.8256, 753.94853, 5.34818, 62754.646, 3842812.174, 29.414
157, 43.276, 3.03011, 980.12775, 748.62853, 5.26061, 60779.578, 3815030.328, 28.434
158, 41.888, 2.82979, 984.96241, 745.29618, 5.09419, 58781.184, 3787381.486, 27.398
159, 40.548, 2.74242, 986.58248, 738.792, 5.06048, 56718.86, 3759932.658, 26.252
160, 38.968, 2.65142, 993.42646, 731.57072, 4.89047, 54729.31, 3732585.528, 25.444
161, 37.854, 2.56125, 982.6087, 726.32655, 4.54656, 52879.976, 3705164.966, 24.366
162, 36.522, 2.73034, 986.00823, 720.45492, 4.38105, 51341.586, 3677801.48, 23.782
163, 35.13, 2.56455, 994.88055, 716.05232, 4.47177, 49660.21, 3650747.676, 23.082
164, 33.89, 2.39778, 990.73216, 711.04771, 4.27586, 47947.084, 3623791.738, 22.264
165, 32.9, 2.44843, 989.01099, 704.50833, 4.02041, 46509.372, 3596811.244, 21.498
166, 31.718, 2.4, 988.63636, 699.25192, 3.99388, 44991.0, 3570076.648, 20.878
167, 30.674, 2.41096, 993.37121, 695.21163, 3.76518, 43645.948, 3543405.306, 20.314
168, 29.634, 2.2427, 988.97796, 689.37386, 3.69023, 42350.338, 3516793.478, 19.8
169, 28.68, 2.22326, 994.76987, 683.36593, 3.68017, 41082.938, 3490329.112, 19.214
170, 27.612, 2.21296, 993.72385, 679.73895, 3.58656, 39749.93, 3464163.422, 18.672
171, 26.702, 2.02475, 991.44254, 672.59186, 3.30498, 38422.61, 3437923.096, 18.032
172, 25.878, 2.02133, 994.13834, 667.66509, 3.32558, 37216.686, 3411860.752, 17.416
173, 25.112, 2.04884, 994.98118, 664.61917, 3.16977, 35982.94, 3385968.202, 16.714
174, 24.314, 1.97229, 993.6143, 658.12853, 3.0572, 34863.334, 3360135.87, 16.192
175, 23.638, 1.87376, 994.71598, 652.08499, 3.01927, 33740.982, 3334494.018, 15.562
176, 22.866, 1.92428, 998.64315, 650.13859, 2.95772, 32620.12, 3309032.472, 15.01
177, 22.2, 1.88491, 989.14518, 642.63512, 2.84632, 31612.426, 3283672.306, 14.52
178, 21.57, 1.8699, 1000.0, 637.48158, 2.73523, 30759.66, 3258385.23, 14.116
179, 20.74, 1.74462, 996.91834, 632.8609, 2.90929, 29576.406, 3233477.046, 13.55
180, 20.076, 1.79508, 993.91172, 627.71822, 2.72088, 28594.15, 3208591.754, 13.052
181, 19.304, 1.74722, 996.82035, 626.2201, 2.72477, 27649.45, 3183829.25, 12.706
182, 18.83, 1.82609, 991.4966, 618.89194, 2.44111, 26833.764, 3159072.49, 12.242
183, 18.272, 1.69591, 998.27586, 613.66494, 2.42534, 25983.916, 3134533.938, 11.816
184, 17.666, 1.6, 996.26866, 607.70225, 2.45139, 25078.448, 3110188.98, 11.376
185, 16.996, 1.63265, 1000.0, 606.17857, 2.38621, 24275.47, 3086006.3, 11.09
186, 16.38, 1.62346, 1011.40684, 599.44737, 2.3007, 23498.692, 3061949.302, 10.784
187, 15.884, 1.62805, 1013.10861, 593.47689, 2.25059, 22801.51, 3038022.166, 10.426
188, 15.404, 1.60063, 1011.78782, 589.1301, 2.2201, 22106.292, 3014254.234, 10.068
189, 14.864, 1.52751, 1012.71186, 588.24268, 2.19535, 21299.264, 2990734.526, 9.664
190, 14.364, 1.54485, 1027.95699, 580.56695, 2.13033, 20582.082, 2967321.878, 9.296
191, 13.928, 1.51361, 1029.21348, 575.94323, 1.97337, 19970.53, 2943955.06, 8.992
192, 13.426, 1.50323, 1030.04292, 574.02708, 2.01695, 19387.432, 2920828.932, 8.76
193, 12.998, 1.47368, 1033.33333, 569.30415, 1.93095, 18840.116, 2897767.914, 8.518
194, 12.432, 1.45556, 1048.34606, 563.68689, 1.95343, 18176.912, 2874956.844, 8.276
195, 12.184, 1.46014, 1049.62779, 563.55792, 1.82192, 17752.522, 2852145.718, 8.0
196, 11.712, 1.38214, 1067.18346, 552.72397, 1.88205, 17202.884, 2829630.164, 7.778
197, 11.334, 1.46442, 1038.36317, 548.78571, 1.84824, 16738.838, 2807216.602, 7.574
198, 10.878, 1.41569, 1038.78116, 548.568, 1.80311, 16181.612, 2785003.096, 7.36
199, 10.472, 1.41393, 1057.97101, 543.12877, 1.69666, 15661.062, 2762935.804, 7.1503
200, 10.14, 1.39831, 1054.54545, 536.71552, 1.72678, 15172.454, 2740989.146, 6.87776
201, 9.796, 1.34222, 1062.91391, 530.8972, 1.74644, 14643.418, 2719224.84, 6.586
202, 9.492, 1.31651, 1059.23345, 526.40461, 1.70977, 14114.156, 2697617.588, 6.28657
203, 9.176, 1.37674, 1097.97297, 525.51077, 1.63636, 13734.886, 2676059.962, 6.12651
204, 8.846, 1.28095, 1081.78439, 523.52234, 1.63905, 13265.152, 2654709.4, 5.87375
205, 8.442, 1.30769, 1096.88581, 517.23344, 1.65306, 12817.508, 2633579.452, 5.74447
206, 8.156, 1.28638, 1109.48905, 512.79276, 1.52599, 12469.02, 2612508.838, 5.56827
207, 7.942, 1.22275, 1116.27907, 508.61111, 1.61824, 12122.692, 2591560.704, 5.3501
208, 7.71743, 1.22685, 1090.56604, 501.65052, 1.50825, 11806.042, 2570782.052, 5.22626
209, 7.444, 1.22727, 1209.87654, 495.41837, 1.51485, 11506.828, 2550177.288, 5.02008
210, 7.12224, 1.30319, 1179.59184, 496.60208, 1.51475, 11178.542, 2529752.284, 4.92169
211, 6.92385, 1.31844, 1152.54237, 493.45956, 1.44444, 10953.498, 2509356.368, 4.86992
212, 6.63126, 1.25, 1128.88889, 490.02362, 1.54015, 10620.888, 2489208.522, 4.73737
213, 6.42886, 1.20419, 1182.6087, 486.91176, 1.4549, 10425.454, 2469146.322, 4.65657
214, 6.17234, 1.22561, 1218.90547, 481.68571, 1.41132, 10183.15, 2449223.606, 4.56566
215, 6.00402, 1.21512, 1186.60287, 476.22177, 1.48374, 9955.866, 2429457.61, 4.42339
216, 5.72545, 1.14474, 1224.13793, 472.723, 1.4697, 9613.746, 2409901.836, 4.24297
217, 5.54032, 1.24074, 1238.80597, 468.5743, 1.40083, 9424.862, 2390437.442, 4.21862
218, 5.28889, 1.16296, 1254.77707, 466.47716, 1.41667, 9111.936, 2371139.798, 4.08519
219, 5.09514, 1.22785, 1273.19588, 462.12146, 1.27778, 8987.792, 2351946.186, 4.09369
220, 4.917, 1.14894, 1216.04938, 463.93401, 1.35484, 8755.776, 2332915.442, 3.99593
221, 4.8215, 1.15, 1233.69565, 457.42291, 1.34906, 8590.744, 2314046.086, 3.87854
222, 4.66194, 1.1875, 1309.94152, 446.4375, 1.3866, 8477.572, 2295277.594, 3.81452
223, 4.5, 1.19841, 1298.01325, 445.85714, 1.32258, 8266.628, 2276708.03, 3.7166
224, 4.34686, 1.15217, 1371.06918, 445.73394, 1.30198, 8127.622, 2258248.818, 3.66802
225, 4.23285, 1.18898, 1284.76821, 440.41753, 1.27602, 7929.506, 2239961.538, 3.64898
226, 4.03534, 1.19231, 1400.0, 440.73733, 1.3172, 7850.05, 2221768.328, 3.66667
227, 3.97077, 1.03419, 1404.95868, 430.01176, 1.20833, 7683.766, 2203701.574, 3.55579
228, 3.88235, 1.2193, 1330.93525, 434.76216, 1.31361, 7560.428, 2185778.118, 3.51767
229, 3.72211, 1.16522, 1470.14925, 424.05076, 1.22951, 7459.36, 2168019.912, 3.51674
230, 3.65665, 1.11712, 1379.03226, 426.64912, 1.2956, 7340.11824, 2150393.518, 3.45021
231, 3.51502, 1.06481, 1486.95652, 420.64912, 1.2, 7201.98397, 2132918.46092, 3.43096
232, 3.44086, 1.13592, 1478.63248, 414.97688, 1.11656, 7120.57515, 2115510.21242, 3.35343
233, 3.29487, 1.15464, 1383.92857, 413.94839, 1.19136, 6990.96988, 2098297.67936, 3.3125
234, 3.2069, 1.17347, 1347.82609, 406.90323, 1.24342, 6891.13078, 2081178.251, 3.27083
235, 3.12174, 1.13095, 1315.78947, 411.152, 1.21918, 6732.85312, 2064165.26761, 3.21294
236, 3.07333, 1.09302, 1478.7234, 403.63309, 1.31655, 6596.69014, 2047341.51308, 3.13779
237, 2.92188, 1.08, 1629.62963, 401.0303, 1.13208, 6462.88911, 2030686.78068, 3.08559
238, 2.94533, 1.10465, 1494.73684, 397.48592, 1.11364, 6390.64848, 2014119.01815, 3.03579
239, 2.83372, 1.10843, 1478.26087, 394.05147, 1.21379, 6262.69899, 1997693.74747, 2.9916
240, 2.75, 1.09091, 1523.80952, 389.94531, 1.20438, 6137.70243, 1981424.08283, 2.93263
241, 2.66271, 1.06742, 1863.15789, 382.88701, 1.15108, 6134.26113, 1965196.60931, 2.91983
242, 2.62319, 1.06557, 1692.30769, 383.54545, 1.1223, 5954.43522, 1949178.87247, 2.81356
243, 2.56204, 1.13043, 1525.64103, 383.21008, 1.09449, 5855.4413, 1933235.03644, 2.76008
244, 2.46959, 1.12308, 1835.61644, 380.68657, 1.19828, 5763.95547, 1917445.15182, 2.70064
245, 2.36453, 1.08333, 1653.84615, 376.31008, 1.19658, 5687.49696, 1901786.20445, 2.7381
246, 2.33168, 1.13514, 1726.19048, 376.08276, 1.14, 5668.07317, 1886212.44625, 2.718
247, 2.3198, 1.0597, 1830.98592, 365.18462, 1.14545, 5645.65031, 1870824.96545, 2.65368
248, 2.24416, 1.07143, 2150.0, 367.55814, 1.1, 5550.28484, 1855571.37832, 2.60043
249, 2.17241, 1.03077, 1582.08955, 365.67925, 1.18557, 5456.7418, 1840357.29303, 2.57173
250, 2.08943, 1.05769, 1581.81818, 360.03448, 1.11607, 5339.44353, 1825277.67418, 2.54095
251, 2.0, 1.04762, 1803.0303, 355.39496, 1.16667, 5240.86804, 1810394.31006, 2.54013
252, 1.9382, 1.05882, 2722.22222, 356.11565, 1.07619, 5246.21488, 1795536.3299, 2.49565
253, 1.89943, 1.03509, 2135.59322, 350.80159, 1.12371, 5222.07261, 1780828.89256, 2.46608
254, 1.89021, 1.07273, 1966.10169, 346.35345, 1.08511, 5150.15177, 1766254.17635, 2.44592
255, 1.84132, 1.06667, 1562.5, 352.12, 1.14458, 5019.12134, 1751828.01247, 2.40667
256, 1.79331, 1.06977, 2152.17391, 344.0202, 1.11538, 5050.94926, 1737409.86611, 2.39238
257, 1.76994, 1.04348, 2312.5, 337.88288, 1.07692, 5021.0, 1723012.09725, 2.34081
258, 1.76129, 1.08889, 2020.40816, 336.21212, 1.08434, 4946.08511, 1708913.66242, 2.3236
259, 1.78859, 1.0625, 2529.41176, 340.9186, 1.10606, 4930.0621, 1694852.07021, 2.28571
260, 1.75768, 1.0, 2054.05405, 336.73684, 1.07937, 4912.72258, 1680906.50964, 2.24099
261, 1.72635, 1.02632, 3538.46154, 328.5, 1.11864, 5057.92842, 1667158.17204, 2.20909
262, 1.6436, 1.0, 2228.57143, 326.38462, 1.11594, 5004.48253, 1653508.42082, 2.2156
263, 1.59928, 1.17143, 2048.78049, 318.97619, 1.07895, 4944.32604, 1639961.16157, 2.23077
264, 1.58909, 1.03226, 3000.0, 322.92708, 1.10345, 4981.23736, 1626465.43545, 2.19059
265, 1.58759, 1.02381, 1906.97674, 316.78049, 1.07843, 4981.87225, 1613107.83736, 2.19286
266, 1.60606, 1.03226, 3187.5, 319.36275, 1.07143, 4959.57743, 1599960.71806, 2.12172
267, 1.57471, 1.03704, 2464.28571, 312.07246, 1.03704, 4926.42699, 1586767.89159, 2.11622
268, 1.52157, 1.04, 1500.0, 306.07692, 1.08475, 4798.5412, 1573795.44027, 2.09512
269, 1.5261, 1.0, 2346.15385, 303.72131, 1.08621, 4736.11765, 1561027.77506, 2.05446
270, 1.57872, 1.07407, 1896.55172, 309.45455, 1.10169, 4609.90661, 1548163.21719, 2.03291
271, 1.5307, 1.05882, 2555.55556, 301.29348, 1.07843, 4593.81507, 1535380.02506, 2.015
272, 1.53182, 1.0, 2850.0, 305.63158, 1.08696, 4571.50688, 1522686.63699, 1.9899
273, 1.51163, 1.0, 2161.29032, 298.44776, 1.01923, 4547.06729, 1510168.17431, 1.98977
274, 1.50467, 1.0, 2068.96552, 295.48333, 1.02222, 4560.36706, 1497782.21114, 1.98958
275, 1.51643, 1.09091, 2083.33333, 292.94, 1.0, 4471.53774, 1485423.93882, 1.95515
276, 1.5122, 1.04167, 2960.0, 297.25676, 1.0, 4505.34689, 1473292.59198, 1.91512
277, 1.48558, 1.0, 2947.36842, 289.875, 1.10526, 4508.80482, 1461079.92823, 1.88679
278, 1.46231, 1.0625, 4352.94118, 286.35135, 1.07317, 4496.27184, 1449101.54699, 1.84759
279, 1.42786, 1.0, 3333.33333, 287.4, 1.04651, 4516.06863, 1437171.74515, 1.7861
280, 1.41579, 1.06667, 2750.0, 280.40909, 1.05263, 4527.76427, 1425329.29902, 1.80381
281, 1.44505, 1.0, 1833.33333, 277.09091, 1.09302, 4417.69949, 1413610.97519, 1.77311
282, 1.50296, 1.0, 3400.0, 280.43529, 1.02564, 4491.57398, 1401928.69192, 1.7762
283, 1.52096, 1.0, 3125.0, 274.96, 1.02381, 4545.68217, 1390425.04082, 1.76744
284, 1.50932, 1.05556, 2052.63158, 272.02564, 1.0, 4463.04199, 1378993.57106, 1.76696
285, 1.5, 1.0, 3666.66667, 270.75758, 1.05556, 4418.84, 1367673.2336, 1.72836
286, 1.49324, 1.14286, 2500.0, 276.85, 1.0, 4323.5664, 1356381.784, 1.69091
287, 1.48252, 1.08333, 2307.69231, 264.53333, 1.02857, 4196.88767, 1345316.31165, 1.67901
288, 1.46043, 1.0, 1928.57143, 265.59259, 1.0625, 4155.90833, 1334324.77534, 1.66044
289, 1.41912, 1.07143, 2600.0, 261.0, 1.03125, 4135.92958, 1323351.77778, 1.67732
290, 1.45455, 1.0, 1583.33333, 257.57895, 1.03846, 4013.02841, 1312462.69577, 1.68092
291, 1.42636, 1.0, 6727.27273, 256.45946, 1.08, 4133.19477, 1301827.375, 1.66556
292, 1.38462, 1.0, 2687.5, 261.72093, 1.0, 4178.39466, 1290968.17733, 1.66555
293, 1.34959, 1.0, 6333.33333, 261.92105, 1.03571, 4130.99094, 1280485.37389, 1.63545
294, 1.33051, 1.0, 5200.0, 246.76923, 1.0, 4157.40606, 1269726.79456, 1.62
295, 1.275, 1.0, 1500.0, 236.33333, 1.03125, 4116.42857, 1259370.63939, 1.59107
296, 1.26271, 1.0, 1900.0, 249.78947, 1.03846, 3982.82445, 1248961.88199, 1.56794
297, 1.2437, 1.125, 2222.22222, 237.7, 1.0, 3924.40823, 1238608.78056, 1.56383
298, 1.19167, 1.16667, 4285.71429, 242.23333, 1.0, 3861.02229, 1228377.06013, 1.53986
299, 1.16239, 1.0, 3333.33333, 244.6, 1.0, 3829.75081, 1218336.57643, 1.54444
300, 1.12821, 1.0, 5500.0, 239.51515, 1.04545, 3828.7541, 1208259.11327, 1.50746
301, 1.15888, 1.0, 8000.0, 239.25, 1.0, 3876.29795, 1198457.62951, 1.49807
302, 1.14851, 1.0, 1250.0, 240.8, 1.08, 3744.17014, 1188466.76027, 1.4685
303, 1.17708, 1.0, 3500.0, 224.85714, 1.0, 3708.675, 1178645.02778, 1.44177
304, 1.17241, 1.0, 2500.0, 225.86667, 1.04167, 3718.0, 1168995.90714, 1.43852
305, 1.18391, 1.0, 7666.66667, 228.04348, 1.04762, 3649.02622, 1159547.18681, 1.38494
306, 1.19048, 1.0, 2000.0, 239.75, 1.0, 3619.31923, 1149993.57303, 1.38793
307, 1.19277, 1.0, 2000.0, 226.0, 1.0, 3300.98062, 1140705.49231, 1.34956
308, 1.17073, 1.0, 4857.14286, 218.47059, 1.0, 3427.204, 1131390.02326, 1.37156
309, 1.18519, 1.0, 12500.0, 224.12, 1.0, 3420.6626, 1121886.6, 1.33796
310, 1.17857, 1.0, 2750.0, 233.45455, 1.0, 3397.93333, 1112605.56911, 1.32381
311, 1.15584, 1.0, 5000.0, 213.0, 1.0, 3279.96596, 1103370.0, 1.31707
312, 1.21127, 1.0, 3166.66667, 214.68421, 1.0, 3337.81223, 1094412.48511, 1.34
313, 1.16438, 1.0, 10500.0, 211.90476, 1.3, 3446.63839, 1085282.0917, 1.33333
314, 1.15068, 0.0, 0.0, 0.0, 1.0, 3424.83871, 1076408.94196, 1.33152
315, 1.14085, 1.0, 5000.0, 210.05, 1.0625, 3474.88732, 1067534.83871, 1.29834
316, 1.18462, 1.0, 2500.0, 209.2, 1.0, 3485.71359, 1058663.23005, 1.28736
317, 1.16418, 1.0, 4000.0, 197.91667, 1.0, 3499.28079, 1049864.26214, 1.26901
318, 1.15625, 1.0, 6666.66667, 207.55, 1.07692, 3516.41117, 1041314.73399, 1.28834
319, 1.1875, 1.0, 7250.0, 210.82759, 1.0, 3591.17526, 1032733.34518, 1.27044
320, 1.12698, 1.0, 5800.0, 202.31034, 1.0, 3669.69681, 1024210.14433, 1.27389
321, 1.18333, 1.0, 2500.0, 215.4, 1.0, 3669.1027, 1015674.94681, 1.28477
322, 1.0678, 1.0, 2000.0, 191.0, 1.09524, 3507.50562, 1007456.23243, 1.2766
323, 1.10526, 1.0, 2000.0, 207.33333, 1.0, 3486.13793, 998764.17416, 1.27737
324, 1.09434, 1.0, 10500.0, 195.61905, 1.0, 3428.99405, 990898.56322, 1.23881
325, 1.09434, 1.0, 7000.0, 196.0, 1.0, 3305.71084, 982379.6131, 1.19549
326, 1.12, 0.0, 0.0, 0.0, 1.0, 3160.89634, 974277.45181, 1.1875
327, 1.10417, 0.0, 0.0, 0.0, 1.0, 2992.92593, 966314.14024, 1.18254
328, 1.08333, 0.0, 0.0, 0.0, 1.0, 2871.20513, 958504.80864, 1.15254
329, 1.08696, 1.0, 1000.0, 175.0, 1.0, 2823.42105, 950403.96154, 1.15789
330, 1.06977, 0.0, 0.0, 0.0, 1.0, 2736.2028, 942903.53947, 1.12727
331, 1.05405, 0.0, 0.0, 0.0, 1.0, 2679.58519, 934970.9021, 1.125
332, 1.05556, 1.0, 8000.0, 172.125, 1.125, 2491.68217, 927110.42963, 1.11111
333, 1.0625, 0.0, 0.0, 0.0, 1.0, 2551.45082, 919165.2093, 1.11579
334, 1.06061, 1.0, 1000.0, 211.0, 1.0, 2491.94068, 911423.2623, 1.08791
335, 1.03571, 0.0, 0.0, 0.0, 1.0, 2348.8018, 903986.74576, 1.0814
336, 1.07143, 0.0, 0.0, 0.0, 1.0, 2393.22642, 896463.35135, 1.0875
337, 1.03448, 1.0, 1000.0, 182.0, 1.0, 2327.09615, 888720.16038, 1.06329
338, 1.06452, 0.0, 0.0, 0.0, 1.0, 2350.83168, 881318.50962, 1.05405
339, 1.06452, 0.0, 0.0, 0.0, 1.0, 2360.24242, 873848.52475, 1.04167
340, 1.07143, 0.0, 0.0, 0.0, 1.0, 2412.67391, 866592.13131, 1.02941
341, 1.07407, 0.0, 0.0, 0.0, 1.0, 2416.9, 859315.72826, 1.01515
342, 1.03704, 0.0, 0.0, 0.0, 1.0, 2413.88506, 852092.68889, 1.01587
343, 1.04, 0.0, 0.0, 0.0, 1.0, 2479.12195, 845193.71264, 1.01667
344, 1.04348, 0.0, 0.0, 0.0, 1.0, 2557.24675, 838067.82927, 1.01754
345, 1.09524, 1.0, 2000.0, 147.0, 1.0, 2605.48, 830657.38961, 1.03571
346, 1.10526, 1.0, 7000.0, 156.57143, 1.0, 2437.72222, 823988.18667, 1.03774
347, 1.11765, 0.0, 0.0, 0.0, 1.0, 2493.80882, 817339.33333, 1.03922
348, 1.16667, 0.0, 0.0, 0.0, 1.0, 2637.83607, 810357.17647, 1.04082
349, 1.14286, 0.0, 0.0, 0.0, 1.0, 2603.10345, 803590.34426, 1.04545
350, 1.14286, 1.0, 2500.0, 150.4, 0.0, 2667.15517, 796998.56897, 1.09091
351, 1.08333, 0.0, 0.0, 0.0, 1.0, 2674.24074, 790773.31034, 1.09524
352, 1.08333, 0.0, 0.0, 0.0, 1.0, 2621.59615, 784211.24074, 1.1
353, 1.09091, 0.0, 0.0, 0.0, 1.0, 2642.42, 777581.42308, 1.10256
354, 1.11111, 0.0, 0.0, 0.0, 1.0, 2710.82222, 771633.96, 1.11111
355, 1.0, 0.0, 0.0, 0.0, 1.0, 2700.97727, 765088.2, 1.0625
356, 1.0, 0.0, 0.0, 0.0, 1.0, 2728.34884, 758560.79545, 1.0625
357, 1.0, 0.0, 0.0, 0.0, 0.0, 2706.04651, 752145.95349, 1.0625
358, 1.0, 0.0, 0.0, 0.0, 1.0, 2560.275, 746549.09302, 1.06667
359, 1.0, 0.0, 0.0, 0.0, 1.0, 2551.65789, 740302.85, 1.06667
360, 1.0, 0.0, 0.0, 0.0, 1.0, 2525.41667, 734548.39474, 1.03448
361, 1.0, 0.0, 0.0, 0.0, 0.0, 2505.13889, 728248.11111, 1.03448
362, 1.0, 0.0, 0.0, 0.0, 1.0, 2577.90323, 722913.63889, 1.0
363, 1.0, 0.0, 0.0, 0.0, 1.0, 2637.48276, 716920.48387, 1.0
364, 1.0, 0.0, 0.0, 0.0, 1.0, 2569.42857, 710784.48276, 1.0
365, 1.0, 0.0, 0.0, 0.0, 1.0, 2519.85714, 704861.10714, 1.0
366, 1.0, 1.0, 2000.0, 128.0, 0.0, 2569.71429, 698949.57143, 1.04348
367, 1.0, 0.0, 0.0, 0.0, 1.0, 2597.14815, 693235.03571, 1.04545
368, 1.0, 1.0, 1000.0, 149.0, 1.0, 2647.15385, 687417.66667, 1.1
369, 1.0, 0.0, 0.0, 0.0, 1.0, 2667.12, 681267.30769, 1.1
370, 1.0, 0.0, 0.0, 0.0, 0.0, 2644.56, 675399.04, 1.10526
371, 1.0, 0.0, 0.0, 0.0, 1.0, 2686.79167, 669947.32, 1.10526
372, 1.0, 0.0, 0.0, 0.0, 1.0, 2617.375, 664184.70833, 1.10526
373, 1.0, 0.0, 0.0, 0.0, 0.0, 2596.29167, 658672.375, 1.10526
374, 1.0, 0.0, 0.0, 0.0, 1.0, 2628.31818, 653711.75, 1.11111
375, 1.0, 0.0, 0.0, 0.0, 1.0, 2324.85714, 648293.0, 1.05882
376, 1.0, 0.0, 0.0, 0.0, 1.0, 2416.89474, 642792.19048, 1.07143
377, 1.0, 0.0, 0.0, 0.0, 1.0, 2504.27778, 637795.0, 1.07692
378, 1.0, 0.0, 0.0, 0.0, 0.0, 2483.16667, 631797.61111, 1.07692
379, 1.0, 0.0, 0.0, 0.0, 1.0, 2579.58824, 626741.05556, 1.07692
380, 1.0, 0.0, 0.0, 0.0, 0.0, 2558.52941, 621686.94118, 1.07692
381, 1.0, 0.0, 0.0, 0.0, 0.0, 2536.41176, 616525.76471, 1.07692
382, 1.0, 0.0, 0.0, 0.0, 0.0, 2514.70588, 611430.35294, 1.07692
383, 1.0, 0.0, 0.0, 0.0, 0.0, 2493.94118, 606322.17647, 1.07692
384, 1.0, 0.0, 0.0, 0.0, 0.0, 2473.64706, 601241.52941, 1.07692
385, 1.0, 0.0, 0.0, 0.0, 1.0, 2572.25, 596492.35294, 1.08333
386, 1.0, 0.0, 0.0, 0.0, 0.0, 2552.5625, 591281.0625, 1.08333
387, 1.0, 0.0, 0.0, 0.0, 0.0, 2531.5, 586342.0625, 1.09091
388, 1.0, 0.0, 0.0, 0.0, 1.0, 2352.92857, 582256.375, 1.09091
389, 1.0, 0.0, 0.0, 0.0, 1.0, 2573.45455, 577031.85714, 1.125
390, 1.0, 0.0, 0.0, 0.0, 1.0, 2638.8, 571231.18182, 1.125
391, 1.0, 0.0, 0.0, 0.0, 0.0, 2617.0, 565984.8, 1.125
392, 1.0, 0.0, 0.0, 0.0, 0.0, 2597.1, 561309.8, 1.125
393, 1.0, 0.0, 0.0, 0.0, 0.0, 2573.3, 556649.8, 1.125
394, 1.0, 0.0, 0.0, 0.0, 0.0, 2550.0, 552032.2, 1.125
395, 1.0, 0.0, 0.0, 0.0, 0.0, 2528.9, 547459.8, 1.125
396, 1.0, 0.0, 0.0, 0.0, 0.0, 2507.5, 542858.9, 1.14286
397, 1.0, 0.0, 0.0, 0.0, 0.0, 2487.8, 538292.3, 1.0
398, 1.0, 0.0, 0.0, 0.0, 1.0, 2234.44444, 534414.5, 1.0
399, 1.0, 0.0, 0.0, 0.0, 1.0, 1802.11111, 529721.33333, 1.0
400, 1.0, 0.0, 0.0, 0.0, 0.0, 1788.55556, 525321.22222, 1.0
401, 1.0, 0.0, 0.0, 0.0, 1.0, 1949.375, 521123.55556, 1.0
402, 1.0, 0.0, 0.0, 0.0, 0.0, 1934.625, 516380.0, 1.0
403, 1.0, 0.0, 0.0, 0.0, 0.0, 1918.0, 512088.25, 1.0
404, 1.0, 0.0, 0.0, 0.0, 1.0, 1806.42857, 508283.25, 1.0
405, 1.0, 0.0, 0.0, 0.0, 1.0, 1541.83333, 503562.71429, 1.0
406, 1.0, 0.0, 0.0, 0.0, 1.0, 1541.4, 499427.0, 1.0
407, 1.0, 0.0, 0.0, 0.0, 0.0, 1525.8, 495002.6, 1.0
408, 1.0, 0.0, 0.0, 0.0, 0.0, 1514.4, 490837.0, 1.0
409, 1.0, 0.0, 0.0, 0.0, 0.0, 1502.0, 486714.0, 1.0
410, 1.0, 0.0, 0.0, 0.0, 1.0, 1630.5, 483523.8, 1.0
411, 1.0, 0.0, 0.0, 0.0, 0.0, 1617.25, 479903.5, 1.0
412, 1.0, 0.0, 0.0, 0.0, 1.0, 1978.66667, 476793.0, 1.0
413, 0.0, 0.0, 0.0, 0.0, 1.0, 2463.0, 473223.0, 1.0
414, 0.0, 0.0, 0.0, 0.0, 0.0, 2443.0, 469389.5, 1.0
415, 0.0, 0.0, 0.0, 0.0, 0.0, 2420.5, 465415.0, 1.0
416, 0.0, 0.0, 0.0, 0.0, 0.0, 2402.0, 461636.0, 1.0
417, 0.0, 0.0, 0.0, 0.0, 0.0, 2378.0, 457727.5, 1.0
418, 0.0, 0.0, 0.0, 0.0, 0.0, 2353.5, 453821.5, 1.0
419, 1.0, 0.0, 0.0, 0.0, 0.0, 2338.5, 450006.0, 1.0
420, 1.0, 0.0, 0.0, 0.0, 1.0, 4019.0, 447333.0, 0.0
421, 1.0, 0.0, 0.0, 0.0, 0.0, 3979.0, 442616.0, 0.0
422, 1.0, 0.0, 0.0, 0.0, 0.0, 3951.0, 438890.0, 0.0
423, 1.0, 0.0, 0.0, 0.0, 0.0, 3914.0, 435196.0, 0.0
424, 1.0, 0.0, 0.0, 0.0, 0.0, 3884.0, 431546.0, 0.0
425, 1.0, 0.0, 0.0, 0.0, 0.0, 3846.0, 428080.0, 0.0
426, 1.0, 0.0, 0.0, 0.0, 0.0, 3808.0, 424354.0, 0.0
427, 1.0, 0.0, 0.0, 0.0, 0.0, 3776.0, 420812.0, 0.0
428, 1.0, 0.0, 0.0, 0.0, 0.0, 3745.0, 417364.0, 0.0
429, 1.0, 0.0, 0.0, 0.0, 0.0, 3710.0, 413889.0, 0.0
430, 1.0, 0.0, 0.0, 0.0, 0.0, 3686.0, 410309.0, 0.0
431, 1.0, 0.0, 0.0, 0.0, 0.0, 3661.0, 406935.0, 0.0
432, 1.0, 0.0, 0.0, 0.0, 0.0, 3622.0, 403265.0, 0.0
433, 1.0, 0.0, 0.0, 0.0, 0.0, 3598.0, 399929.0, 0.0
434, 1.0, 0.0, 0.0, 0.0, 0.0, 3578.0, 396622.0, 0.0
435, 1.0, 0.0, 0.0, 0.0, 0.0, 3547.0, 393266.0, 0.0
436, 1.0, 0.0, 0.0, 0.0, 0.0, 3524.0, 389869.0, 0.0
437, 1.0, 0.0, 0.0, 0.0, 0.0, 3496.0, 386610.0, 0.0
438, 1.0, 0.0, 0.0, 0.0, 0.0, 3459.0, 383391.0, 0.0
439, 1.0, 0.0, 0.0, 0.0, 0.0, 3435.0, 380168.0, 0.0
440, 1.0, 0.0, 0.0, 0.0, 0.0, 3415.0, 377205.0, 0.0
441, 0.0, 0.0, 0.0, 0.0, 1.0, 0.0, 379749.0, 0.0
