time, seeders, joined, request_count, response_size, left, awareness, bad_data, leechers
0, 0.0, 0.0, 0.0, 0.0, 0.0, 5000.998, 0.0, 0.0
1, 0.0, 999.0, 912.98899, 79.56437, 0.0, 777729.648, 0.0, 999.0
2, 0.0, 25.48, 853.61068, 155.48018, 50.116, 749160.392, 45309.354, 975.364
3, 0.0, 36.932, 849.72382, 159.85782, 25.038, 758073.442, 66159.816, 987.258
4, 0.0, 25.188, 849.84913, 164.78567, 25.064, 758426.74, 87124.514, 987.382
5, 0.0, 24.926, 843.77758, 168.55687, 24.718, 758733.096, 107721.25, 987.59
6, 0.0, 24.608, 844.44083, 172.45053, 24.648, 758702.284, 128406.268, 987.55
7, 0.0, 24.85, 844.82897, 175.99143, 25.266, 758412.74, 149554.718, 987.134
8, 0.0, 25.374, 850.63451, 179.87185, 25.22, 758704.916, 170527.716, 987.288
9, 0.0, 25.11, 850.33851, 183.75581, 24.876, 758964.502, 191251.594, 987.522
10, 0.0, 25.03, 847.70276, 187.19314, 24.998, 759008.494, 212038.124, 987.554
11, 777.518, 15.238, 842.63027, 190.44081, 5.83903, 764047.912, 216484.434, 219.47
12, 771.96, 18.772, 854.25101, 192.5333, 30.82, 754227.566, 241693.854, 212.98
13, 787.778, 23.89, 842.69569, 195.23435, 18.404, 756592.496, 256521.094, 202.648
14, 793.698, 19.06, 846.69465, 198.22295, 18.688, 755394.216, 271548.126, 197.1
15, 799.508, 18.444, 850.46628, 201.08874, 18.466, 754178.178, 286139.542, 191.268
16, 805.096, 18.472, 845.38761, 203.12577, 18.394, 752954.116, 300675.986, 185.758
17, 811.08, 18.082, 851.23327, 205.45205, 17.97, 751818.918, 314873.304, 179.886
18, 817.262, 18.212, 846.69449, 207.86355, 17.88, 750805.036, 328960.506, 174.036
19, 823.238, 17.522, 845.45143, 210.31106, 17.616, 749557.67, 342708.066, 167.966
20, 828.5, 17.99, 850.91718, 212.57199, 18.236, 748346.68, 356913.328, 162.458
21, 826.288, 18.256, 853.19895, 214.8454, 18.362, 747284.226, 371184.156, 164.564
22, 826.8, 18.274, 852.79632, 217.41363, 18.328, 746237.35, 385407.936, 163.998
23, 831.476, 18.26, 851.58817, 219.28785, 17.882, 745493.44, 399223.942, 159.7
24, 832.42, 17.634, 854.59907, 222.19947, 17.872, 744311.244, 413037.9, 158.518
25, 832.81, 17.956, 850.18935, 224.4398, 17.884, 743359.604, 426744.368, 158.2
26, 833.516, 18.052, 845.11411, 226.58469, 17.832, 742419.724, 440397.068, 157.714
27, 833.462, 17.626, 851.80983, 228.80924, 17.99, 741134.694, 454200.32, 157.404
28, 833.368, 18.086, 847.06403, 231.26018, 18.142, 740153.54, 467923.906, 157.442
29, 833.358, 17.976, 845.01558, 233.6786, 17.786, 739286.356, 481342.138, 157.642
30, 833.162, 18.088, 854.59973, 236.02471, 18.014, 738439.57, 494987.934, 157.912
31, 833.49, 17.896, 853.59857, 238.16771, 17.984, 737448.06, 508606.31, 157.496
32, 833.744, 17.97, 849.97218, 240.88058, 18.012, 736509.448, 522122.436, 157.2
33, 834.276, 18.036, 852.18452, 242.6782, 17.798, 735793.586, 535447.194, 156.906
34, 834.054, 17.644, 850.26071, 245.19477, 17.83, 734841.712, 548652.7, 156.942
35, 834.316, 17.742, 855.37144, 247.09792, 17.632, 734166.62, 561681.916, 156.79
36, 834.394, 17.748, 850.91278, 249.66786, 18.078, 733105.052, 575069.84, 156.382
37, 834.234, 18.15, 856.74931, 252.02264, 17.924, 732627.044, 588190.294, 156.768
38, 834.094, 18.106, 849.99448, 254.20507, 18.004, 731969.754, 601340.626, 157.01
39, 833.944, 17.816, 853.16569, 256.73474, 17.946, 731139.906, 614473.992, 157.03
40, 833.85, 18.132, 859.69557, 258.90236, 18.202, 730478.112, 627774.012, 157.054
41, 833.64, 18.228, 854.61927, 260.84208, 18.15, 729924.934, 640909.232, 157.342
42, 833.686, 17.852, 856.9348, 263.36318, 17.822, 729313.378, 653811.848, 157.326
43, 833.684, 18.052, 856.74717, 265.66171, 17.884, 728832.84, 666690.96, 157.496
44, 833.672, 17.588, 859.79077, 267.73429, 17.652, 728275.876, 679292.702, 157.444
45, 833.79, 17.784, 862.5731, 269.99153, 17.894, 727648.274, 692166.27, 157.216
46, 833.848, 17.89, 854.891, 272.20819, 17.566, 727169.526, 704798.866, 157.482
47, 833.748, 17.748, 855.87108, 274.41949, 18.262, 726233.276, 717840.922, 157.068
48, 833.922, 18.192, 852.24274, 276.66989, 17.9, 725859.866, 730512.312, 157.186
49, 833.682, 17.772, 851.22665, 278.64595, 17.906, 725069.644, 743269.838, 157.292
50, 833.972, 17.948, 849.11968, 281.01706, 17.76, 724579.06, 755759.12, 157.19
51, 834.074, 17.928, 860.21865, 283.59759, 18.228, 723960.492, 768558.364, 156.788
52, 834.146, 17.988, 851.6789, 285.66554, 17.79, 723523.086, 781013.826, 156.914
53, 834.362, 17.874, 855.65626, 288.07742, 17.87, 722923.862, 793594.918, 156.702
54, 834.028, 18.008, 855.50866, 289.97235, 18.138, 722275.718, 806335.25, 156.906
55, 834.068, 18.054, 854.76903, 292.26568, 17.706, 721967.322, 818666.574, 157.214
56, 834.256, 17.598, 844.41414, 294.2358, 17.7, 721224.994, 830921.634, 156.924
57, 833.908, 17.926, 856.96753, 296.61945, 18.28, 720523.636, 843608.058, 156.918
58, 833.894, 18.408, 855.49761, 298.84138, 18.324, 720128.626, 856287.578, 157.016
59, 833.9, 17.802, 858.55522, 301.54711, 17.672, 719804.138, 868391.626, 157.14
60, 833.752, 18.016, 850.9103, 303.00039, 18.064, 719258.932, 880775.052, 157.24
61, 833.842, 17.82, 853.31089, 305.4343, 17.872, 718760.06, 892953.91, 157.098
62, 834.034, 17.914, 854.08061, 307.47033, 17.63, 718509.264, 904920.128, 157.19
63, 833.84, 17.97, 858.09683, 309.69196, 17.99, 718133.49, 917128.364, 157.364
64, 833.97, 17.696, 859.74231, 312.09715, 17.856, 717615.834, 929267.41, 157.074
65, 833.784, 17.96, 848.99777, 314.1027, 18.072, 717038.774, 941491.708, 157.148
66, 833.462, 17.918, 853.33185, 316.22145, 17.886, 716630.926, 953528.61, 157.502
67, 833.442, 18.024, 855.08211, 318.45795, 17.822, 716280.48, 965597.402, 157.724
68, 833.742, 17.938, 850.5965, 320.64255, 18.156, 715706.98, 977743.376, 157.206
69, 833.398, 18.242, 860.76088, 322.92625, 18.26, 715298.334, 990118.728, 157.532
70, 833.816, 17.762, 854.40829, 324.85965, 17.546, 715067.082, 1001733.598, 157.33
71, 833.556, 17.948, 855.02563, 327.36114, 18.186, 714524.116, 1013860.782, 157.352
72, 833.424, 18.04, 857.20621, 328.94413, 18.014, 714166.374, 1025867.12, 157.51
73, 833.466, 17.938, 861.85751, 331.35239, 17.904, 713951.112, 1037668.9, 157.502
74, 833.146, 17.832, 858.23239, 332.95962, 17.936, 713527.546, 1049537.82, 157.718
75, 833.23, 18.058, 861.11419, 335.70341, 17.672, 713536.766, 1061128.398, 158.02
76, 833.224, 17.778, 860.95174, 337.7273, 17.926, 713098.218, 1072967.124, 157.878
77, 833.146, 17.906, 858.59488, 339.64394, 18.112, 712663.048, 1084853.09, 157.75
78, 833.224, 18.226, 859.98025, 341.8761, 18.264, 712390.6, 1096820.602, 157.634
79, 833.21, 18.134, 855.96118, 344.02422, 18.254, 712021.84, 1108717.736, 157.528
80, 833.128, 18.144, 857.91446, 346.15572, 17.848, 711917.674, 1120331.024, 157.906
81, 833.048, 17.902, 859.12189, 348.33979, 18.092, 711590.308, 1131993.222, 157.796
82, 833.348, 18.142, 854.48131, 350.27442, 17.906, 711434.81, 1143551.77, 157.732
83, 833.33, 17.836, 856.80646, 352.58605, 17.886, 711106.938, 1155062.878, 157.7
84, 833.36, 17.902, 856.3289, 354.14886, 17.778, 710848.566, 1166523.162, 157.794
85, 833.6, 17.686, 857.17517, 356.10422, 17.684, 710535.934, 1177840.098, 157.556
86, 833.234, 18.126, 860.09048, 358.56818, 18.184, 710358.33, 1189421.598, 157.864
87, 833.19, 17.946, 855.78959, 361.003, 17.98, 710025.32, 1200916.81, 157.874
88, 833.628, 17.7, 856.49718, 362.75831, 17.676, 709719.68, 1212164.112, 157.46
89, 834.08, 17.91, 857.84478, 365.12822, 17.68, 709749.582, 1223191.032, 157.238
90, 834.368, 17.63, 858.08281, 366.79958, 17.736, 709419.136, 1234385.4, 156.844
91, 834.486, 17.678, 862.54101, 368.98347, 17.908, 709039.338, 1245726.42, 156.496
92, 834.89, 17.808, 856.91824, 370.82765, 17.738, 708866.258, 1256823.196, 156.162
93, 834.704, 18.04, 857.98226, 372.63122, 17.94, 708687.282, 1268122.712, 156.448
94, 834.338, 17.936, 854.70562, 375.19517, 18.332, 708106.448, 1279721.404, 156.418
95, 834.18, 18.206, 860.70526, 377.26356, 17.988, 708157.94, 1290897.196, 156.794
96, 834.468, 17.94, 858.97436, 379.19818, 17.79, 708064.57, 1301963.65, 156.656
97, 834.498, 17.958, 862.67959, 381.46088, 18.01, 707785.908, 1313294.082, 156.574
98, 834.006, 18.102, 855.92752, 382.90112, 18.136, 707497.068, 1324619.67, 157.032
99, 833.7, 17.98, 863.40378, 384.96779, 18.018, 707352.148, 1335778.534, 157.3
100, 833.548, 18.014, 863.6616, 387.79226, 17.858, 707385.964, 1346732.186, 157.608
101, 833.182, 17.786, 858.87777, 389.86227, 17.994, 707078.656, 1357791.37, 157.766
102, 833.256, 17.844, 860.00897, 391.17894, 17.644, 707038.968, 1368581.386, 157.892
103, 833.376, 17.894, 863.30614, 393.37002, 18.1, 706791.142, 1379689.518, 157.566
104, 833.582, 17.822, 854.78622, 395.63752, 17.612, 706593.514, 1390497.78, 157.57
105, 833.374, 18.114, 856.3542, 397.58174, 18.54, 706096.012, 1401913.876, 157.352
106, 833.046, 18.476, 866.20481, 399.04599, 18.198, 706368.966, 1412907.598, 157.958
107, 833.062, 18.152, 862.27413, 401.67979, 18.202, 706161.384, 1424081.734, 157.892
108, 833.308, 17.794, 860.40238, 403.68008, 17.736, 706083.334, 1434738.628, 157.704
109, 833.23, 18.224, 861.61106, 405.37218, 18.086, 706125.072, 1445620.898, 157.92
110, 833.348, 17.69, 857.32052, 407.95266, 17.998, 705680.484, 1456512.662, 157.494
111, 833.014, 18.082, 865.16978, 409.73268, 18.122, 705621.992, 1467417.864, 157.788
112, 832.836, 18.236, 853.47664, 411.44063, 18.05, 705545.686, 1478242.438, 158.152
113, 832.624, 18.18, 856.43564, 413.61785, 18.274, 705271.68, 1489265.364, 158.27
114, 832.14, 18.222, 863.68126, 415.52243, 18.27, 705271.774, 1500126.226, 158.706
115, 832.116, 18.236, 859.83768, 417.55446, 18.18, 705255.206, 1510921.95, 158.786
116, 832.376, 18.348, 853.82603, 419.60883, 18.168, 705134.076, 1521801.722, 158.706
117, 832.608, 17.83, 860.68424, 421.43399, 18.104, 704786.316, 1532598.956, 158.2
118, 832.37, 18.27, 860.97427, 423.72956, 17.922, 704929.358, 1543186.512, 158.786
119, 832.552, 17.864, 860.61352, 425.75296, 18.082, 704669.958, 1553861.352, 158.386
120, 832.25, 18.23, 857.04882, 427.92985, 18.056, 704659.18, 1564466.978, 158.862
121, 832.0, 18.008, 858.06308, 429.31504, 18.388, 704279.652, 1575330.414, 158.732
122, 832.292, 18.2, 861.42857, 431.62572, 17.798, 704488.984, 1585698.568, 158.842
123, 832.72, 17.702, 852.89798, 433.16479, 17.78, 704234.912, 1596000.622, 158.336
124, 832.698, 18.022, 858.28432, 435.61947, 18.27, 703939.858, 1606703.076, 158.11
125, 832.726, 18.344, 858.04623, 437.36506, 18.156, 703860.206, 1617405.754, 158.27
126, 832.908, 17.89, 861.59866, 439.23044, 17.96, 703748.466, 1627798.628, 158.018
127, 832.818, 18.026, 865.63852, 441.09933, 18.008, 703750.228, 1638229.554, 158.126
128, 833.164, 17.974, 859.24113, 442.99106, 17.892, 703705.574, 1648533.856, 157.862
129, 832.932, 18.19, 863.5514, 445.01642, 18.188, 703671.02, 1659064.454, 158.096
130, 832.968, 18.0, 857.66667, 447.08732, 18.152, 703437.61, 1669528.318, 157.908
131, 833.042, 17.986, 861.55899, 448.8921, 17.834, 703425.686, 1679772.37, 157.986
132, 833.048, 18.102, 852.50249, 450.44311, 18.262, 703198.748, 1690183.246, 157.82
133, 832.846, 18.18, 860.72607, 452.89123, 17.978, 703226.36, 1700488.15, 158.224
134, 832.906, 17.966, 862.18413, 455.0275, 17.866, 703288.18, 1710568.578, 158.264
135, 832.928, 17.81, 856.93431, 456.72952, 18.312, 702825.856, 1721010.452, 157.74
136, 832.924, 18.27, 854.73454, 458.43263, 17.896, 702946.11, 1731104.65, 158.118
137, 832.846, 17.958, 866.24346, 460.37799, 17.976, 702993.192, 1741208.224, 158.178
138, 832.85, 17.75, 849.35211, 462.03582, 17.9, 702652.874, 1751271.206, 158.024
139, 832.992, 18.234, 860.15137, 464.2901, 18.022, 702741.244, 1761411.036, 158.094
140, 833.104, 17.806, 855.44199, 465.75486, 17.734, 702680.078, 1771244.214, 158.054
141, 832.912, 17.978, 859.1612, 468.02175, 18.14, 702442.848, 1781484.934, 158.084
142, 833.084, 18.04, 863.74723, 469.37877, 17.982, 702500.888, 1791494.264, 157.97
143, 833.33, 17.982, 858.52519, 471.30457, 17.894, 702488.886, 1801418.984, 157.812
144, 833.438, 17.698, 858.17607, 473.90308, 17.782, 702249.178, 1811336.396, 157.62
145, 833.474, 17.838, 861.53156, 474.84162, 17.774, 702275.194, 1821102.688, 157.648
146, 833.482, 17.998, 860.76231, 477.18022, 18.184, 702124.504, 1831185.618, 157.454
147, 833.478, 18.118, 858.15211, 478.77772, 17.948, 702224.182, 1841010.88, 157.628
148, 833.184, 18.034, 853.83165, 480.96246, 18.148, 702048.066, 1850989.234, 157.808
149, 833.546, 17.86, 860.13438, 482.54772, 17.86, 701993.112, 1860752.01, 157.446
150, 833.456, 18.158, 860.88776, 484.25665, 18.064, 701962.73, 1870737.734, 157.63
151, 833.732, 17.688, 862.7318, 486.42687, 17.76, 701841.186, 1880439.996, 157.282
152, 833.564, 18.31, 863.35336, 487.96976, 18.386, 701780.726, 1890598.64, 157.374
153, 833.522, 18.012, 865.42305, 489.52682, 17.862, 701792.376, 1900431.11, 157.566
154, 833.666, 17.91, 857.28643, 491.86648, 17.744, 701751.172, 1910061.806, 157.588
155, 833.63, 17.67, 859.08319, 493.31818, 17.934, 701447.732, 1919815.578, 157.36
156, 833.3, 18.124, 854.33679, 495.12245, 18.294, 701114.9, 1929886.96, 157.52
157, 833.126, 18.406, 859.71966, 497.54436, 18.346, 701170.464, 1939817.08, 157.754
158, 832.932, 18.218, 860.9068, 498.62688, 18.368, 701074.138, 1949762.348, 157.798
159, 832.99, 17.984, 857.76246, 500.71321, 17.59, 701257.414, 1959104.75, 158.134
160, 832.918, 17.956, 859.76832, 503.02617, 18.114, 701122.8, 1968813.01, 158.048
161, 832.962, 17.914, 859.43954, 504.22902, 17.758, 701140.76, 1978288.314, 158.16
162, 833.13, 17.956, 854.97884, 507.06279, 18.014, 700958.876, 1987917.31, 157.934
163, 833.12, 17.69, 862.06897, 508.6417, 17.762, 700868.232, 1997316.69, 157.872
164, 832.952, 18.08, 855.30973, 509.81816, 18.212, 700660.29, 2007048.898, 157.908
165, 832.566, 18.208, 857.53515, 512.1181, 18.122, 700647.548, 2016681.718, 158.38
166, 832.6, 18.214, 854.94674, 513.51438, 18.098, 700681.356, 2026197.042, 158.462
167, 833.03, 17.944, 865.80473, 515.19078, 17.96, 700658.184, 2035723.712, 158.016
168, 833.374, 17.988, 862.57505, 517.46185, 17.96, 700678.924, 2045162.372, 157.7
169, 833.17, 17.956, 861.77322, 518.89272, 18.21, 700502.062, 2054771.42, 157.65
170, 833.408, 18.118, 868.52854, 520.75801, 17.738, 700892.864, 2063957.784, 157.792
171, 833.418, 17.894, 857.82944, 522.46345, 18.008, 700696.35, 2073428.652, 157.668
172, 833.38, 17.928, 861.78046, 524.1165, 17.998, 700634.604, 2082813.442, 157.636
173, 833.11, 18.05, 862.71468, 525.96815, 17.94, 700663.35, 2092189.068, 158.016
174, 833.122, 17.826, 858.74565, 527.25007, 18.026, 700473.69, 2101550.18, 157.804
175, 833.252, 18.084, 853.57222, 529.40684, 18.136, 700204.258, 2111099.866, 157.622
176, 833.208, 18.296, 855.81548, 531.42113, 18.148, 700229.85, 2120513.302, 157.814
177, 833.176, 17.95, 861.50418, 532.93262, 18.128, 700025.048, 2129982.534, 157.668
178, 832.944, 18.196, 862.93691, 534.75646, 18.25, 700056.818, 2139391.61, 157.846
179, 833.186, 18.164, 858.95177, 536.32278, 17.742, 700330.252, 2148397.432, 158.026
180, 833.076, 17.848, 865.30704, 538.60917, 18.078, 700249.9, 2157634.518, 157.906
181, 832.904, 18.06, 856.92137, 539.47726, 18.002, 700179.95, 2166873.468, 158.136
182, 833.02, 18.1, 863.31492, 541.4696, 17.934, 700340.952, 2175975.668, 158.186
183, 833.062, 17.948, 858.14575, 543.29438, 18.194, 700161.61, 2185243.164, 157.898
184, 832.88, 17.852, 858.16715, 545.0188, 18.054, 699929.352, 2194458.424, 157.878
185, 832.97, 18.346, 861.5502, 546.77616, 18.046, 700149.79, 2203611.782, 158.088
186, 833.324, 17.706, 858.57901, 548.29391, 17.692, 700002.1, 2212568.22, 157.748
187, 833.564, 17.622, 865.28203, 549.91278, 17.562, 700054.152, 2221324.018, 157.568
188, 833.92, 17.924, 860.74537, 551.42287, 17.864, 700090.614, 2230269.142, 157.272
189, 833.726, 18.028, 866.31906, 553.6481, 18.208, 699969.224, 2239560.544, 157.286
190, 833.558, 17.878, 854.7936, 554.78419, 18.06, 699772.988, 2248581.854, 157.272
191, 834.056, 17.884, 868.03847, 557.19106, 17.658, 699862.056, 2257493.644, 157.0
192, 833.842, 17.914, 855.86692, 558.30511, 18.264, 699583.146, 2266628.766, 156.864
193, 833.598, 18.148, 856.51311, 560.42563, 18.018, 699557.782, 2275659.634, 157.238
194, 833.724, 17.94, 860.6466, 561.89974, 17.68, 699705.95, 2284363.434, 157.372
195, 834.208, 17.766, 863.10931, 564.14112, 17.784, 699724.812, 2293078.682, 156.87
196, 833.882, 17.918, 869.96317, 565.28471, 18.078, 699878.396, 2301895.446, 157.036
197, 833.868, 17.914, 858.21145, 567.09887, 17.804, 699868.494, 2310660.786, 157.16
198, 833.626, 18.104, 860.03093, 568.17457, 18.012, 699975.496, 2319472.006, 157.494
199, 833.43, 18.082, 865.05917, 570.37949, 18.294, 699941.088, 2328493.078, 157.478
200, 833.234, 18.168, 857.66182, 571.83956, 18.186, 699907.972, 2337433.016, 157.656
201, 833.072, 18.082, 864.50614, 573.10184, 17.964, 700003.392, 2346256.118, 157.936
202, 833.186, 17.944, 850.86937, 575.18535, 18.066, 699723.844, 2355127.472, 157.7
203, 833.45, 18.092, 865.24431, 577.09672, 18.08, 699813.388, 2363932.744, 157.448
204, 833.46, 17.792, 852.51799, 578.57133, 17.638, 699736.34, 2372425.95, 157.592
205, 833.268, 18.002, 859.01566, 579.7866, 17.988, 699683.582, 2381168.254, 157.798
206, 832.912, 17.802, 868.10471, 582.26776, 18.098, 699560.702, 2389971.274, 157.858
207, 832.958, 18.212, 856.24863, 583.54226, 17.83, 699731.034, 2398541.51, 158.194
208, 833.112, 18.004, 860.9198, 584.92477, 18.04, 699735.188, 2407197.618, 158.004
209, 833.458, 17.856, 868.61559, 586.7902, 17.83, 699860.796, 2415707.684, 157.684
210, 833.232, 17.966, 860.29166, 588.11491, 18.304, 699591.674, 2424620.11, 157.572
211, 833.43, 18.166, 852.91203, 590.09384, 17.792, 699624.74, 2433193.302, 157.748
212, 833.434, 17.77, 863.59032, 592.10713, 17.952, 699494.154, 2441772.096, 157.562
213, 833.378, 18.202, 861.22404, 593.18512, 18.222, 699559.042, 2450452.744, 157.598
214, 833.016, 18.146, 869.61314, 594.91584, 18.24, 699574.354, 2459280.464, 157.866
215, 833.098, 18.236, 860.93442, 596.62599, 18.0, 699687.484, 2467882.442, 158.02
216, 832.986, 17.814, 859.77321, 598.15513, 18.004, 699546.388, 2476373.978, 157.942
217, 833.182, 18.008, 855.28654, 600.01026, 17.874, 699537.232, 2484786.322, 157.88
218, 833.146, 17.772, 861.35494, 601.20682, 17.898, 699489.774, 2493127.844, 157.79
219, 833.002, 18.166, 862.60046, 602.88858, 18.086, 699664.032, 2501562.22, 158.014
220, 833.282, 17.852, 864.55299, 604.51458, 17.732, 699747.724, 2509841.496, 157.854
221, 833.644, 17.62, 859.70488, 606.66557, 17.764, 699673.228, 2517998.786, 157.348
222, 833.57, 17.778, 860.83924, 607.83194, 17.86, 699626.248, 2526256.584, 157.34
223, 833.618, 18.098, 867.05713, 609.43997, 18.134, 699748.088, 2534710.28, 157.256
224, 833.6, 18.138, 861.6165, 611.39199, 18.076, 699771.036, 2543187.16, 157.336
225, 833.804, 18.038, 859.18616, 612.8072, 18.098, 699689.246, 2551637.202, 157.072
226, 833.566, 18.168, 857.99207, 614.40672, 18.056, 699806.434, 2559928.948, 157.422
227, 833.802, 17.982, 862.5292, 616.05816, 17.778, 699961.186, 2568078.364, 157.39
228, 833.622, 17.626, 859.29876, 617.82543, 17.892, 699723.588, 2576303.04, 157.304
229, 833.648, 18.298, 859.43819, 618.3898, 18.098, 699912.552, 2584585.988, 157.478
230, 833.356, 18.072, 857.90173, 620.03096, 18.254, 699730.754, 2593060.678, 157.588
231, 832.816, 18.11, 856.54335, 622.18424, 18.206, 699680.514, 2601382.126, 158.032
232, 832.944, 18.134, 864.89467, 623.61859, 17.87, 699947.99, 2609475.31, 158.168
233, 832.818, 17.896, 863.32141, 625.04932, 18.254, 699816.816, 2617776.914, 157.936
234, 832.708, 18.324, 858.65532, 626.27812, 18.144, 699914.3, 2626094.548, 158.226
235, 832.802, 17.91, 863.20491, 628.49379, 17.78, 699987.442, 2634132.126, 158.262
236, 832.82, 17.862, 860.93383, 629.64118, 18.024, 699891.55, 2642283.238, 158.082
237, 833.036, 18.08, 867.25664, 631.37219, 17.948, 700070.362, 2650384.474, 157.998
238, 832.77, 18.006, 859.93558, 632.40855, 17.898, 700165.268, 2658384.474, 158.372
239, 833.078, 17.846, 862.26605, 634.83078, 18.034, 700007.954, 2666550.588, 157.876
240, 833.036, 18.008, 863.06086, 636.05726, 18.274, 699788.846, 2674932.694, 157.652
241, 833.354, 18.194, 856.54611, 637.82264, 17.736, 699900.208, 2682950.174, 157.792
242, 833.22, 17.736, 861.29905, 639.39749, 18.164, 699622.398, 2691099.984, 157.498
243, 832.856, 18.408, 862.12516, 640.81273, 18.19, 699866.062, 2699218.768, 158.08
244, 833.03, 18.182, 864.59135, 642.38842, 18.162, 699893.724, 2707432.088, 157.926
245, 833.2, 17.768, 857.72175, 642.9878, 17.834, 699771.712, 2715298.43, 157.69
246, 833.174, 17.972, 861.33986, 645.32817, 17.756, 699985.1, 2723007.18, 157.932
247, 833.272, 17.964, 861.94611, 646.29644, 18.07, 699912.082, 2731037.624, 157.728
248, 833.144, 17.976, 859.81308, 648.35093, 18.096, 699714.45, 2739174.122, 157.736
249, 833.044, 18.228, 856.48453, 649.62747, 17.934, 699824.748, 2747083.13, 158.13
250, 832.988, 17.87, 862.45104, 651.10888, 18.1, 699651.54, 2755102.324, 157.956
251, 833.112, 17.978, 860.60741, 653.25931, 17.834, 699736.858, 2762872.402, 157.976
252, 833.116, 17.956, 856.98374, 654.13309, 17.826, 699788.386, 2770584.94, 158.102
253, 833.692, 17.666, 861.42873, 655.68537, 17.868, 699718.992, 2778251.138, 157.324
254, 833.768, 18.216, 864.29513, 657.24047, 18.178, 699711.804, 2786351.76, 157.286
255, 833.53, 18.018, 858.58586, 658.99108, 18.288, 699419.062, 2794492.966, 157.254
256, 833.552, 18.296, 857.45518, 660.4476, 17.982, 699586.792, 2802298.7, 157.546
257, 833.648, 17.906, 858.48319, 662.19607, 17.826, 699602.27, 2809946.986, 157.53
258, 833.312, 17.922, 864.63564, 663.20121, 18.154, 699524.686, 2817819.43, 157.634
259, 833.382, 17.904, 861.03664, 664.38194, 17.922, 699591.612, 2825418.8, 157.546
260, 833.36, 18.136, 863.80679, 666.26682, 18.064, 699628.072, 2833289.818, 157.64
261, 833.384, 18.03, 863.78258, 667.42635, 18.022, 699708.198, 2841002.52, 157.624
262, 833.146, 17.93, 856.44172, 669.33967, 18.1, 699509.774, 2848804.864, 157.692
263, 832.994, 18.12, 857.28477, 670.41663, 17.896, 699580.036, 2856454.664, 158.068
264, 833.328, 17.726, 860.09252, 672.06703, 17.784, 699444.888, 2864035.148, 157.676
265, 833.456, 17.942, 863.00301, 673.48902, 17.944, 699347.298, 2871795.998, 157.546
266, 833.868, 17.906, 860.94047, 675.11482, 17.812, 699365.034, 2879333.276, 157.228
267, 834.03, 17.662, 858.33994, 676.37164, 17.674, 699300.482, 2886691.536, 157.054
268, 833.848, 17.93, 865.36531, 677.72171, 18.014, 699271.134, 2894351.37, 157.152
269, 833.748, 17.976, 861.70449, 679.77017, 17.81, 699420.386, 2901763.444, 157.418
270, 833.742, 18.098, 855.12211, 680.33885, 18.162, 699253.914, 2909514.278, 157.36
271, 833.442, 17.924, 851.03771, 682.25646, 18.314, 698764.354, 2917401.02, 157.27
272, 833.168, 18.462, 858.41187, 683.86648, 18.172, 698962.614, 2925065.27, 157.834
273, 833.118, 18.072, 857.68039, 685.53277, 18.236, 698817.164, 2932776.35, 157.72
274, 832.722, 18.26, 860.24096, 686.18755, 18.272, 698867.82, 2940430.328, 158.104
275, 832.624, 18.278, 857.86191, 687.40906, 18.15, 698892.08, 2948077.06, 158.33
276, 832.39, 18.088, 856.59, 689.58139, 18.068, 698891.344, 2955563.578, 158.584
277, 831.836, 18.094, 866.69614, 691.11963, 18.282, 698907.642, 2963182.506, 158.95
278, 831.958, 18.066, 859.07229, 691.92964, 17.792, 699080.814, 2970451.724, 159.102
279, 831.632, 18.138, 854.78002, 693.56876, 18.278, 698873.3, 2978143.02, 159.288
280, 831.752, 18.098, 862.41574, 695.18401, 18.018, 699026.402, 2985499.174, 159.248
281, 831.706, 17.878, 857.3666, 696.90945, 18.142, 698761.234, 2993028.998, 159.03
282, 831.82, 18.636, 853.93861, 698.14955, 18.496, 698812.872, 3000767.432, 159.056
283, 831.904, 18.132, 862.67373, 699.2983, 18.018, 698788.756, 3008310.296, 159.086
284, 832.276, 17.994, 863.95465, 701.34388, 17.974, 698865.288, 3015608.786, 158.734
285, 832.398, 18.036, 861.49922, 702.47548, 18.102, 698823.844, 3023033.736, 158.546
286, 832.274, 18.056, 858.32964, 703.87469, 18.15, 698745.884, 3030439.018, 158.576
287, 832.072, 18.28, 859.5186, 705.0984, 18.236, 698841.504, 3037845.694, 158.822
288, 831.962, 18.082, 859.08638, 706.33501, 18.158, 698754.16, 3045265.306, 158.856
289, 832.092, 18.204, 858.71237, 707.77751, 18.102, 698784.506, 3052631.88, 158.828
290, 832.318, 17.93, 861.79587, 709.20567, 17.726, 698925.832, 3059665.228, 158.806
291, 832.164, 17.848, 867.66024, 710.3766, 17.928, 698951.454, 3066851.996, 158.88
292, 832.864, 17.956, 858.20896, 711.6732, 18.038, 698900.132, 3074041.188, 158.098
293, 832.91, 17.912, 863.77847, 712.94377, 18.012, 698919.882, 3081202.392, 157.952
294, 833.234, 18.018, 859.69586, 715.18915, 17.764, 699135.414, 3088142.584, 157.882
295, 833.536, 17.838, 863.54973, 715.88509, 17.848, 699265.884, 3095075.738, 157.57
296, 833.44, 17.984, 858.98577, 717.93112, 18.008, 699255.234, 3102191.944, 157.642
297, 833.966, 17.678, 854.50843, 718.81001, 17.622, 699104.996, 3109107.926, 157.172
298, 833.768, 18.002, 860.12665, 719.74826, 18.084, 699062.94, 3116273.574, 157.288
299, 833.946, 18.134, 862.90945, 721.3442, 17.94, 699097.154, 3123492.018, 157.304
300, 833.766, 17.754, 867.41016, 723.06364, 18.076, 698982.134, 3130632.596, 157.162
301, 833.698, 18.156, 862.19432, 723.37243, 18.048, 699146.308, 3137689.406, 157.338
302, 833.426, 18.236, 861.37311, 725.41202, 18.186, 699379.13, 3144706.67, 157.66
303, 833.66, 17.552, 858.24977, 726.54594, 17.726, 699107.408, 3151644.304, 157.252
304, 833.406, 18.4, 860.1087, 728.00733, 18.456, 699061.708, 3159060.65, 157.45
305, 833.554, 18.19, 855.96482, 729.09467, 17.858, 699284.672, 3165891.626, 157.634
306, 833.852, 17.662, 859.58555, 731.43657, 17.7, 699186.93, 3172691.5, 157.298
307, 833.76, 17.724, 861.99503, 732.07933, 17.934, 699061.702, 3179607.814, 157.18
308, 833.842, 18.018, 851.81485, 733.57858, 17.77, 699130.444, 3186354.848, 157.346
309, 833.802, 17.676, 862.07287, 734.5569, 17.918, 698969.764, 3193235.276, 157.144
310, 833.762, 18.222, 857.53485, 736.12825, 18.014, 698998.632, 3200282.886, 157.392
311, 833.934, 17.81, 866.5918, 737.43346, 18.064, 698979.89, 3207161.696, 156.966
312, 834.18, 17.996, 858.85752, 738.97334, 17.756, 699109.338, 3213882.38, 156.96
313, 834.01, 17.78, 865.80427, 740.59699, 17.958, 699087.65, 3220704.994, 156.952
314, 834.104, 18.172, 858.35351, 742.2399, 18.208, 699056.0, 3227740.994, 156.822
315, 834.254, 17.942, 868.35358, 743.23286, 17.942, 699077.534, 3234666.562, 156.672
316, 834.064, 18.068, 859.53066, 744.08448, 17.842, 699304.518, 3241287.898, 157.088
317, 833.964, 17.73, 862.26734, 745.78323, 17.78, 699234.94, 3248014.464, 157.138
318, 834.122, 17.894, 858.61183, 747.01497, 17.884, 699226.014, 3254717.842, 156.99
319, 834.05, 17.912, 861.0987, 747.72031, 17.856, 699279.374, 3261401.628, 157.118
320, 834.17, 17.696, 862.22875, 748.77035, 17.82, 699260.344, 3267983.722, 156.874
321, 834.196, 17.838, 858.05584, 750.32314, 17.648, 699335.71, 3274482.344, 157.038
322, 834.252, 17.728, 854.46751, 751.19752, 17.906, 699097.014, 3281182.478, 156.804
323, 833.968, 17.954, 855.85385, 753.99141, 18.07, 698976.876, 3287953.546, 156.972
324, 834.022, 18.136, 859.61623, 753.55754, 18.066, 699105.996, 3294647.688, 156.988
325, 834.122, 18.174, 856.93848, 755.89688, 17.914, 699216.47, 3301327.736, 157.148
326, 834.342, 17.828, 863.02446, 757.11985, 17.924, 699164.4, 3307998.19, 156.832
327, 834.066, 17.824, 858.16876, 758.28177, 18.142, 698892.374, 3314839.564, 156.79
328, 833.63, 18.226, 864.80852, 759.33359, 18.238, 699000.666, 3321658.432, 157.214
329, 833.734, 18.128, 861.09885, 760.73991, 17.87, 699124.142, 3328292.806, 157.368
330, 833.594, 17.916, 862.58093, 762.24667, 18.104, 699033.892, 3335014.88, 157.32
331, 833.458, 18.112, 862.85336, 763.4666, 18.018, 699084.872, 3341726.898, 157.55
332, 833.428, 17.86, 858.23068, 764.69494, 17.7, 699154.284, 3348096.016, 157.74
333, 833.31, 17.854, 859.97536, 766.38348, 18.038, 698976.746, 3354763.516, 157.674
334, 833.284, 18.126, 865.49708, 767.00408, 18.048, 699038.286, 3361477.176, 157.778
335, 833.184, 17.904, 858.6908, 768.01236, 18.054, 698753.358, 3368272.77, 157.728
336, 832.874, 18.246, 861.5587, 769.87252, 18.228, 698834.684, 3374979.554, 158.056
337, 832.63, 18.23, 857.81679, 771.06574, 18.134, 698861.496, 3381641.496, 158.396
338, 833.046, 17.81, 864.34587, 772.28557, 17.836, 698966.09, 3387969.132, 157.954
339, 833.32, 17.758, 860.34463, 772.90967, 17.898, 698845.668, 3394414.328, 157.54
340, 833.008, 18.224, 858.86743, 774.57437, 18.102, 698908.174, 3400997.214, 157.974
341, 833.27, 17.992, 860.27123, 775.66662, 17.858, 698931.418, 3407441.972, 157.846
342, 833.336, 17.808, 860.51213, 777.42861, 17.818, 698868.334, 3413826.044, 157.77
343, 833.29, 17.768, 859.07249, 777.83097, 17.886, 698795.962, 3420156.652, 157.698
344, 833.42, 17.992, 857.04758, 779.6572, 17.986, 698761.752, 3426578.21, 157.574
345, 833.45, 18.128, 859.66461, 780.78837, 17.986, 698771.98, 3433098.3, 157.686
346, 833.504, 17.9, 867.93296, 781.67598, 18.264, 698681.386, 3439662.082, 157.268
347, 833.55, 18.016, 861.45648, 783.49832, 18.004, 698708.172, 3446069.538, 157.234
348, 833.48, 18.148, 862.57439, 784.75827, 18.038, 698777.722, 3452554.746, 157.414
349, 833.092, 18.068, 863.40491, 785.90218, 18.102, 698875.016, 3458932.298, 157.768
350, 833.05, 18.184, 866.36604, 787.26901, 18.148, 698951.62, 3465478.902, 157.846
351, 833.08, 18.192, 859.16887, 788.35521, 18.128, 698977.956, 3471937.67, 157.88
352, 832.956, 18.136, 856.96956, 789.44795, 17.948, 698979.816, 3478324.544, 158.192
353, 832.862, 17.954, 865.0997, 790.38141, 17.902, 699093.794, 3484556.63, 158.338
354, 832.798, 17.82, 865.31987, 791.99105, 17.986, 699021.288, 3490888.996, 158.236
355, 832.988, 17.87, 859.98881, 793.42465, 18.074, 698827.524, 3497284.058, 157.842
356, 833.08, 17.934, 855.24702, 794.41753, 17.826, 698839.074, 3503405.746, 157.858
357, 833.166, 18.166, 860.72883, 795.33538, 17.794, 699086.494, 3509521.698, 158.144
358, 833.062, 17.738, 857.59387, 797.0539, 18.362, 698578.784, 3516105.274, 157.624
359, 833.268, 18.288, 858.04899, 797.84387, 17.77, 698864.29, 3522217.15, 157.936
360, 833.678, 17.632, 870.1225, 798.91044, 17.736, 698914.79, 3528234.304, 157.422
361, 833.712, 17.75, 855.66197, 800.54293, 17.854, 698840.516, 3534233.976, 157.284
362, 834.084, 17.864, 860.61352, 800.76506, 17.592, 699019.852, 3540116.496, 157.184
363, 833.836, 17.966, 860.06902, 803.04077, 18.264, 698759.234, 3546567.5, 157.134
364, 833.56, 18.03, 863.67166, 803.44259, 18.142, 698763.022, 3552817.152, 157.298
365, 833.95, 17.884, 860.43391, 805.26397, 17.504, 698994.712, 3558616.422, 157.288
366, 834.098, 17.742, 856.16052, 806.02409, 17.812, 698844.004, 3564632.732, 157.07
367, 834.226, 17.854, 851.57388, 807.20731, 17.896, 698647.204, 3570713.504, 156.9
368, 834.074, 17.848, 861.83326, 808.37979, 18.02, 698559.124, 3576827.952, 156.88
369, 834.412, 17.912, 857.19071, 809.44484, 17.958, 698450.352, 3582933.334, 156.496
370, 834.334, 17.848, 866.09144, 811.0885, 17.882, 698541.538, 3588890.148, 156.54
371, 834.352, 18.062, 863.35954, 812.21521, 17.816, 698794.508, 3594786.898, 156.768
372, 834.436, 17.764, 859.60369, 812.51932, 17.852, 698625.652, 3600841.77, 156.596
373, 834.336, 18.004, 864.47456, 814.1046, 17.876, 698707.066, 3606894.626, 156.824
374, 834.498, 17.712, 868.6766, 815.02691, 17.698, 698789.832, 3612748.918, 156.676
375, 834.564, 17.814, 861.34501, 817.42948, 18.008, 698517.972, 3618952.702, 156.416
376, 834.388, 18.17, 862.08035, 817.19548, 18.23, 698543.24, 3625117.148, 156.532
377, 834.148, 18.244, 856.17189, 818.86914, 18.086, 698565.598, 3631227.556, 156.93
378, 834.114, 18.018, 858.47486, 820.05056, 17.916, 698630.954, 3637124.344, 157.066
379, 833.798, 17.992, 860.16007, 821.6596, 18.196, 698517.98, 3643223.806, 157.178
380, 833.644, 18.084, 866.73302, 822.29565, 18.08, 698568.298, 3649323.598, 157.336
381, 833.722, 18.188, 857.37849, 823.87059, 17.926, 698725.292, 3655203.236, 157.52
382, 833.316, 17.754, 862.79148, 824.522, 18.222, 698412.912, 3661342.28, 157.458
383, 833.208, 18.078, 866.13563, 826.1405, 18.114, 698592.176, 3667235.122, 157.53
384, 833.08, 18.124, 857.31627, 826.96731, 17.988, 698589.35, 3673201.716, 157.794
385, 833.038, 18.006, 856.04798, 828.48709, 17.71, 698705.28, 3678893.608, 158.132
386, 832.938, 18.07, 869.06475, 829.98612, 18.298, 698708.678, 3684992.034, 158.004
387, 832.928, 18.116, 860.23405, 830.34061, 18.104, 698749.746, 3690918.88, 158.026
388, 832.67, 18.276, 851.93697, 831.72524, 18.304, 698600.018, 3697038.188, 158.256
389, 832.656, 18.16, 863.10573, 832.41968, 18.06, 698640.368, 3703036.772, 158.37
390, 832.722, 18.054, 862.1912, 834.11679, 17.944, 698739.352, 3708836.676, 158.414
391, 832.73, 17.832, 860.13908, 834.77833, 18.14, 698550.316, 3714729.006, 158.098
392, 832.288, 18.368, 857.36063, 836.3523, 18.34, 698580.872, 3720768.862, 158.568
393, 832.38, 18.236, 862.25049, 837.79852, 18.136, 698631.256, 3726750.94, 158.576
394, 832.546, 18.032, 861.24667, 838.79227, 18.048, 698570.86, 3732639.818, 158.394
395, 832.522, 18.178, 867.75223, 839.98567, 18.126, 698821.194, 3738401.75, 158.47
396, 832.75, 17.952, 864.41622, 840.98479, 17.85, 698930.298, 3744052.214, 158.344
397, 832.61, 17.96, 858.46325, 842.01803, 18.244, 698633.468, 3750075.412, 158.2
398, 832.718, 18.106, 861.37192, 843.45319, 18.006, 698784.256, 3755751.112, 158.192
399, 832.806, 17.972, 862.11885, 844.38441, 17.908, 698768.176, 3761507.066, 158.168
400, 832.738, 17.978, 864.72355, 845.05699, 17.78, 698992.404, 3767021.652, 158.434
401, 832.614, 17.828, 858.87368, 846.3797, 17.91, 698874.992, 3772683.612, 158.476
402, 833.0, 18.026, 865.08377, 846.77402, 18.088, 698919.594, 3778424.784, 158.028
403, 833.128, 17.898, 861.54878, 849.11388, 17.894, 698984.976, 3783943.772, 157.904
404, 833.47, 17.744, 856.85302, 849.48369, 17.678, 698957.386, 3789350.236, 157.628
405, 833.714, 17.95, 859.27577, 850.89432, 18.084, 698848.89, 3795048.206, 157.25
406, 834.05, 17.866, 866.78607, 851.04611, 17.86, 698891.308, 3800642.978, 156.92
407, 834.0, 18.086, 861.66095, 852.47716, 18.046, 698861.234, 3806402.124, 157.01
408, 834.064, 18.044, 862.66903, 853.80046, 18.146, 698821.016, 3812156.038, 156.844
409, 833.838, 18.27, 864.36782, 855.2096, 18.288, 698986.89, 3817863.24, 157.052
410, 833.44, 18.172, 856.92274, 856.09877, 18.238, 698939.446, 3823602.56, 157.384
411, 832.948, 18.616, 866.13666, 856.77648, 18.344, 699289.458, 3829395.714, 158.148
412, 832.866, 17.838, 856.26191, 858.33416, 17.902, 699191.246, 3834848.966, 158.166
413, 833.096, 17.74, 858.9628, 859.5527, 17.774, 699208.83, 3840125.32, 157.902
414, 832.902, 17.86, 851.17581, 860.93527, 17.798, 699087.872, 3845531.91, 158.158
415, 832.798, 17.932, 860.4729, 861.95347, 18.008, 699062.942, 3851033.61, 158.186
416, 832.39, 18.318, 868.65378, 862.84439, 18.342, 699243.54, 3856772.93, 158.57
417, 832.106, 18.22, 861.69045, 863.43019, 18.352, 699249.0, 3862480.082, 158.722
418, 832.25, 18.038, 861.51458, 864.61506, 17.848, 699274.992, 3867986.67, 158.768
419, 832.518, 17.928, 864.34627, 865.51162, 17.904, 699291.436, 3873462.464, 158.524
420, 832.61, 17.964, 863.50479, 866.92677, 18.04, 699284.348, 3878958.072, 158.356
421, 833.328, 17.85, 860.61625, 867.74066, 17.748, 699261.244, 3884319.088, 157.74
422, 833.318, 17.982, 863.19653, 868.07241, 18.118, 699185.488, 3889885.878, 157.614
423, 833.034, 18.09, 863.79215, 869.72085, 18.126, 699257.704, 3895367.45, 157.862
424, 832.702, 18.216, 866.05182, 870.70791, 18.374, 699212.762, 3901134.89, 158.036
425, 832.656, 18.3, 861.85792, 871.31752, 18.124, 699378.948, 3906626.612, 158.258
426, 832.712, 18.036, 865.60213, 872.44094, 17.93, 699477.314, 3912025.782, 158.308
427, 832.658, 18.12, 859.3819, 874.8279, 18.014, 699515.516, 3917448.188, 158.468
428, 832.636, 18.008, 864.06042, 875.94023, 17.952, 699625.004, 3922759.97, 158.546
429, 832.676, 17.71, 859.06268, 876.22861, 17.914, 699372.7, 3928148.426, 158.302
430, 832.98, 17.824, 858.28097, 876.46503, 17.666, 699476.024, 3933186.518, 158.156
431, 833.092, 17.806, 865.21397, 878.3853, 17.836, 699552.534, 3938349.184, 158.014
432, 833.064, 17.89, 857.35048, 879.61794, 18.218, 699321.642, 3943804.654, 157.714
433, 833.082, 18.25, 863.45205, 880.34878, 18.062, 699493.704, 3949190.058, 157.884
434, 833.238, 18.024, 859.07679, 882.19414, 18.088, 699400.768, 3954600.492, 157.664
435, 833.342, 18.086, 857.67997, 882.33097, 18.072, 699430.456, 3959907.408, 157.574
436, 833.418, 17.908, 858.05227, 884.18105, 18.022, 699309.104, 3965221.914, 157.384
437, 833.516, 18.346, 857.40761, 884.24577, 18.106, 699473.766, 3970536.328, 157.526
438, 833.344, 18.05, 862.04986, 885.35604, 18.054, 699434.77, 3975911.9, 157.694
439, 833.432, 17.764, 860.27922, 886.45806, 17.574, 699516.724, 3980860.384, 157.796
440, 833.196, 18.014, 855.00167, 887.91586, 18.168, 699206.824, 3986377.642, 157.878
441, 833.122, 17.908, 861.29104, 887.59505, 17.908, 699188.226, 3991560.31, 157.952
442, 833.408, 17.676, 858.22584, 888.97548, 17.522, 699232.714, 3996415.892, 157.82
443, 833.366, 17.968, 858.19234, 890.36732, 18.104, 699180.058, 4001604.296, 157.726
444, 833.154, 18.118, 869.08047, 892.36416, 18.088, 699290.404, 4006929.642, 157.968
445, 833.356, 17.994, 863.95465, 893.39547, 18.026, 699327.02, 4012135.636, 157.734
446, 833.574, 17.73, 868.13311, 893.47531, 17.824, 699285.572, 4017258.78, 157.422
447, 833.912, 17.902, 862.02659, 894.9063, 17.968, 699216.68, 4022434.668, 157.018
448, 834.302, 17.89, 855.00279, 895.15102, 17.696, 699291.2, 4027316.866, 156.822
449, 834.142, 17.928, 860.33021, 897.13304, 18.026, 699241.414, 4032453.628, 156.884
450, 834.032, 18.164, 861.37415, 897.61524, 18.14, 699278.05, 4037690.546, 157.018
451, 833.876, 17.784, 866.17184, 898.6793, 17.956, 699214.896, 4042799.532, 157.002
452, 833.764, 17.904, 858.57909, 899.65131, 17.864, 699252.024, 4047735.246, 157.154
453, 833.778, 18.072, 862.5498, 900.91789, 18.024, 699294.104, 4052864.028, 157.188
454, 833.674, 18.048, 858.82092, 901.89794, 18.12, 699152.768, 4058099.048, 157.22
455, 833.774, 18.14, 857.22161, 902.86122, 18.006, 699206.706, 4063177.858, 157.254
456, 833.708, 17.742, 866.86958, 903.06606, 17.86, 699225.474, 4068110.184, 157.202
457, 833.668, 17.81, 867.04099, 904.4818, 17.766, 699334.558, 4072986.436, 157.286
458, 833.588, 18.014, 862.44032, 905.41362, 17.958, 699451.832, 4077925.89, 157.422
459, 833.542, 17.944, 858.89434, 906.38087, 18.026, 699349.448, 4082998.192, 157.386
460, 833.268, 18.276, 863.42745, 907.20875, 18.364, 699359.758, 4088294.17, 157.572
461, 833.152, 17.828, 855.28382, 908.12697, 17.856, 699248.38, 4093186.44, 157.66
462, 833.002, 18.338, 863.34388, 909.59386, 18.114, 699417.476, 4098324.024, 158.034
463, 833.184, 18.17, 857.89763, 910.461, 18.206, 699395.416, 4103421.342, 157.816
464, 833.14, 17.922, 861.17621, 911.37761, 18.064, 699267.144, 4108488.724, 157.718
465, 833.26, 18.154, 862.06897, 912.84562, 17.992, 699358.198, 4113511.33, 157.76
466, 833.156, 17.688, 859.79195, 913.24816, 17.898, 699168.388, 4118404.982, 157.654
467, 832.884, 18.32, 863.64629, 914.43749, 18.122, 699431.23, 4123368.332, 158.124
468, 832.848, 17.95, 862.39554, 914.81421, 17.918, 699445.216, 4128275.368, 158.192
469, 832.666, 18.012, 857.98357, 916.51016, 17.998, 699498.706, 4133110.062, 158.388
470, 832.86, 17.912, 855.51586, 917.03876, 18.11, 699330.726, 4138053.152, 157.996
471, 832.678, 18.276, 861.45765, 918.61928, 17.992, 699440.974, 4143072.006, 158.462
472, 833.338, 17.732, 859.57591, 918.86196, 17.572, 699475.532, 4147669.58, 157.962
473, 833.63, 17.642, 861.01349, 919.78644, 17.898, 699142.578, 4152626.59, 157.414
474, 833.602, 17.916, 865.81826, 921.12287, 17.832, 699279.808, 4157355.022, 157.526
475, 833.65, 18.126, 861.52488, 921.52126, 18.306, 699153.21, 4162484.32, 157.298
476, 833.508, 17.936, 859.83497, 923.32006, 18.134, 699008.38, 4167432.654, 157.242
477, 833.82, 18.16, 855.61674, 924.06912, 18.06, 698915.068, 4172414.498, 157.03
478, 833.808, 18.512, 858.68626, 924.89784, 18.156, 699297.554, 4177194.934, 157.398
479, 833.648, 17.87, 860.10073, 925.44333, 18.318, 698942.074, 4182313.362, 157.11
480, 833.752, 18.194, 859.8439, 926.75121, 17.87, 699097.274, 4187091.886, 157.33
