time, seeders, joined, request_count, response_size, left, awareness, bad_data, leechers
0, 1.0, 0.0, 0.0, 0.0, 0.0, 5001.0, 0.0, 0.0
1, 100.0, 99.0, 564.14141, 2.89486, 0.0, 55523.346, 0.0, 0.0
2, 100.0, 0.0, 0.0, 0.0, 0.0, 54979.178, 0.0, 0.0
3, 100.0, 0.0, 0.0, 0.0, 0.0, 54969.86, 0.0, 0.0
4, 100.0, 0.0, 0.0, 0.0, 0.0, 54957.88, 0.0, 0.0
5, 100.0, 0.0, 0.0, 0.0, 0.0, 54943.366, 0.0, 0.0
6, 100.0, 0.0, 0.0, 0.0, 0.0, 54925.874, 0.0, 0.0
7, 100.0, 0.0, 0.0, 0.0, 0.0, 54905.986, 0.0, 0.0
8, 100.0, 0.0, 0.0, 0.0, 0.0, 54883.35, 0.0, 0.0
9, 100.0, 0.0, 0.0, 0.0, 0.0, 54858.676, 0.0, 0.0
10, 100.0, 0.0, 0.0, 0.0, 0.0, 54831.704, 0.0, 0.0
11, 100.0, 0.0, 0.0, 0.0, 0.0, 54709.27, 0.0, 0.0
12, 100.0, 0.0, 0.0, 0.0, 0.0, 54582.07, 0.0, 0.0
13, 100.0, 0.0, 0.0, 0.0, 0.0, 54456.166, 0.0, 0.0
14, 100.0, 0.0, 0.0, 0.0, 0.0, 54331.764, 0.0, 0.0
15, 100.0, 0.0, 0.0, 0.0, 0.0, 54209.892, 0.0, 0.0
16, 100.0, 0.0, 0.0, 0.0, 0.0, 54088.778, 0.0, 0.0
17, 100.0, 0.0, 0.0, 0.0, 0.0, 53969.518, 0.0, 0.0
18, 100.0, 0.0, 0.0, 0.0, 0.0, 53851.308, 0.0, 0.0
19, 100.0, 0.0, 0.0, 0.0, 0.0, 53734.474, 0.0, 0.0
20, 100.0, 0.0, 0.0, 0.0, 0.0, 53619.702, 0.0, 0.0
21, 100.0, 0.0, 0.0, 0.0, 0.0, 53504.416, 0.0, 0.0
22, 100.0, 0.0, 0.0, 0.0, 0.0, 53390.322, 0.0, 0.0
23, 100.0, 0.0, 0.0, 0.0, 0.0, 53275.586, 0.0, 0.0
24, 100.0, 0.0, 0.0, 0.0, 0.0, 53161.16, 0.0, 0.0
25, 100.0, 0.0, 0.0, 0.0, 0.0, 53046.88, 0.0, 0.0
26, 100.0, 0.0, 0.0, 0.0, 0.0, 52932.128, 0.0, 0.0
27, 100.0, 0.0, 0.0, 0.0, 0.0, 52817.966, 0.0, 0.0
28, 100.0, 0.0, 0.0, 0.0, 0.0, 52704.998, 0.0, 0.0
29, 100.0, 0.0, 0.0, 0.0, 0.0, 52591.23, 0.0, 0.0
30, 100.0, 0.0, 0.0, 0.0, 0.0, 52477.706, 0.0, 0.0
31, 100.0, 0.0, 0.0, 0.0, 0.0, 52365.264, 0.0, 0.0
32, 100.0, 0.0, 0.0, 0.0, 0.0, 52251.972, 0.0, 0.0
33, 100.0, 0.0, 0.0, 0.0, 0.0, 52139.148, 0.0, 0.0
34, 100.0, 0.0, 0.0, 0.0, 0.0, 52025.882, 0.0, 0.0
35, 100.0, 0.0, 0.0, 0.0, 0.0, 51913.886, 0.0, 0.0
36, 100.0, 0.0, 0.0, 0.0, 0.0, 51802.924, 0.0, 0.0
37, 100.0, 0.0, 0.0, 0.0, 0.0, 51691.428, 0.0, 0.0
38, 100.0, 0.0, 0.0, 0.0, 0.0, 51580.136, 0.0, 0.0
39, 100.0, 0.0, 0.0, 0.0, 0.0, 51469.054, 0.0, 0.0
40, 100.0, 0.0, 0.0, 0.0, 0.0, 51357.098, 0.0, 0.0
41, 100.0, 0.0, 0.0, 0.0, 0.0, 51246.668, 0.0, 0.0
42, 100.0, 0.0, 0.0, 0.0, 0.0, 51136.87, 0.0, 0.0
43, 100.0, 0.0, 0.0, 0.0, 0.0, 51027.072, 0.0, 0.0
44, 100.0, 0.0, 0.0, 0.0, 0.0, 50918.032, 0.0, 0.0
45, 100.0, 0.0, 0.0, 0.0, 0.0, 50808.446, 0.0, 0.0
46, 100.0, 0.0, 0.0, 0.0, 0.0, 50699.166, 0.0, 0.0
47, 100.0, 0.0, 0.0, 0.0, 0.0, 50589.718, 0.0, 0.0
48, 100.0, 0.0, 0.0, 0.0, 0.0, 50480.702, 0.0, 0.0
49, 100.0, 0.0, 0.0, 0.0, 0.0, 50371.748, 0.0, 0.0
50, 100.0, 0.0, 0.0, 0.0, 0.0, 50263.542, 0.0, 0.0
51, 100.0, 0.0, 0.0, 0.0, 0.0, 50154.786, 0.0, 0.0
52, 100.0, 0.0, 0.0, 0.0, 0.0, 50046.268, 0.0, 0.0
53, 100.0, 0.0, 0.0, 0.0, 0.0, 49937.852, 0.0, 0.0
54, 100.0, 0.0, 0.0, 0.0, 0.0, 49830.912, 0.0, 0.0
55, 100.0, 0.0, 0.0, 0.0, 0.0, 49724.104, 0.0, 0.0
56, 100.0, 0.0, 0.0, 0.0, 0.0, 49617.204, 0.0, 0.0
57, 100.0, 0.0, 0.0, 0.0, 0.0, 49509.882, 0.0, 0.0
58, 100.0, 0.0, 0.0, 0.0, 0.0, 49403.254, 0.0, 0.0
59, 100.0, 0.0, 0.0, 0.0, 0.0, 49297.262, 0.0, 0.0
60, 100.0, 0.0, 0.0, 0.0, 0.0, 49191.952, 0.0, 0.0
61, 100.0, 0.0, 0.0, 0.0, 0.0, 49086.828, 0.0, 0.0
62, 100.0, 0.0, 0.0, 0.0, 0.0, 48981.318, 0.0, 0.0
63, 100.0, 0.0, 0.0, 0.0, 0.0, 48876.244, 0.0, 0.0
64, 100.0, 0.0, 0.0, 0.0, 0.0, 48770.014, 0.0, 0.0
65, 100.0, 0.0, 0.0, 0.0, 0.0, 48665.16, 0.0, 0.0
66, 100.0, 0.0, 0.0, 0.0, 0.0, 48560.046, 0.0, 0.0
67, 100.0, 0.0, 0.0, 0.0, 0.0, 48455.01, 0.0, 0.0
68, 100.0, 0.0, 0.0, 0.0, 0.0, 48350.702, 0.0, 0.0
69, 100.0, 0.0, 0.0, 0.0, 0.0, 48246.004, 0.0, 0.0
70, 100.0, 0.0, 0.0, 0.0, 0.0, 48142.258, 0.0, 0.0
71, 100.0, 0.0, 0.0, 0.0, 0.0, 48038.13, 0.0, 0.0
72, 100.0, 0.0, 0.0, 0.0, 0.0, 47934.572, 0.0, 0.0
73, 100.0, 0.0, 0.0, 0.0, 0.0, 47830.714, 0.0, 0.0
74, 100.0, 0.0, 0.0, 0.0, 0.0, 47727.32, 0.0, 0.0
75, 100.0, 0.0, 0.0, 0.0, 0.0, 47624.392, 0.0, 0.0
76, 100.0, 0.0, 0.0, 0.0, 0.0, 47522.52, 0.0, 0.0
77, 100.0, 0.0, 0.0, 0.0, 0.0, 47420.2, 0.0, 0.0
78, 100.0, 0.0, 0.0, 0.0, 0.0, 47318.09, 0.0, 0.0
79, 100.0, 0.0, 0.0, 0.0, 0.0, 47215.332, 0.0, 0.0
80, 100.0, 0.0, 0.0, 0.0, 0.0, 47113.64, 0.0, 0.0
81, 100.0, 0.0, 0.0, 0.0, 0.0, 47012.634, 0.0, 0.0
82, 100.0, 0.0, 0.0, 0.0, 0.0, 46911.546, 0.0, 0.0
83, 100.0, 0.0, 0.0, 0.0, 0.0, 46810.998, 0.0, 0.0
84, 100.0, 0.0, 0.0, 0.0, 0.0, 46709.544, 0.0, 0.0
85, 100.0, 0.0, 0.0, 0.0, 0.0, 46607.854, 0.0, 0.0
86, 100.0, 0.0, 0.0, 0.0, 0.0, 46507.658, 0.0, 0.0
87, 100.0, 0.0, 0.0, 0.0, 0.0, 46407.91, 0.0, 0.0
88, 100.0, 0.0, 0.0, 0.0, 0.0, 46308.194, 0.0, 0.0
89, 100.0, 0.0, 0.0, 0.0, 0.0, 46207.614, 0.0, 0.0
90, 100.0, 0.0, 0.0, 0.0, 0.0, 46108.196, 0.0, 0.0
91, 100.0, 0.0, 0.0, 0.0, 0.0, 46009.896, 0.0, 0.0
92, 100.0, 0.0, 0.0, 0.0, 0.0, 45911.544, 0.0, 0.0
93, 100.0, 0.0, 0.0, 0.0, 0.0, 45813.416, 0.0, 0.0
94, 100.0, 0.0, 0.0, 0.0, 0.0, 45715.204, 0.0, 0.0
95, 100.0, 0.0, 0.0, 0.0, 0.0, 45616.846, 0.0, 0.0
96, 100.0, 0.0, 0.0, 0.0, 0.0, 45519.036, 0.0, 0.0
97, 100.0, 0.0, 0.0, 0.0, 0.0, 45421.388, 0.0, 0.0
98, 100.0, 0.0, 0.0, 0.0, 0.0, 45323.556, 0.0, 0.0
99, 100.0, 0.0, 0.0, 0.0, 0.0, 45226.944, 0.0, 0.0
100, 100.0, 0.0, 0.0, 0.0, 0.0, 45130.236, 0.0, 0.0
101, 100.0, 0.0, 0.0, 0.0, 0.0, 45032.966, 0.0, 0.0
102, 100.0, 0.0, 0.0, 0.0, 0.0, 44935.73, 0.0, 0.0
103, 100.0, 0.0, 0.0, 0.0, 0.0, 44838.912, 0.0, 0.0
104, 100.0, 0.0, 0.0, 0.0, 0.0, 44741.51, 0.0, 0.0
105, 100.0, 0.0, 0.0, 0.0, 0.0, 44644.908, 0.0, 0.0
106, 100.0, 0.0, 0.0, 0.0, 0.0, 44549.574, 0.0, 0.0
107, 100.0, 0.0, 0.0, 0.0, 0.0, 44454.412, 0.0, 0.0
108, 100.0, 0.0, 0.0, 0.0, 0.0, 44359.016, 0.0, 0.0
109, 100.0, 0.0, 0.0, 0.0, 0.0, 44263.26, 0.0, 0.0
110, 100.0, 0.0, 0.0, 0.0, 0.0, 44168.21, 0.0, 0.0
111, 100.0, 0.0, 0.0, 0.0, 0.0, 44073.44, 0.0, 0.0
112, 100.0, 0.0, 0.0, 0.0, 0.0, 43978.996, 0.0, 0.0
113, 100.0, 0.0, 0.0, 0.0, 0.0, 43884.692, 0.0, 0.0
114, 100.0, 0.0, 0.0, 0.0, 0.0, 43789.842, 0.0, 0.0
115, 100.0, 0.0, 0.0, 0.0, 0.0, 43695.086, 0.0, 0.0
116, 100.0, 0.0, 0.0, 0.0, 0.0, 43600.876, 0.0, 0.0
117, 100.0, 0.0, 0.0, 0.0, 0.0, 43507.332, 0.0, 0.0
118, 100.0, 0.0, 0.0, 0.0, 0.0, 43413.62, 0.0, 0.0
119, 100.0, 0.0, 0.0, 0.0, 0.0, 43319.784, 0.0, 0.0
120, 100.0, 0.0, 0.0, 0.0, 0.0, 43226.754, 0.0, 0.0
121, 100.0, 0.0, 0.0, 0.0, 0.0, 43133.446, 0.0, 0.0
122, 100.0, 0.0, 0.0, 0.0, 0.0, 43040.052, 0.0, 0.0
123, 100.0, 0.0, 0.0, 0.0, 0.0, 42947.364, 0.0, 0.0
124, 100.0, 0.0, 0.0, 0.0, 0.0, 42855.386, 0.0, 0.0
125, 100.0, 0.0, 0.0, 0.0, 0.0, 42763.402, 0.0, 0.0
126, 100.0, 0.0, 0.0, 0.0, 0.0, 42671.386, 0.0, 0.0
127, 100.0, 0.0, 0.0, 0.0, 0.0, 42578.968, 0.0, 0.0
128, 100.0, 0.0, 0.0, 0.0, 0.0, 42487.628, 0.0, 0.0
129, 100.0, 0.0, 0.0, 0.0, 0.0, 42396.718, 0.0, 0.0
130, 100.0, 0.0, 0.0, 0.0, 0.0, 42304.658, 0.0, 0.0
131, 100.0, 0.0, 0.0, 0.0, 0.0, 42213.556, 0.0, 0.0
132, 100.0, 0.0, 0.0, 0.0, 0.0, 42122.952, 0.0, 0.0
133, 100.0, 0.0, 0.0, 0.0, 0.0, 42032.374, 0.0, 0.0
134, 100.0, 0.0, 0.0, 0.0, 0.0, 41942.732, 0.0, 0.0
135, 100.0, 0.0, 0.0, 0.0, 0.0, 41852.88, 0.0, 0.0
136, 100.0, 0.0, 0.0, 0.0, 0.0, 41763.444, 0.0, 0.0
137, 100.0, 0.0, 0.0, 0.0, 0.0, 41673.832, 0.0, 0.0
138, 100.0, 0.0, 0.0, 0.0, 0.0, 41584.27, 0.0, 0.0
139, 100.0, 0.0, 0.0, 0.0, 0.0, 41494.926, 0.0, 0.0
140, 100.0, 0.0, 0.0, 0.0, 0.0, 41405.47, 0.0, 0.0
141, 100.0, 0.0, 0.0, 0.0, 0.0, 41315.99, 0.0, 0.0
142, 100.0, 0.0, 0.0, 0.0, 0.0, 41227.368, 0.0, 0.0
143, 100.0, 0.0, 0.0, 0.0, 0.0, 41138.628, 0.0, 0.0
144, 100.0, 0.0, 0.0, 0.0, 0.0, 41049.574, 0.0, 0.0
145, 100.0, 0.0, 0.0, 0.0, 0.0, 40961.72, 0.0, 0.0
146, 100.0, 0.0, 0.0, 0.0, 0.0, 40873.648, 0.0, 0.0
147, 100.0, 0.0, 0.0, 0.0, 0.0, 40785.25, 0.0, 0.0
148, 100.0, 0.0, 0.0, 0.0, 0.0, 40697.252, 0.0, 0.0
149, 100.0, 0.0, 0.0, 0.0, 0.0, 40609.012, 0.0, 0.0
150, 100.0, 0.0, 0.0, 0.0, 0.0, 40522.202, 0.0, 0.0
151, 100.0, 0.0, 0.0, 0.0, 0.0, 40434.826, 0.0, 0.0
152, 100.0, 0.0, 0.0, 0.0, 0.0, 40348.194, 0.0, 0.0
153, 100.0, 0.0, 0.0, 0.0, 0.0, 40261.89, 0.0, 0.0
154, 100.0, 0.0, 0.0, 0.0, 0.0, 40175.164, 0.0, 0.0
155, 100.0, 0.0, 0.0, 0.0, 0.0, 40088.342, 0.0, 0.0
156, 100.0, 0.0, 0.0, 0.0, 0.0, 40002.258, 0.0, 0.0
157, 100.0, 0.0, 0.0, 0.0, 0.0, 39916.18, 0.0, 0.0
158, 100.0, 0.0, 0.0, 0.0, 0.0, 39830.118, 0.0, 0.0
159, 100.0, 0.0, 0.0, 0.0, 0.0, 39744.95, 0.0, 0.0
160, 100.0, 0.0, 0.0, 0.0, 0.0, 39659.474, 0.0, 0.0
161, 100.0, 0.0, 0.0, 0.0, 0.0, 39573.734, 0.0, 0.0
162, 100.0, 0.0, 0.0, 0.0, 0.0, 39488.28, 0.0, 0.0
163, 100.0, 0.0, 0.0, 0.0, 0.0, 39403.904, 0.0, 0.0
164, 100.0, 0.0, 0.0, 0.0, 0.0, 39319.118, 0.0, 0.0
165, 100.0, 0.0, 0.0, 0.0, 0.0, 39233.71, 0.0, 0.0
166, 100.0, 0.0, 0.0, 0.0, 0.0, 39149.088, 0.0, 0.0
167, 100.0, 0.0, 0.0, 0.0, 0.0, 39064.842, 0.0, 0.0
168, 100.0, 0.0, 0.0, 0.0, 0.0, 38980.794, 0.0, 0.0
169, 100.0, 0.0, 0.0, 0.0, 0.0, 38897.136, 0.0, 0.0
170, 100.0, 0.0, 0.0, 0.0, 0.0, 38813.4, 0.0, 0.0
171, 100.0, 0.0, 0.0, 0.0, 0.0, 38729.702, 0.0, 0.0
172, 100.0, 0.0, 0.0, 0.0, 0.0, 38646.25, 0.0, 0.0
173, 100.0, 0.0, 0.0, 0.0, 0.0, 38563.2, 0.0, 0.0
174, 100.0, 0.0, 0.0, 0.0, 0.0, 38480.504, 0.0, 0.0
175, 100.0, 0.0, 0.0, 0.0, 0.0, 38397.562, 0.0, 0.0
176, 100.0, 0.0, 0.0, 0.0, 0.0, 38315.016, 0.0, 0.0
177, 100.0, 0.0, 0.0, 0.0, 0.0, 38232.602, 0.0, 0.0
178, 100.0, 0.0, 0.0, 0.0, 0.0, 38150.306, 0.0, 0.0
179, 100.0, 0.0, 0.0, 0.0, 0.0, 38067.676, 0.0, 0.0
180, 100.0, 0.0, 0.0, 0.0, 0.0, 37985.802, 0.0, 0.0
181, 100.0, 0.0, 0.0, 0.0, 0.0, 37904.234, 0.0, 0.0
182, 100.0, 0.0, 0.0, 0.0, 0.0, 37822.8, 0.0, 0.0
183, 100.0, 0.0, 0.0, 0.0, 0.0, 37741.512, 0.0, 0.0
184, 100.0, 0.0, 0.0, 0.0, 0.0, 37660.234, 0.0, 0.0
185, 100.0, 0.0, 0.0, 0.0, 0.0, 37578.078, 0.0, 0.0
186, 100.0, 0.0, 0.0, 0.0, 0.0, 37497.042, 0.0, 0.0
187, 100.0, 0.0, 0.0, 0.0, 0.0, 37416.792, 0.0, 0.0
188, 100.0, 0.0, 0.0, 0.0, 0.0, 37336.228, 0.0, 0.0
189, 100.0, 0.0, 0.0, 0.0, 0.0, 37255.976, 0.0, 0.0
190, 100.0, 0.0, 0.0, 0.0, 0.0, 37175.812, 0.0, 0.0
191, 100.0, 0.0, 0.0, 0.0, 0.0, 37095.388, 0.0, 0.0
192, 100.0, 0.0, 0.0, 0.0, 0.0, 37015.666, 0.0, 0.0
193, 100.0, 0.0, 0.0, 0.0, 0.0, 36937.152, 0.0, 0.0
194, 100.0, 0.0, 0.0, 0.0, 0.0, 36856.986, 0.0, 0.0
195, 100.0, 0.0, 0.0, 0.0, 0.0, 36777.524, 0.0, 0.0
196, 100.0, 0.0, 0.0, 0.0, 0.0, 36698.764, 0.0, 0.0
197, 100.0, 0.0, 0.0, 0.0, 0.0, 36619.69, 0.0, 0.0
198, 100.0, 0.0, 0.0, 0.0, 0.0, 36540.904, 0.0, 0.0
199, 100.0, 0.0, 0.0, 0.0, 0.0, 36462.744, 0.0, 0.0
200, 100.0, 0.0, 0.0, 0.0, 0.0, 36383.932, 0.0, 0.0
201, 100.0, 0.0, 0.0, 0.0, 0.0, 36306.054, 0.0, 0.0
202, 100.0, 0.0, 0.0, 0.0, 0.0, 36228.296, 0.0, 0.0
203, 100.0, 0.0, 0.0, 0.0, 0.0, 36150.694, 0.0, 0.0
204, 100.0, 0.0, 0.0, 0.0, 0.0, 36072.906, 0.0, 0.0
205, 100.0, 0.0, 0.0, 0.0, 0.0, 35995.524, 0.0, 0.0
206, 100.0, 0.0, 0.0, 0.0, 0.0, 35918.764, 0.0, 0.0
207, 100.0, 0.0, 0.0, 0.0, 0.0, 35842.806, 0.0, 0.0
208, 100.0, 0.0, 0.0, 0.0, 0.0, 35765.424, 0.0, 0.0
209, 100.0, 0.0, 0.0, 0.0, 0.0, 35688.372, 0.0, 0.0
210, 100.0, 0.0, 0.0, 0.0, 0.0, 35611.73, 0.0, 0.0
211, 100.0, 0.0, 0.0, 0.0, 0.0, 35535.364, 0.0, 0.0
212, 100.0, 0.0, 0.0, 0.0, 0.0, 35458.998, 0.0, 0.0
213, 100.0, 0.0, 0.0, 0.0, 0.0, 35382.442, 0.0, 0.0
214, 100.0, 0.0, 0.0, 0.0, 0.0, 35306.222, 0.0, 0.0
215, 100.0, 0.0, 0.0, 0.0, 0.0, 35230.584, 0.0, 0.0
216, 100.0, 0.0, 0.0, 0.0, 0.0, 35155.01, 0.0, 0.0
217, 100.0, 0.0, 0.0, 0.0, 0.0, 35080.18, 0.0, 0.0
218, 100.0, 0.0, 0.0, 0.0, 0.0, 35004.834, 0.0, 0.0
219, 100.0, 0.0, 0.0, 0.0, 0.0, 34929.322, 0.0, 0.0
220, 100.0, 0.0, 0.0, 0.0, 0.0, 34854.49, 0.0, 0.0
221, 100.0, 0.0, 0.0, 0.0, 0.0, 34780.102, 0.0, 0.0
222, 100.0, 0.0, 0.0, 0.0, 0.0, 34704.832, 0.0, 0.0
223, 100.0, 0.0, 0.0, 0.0, 0.0, 34630.384, 0.0, 0.0
224, 100.0, 0.0, 0.0, 0.0, 0.0, 34556.152, 0.0, 0.0
225, 100.0, 0.0, 0.0, 0.0, 0.0, 34482.368, 0.0, 0.0
226, 100.0, 0.0, 0.0, 0.0, 0.0, 34408.304, 0.0, 0.0
227, 100.0, 0.0, 0.0, 0.0, 0.0, 34334.432, 0.0, 0.0
228, 100.0, 0.0, 0.0, 0.0, 0.0, 34260.566, 0.0, 0.0
229, 100.0, 0.0, 0.0, 0.0, 0.0, 34187.234, 0.0, 0.0
230, 100.0, 0.0, 0.0, 0.0, 0.0, 34113.882, 0.0, 0.0
231, 100.0, 0.0, 0.0, 0.0, 0.0, 34040.698, 0.0, 0.0
232, 100.0, 0.0, 0.0, 0.0, 0.0, 33967.402, 0.0, 0.0
233, 100.0, 0.0, 0.0, 0.0, 0.0, 33894.17, 0.0, 0.0
234, 100.0, 0.0, 0.0, 0.0, 0.0, 33820.966, 0.0, 0.0
235, 100.0, 0.0, 0.0, 0.0, 0.0, 33747.756, 0.0, 0.0
236, 100.0, 0.0, 0.0, 0.0, 0.0, 33675.012, 0.0, 0.0
237, 100.0, 0.0, 0.0, 0.0, 0.0, 33602.816, 0.0, 0.0
238, 100.0, 0.0, 0.0, 0.0, 0.0, 33530.728, 0.0, 0.0
239, 100.0, 0.0, 0.0, 0.0, 0.0, 33458.392, 0.0, 0.0
240, 100.0, 0.0, 0.0, 0.0, 0.0, 33387.046, 0.0, 0.0
241, 100.0, 0.0, 0.0, 0.0, 0.0, 33314.93, 0.0, 0.0
242, 100.0, 0.0, 0.0, 0.0, 0.0, 33244.0, 0.0, 0.0
243, 100.0, 0.0, 0.0, 0.0, 0.0, 33171.692, 0.0, 0.0
244, 100.0, 0.0, 0.0, 0.0, 0.0, 33100.384, 0.0, 0.0
245, 100.0, 0.0, 0.0, 0.0, 0.0, 33028.928, 0.0, 0.0
246, 100.0, 0.0, 0.0, 0.0, 0.0, 32957.084, 0.0, 0.0
247, 100.0, 0.0, 0.0, 0.0, 0.0, 32886.68, 0.0, 0.0
248, 100.0, 0.0, 0.0, 0.0, 0.0, 32815.714, 0.0, 0.0
249, 100.0, 0.0, 0.0, 0.0, 0.0, 32744.67, 0.0, 0.0
250, 100.0, 0.0, 0.0, 0.0, 0.0, 32674.012, 0.0, 0.0
251, 100.0, 0.0, 0.0, 0.0, 0.0, 32603.322, 0.0, 0.0
252, 100.0, 0.0, 0.0, 0.0, 0.0, 32532.836, 0.0, 0.0
253, 100.0, 0.0, 0.0, 0.0, 0.0, 32462.54, 0.0, 0.0
254, 100.0, 0.0, 0.0, 0.0, 0.0, 32393.178, 0.0, 0.0
255, 100.0, 0.0, 0.0, 0.0, 0.0, 32323.412, 0.0, 0.0
256, 100.0, 0.0, 0.0, 0.0, 0.0, 32254.336, 0.0, 0.0
257, 100.0, 0.0, 0.0, 0.0, 0.0, 32184.532, 0.0, 0.0
258, 100.0, 0.0, 0.0, 0.0, 0.0, 32115.592, 0.0, 0.0
259, 100.0, 0.0, 0.0, 0.0, 0.0, 32047.088, 0.0, 0.0
260, 100.0, 0.0, 0.0, 0.0, 0.0, 31978.146, 0.0, 0.0
261, 100.0, 0.0, 0.0, 0.0, 0.0, 31909.072, 0.0, 0.0
262, 100.0, 0.0, 0.0, 0.0, 0.0, 31840.166, 0.0, 0.0
263, 100.0, 0.0, 0.0, 0.0, 0.0, 31772.148, 0.0, 0.0
264, 100.0, 0.0, 0.0, 0.0, 0.0, 31703.076, 0.0, 0.0
265, 100.0, 0.0, 0.0, 0.0, 0.0, 31634.976, 0.0, 0.0
266, 100.0, 0.0, 0.0, 0.0, 0.0, 31567.794, 0.0, 0.0
267, 100.0, 0.0, 0.0, 0.0, 0.0, 31500.076, 0.0, 0.0
268, 100.0, 0.0, 0.0, 0.0, 0.0, 31432.306, 0.0, 0.0
269, 100.0, 0.0, 0.0, 0.0, 0.0, 31364.606, 0.0, 0.0
270, 100.0, 0.0, 0.0, 0.0, 0.0, 31297.078, 0.0, 0.0
271, 100.0, 0.0, 0.0, 0.0, 0.0, 31228.922, 0.0, 0.0
272, 100.0, 0.0, 0.0, 0.0, 0.0, 31161.548, 0.0, 0.0
273, 100.0, 0.0, 0.0, 0.0, 0.0, 31094.708, 0.0, 0.0
274, 100.0, 0.0, 0.0, 0.0, 0.0, 31028.394, 0.0, 0.0
275, 100.0, 0.0, 0.0, 0.0, 0.0, 30961.914, 0.0, 0.0
276, 100.0, 0.0, 0.0, 0.0, 0.0, 30895.428, 0.0, 0.0
277, 100.0, 0.0, 0.0, 0.0, 0.0, 30829.44, 0.0, 0.0
278, 100.0, 0.0, 0.0, 0.0, 0.0, 30763.204, 0.0, 0.0
279, 100.0, 0.0, 0.0, 0.0, 0.0, 30697.378, 0.0, 0.0
280, 100.0, 0.0, 0.0, 0.0, 0.0, 30631.908, 0.0, 0.0
281, 100.0, 0.0, 0.0, 0.0, 0.0, 30566.13, 0.0, 0.0
282, 100.0, 0.0, 0.0, 0.0, 0.0, 30500.394, 0.0, 0.0
283, 100.0, 0.0, 0.0, 0.0, 0.0, 30434.298, 0.0, 0.0
284, 100.0, 0.0, 0.0, 0.0, 0.0, 30368.762, 0.0, 0.0
285, 100.0, 0.0, 0.0, 0.0, 0.0, 30303.538, 0.0, 0.0
286, 100.0, 0.0, 0.0, 0.0, 0.0, 30237.674, 0.0, 0.0
287, 100.0, 0.0, 0.0, 0.0, 0.0, 30172.964, 0.0, 0.0
288, 100.0, 0.0, 0.0, 0.0, 0.0, 30107.29, 0.0, 0.0
289, 100.0, 0.0, 0.0, 0.0, 0.0, 30042.878, 0.0, 0.0
290, 100.0, 0.0, 0.0, 0.0, 0.0, 29977.916, 0.0, 0.0
291, 100.0, 0.0, 0.0, 0.0, 0.0, 29913.408, 0.0, 0.0
292, 100.0, 0.0, 0.0, 0.0, 0.0, 29848.458, 0.0, 0.0
293, 100.0, 0.0, 0.0, 0.0, 0.0, 29783.69, 0.0, 0.0
294, 100.0, 0.0, 0.0, 0.0, 0.0, 29719.406, 0.0, 0.0
295, 100.0, 0.0, 0.0, 0.0, 0.0, 29656.272, 0.0, 0.0
296, 100.0, 0.0, 0.0, 0.0, 0.0, 29592.978, 0.0, 0.0
297, 100.0, 0.0, 0.0, 0.0, 0.0, 29529.254, 0.0, 0.0
298, 100.0, 0.0, 0.0, 0.0, 0.0, 29466.112, 0.0, 0.0
299, 100.0, 0.0, 0.0, 0.0, 0.0, 29402.518, 0.0, 0.0
300, 100.0, 0.0, 0.0, 0.0, 0.0, 29339.178, 0.0, 0.0
301, 100.0, 0.0, 0.0, 0.0, 0.0, 29276.436, 0.0, 0.0
302, 100.0, 0.0, 0.0, 0.0, 0.0, 29214.174, 0.0, 0.0
303, 100.0, 0.0, 0.0, 0.0, 0.0, 29150.832, 0.0, 0.0
304, 100.0, 0.0, 0.0, 0.0, 0.0, 29088.766, 0.0, 0.0
305, 100.0, 0.0, 0.0, 0.0, 0.0, 29026.106, 0.0, 0.0
306, 100.0, 0.0, 0.0, 0.0, 0.0, 28963.818, 0.0, 0.0
307, 100.0, 0.0, 0.0, 0.0, 0.0, 28901.568, 0.0, 0.0
308, 100.0, 0.0, 0.0, 0.0, 0.0, 28840.028, 0.0, 0.0
309, 100.0, 0.0, 0.0, 0.0, 0.0, 28777.698, 0.0, 0.0
310, 100.0, 0.0, 0.0, 0.0, 0.0, 28716.448, 0.0, 0.0
311, 100.0, 0.0, 0.0, 0.0, 0.0, 28654.682, 0.0, 0.0
312, 100.0, 0.0, 0.0, 0.0, 0.0, 28592.912, 0.0, 0.0
313, 100.0, 0.0, 0.0, 0.0, 0.0, 28531.318, 0.0, 0.0
314, 100.0, 0.0, 0.0, 0.0, 0.0, 28469.82, 0.0, 0.0
315, 100.0, 0.0, 0.0, 0.0, 0.0, 28408.664, 0.0, 0.0
316, 100.0, 0.0, 0.0, 0.0, 0.0, 28347.718, 0.0, 0.0
317, 100.0, 0.0, 0.0, 0.0, 0.0, 28286.978, 0.0, 0.0
318, 100.0, 0.0, 0.0, 0.0, 0.0, 28225.926, 0.0, 0.0
319, 100.0, 0.0, 0.0, 0.0, 0.0, 28165.308, 0.0, 0.0
320, 100.0, 0.0, 0.0, 0.0, 0.0, 28105.796, 0.0, 0.0
321, 100.0, 0.0, 0.0, 0.0, 0.0, 28045.412, 0.0, 0.0
322, 100.0, 0.0, 0.0, 0.0, 0.0, 27984.9, 0.0, 0.0
323, 100.0, 0.0, 0.0, 0.0, 0.0, 27924.768, 0.0, 0.0
324, 100.0, 0.0, 0.0, 0.0, 0.0, 27864.6, 0.0, 0.0
325, 100.0, 0.0, 0.0, 0.0, 0.0, 27804.64, 0.0, 0.0
326, 100.0, 0.0, 0.0, 0.0, 0.0, 27744.99, 0.0, 0.0
327, 100.0, 0.0, 0.0, 0.0, 0.0, 27685.06, 0.0, 0.0
328, 100.0, 0.0, 0.0, 0.0, 0.0, 27625.378, 0.0, 0.0
329, 100.0, 0.0, 0.0, 0.0, 0.0, 27565.888, 0.0, 0.0
330, 100.0, 0.0, 0.0, 0.0, 0.0, 27506.81, 0.0, 0.0
331, 100.0, 0.0, 0.0, 0.0, 0.0, 27447.332, 0.0, 0.0
332, 100.0, 0.0, 0.0, 0.0, 0.0, 27388.554, 0.0, 0.0
333, 100.0, 0.0, 0.0, 0.0, 0.0, 27330.148, 0.0, 0.0
334, 100.0, 0.0, 0.0, 0.0, 0.0, 27271.492, 0.0, 0.0
335, 100.0, 0.0, 0.0, 0.0, 0.0, 27213.478, 0.0, 0.0
336, 100.0, 0.0, 0.0, 0.0, 0.0, 27154.258, 0.0, 0.0
337, 100.0, 0.0, 0.0, 0.0, 0.0, 27095.958, 0.0, 0.0
338, 100.0, 0.0, 0.0, 0.0, 0.0, 27037.462, 0.0, 0.0
339, 100.0, 0.0, 0.0, 0.0, 0.0, 26979.548, 0.0, 0.0
340, 100.0, 0.0, 0.0, 0.0, 0.0, 26922.03, 0.0, 0.0
341, 100.0, 0.0, 0.0, 0.0, 0.0, 26864.18, 0.0, 0.0
342, 100.0, 0.0, 0.0, 0.0, 0.0, 26806.22, 0.0, 0.0
343, 100.0, 0.0, 0.0, 0.0, 0.0, 26748.428, 0.0, 0.0
344, 100.0, 0.0, 0.0, 0.0, 0.0, 26691.078, 0.0, 0.0
345, 100.0, 0.0, 0.0, 0.0, 0.0, 26633.356, 0.0, 0.0
346, 100.0, 0.0, 0.0, 0.0, 0.0, 26576.262, 0.0, 0.0
347, 100.0, 0.0, 0.0, 0.0, 0.0, 26519.334, 0.0, 0.0
348, 100.0, 0.0, 0.0, 0.0, 0.0, 26462.144, 0.0, 0.0
349, 100.0, 0.0, 0.0, 0.0, 0.0, 26405.214, 0.0, 0.0
350, 100.0, 0.0, 0.0, 0.0, 0.0, 26348.41, 0.0, 0.0
351, 100.0, 0.0, 0.0, 0.0, 0.0, 26291.438, 0.0, 0.0
352, 100.0, 0.0, 0.0, 0.0, 0.0, 26235.478, 0.0, 0.0
353, 100.0, 0.0, 0.0, 0.0, 0.0, 26179.134, 0.0, 0.0
354, 100.0, 0.0, 0.0, 0.0, 0.0, 26122.672, 0.0, 0.0
355, 100.0, 0.0, 0.0, 0.0, 0.0, 26066.17, 0.0, 0.0
356, 100.0, 0.0, 0.0, 0.0, 0.0, 26009.914, 0.0, 0.0
357, 100.0, 0.0, 0.0, 0.0, 0.0, 25954.062, 0.0, 0.0
358, 100.0, 0.0, 0.0, 0.0, 0.0, 25898.32, 0.0, 0.0
359, 100.0, 0.0, 0.0, 0.0, 0.0, 25842.136, 0.0, 0.0
360, 100.0, 0.0, 0.0, 0.0, 0.0, 25786.604, 0.0, 0.0
361, 100.0, 0.0, 0.0, 0.0, 0.0, 25730.838, 0.0, 0.0
362, 100.0, 0.0, 0.0, 0.0, 0.0, 25675.418, 0.0, 0.0
363, 100.0, 0.0, 0.0, 0.0, 0.0, 25620.894, 0.0, 0.0
364, 100.0, 0.0, 0.0, 0.0, 0.0, 25565.504, 0.0, 0.0
365, 100.0, 0.0, 0.0, 0.0, 0.0, 25510.456, 0.0, 0.0
366, 100.0, 0.0, 0.0, 0.0, 0.0, 25455.874, 0.0, 0.0
367, 100.0, 0.0, 0.0, 0.0, 0.0, 25401.408, 0.0, 0.0
368, 100.0, 0.0, 0.0, 0.0, 0.0, 25347.29, 0.0, 0.0
369, 100.0, 0.0, 0.0, 0.0, 0.0, 25292.566, 0.0, 0.0
370, 100.0, 0.0, 0.0, 0.0, 0.0, 25238.094, 0.0, 0.0
371, 100.0, 0.0, 0.0, 0.0, 0.0, 25183.934, 0.0, 0.0
372, 100.0, 0.0, 0.0, 0.0, 0.0, 25130.226, 0.0, 0.0
373, 100.0, 0.0, 0.0, 0.0, 0.0, 25076.552, 0.0, 0.0
374, 100.0, 0.0, 0.0, 0.0, 0.0, 25022.68, 0.0, 0.0
375, 100.0, 0.0, 0.0, 0.0, 0.0, 24968.598, 0.0, 0.0
376, 100.0, 0.0, 0.0, 0.0, 0.0, 24914.698, 0.0, 0.0
377, 100.0, 0.0, 0.0, 0.0, 0.0, 24861.512, 0.0, 0.0
378, 100.0, 0.0, 0.0, 0.0, 0.0, 24808.232, 0.0, 0.0
379, 100.0, 0.0, 0.0, 0.0, 0.0, 24754.624, 0.0, 0.0
380, 100.0, 0.0, 0.0, 0.0, 0.0, 24701.276, 0.0, 0.0
381, 100.0, 0.0, 0.0, 0.0, 0.0, 24648.25, 0.0, 0.0
382, 100.0, 0.0, 0.0, 0.0, 0.0, 24595.332, 0.0, 0.0
383, 100.0, 0.0, 0.0, 0.0, 0.0, 24542.446, 0.0, 0.0
384, 100.0, 0.0, 0.0, 0.0, 0.0, 24489.586, 0.0, 0.0
385, 100.0, 0.0, 0.0, 0.0, 0.0, 24437.312, 0.0, 0.0
386, 100.0, 0.0, 0.0, 0.0, 0.0, 24385.084, 0.0, 0.0
387, 100.0, 0.0, 0.0, 0.0, 0.0, 24333.012, 0.0, 0.0
388, 100.0, 0.0, 0.0, 0.0, 0.0, 24280.232, 0.0, 0.0
389, 100.0, 0.0, 0.0, 0.0, 0.0, 24228.16, 0.0, 0.0
390, 100.0, 0.0, 0.0, 0.0, 0.0, 24176.19, 0.0, 0.0
391, 100.0, 0.0, 0.0, 0.0, 0.0, 24124.482, 0.0, 0.0
392, 100.0, 0.0, 0.0, 0.0, 0.0, 24072.97, 0.0, 0.0
393, 100.0, 0.0, 0.0, 0.0, 0.0, 24021.89, 0.0, 0.0
394, 100.0, 0.0, 0.0, 0.0, 0.0, 23970.192, 0.0, 0.0
395, 100.0, 0.0, 0.0, 0.0, 0.0, 23918.658, 0.0, 0.0
396, 100.0, 0.0, 0.0, 0.0, 0.0, 23867.298, 0.0, 0.0
397, 100.0, 0.0, 0.0, 0.0, 0.0, 23816.102, 0.0, 0.0
398, 100.0, 0.0, 0.0, 0.0, 0.0, 23765.502, 0.0, 0.0
399, 100.0, 0.0, 0.0, 0.0, 0.0, 23714.726, 0.0, 0.0
400, 100.0, 0.0, 0.0, 0.0, 0.0, 23663.98, 0.0, 0.0
401, 100.0, 0.0, 0.0, 0.0, 0.0, 23613.446, 0.0, 0.0
402, 100.0, 0.0, 0.0, 0.0, 0.0, 23562.678, 0.0, 0.0
403, 100.0, 0.0, 0.0, 0.0, 0.0, 23512.152, 0.0, 0.0
404, 100.0, 0.0, 0.0, 0.0, 0.0, 23461.718, 0.0, 0.0
405, 100.0, 0.0, 0.0, 0.0, 0.0, 23411.828, 0.0, 0.0
406, 100.0, 0.0, 0.0, 0.0, 0.0, 23362.194, 0.0, 0.0
407, 100.0, 0.0, 0.0, 0.0, 0.0, 23312.03, 0.0, 0.0
408, 100.0, 0.0, 0.0, 0.0, 0.0, 23262.316, 0.0, 0.0
409, 100.0, 0.0, 0.0, 0.0, 0.0, 23212.432, 0.0, 0.0
410, 100.0, 0.0, 0.0, 0.0, 0.0, 23162.072, 0.0, 0.0
411, 100.0, 0.0, 0.0, 0.0, 0.0, 23112.1, 0.0, 0.0
412, 100.0, 0.0, 0.0, 0.0, 0.0, 23061.796, 0.0, 0.0
413, 100.0, 0.0, 0.0, 0.0, 0.0, 23011.81, 0.0, 0.0
414, 100.0, 0.0, 0.0, 0.0, 0.0, 22962.402, 0.0, 0.0
415, 100.0, 0.0, 0.0, 0.0, 0.0, 22913.198, 0.0, 0.0
416, 100.0, 0.0, 0.0, 0.0, 0.0, 22864.03, 0.0, 0.0
417, 100.0, 0.0, 0.0, 0.0, 0.0, 22814.46, 0.0, 0.0
418, 100.0, 0.0, 0.0, 0.0, 0.0, 22765.2, 0.0, 0.0
419, 100.0, 0.0, 0.0, 0.0, 0.0, 22716.546, 0.0, 0.0
420, 100.0, 0.0, 0.0, 0.0, 0.0, 22667.57, 0.0, 0.0
421, 100.0, 0.0, 0.0, 0.0, 0.0, 22618.896, 0.0, 0.0
422, 100.0, 0.0, 0.0, 0.0, 0.0, 22570.076, 0.0, 0.0
423, 100.0, 0.0, 0.0, 0.0, 0.0, 22521.43, 0.0, 0.0
424, 100.0, 0.0, 0.0, 0.0, 0.0, 22473.066, 0.0, 0.0
425, 100.0, 0.0, 0.0, 0.0, 0.0, 22424.368, 0.0, 0.0
426, 100.0, 0.0, 0.0, 0.0, 0.0, 22376.518, 0.0, 0.0
427, 100.0, 0.0, 0.0, 0.0, 0.0, 22328.826, 0.0, 0.0
428, 100.0, 0.0, 0.0, 0.0, 0.0, 22280.332, 0.0, 0.0
429, 100.0, 0.0, 0.0, 0.0, 0.0, 22232.924, 0.0, 0.0
430, 100.0, 0.0, 0.0, 0.0, 0.0, 22185.162, 0.0, 0.0
431, 100.0, 0.0, 0.0, 0.0, 0.0, 22137.308, 0.0, 0.0
432, 100.0, 0.0, 0.0, 0.0, 0.0, 22089.624, 0.0, 0.0
433, 100.0, 0.0, 0.0, 0.0, 0.0, 22042.808, 0.0, 0.0
434, 100.0, 0.0, 0.0, 0.0, 0.0, 21995.186, 0.0, 0.0
435, 100.0, 0.0, 0.0, 0.0, 0.0, 21948.02, 0.0, 0.0
436, 100.0, 0.0, 0.0, 0.0, 0.0, 21900.908, 0.0, 0.0
437, 100.0, 0.0, 0.0, 0.0, 0.0, 21853.516, 0.0, 0.0
438, 100.0, 0.0, 0.0, 0.0, 0.0, 21806.198, 0.0, 0.0
439, 100.0, 0.0, 0.0, 0.0, 0.0, 21759.234, 0.0, 0.0
440, 100.0, 0.0, 0.0, 0.0, 0.0, 21712.802, 0.0, 0.0
441, 100.0, 0.0, 0.0, 0.0, 0.0, 21666.462, 0.0, 0.0
442, 100.0, 0.0, 0.0, 0.0, 0.0, 21619.9, 0.0, 0.0
443, 100.0, 0.0, 0.0, 0.0, 0.0, 21573.608, 0.0, 0.0
444, 100.0, 0.0, 0.0, 0.0, 0.0, 21526.91, 0.0, 0.0
445, 100.0, 0.0, 0.0, 0.0, 0.0, 21480.496, 0.0, 0.0
446, 100.0, 0.0, 0.0, 0.0, 0.0, 21434.95, 0.0, 0.0
447, 100.0, 0.0, 0.0, 0.0, 0.0, 21389.166, 0.0, 0.0
448, 100.0, 0.0, 0.0, 0.0, 0.0, 21343.52, 0.0, 0.0
449, 100.0, 0.0, 0.0, 0.0, 0.0, 21297.43, 0.0, 0.0
450, 100.0, 0.0, 0.0, 0.0, 0.0, 21252.078, 0.0, 0.0
451, 100.0, 0.0, 0.0, 0.0, 0.0, 21206.462, 0.0, 0.0
452, 100.0, 0.0, 0.0, 0.0, 0.0, 21160.966, 0.0, 0.0
453, 100.0, 0.0, 0.0, 0.0, 0.0, 21114.892, 0.0, 0.0
454, 100.0, 0.0, 0.0, 0.0, 0.0, 21069.806, 0.0, 0.0
455, 100.0, 0.0, 0.0, 0.0, 0.0, 21024.46, 0.0, 0.0
456, 100.0, 0.0, 0.0, 0.0, 0.0, 20979.682, 0.0, 0.0
457, 100.0, 0.0, 0.0, 0.0, 0.0, 20934.696, 0.0, 0.0
458, 100.0, 0.0, 0.0, 0.0, 0.0, 20889.968, 0.0, 0.0
459, 100.0, 0.0, 0.0, 0.0, 0.0, 20844.904, 0.0, 0.0
460, 100.0, 0.0, 0.0, 0.0, 0.0, 20800.084, 0.0, 0.0
461, 100.0, 0.0, 0.0, 0.0, 0.0, 20755.818, 0.0, 0.0
462, 100.0, 0.0, 0.0, 0.0, 0.0, 20711.22, 0.0, 0.0
463, 100.0, 0.0, 0.0, 0.0, 0.0, 20666.898, 0.0, 0.0
464, 100.0, 0.0, 0.0, 0.0, 0.0, 20622.314, 0.0, 0.0
465, 100.0, 0.0, 0.0, 0.0, 0.0, 20577.858, 0.0, 0.0
466, 100.0, 0.0, 0.0, 0.0, 0.0, 20534.304, 0.0, 0.0
467, 100.0, 0.0, 0.0, 0.0, 0.0, 20490.402, 0.0, 0.0
468, 100.0, 0.0, 0.0, 0.0, 0.0, 20446.588, 0.0, 0.0
469, 100.0, 0.0, 0.0, 0.0, 0.0, 20402.76, 0.0, 0.0
470, 100.0, 0.0, 0.0, 0.0, 0.0, 20358.91, 0.0, 0.0
471, 100.0, 0.0, 0.0, 0.0, 0.0, 20315.312, 0.0, 0.0
472, 100.0, 0.0, 0.0, 0.0, 0.0, 20271.608, 0.0, 0.0
473, 100.0, 0.0, 0.0, 0.0, 0.0, 20227.79, 0.0, 0.0
474, 100.0, 0.0, 0.0, 0.0, 0.0, 20184.532, 0.0, 0.0
475, 100.0, 0.0, 0.0, 0.0, 0.0, 20141.066, 0.0, 0.0
476, 100.0, 0.0, 0.0, 0.0, 0.0, 20097.562, 0.0, 0.0
477, 100.0, 0.0, 0.0, 0.0, 0.0, 20054.402, 0.0, 0.0
478, 100.0, 0.0, 0.0, 0.0, 0.0, 20011.67, 0.0, 0.0
479, 100.0, 0.0, 0.0, 0.0, 0.0, 19968.932, 0.0, 0.0
480, 100.0, 0.0, 0.0, 0.0, 0.0, 19926.426, 0.0, 0.0
