time, seeders, joined, request_count, response_size, left, awareness, bad_data, leechers
0, 0.0, 0.0, 0.0, 0.0, 0.0, 5001.0, 0.0, 0.0
1, 0.0, 9.0, 930.0, 0.68973, 0.0, 11984.372, 0.0, 9.0
2, 0.0, 1.236, 951.45631, 1.09354, 1.486, 8396.136, 4676.128, 9.75
3, 0.0, 1.21854, 945.65217, 1.19253, 1.10256, 8485.274, 4929.926, 9.86
4, 0.0, 1.14286, 1069.85294, 1.10653, 1.10156, 8535.346, 5167.622, 9.85
5, 0.0, 1.1145, 1006.84932, 1.22789, 1.08333, 8578.556, 5414.514, 9.882
6, 0.0, 1.08654, 1092.92035, 1.11741, 1.09322, 8611.804, 5623.752, 9.85
7, 0.0, 1.09402, 964.84375, 1.36437, 1.06542, 8669.844, 5807.392, 9.878
8, 0.0, 1.09756, 929.62963, 1.31474, 1.17323, 8632.782, 6089.544, 9.85
9, 0.0, 1.14286, 968.75, 1.31855, 1.13333, 8672.398, 6291.204, 9.868
10, 0.0, 1.08182, 983.19328, 1.31197, 1.08411, 8704.538, 6485.664, 9.874
11, 3.16783, 1.10169, 953.84615, 1.31048, 1.10619, 8702.27, 6701.12, 8.978
12, 7.072, 1.10588, 946.80851, 1.33708, 1.05556, 8763.8, 6781.16, 3.20667
13, 7.54, 1.0814, 973.11828, 1.24309, 1.08661, 8675.216, 7014.83, 2.56388
14, 7.668, 1.11429, 914.52991, 1.35047, 1.08247, 8679.106, 7188.792, 2.44934
15, 7.756, 1.11392, 909.09091, 1.33125, 1.08219, 8678.992, 7313.272, 2.39866
16, 7.83, 1.03797, 792.68293, 1.54615, 1.04706, 8658.478, 7427.778, 2.34773
17, 7.88, 1.08434, 900.0, 1.37654, 1.04938, 8653.142, 7559.504, 2.36682
18, 7.976, 1.0875, 896.55172, 1.44872, 1.16176, 8656.87, 7675.874, 2.34458
19, 8.1, 1.09722, 1006.32911, 1.40881, 1.07042, 8666.982, 7788.71, 2.22384
20, 8.12, 1.04706, 932.58427, 1.46386, 1.06383, 8640.358, 7945.978, 2.17805
21, 8.212, 1.05063, 1048.19277, 1.3046, 1.05063, 8644.834, 8079.876, 2.08621
22, 8.246, 1.10843, 923.91304, 1.44118, 1.13333, 8634.402, 8224.342, 2.0
23, 8.276, 1.1, 1035.35354, 1.59024, 1.09589, 8676.672, 8349.964, 1.98077
24, 8.312, 1.16667, 989.01099, 1.47222, 1.11494, 8674.71, 8495.33, 1.96078
25, 8.352, 1.05479, 1084.41558, 1.53293, 1.06667, 8655.694, 8643.908, 1.92804
26, 8.332, 1.0989, 930.0, 1.66667, 1.05952, 8671.676, 8776.4, 1.96552
27, 8.324, 1.04286, 945.20548, 1.71014, 1.06757, 8671.598, 8876.68, 1.96059
28, 8.316, 1.075, 959.30233, 1.50909, 1.1, 8679.756, 8996.304, 1.98015
29, 8.316, 1.0875, 1011.49425, 1.38636, 1.03659, 8683.534, 9130.238, 1.93705
30, 8.296, 1.07778, 891.75258, 1.68786, 1.06742, 8678.688, 9269.71, 1.94258
31, 8.28, 1.09877, 988.76404, 1.63068, 1.06742, 8668.174, 9417.906, 1.95673
32, 8.274, 1.06593, 1067.01031, 1.63768, 1.05747, 8694.858, 9558.798, 2.00488
33, 8.302, 1.06944, 870.12987, 1.65672, 1.01266, 8656.538, 9691.48, 1.98765
34, 8.306, 1.07955, 968.42105, 1.53804, 1.08046, 8638.682, 9853.494, 1.97059
35, 8.256, 1.07955, 926.31579, 1.75568, 1.09783, 8626.512, 10001.488, 2.01222
36, 8.216, 1.03333, 946.23656, 1.76136, 1.12766, 8607.54, 10155.742, 2.01946
37, 8.174, 1.13725, 956.89655, 1.63063, 1.1134, 8609.506, 10335.232, 2.05995
38, 8.184, 1.05814, 1093.40659, 1.71357, 1.05063, 8659.652, 10442.934, 2.09732
39, 8.184, 1.10588, 973.40426, 1.71585, 1.07143, 8669.708, 10574.24, 2.1122
40, 8.248, 1.08571, 960.52632, 1.67808, 1.0, 8704.208, 10644.456, 2.0534
41, 8.248, 1.07692, 1028.57143, 1.67361, 1.05682, 8654.876, 10796.066, 2.01222
42, 8.252, 1.03409, 928.57143, 1.68047, 1.07407, 8669.972, 10907.844, 2.02703
43, 8.246, 1.1, 1000.0, 1.67172, 1.06897, 8686.604, 11046.696, 2.03415
44, 8.268, 1.0875, 896.55172, 1.77564, 1.07792, 8665.894, 11180.596, 2.04703
45, 8.306, 1.05263, 937.5, 1.9, 1.08108, 8636.576, 11317.172, 2.00995
46, 8.3, 1.07059, 1120.87912, 1.77451, 1.11364, 8627.96, 11487.066, 2.00499
47, 8.278, 1.08696, 895.0, 1.87709, 1.09783, 8583.654, 11666.786, 2.02488
48, 8.296, 1.07407, 1028.73563, 1.85475, 1.09302, 8588.878, 11796.55, 1.96069
49, 8.322, 1.11111, 961.11111, 1.91329, 1.09859, 8589.926, 11924.19, 1.95823
50, 8.314, 1.07895, 1146.34146, 1.88298, 1.09877, 8589.632, 12068.12, 1.97512
51, 8.276, 1.04545, 967.3913, 1.94944, 1.06173, 8611.968, 12178.616, 2.02723
52, 8.274, 1.04444, 968.08511, 1.8956, 1.07865, 8602.908, 12324.76, 2.01478
53, 8.272, 1.15789, 909.09091, 1.8375, 1.09302, 8589.6, 12453.118, 1.99754
54, 8.248, 1.09901, 968.46847, 1.88837, 1.09574, 8600.622, 12611.844, 2.02676
55, 8.208, 1.10989, 940.59406, 2.06316, 1.05263, 8597.774, 12758.268, 2.04796
56, 8.222, 1.03488, 977.52809, 1.86782, 1.0625, 8603.91, 12880.14, 2.03589
57, 8.22, 1.11765, 967.10526, 1.93878, 1.09756, 8563.026, 13022.036, 2.01442
58, 8.23, 1.10127, 925.28736, 2.0, 1.09091, 8560.226, 13138.862, 1.99523
59, 8.184, 1.10204, 930.55556, 2.01493, 1.1413, 8560.068, 13293.246, 2.07212
60, 8.156, 1.04494, 881.72043, 2.2622, 1.10989, 8518.666, 13451.38, 2.09662
61, 8.144, 1.08, 912.03704, 2.02538, 1.07955, 8527.482, 13592.004, 2.11695
62, 8.132, 1.07042, 940.78947, 1.99301, 1.08889, 8497.874, 13716.422, 2.10386
63, 8.124, 1.03371, 945.65217, 2.15517, 1.05195, 8513.794, 13826.042, 2.12981
64, 8.134, 1.09, 908.25688, 2.0202, 1.1375, 8540.712, 13948.842, 2.1253
65, 8.176, 1.06098, 931.03448, 2.21605, 1.04598, 8545.072, 14057.596, 2.11111
66, 8.218, 1.09589, 1025.0, 2.10366, 1.06757, 8569.822, 14148.23, 2.08802
67, 8.23, 1.13158, 936.04651, 2.03106, 1.10588, 8547.406, 14282.916, 2.05882
68, 8.26, 1.08974, 964.70588, 1.9939, 1.10667, 8562.22, 14382.646, 2.04198
69, 8.278, 1.05333, 930.37975, 2.14286, 1.06849, 8560.118, 14481.904, 2.03731
70, 8.268, 1.07407, 982.75862, 2.12281, 1.06593, 8536.202, 14627.262, 2.0
71, 8.332, 1.09756, 972.22222, 2.03429, 1.04478, 8576.334, 14712.286, 1.96569
72, 8.32, 1.10938, 971.83099, 2.23913, 1.05263, 8562.294, 14813.978, 1.98756
73, 8.334, 1.08642, 846.59091, 2.30872, 1.1, 8547.058, 14927.648, 1.96526
74, 8.31, 1.09091, 863.09524, 2.26897, 1.10714, 8518.1, 15051.136, 1.98254
75, 8.338, 1.08989, 1000.0, 2.12887, 1.09877, 8544.542, 15168.204, 1.94815
76, 8.338, 1.06173, 918.60465, 2.13291, 1.03614, 8521.344, 15299.132, 1.96269
77, 8.324, 1.05618, 936.17021, 2.11932, 1.10465, 8509.044, 15435.94, 1.95813
78, 8.29, 1.05, 1077.38095, 2.1989, 1.04762, 8530.892, 15543.514, 1.99506
79, 8.246, 1.06122, 951.92308, 2.31313, 1.10891, 8519.048, 15700.862, 1.97596
80, 8.21, 1.08, 1050.92593, 2.0793, 1.0989, 8558.55, 15836.116, 2.04831
81, 8.19, 1.12222, 1009.90099, 2.23529, 1.08654, 8534.724, 16011.448, 2.04843
82, 8.166, 1.05376, 974.4898, 2.17277, 1.09524, 8543.496, 16140.64, 2.07194
83, 8.128, 1.10465, 1021.05263, 2.15979, 1.03371, 8548.312, 16276.544, 2.07494
84, 8.142, 1.05155, 1029.41176, 2.12381, 1.04348, 8554.344, 16426.75, 2.08235
85, 8.126, 1.04494, 983.87097, 2.30601, 1.08602, 8561.394, 16548.872, 2.0922
86, 8.102, 1.08081, 906.54206, 2.31959, 1.08738, 8547.734, 16702.166, 2.15459
87, 8.136, 1.12766, 919.81132, 2.38462, 1.04878, 8575.358, 16814.542, 2.15663
88, 8.132, 1.03896, 1031.25, 2.39394, 1.04651, 8567.086, 16932.69, 2.13735
89, 8.122, 1.09877, 926.96629, 2.31515, 1.10465, 8558.716, 17050.556, 2.1247
90, 8.158, 1.0989, 920.0, 2.38043, 1.12644, 8554.474, 17183.57, 2.08633
91, 8.184, 1.1375, 945.05495, 2.23837, 1.0641, 8570.254, 17283.57, 2.06938
92, 8.202, 1.11268, 1126.58228, 2.3764, 1.09333, 8599.58, 17376.534, 2.07039
93, 8.246, 1.05, 1000.0, 2.25, 1.04615, 8613.89, 17474.178, 2.10174
94, 8.228, 1.06757, 860.75949, 2.52206, 1.06742, 8590.712, 17576.914, 2.07921
95, 8.262, 1.07792, 867.46988, 2.63889, 1.08571, 8594.584, 17660.24, 2.04433
96, 8.268, 1.10588, 1021.2766, 2.28646, 1.15294, 8598.276, 17791.402, 2.00243
97, 8.286, 1.06849, 1006.41026, 2.28662, 1.10256, 8569.568, 17920.382, 1.95157
98, 8.3, 1.07692, 887.7551, 2.82759, 1.08642, 8580.052, 18026.312, 1.98284
99, 8.296, 1.16438, 970.58824, 2.35152, 1.15854, 8594.016, 18119.954, 1.96806
100, 8.296, 1.13924, 1022.22222, 2.54348, 1.075, 8600.68, 18239.218, 1.98765
101, 8.316, 1.07059, 840.65934, 2.57516, 1.07955, 8580.144, 18354.422, 1.99747
102, 8.298, 1.1236, 1020.0, 2.55392, 1.10345, 8606.436, 18473.162, 2.00499
103, 8.318, 1.0641, 963.85542, 2.55625, 1.05882, 8625.912, 18555.34, 2.00748
104, 8.336, 1.0137, 959.45946, 2.4507, 1.08108, 8607.898, 18656.176, 1.98492
105, 8.31, 1.07229, 932.58427, 2.64458, 1.08861, 8614.23, 18756.748, 1.98522
106, 8.334, 1.11594, 876.62338, 2.64444, 1.12, 8578.926, 18867.452, 2.00254
107, 8.352, 1.12676, 806.25, 2.72093, 1.05634, 8554.116, 18962.534, 2.00256
108, 8.336, 1.07792, 921.68675, 2.59477, 1.0989, 8515.59, 19094.782, 1.98462
109, 8.348, 1.16667, 880.95238, 2.77838, 1.05682, 8523.164, 19212.536, 1.99488
110, 8.316, 1.02299, 960.67416, 2.67836, 1.08861, 8518.45, 19328.138, 1.98263
111, 8.306, 1.125, 966.66667, 2.54598, 1.11364, 8510.864, 19449.4, 1.98504
112, 8.306, 1.15584, 926.96629, 2.49091, 1.0641, 8500.066, 19564.432, 1.96088
113, 8.352, 1.12821, 897.72727, 2.64557, 1.11688, 8483.156, 19678.662, 1.94279
114, 8.344, 1.07865, 838.54167, 2.61491, 1.07955, 8468.046, 19793.798, 1.98987
115, 8.32, 1.1358, 847.82609, 2.72436, 1.07407, 8452.516, 19903.466, 2.04326
116, 8.29, 1.08974, 1011.76471, 2.67442, 1.06316, 8429.35, 20037.808, 2.02015
117, 8.254, 1.13095, 957.89474, 2.54396, 1.10227, 8431.386, 20156.572, 2.03483
118, 8.254, 1.07229, 926.96629, 2.88485, 1.0625, 8456.962, 20234.67, 2.10276
119, 8.292, 1.04688, 955.22388, 2.69531, 1.02899, 8437.82, 20319.948, 2.06061
120, 8.314, 1.10526, 964.28571, 2.59259, 1.09333, 8435.69, 20421.83, 2.04822
121, 8.32, 1.08696, 1173.33333, 2.71023, 1.07042, 8466.196, 20505.164, 2.03807
122, 8.314, 1.08235, 880.43478, 3.0, 1.08511, 8428.67, 20641.866, 2.0
123, 8.324, 1.07865, 994.79167, 2.88482, 1.14474, 8448.702, 20750.03, 2.03562
124, 8.32, 1.07407, 919.54023, 2.61875, 1.13043, 8422.334, 20873.882, 1.96742
125, 8.328, 1.06977, 945.65217, 2.96552, 1.06024, 8442.474, 20964.486, 1.93827
126, 8.34, 1.06452, 929.29293, 2.79891, 1.05, 8452.144, 21075.408, 1.93659
127, 8.326, 1.04054, 928.57143, 2.75524, 1.10843, 8421.586, 21185.934, 1.94074
128, 8.308, 1.10204, 944.44444, 2.96569, 1.07447, 8436.536, 21311.088, 2.01003
129, 8.278, 1.04396, 1089.47368, 2.57488, 1.09302, 8467.974, 21421.748, 1.97108
130, 8.26, 1.0875, 1068.96552, 2.6828, 1.17442, 8469.678, 21542.12, 1.99754
131, 8.178, 1.08163, 891.50943, 2.78836, 1.1383, 8475.492, 21660.528, 2.05048
132, 8.096, 1.14286, 916.66667, 2.84545, 1.11009, 8494.574, 21796.316, 2.10118
133, 8.094, 1.10526, 933.33333, 2.66327, 1.09574, 8491.204, 21930.15, 2.10824
134, 8.102, 1.125, 924.24242, 2.72678, 1.0625, 8505.702, 22032.346, 2.11189
135, 8.126, 1.08333, 1032.05128, 2.73292, 1.05128, 8504.936, 22127.78, 2.0892
136, 8.114, 1.10588, 936.17021, 2.8125, 1.0814, 8518.07, 22224.404, 2.08605
137, 8.122, 1.04938, 1029.41176, 2.90857, 1.14286, 8502.256, 22349.55, 2.07459
138, 8.116, 1.1, 929.29293, 2.89674, 1.08889, 8495.424, 22473.858, 2.06944
139, 8.144, 1.10345, 937.5, 2.83333, 1.11111, 8503.68, 22578.912, 2.10451
140, 8.138, 1.07407, 977.01149, 2.9, 1.10588, 8488.426, 22696.604, 2.09501
141, 8.206, 1.04878, 930.23256, 3.0125, 1.04478, 8507.32, 22770.272, 2.11247
142, 8.2, 1.07692, 869.04762, 2.9863, 1.1375, 8489.036, 22866.884, 2.134
143, 8.252, 1.08219, 1006.32911, 3.00629, 1.13433, 8501.292, 22946.102, 2.05651
144, 8.28, 1.16667, 1154.7619, 3.03093, 1.08434, 8499.552, 23073.404, 2.04762
145, 8.276, 1.06098, 1022.98851, 2.97191, 1.08537, 8500.246, 23182.202, 2.06313
146, 8.302, 1.08, 814.81481, 3.15152, 1.07353, 8490.242, 23256.018, 2.02494
147, 8.312, 1.07895, 987.80488, 2.7284, 1.1039, 8499.374, 23340.106, 2.05102
148, 8.272, 1.02353, 1057.47126, 2.89674, 1.07692, 8491.436, 23463.364, 2.06345
149, 8.262, 1.03158, 887.7551, 2.91954, 1.04545, 8481.102, 23579.134, 2.08081
150, 8.278, 1.06897, 1037.63441, 3.14508, 1.08696, 8454.778, 23728.39, 2.00744
151, 8.29, 1.06593, 963.91753, 3.14973, 1.10345, 8441.908, 23858.392, 2.0201
152, 8.288, 1.1087, 1058.82353, 3.06944, 1.1039, 8486.314, 23959.552, 2.03465
153, 8.276, 1.075, 872.09302, 3.13333, 1.10256, 8482.902, 24042.508, 2.01951
154, 8.272, 1.09459, 895.06173, 3.12414, 1.09302, 8454.214, 24146.39, 2.02228
155, 8.264, 1.11538, 925.28736, 3.17391, 1.04878, 8426.36, 24264.584, 2.00978
156, 8.25, 1.09677, 828.43137, 3.2071, 1.08333, 8385.18, 24404.156, 2.02696
157, 8.226, 1.075, 906.97674, 3.10256, 1.06494, 8397.254, 24476.868, 2.06112
158, 8.224, 1.03409, 1000.0, 3.04945, 1.04598, 8428.074, 24556.326, 2.06863
159, 8.214, 1.0625, 1117.64706, 3.14474, 1.05319, 8490.972, 24649.692, 2.06295
160, 8.232, 1.06494, 957.31707, 3.12102, 1.04598, 8452.088, 24773.118, 2.01449
161, 8.232, 1.09524, 994.56522, 3.07104, 1.1125, 8437.13, 24898.356, 2.0365
162, 8.292, 1.14474, 982.75862, 3.31579, 1.10606, 8481.592, 24952.954, 2.03218
163, 8.282, 1.13235, 1051.94805, 2.84568, 1.08642, 8483.54, 25040.618, 2.00739
164, 8.278, 1.03614, 1023.25581, 3.01136, 1.10465, 8478.982, 25148.164, 1.97555
165, 8.26, 1.07447, 1084.15842, 3.26027, 1.04819, 8529.198, 25244.648, 2.03676
166, 8.284, 1.08824, 918.91892, 3.09559, 1.09589, 8525.782, 25311.806, 2.00246
167, 8.274, 1.125, 950.0, 3.16374, 1.08333, 8516.264, 25419.484, 2.00245
168, 8.266, 1.07143, 861.11111, 3.10968, 1.09574, 8467.326, 25550.136, 2.00496
169, 8.262, 1.09677, 1014.70588, 3.29469, 1.07407, 8511.51, 25639.59, 2.0625
170, 8.26, 1.07229, 848.31461, 3.17219, 1.11364, 8463.316, 25764.3, 2.03234
171, 8.254, 1.08333, 918.26923, 3.46073, 1.07865, 8498.65, 25845.826, 2.0495
172, 8.26, 1.15, 983.69565, 3.16022, 1.12195, 8484.846, 25966.226, 2.04715
173, 8.22, 1.06593, 989.69072, 3.14063, 1.09677, 8466.058, 26102.066, 2.00957
174, 8.194, 1.07527, 1045.0, 3.27751, 1.05208, 8478.504, 26224.504, 2.05797
175, 8.206, 1.05882, 922.22222, 3.18675, 1.10145, 8504.886, 26289.408, 2.04762
176, 8.236, 1.14286, 975.0, 3.26923, 1.06024, 8501.604, 26373.446, 2.00719
177, 8.226, 1.09639, 912.08791, 3.24699, 1.06024, 8500.314, 26464.838, 2.02153
178, 8.21, 1.08333, 945.05495, 3.19767, 1.12088, 8475.604, 26586.056, 2.00476
179, 8.214, 1.17778, 995.28302, 3.36967, 1.08511, 8474.282, 26722.326, 2.03373
180, 8.212, 1.07216, 995.19231, 3.28019, 1.08511, 8463.044, 26864.508, 2.05085
181, 8.246, 1.06667, 963.54167, 3.16757, 1.03797, 8467.26, 26968.5, 2.08911
182, 8.264, 1.04167, 1020.0, 3.15686, 1.06173, 8440.19, 27071.74, 2.02956
183, 8.242, 1.13095, 1000.0, 3.26842, 1.06383, 8445.21, 27179.544, 2.01456
184, 8.258, 1.08333, 1010.98901, 3.10326, 1.025, 8464.224, 27267.464, 2.00241
185, 8.252, 1.08434, 1000.0, 3.72222, 1.11364, 8455.13, 27378.938, 1.98082
186, 8.23, 1.11236, 984.84848, 3.34359, 1.06897, 8477.184, 27474.97, 1.99763
187, 8.204, 1.08046, 893.61702, 3.33929, 1.09574, 8451.794, 27590.67, 1.99764
188, 8.2, 1.15152, 925.4386, 3.4455, 1.08791, 8478.344, 27697.112, 2.04739
189, 8.186, 1.08861, 959.30233, 3.68485, 1.11224, 8444.576, 27817.96, 2.04337
190, 8.192, 1.08247, 1038.09524, 3.3945, 1.03409, 8487.92, 27914.114, 2.05502
191, 8.18, 1.15, 1038.04348, 3.39267, 1.09412, 8482.4, 28031.31, 2.08696
192, 8.158, 1.10465, 1057.89474, 3.27363, 1.11765, 8487.42, 28148.276, 2.08333
193, 8.134, 1.09195, 936.84211, 3.38202, 1.09877, 8468.188, 28266.64, 2.13636
194, 8.15, 1.04301, 840.20619, 3.30061, 1.05208, 8440.928, 28378.39, 2.11271
195, 8.15, 1.06494, 1018.29268, 3.23353, 1.05882, 8433.382, 28473.52, 2.08852
196, 8.152, 1.11458, 948.59813, 3.45813, 1.11905, 8433.13, 28597.27, 2.09716
197, 8.158, 1.07407, 936.78161, 3.52147, 1.06897, 8401.592, 28711.44, 2.12621
198, 8.142, 1.05882, 861.11111, 3.67742, 1.08989, 8388.376, 28799.526, 2.13902
199, 8.184, 1.07692, 892.85714, 3.33143, 1.07527, 8376.86, 28905.42, 2.09314
200, 8.216, 1.11628, 1104.16667, 3.33019, 1.17391, 8438.088, 28975.934, 2.09582
201, 8.25, 1.06849, 1115.38462, 3.52299, 1.08434, 8433.21, 29073.176, 2.01961
202, 8.21, 1.10345, 921.875, 3.46328, 1.06742, 8432.684, 29169.842, 2.03614
203, 8.216, 1.07447, 1039.60396, 3.25238, 1.12195, 8456.21, 29275.112, 2.06053
204, 8.24, 1.07595, 900.0, 3.71242, 1.04444, 8417.652, 29385.048, 2.03931
205, 8.234, 1.07692, 989.79592, 3.45876, 1.0814, 8446.606, 29468.308, 2.05897
206, 8.224, 1.06667, 968.75, 3.46237, 1.05618, 8464.54, 29553.888, 2.03614
207, 8.236, 1.07792, 813.25301, 3.63704, 1.09756, 8428.228, 29643.488, 2.03922
208, 8.25, 1.11494, 922.68041, 3.82682, 1.09333, 8462.75, 29706.33, 2.05882
209, 8.242, 1.04225, 1108.10811, 3.67073, 1.04706, 8457.272, 29792.98, 2.05198
210, 8.282, 1.10588, 914.89362, 3.44767, 1.05556, 8474.1, 29865.962, 2.022
211, 8.282, 1.0137, 945.94595, 3.55714, 1.05195, 8453.996, 29943.674, 2.02469
212, 8.276, 1.09589, 1050.0, 3.27976, 1.09756, 8460.542, 30021.536, 2.03759
213, 8.288, 1.04762, 880.68182, 3.58065, 1.03797, 8450.192, 30103.646, 1.98293
214, 8.296, 1.10127, 954.02299, 3.46386, 1.12346, 8464.808, 30171.94, 1.94915
215, 8.314, 1.04819, 1063.21839, 3.73514, 1.06494, 8499.978, 30237.13, 1.93478
216, 8.342, 1.14493, 936.70886, 3.75676, 1.10667, 8488.008, 30313.46, 1.8913
217, 8.33, 1.09756, 1005.55556, 3.71271, 1.10112, 8469.79, 30429.134, 1.88193
218, 8.298, 1.10345, 1020.83333, 3.84184, 1.08602, 8476.212, 30534.51, 1.90843
219, 8.298, 1.11111, 1059.09091, 3.65236, 1.06897, 8520.196, 30639.41, 1.9494
220, 8.278, 1.0814, 946.23656, 3.48864, 1.10345, 8527.186, 30723.93, 1.98058
221, 8.266, 1.10976, 1038.46154, 3.69841, 1.12791, 8497.372, 30857.914, 1.97579
222, 8.222, 1.11458, 892.52336, 3.75393, 1.10476, 8472.346, 30988.862, 1.95981
223, 8.204, 1.08696, 980.0, 3.65816, 1.04762, 8492.122, 31079.848, 1.99063
224, 8.196, 1.1, 787.87879, 3.8141, 1.10976, 8450.176, 31192.696, 2.02824
225, 8.198, 1.08235, 831.52174, 3.66013, 1.05556, 8414.082, 31295.51, 2.05755
226, 8.184, 1.09091, 869.04762, 3.93836, 1.13415, 8382.674, 31387.676, 2.04296
227, 8.16, 1.10345, 906.25, 3.71264, 1.08434, 8398.106, 31461.168, 2.10096
228, 8.16, 1.13043, 995.19231, 3.92271, 1.13187, 8403.316, 31576.972, 2.14988
229, 8.162, 1.1087, 862.7451, 3.9375, 1.07143, 8374.338, 31695.036, 2.10896
230, 8.194, 1.0625, 1029.41176, 3.88, 1.10667, 8386.542, 31770.826, 2.09024
231, 8.196, 1.06897, 908.60215, 3.85207, 1.1236, 8354.11, 31884.724, 2.04578
232, 8.206, 1.11236, 1020.20202, 3.5099, 1.07955, 8388.57, 31965.376, 2.01905
233, 8.226, 1.09783, 1074.25743, 3.88479, 1.07292, 8401.52, 32082.75, 2.01932
234, 8.21, 1.06122, 908.65385, 3.62434, 1.09677, 8402.122, 32183.23, 2.08889
235, 8.22, 1.07407, 931.03448, 4.01235, 1.05333, 8426.668, 32233.476, 2.08088
236, 8.188, 1.08791, 989.89899, 3.7398, 1.06593, 8447.684, 32321.188, 2.07416
237, 8.176, 1.05, 934.52381, 3.89809, 1.10843, 8437.066, 32400.976, 2.06938
238, 8.206, 1.1039, 964.70588, 3.60366, 1.08974, 8428.752, 32484.45, 2.06813
239, 8.214, 1.07865, 880.20833, 3.89941, 1.13333, 8419.824, 32573.896, 2.05516
240, 8.202, 1.08434, 1038.88889, 3.59893, 1.06667, 8439.144, 32652.874, 2.07506
241, 8.196, 1.10976, 994.50549, 3.74586, 1.13793, 8430.764, 32753.134, 2.08313
242, 8.192, 1.11111, 818.75, 4.0916, 1.09459, 8427.54, 32798.77, 2.11139
243, 8.25, 1.0875, 1114.94253, 3.56186, 1.08451, 8458.638, 32872.1, 2.00964
244, 8.238, 1.07792, 1000.0, 3.6747, 1.11111, 8461.852, 32945.444, 2.01695
245, 8.262, 1.05882, 927.77778, 3.81437, 1.12676, 8482.674, 33002.222, 2.03676
246, 8.27, 1.14865, 1235.29412, 3.69524, 1.07059, 8506.396, 33098.654, 2.01225
247, 8.292, 1.0, 1006.66667, 3.88742, 1.06667, 8501.604, 33165.13, 1.97789
248, 8.318, 1.04396, 1005.26316, 3.7644, 1.04938, 8525.796, 33242.05, 1.96088
249, 8.318, 1.11842, 894.11765, 3.75658, 1.04494, 8499.69, 33329.518, 1.96049
250, 8.314, 1.075, 1162.7907, 4.135, 1.06173, 8519.246, 33419.454, 1.96543
251, 8.302, 1.11, 1022.52252, 3.837, 1.08163, 8541.682, 33533.606, 1.99259
252, 8.338, 1.05195, 975.30864, 3.8038, 1.08571, 8557.38, 33584.798, 1.88152
253, 8.302, 1.06757, 974.68354, 3.64935, 1.11688, 8528.986, 33676.408, 1.91211
254, 8.296, 1.0875, 833.33333, 4.08276, 1.14773, 8465.388, 33793.424, 1.95567
255, 8.282, 1.0625, 1058.82353, 3.98611, 1.04598, 8493.18, 33890.206, 1.97087
256, 8.234, 1.08046, 957.44681, 3.77778, 1.08511, 8479.646, 33992.09, 2.02941
257, 8.24, 1.03261, 1042.10526, 3.94949, 1.03704, 8516.59, 34061.772, 2.0048
258, 8.226, 1.05495, 989.58333, 3.94211, 1.09412, 8523.12, 34152.204, 2.02392
259, 8.234, 1.11111, 1087.5, 3.91379, 1.10256, 8529.798, 34226.664, 2.0048
260, 8.21, 1.03846, 938.2716, 3.84211, 1.05, 8525.546, 34290.274, 2.05596
261, 8.266, 1.09459, 870.37037, 4.03546, 1.1791, 8528.884, 34335.646, 2.03226
262, 8.266, 1.14474, 1000.0, 3.81609, 1.07895, 8549.05, 34396.334, 1.99516
263, 8.268, 1.125, 972.22222, 4.06857, 1.08333, 8546.778, 34480.764, 2.00978
264, 8.274, 1.10256, 924.4186, 4.08805, 1.11538, 8530.042, 34562.872, 2.02978
265, 8.262, 1.07229, 1061.79775, 3.97354, 1.09639, 8535.918, 34653.0, 2.07053
266, 8.22, 1.11, 837.83784, 4.23656, 1.08824, 8520.826, 34760.626, 2.09701
267, 8.212, 1.14815, 946.23656, 3.99432, 1.09412, 8526.67, 34836.932, 2.08108
268, 8.276, 1.1375, 879.12088, 3.89375, 1.05333, 8516.472, 34913.102, 2.05211
269, 8.252, 1.09211, 939.75904, 3.95513, 1.08434, 8500.484, 34991.524, 2.01453
270, 8.282, 1.09211, 873.49398, 4.16552, 1.09589, 8507.09, 35035.914, 2.0197
271, 8.318, 1.10959, 1043.20988, 3.94083, 1.06757, 8519.934, 35097.304, 2.01
272, 8.33, 1.06494, 884.14634, 4.45517, 1.09877, 8473.594, 35194.106, 1.97257
273, 8.344, 1.16216, 1040.69767, 4.24581, 1.09091, 8499.9, 35252.546, 1.95522
274, 8.34, 1.05063, 963.85542, 4.3875, 1.14286, 8502.456, 35315.748, 1.98246
275, 8.348, 1.0597, 957.74648, 4.18382, 1.0411, 8464.59, 35394.936, 1.97475
276, 8.356, 1.03409, 1032.96703, 4.23936, 1.07407, 8465.158, 35487.666, 2.00513
277, 8.388, 1.05747, 918.47826, 4.05917, 1.07216, 8432.294, 35595.182, 1.97382
278, 8.348, 1.08333, 1110.57692, 3.9697, 1.13684, 8477.432, 35685.926, 1.97943
279, 8.336, 1.11828, 985.57692, 3.97073, 1.09877, 8493.052, 35779.182, 1.98744
280, 8.332, 1.09722, 1025.31646, 4.34568, 1.05263, 8501.636, 35837.5, 1.98496
281, 8.318, 1.1039, 982.35294, 4.28743, 1.16667, 8493.468, 35916.862, 1.99748
282, 8.334, 1.08861, 1005.81395, 4.31214, 1.05405, 8513.514, 35973.452, 1.9825
283, 8.294, 1.05882, 933.33333, 3.95833, 1.10714, 8499.088, 36060.686, 2.00993
284, 8.278, 1.09302, 984.04255, 4.08649, 1.10309, 8480.15, 36167.338, 2.00249
285, 8.254, 1.08247, 1066.66667, 4.17857, 1.08861, 8542.022, 36232.262, 2.04401
286, 8.202, 1.03529, 1022.72727, 4.19444, 1.13636, 8553.06, 36304.586, 2.03349
287, 8.214, 1.15493, 1018.29268, 4.33533, 1.06024, 8546.162, 36381.496, 2.00959
288, 8.236, 1.0989, 870.0, 4.6092, 1.04938, 8555.322, 36449.102, 2.01918
289, 8.248, 1.08434, 855.55556, 4.65584, 1.09195, 8511.806, 36549.364, 1.9976
290, 8.252, 1.04706, 1033.70787, 4.18478, 1.08434, 8535.902, 36611.854, 2.02941
291, 8.22, 1.10588, 930.85106, 4.04571, 1.07778, 8496.398, 36728.476, 2.01196
292, 8.242, 1.06173, 1046.51163, 4.06667, 1.12903, 8542.312, 36764.57, 2.03365
293, 8.236, 1.13235, 1032.46753, 3.98113, 1.07317, 8539.31, 36829.142, 2.00959
294, 8.192, 1.10465, 989.47368, 4.37766, 1.07071, 8514.84, 36943.306, 2.04087
295, 8.244, 1.05882, 933.33333, 4.16071, 1.05797, 8538.148, 36989.204, 2.01439
296, 8.25, 1.04938, 929.41176, 4.12025, 1.14444, 8490.618, 37095.918, 1.97826
297, 8.232, 1.16484, 957.54717, 4.37931, 1.10345, 8535.058, 37155.818, 2.01442
298, 8.214, 1.07609, 873.73737, 4.3815, 1.09574, 8508.84, 37256.224, 2.01675
299, 8.236, 1.05882, 955.55556, 4.46512, 1.05952, 8497.97, 37340.124, 2.01208
300, 8.228, 1.03093, 970.0, 4.39691, 1.03333, 8509.946, 37421.772, 2.04358
301, 8.222, 1.12987, 1051.72414, 4.27322, 1.07595, 8528.394, 37487.078, 2.04578
302, 8.214, 1.06667, 975.0, 4.32051, 1.1039, 8522.248, 37549.558, 2.03357
303, 8.228, 1.05682, 951.6129, 4.45198, 1.04878, 8560.43, 37589.428, 2.00948
304, 8.212, 1.03896, 993.75, 4.25157, 1.08889, 8531.106, 37678.152, 2.01928
305, 8.238, 1.10227, 922.68041, 4.48045, 1.07895, 8542.848, 37745.55, 2.04878
306, 8.214, 1.06329, 958.33333, 4.04348, 1.08434, 8536.89, 37812.522, 2.03855
307, 8.23, 1.10112, 918.36735, 4.57778, 1.11236, 8521.944, 37907.59, 2.03155
308, 8.226, 1.10227, 932.98969, 4.12155, 1.14737, 8493.718, 38016.84, 1.98798
309, 8.22, 1.06731, 1009.00901, 4.16071, 1.14286, 8505.526, 38128.99, 2.03125
310, 8.214, 1.05435, 881.4433, 4.5614, 1.1, 8474.168, 38230.31, 2.01429
311, 8.198, 1.11224, 1087.15596, 4.27848, 1.05155, 8523.634, 38316.842, 2.06971
312, 8.186, 1.0625, 994.11765, 4.40828, 1.06098, 8517.73, 38389.87, 2.05952
313, 8.178, 1.1, 914.77273, 4.38509, 1.07692, 8492.704, 38474.97, 2.03073
314, 8.174, 1.06667, 968.75, 4.4086, 1.02353, 8494.494, 38557.384, 2.01856
315, 8.142, 1.05682, 1107.52688, 4.27184, 1.06316, 8510.274, 38646.272, 2.05621
316, 8.168, 1.09091, 1041.66667, 4.355, 1.0241, 8530.75, 38723.298, 2.05634
317, 8.17, 1.08974, 905.88235, 4.61688, 1.07059, 8492.242, 38813.03, 2.07399
318, 8.166, 1.08642, 937.5, 4.59394, 1.06667, 8464.594, 38904.39, 2.06954
319, 8.212, 1.12088, 867.64706, 4.49718, 1.05882, 8449.936, 38993.324, 2.02375
320, 8.246, 1.04938, 917.64706, 4.44872, 1.0641, 8448.786, 39047.826, 2.00239
321, 8.256, 1.08861, 1046.51163, 4.56667, 1.11538, 8464.332, 39110.284, 2.00725
322, 8.24, 1.08219, 873.41772, 4.53623, 1.13415, 8398.526, 39210.266, 2.02703
323, 8.238, 1.08989, 829.89691, 4.45963, 1.05063, 8399.816, 39267.958, 2.04878
324, 8.256, 1.07229, 1005.61798, 4.59218, 1.04396, 8395.698, 39347.886, 2.02703
325, 8.226, 1.06593, 855.6701, 4.38554, 1.12371, 8364.622, 39441.862, 2.0146
326, 8.236, 1.18605, 965.68627, 4.48731, 1.10976, 8366.81, 39533.19, 2.02427
327, 8.256, 1.1625, 1026.88172, 4.51309, 1.2, 8395.684, 39591.816, 2.01695
328, 8.266, 1.09722, 803.79747, 4.68504, 1.11392, 8338.14, 39672.886, 2.06297
329, 8.276, 1.13636, 805.0, 4.80745, 1.12195, 8335.538, 39733.206, 2.07053
330, 8.278, 1.10145, 960.52632, 4.39726, 1.09211, 8310.476, 39800.456, 2.05556
331, 8.254, 1.09412, 973.11828, 4.53039, 1.11364, 8337.814, 39849.566, 2.08376
332, 8.242, 1.10753, 1029.12621, 4.23113, 1.10112, 8371.99, 39922.79, 2.10101
333, 8.234, 1.07229, 988.76404, 4.6875, 1.05882, 8380.566, 39986.17, 2.06173
334, 8.254, 1.11392, 1079.54545, 4.85789, 1.07792, 8422.01, 40030.734, 2.06468
335, 8.28, 1.05556, 960.52632, 4.75342, 1.06061, 8432.208, 40062.066, 2.08883
336, 8.276, 1.08974, 976.47059, 4.59036, 1.06667, 8416.22, 40139.976, 2.02993
337, 8.316, 1.08046, 925.53191, 4.64943, 1.07042, 8434.79, 40190.608, 2.02494
338, 8.334, 1.08824, 885.13514, 4.68702, 1.06173, 8393.292, 40259.044, 1.98744
339, 8.362, 1.09231, 1021.12676, 4.85517, 1.0, 8398.386, 40293.484, 1.9771
340, 8.356, 1.04878, 947.67442, 4.43558, 1.10127, 8390.448, 40359.374, 1.95729
341, 8.352, 1.11392, 988.63636, 4.68966, 1.06098, 8395.582, 40422.562, 2.02067
342, 8.354, 1.08333, 1021.97802, 4.50538, 1.04938, 8419.878, 40478.93, 2.03886
343, 8.366, 1.05556, 1131.57895, 4.77907, 1.11392, 8437.772, 40526.904, 2.0026
344, 8.356, 1.09412, 951.6129, 4.63277, 1.06977, 8425.164, 40610.616, 1.96203
345, 8.344, 1.08046, 925.53191, 4.7931, 1.11364, 8415.114, 40688.312, 1.95226
346, 8.32, 1.10638, 1014.42308, 4.41232, 1.04706, 8467.454, 40740.126, 1.9901
347, 8.282, 1.04598, 857.14286, 4.84615, 1.09574, 8418.376, 40838.882, 1.97805
348, 8.31, 1.0641, 981.92771, 4.73006, 1.07692, 8446.804, 40868.024, 1.96602
349, 8.3, 1.08219, 1082.27848, 4.60819, 1.02381, 8442.614, 40936.838, 2.00496
350, 8.294, 1.08571, 901.31579, 4.32847, 1.03846, 8434.666, 40975.066, 1.97549
351, 8.32, 1.05747, 956.52174, 4.46023, 1.03797, 8437.516, 41041.068, 2.01759
352, 8.326, 1.08, 1104.93827, 4.47486, 1.02469, 8439.21, 41111.876, 2.03571
353, 8.326, 1.07463, 819.44444, 4.78814, 1.04, 8395.23, 41166.594, 2.03077
354, 8.302, 1.05882, 944.44444, 4.64118, 1.09412, 8405.024, 41219.52, 2.03817
355, 8.248, 1.09709, 951.32743, 4.85116, 1.08929, 8376.43, 41355.914, 2.03731
356, 8.248, 1.08791, 1055.55556, 4.81818, 1.08642, 8413.482, 41421.118, 2.03931
357, 8.304, 1.1039, 947.05882, 4.85714, 1.0625, 8403.222, 41484.876, 1.97537
358, 8.286, 1.06024, 1068.18182, 4.39894, 1.07229, 8423.368, 41545.172, 1.97561
359, 8.306, 1.08642, 994.31818, 4.56571, 1.05128, 8441.358, 41594.712, 1.99012
360, 8.308, 1.09231, 1028.16901, 4.73973, 1.08451, 8427.412, 41646.802, 1.98263
361, 8.312, 1.08642, 1011.36364, 4.52247, 1.06173, 8453.462, 41690.34, 1.98756
362, 8.282, 1.08602, 1079.20792, 4.93119, 1.13131, 8476.892, 41776.878, 1.96814
363, 8.238, 1.07292, 980.58252, 4.65347, 1.10976, 8490.594, 41856.05, 2.01202
364, 8.21, 1.04255, 943.87755, 5.19459, 1.11957, 8483.742, 41939.254, 2.00474
365, 8.216, 1.06452, 1065.65657, 4.58768, 1.10345, 8498.284, 42026.92, 2.03855
366, 8.24, 1.10976, 912.08791, 4.74699, 1.05814, 8477.816, 42103.99, 2.0292
367, 8.25, 1.08696, 890.0, 4.68539, 1.06977, 8471.308, 42179.292, 2.02663
368, 8.216, 1.075, 959.30233, 4.92727, 1.04808, 8401.628, 42305.244, 2.06716
369, 8.22, 1.0625, 1068.62745, 4.91743, 1.07143, 8486.142, 42328.618, 2.10837
370, 8.19, 1.1194, 1020.0, 4.71242, 1.07317, 8465.902, 42391.372, 2.07246
371, 8.164, 1.04598, 1043.95604, 4.79474, 1.04494, 8493.384, 42444.506, 2.09903
372, 8.184, 1.07447, 975.24752, 4.99492, 1.08333, 8534.558, 42491.462, 2.10412
373, 8.178, 1.07767, 914.41441, 4.82266, 1.08411, 8517.964, 42600.642, 2.13022
374, 8.168, 1.05376, 1117.34694, 4.6758, 1.05495, 8542.966, 42684.118, 2.10602
375, 8.182, 1.09524, 875.0, 4.91925, 1.05063, 8511.822, 42765.576, 2.10577
376, 8.198, 1.04348, 1000.0, 4.71528, 1.02381, 8485.278, 42825.016, 2.05288
377, 8.24, 1.02469, 969.87952, 4.96273, 1.07595, 8464.782, 42895.61, 2.03178
378, 8.228, 1.07865, 880.20833, 5.15385, 1.14815, 8474.212, 42944.834, 2.0241
379, 8.26, 1.09211, 945.78313, 5.18471, 1.05479, 8474.552, 42990.682, 2.00969
380, 8.254, 1.11628, 984.375, 4.92593, 1.12088, 8480.826, 43062.776, 1.98798
381, 8.234, 1.05682, 1005.37634, 4.75936, 1.03571, 8501.054, 43119.15, 2.02644
382, 8.214, 1.06024, 852.27273, 4.94, 1.09375, 8454.064, 43204.536, 1.98104
383, 8.21, 1.05376, 1020.40816, 5.13, 1.07609, 8478.56, 43268.914, 2.00719
384, 8.224, 1.15217, 943.39623, 5.185, 1.09195, 8482.65, 43353.278, 2.04623
385, 8.214, 1.06667, 973.95833, 5.14973, 1.0814, 8490.506, 43419.656, 2.05072
386, 8.176, 1.08434, 911.11111, 5.30488, 1.11364, 8486.564, 43475.026, 2.04762
387, 8.15, 1.06897, 908.60215, 4.94083, 1.10465, 8472.81, 43546.242, 2.0988
388, 8.154, 1.07778, 974.2268, 5.06349, 1.03947, 8509.754, 43586.452, 2.1119
389, 8.15, 1.07143, 966.66667, 4.86207, 1.11458, 8477.074, 43680.508, 2.09615
390, 8.166, 1.125, 1027.77778, 4.99459, 1.12121, 8496.91, 43733.212, 2.11031
391, 8.152, 1.06579, 913.58025, 5.22973, 1.0814, 8452.934, 43812.036, 2.0933
392, 8.156, 1.03191, 855.6701, 5.12651, 1.04211, 8440.392, 43877.538, 2.07876
393, 8.144, 1.04444, 888.29787, 4.88024, 1.11111, 8434.628, 43937.426, 2.07783
394, 8.158, 1.1236, 940.0, 5.10638, 1.12088, 8422.024, 44024.166, 2.0566
395, 8.178, 1.07778, 1087.62887, 4.76777, 1.06024, 8458.248, 44086.338, 2.07381
396, 8.198, 1.10526, 803.57143, 5.34074, 1.05952, 8434.91, 44131.252, 2.05276
397, 8.222, 1.09302, 946.80851, 5.10674, 1.0411, 8460.426, 44170.302, 2.09732
398, 8.218, 1.08108, 1093.75, 5.14857, 1.07143, 8479.934, 44211.988, 2.09314
399, 8.22, 1.15068, 1059.52381, 5.32584, 1.13095, 8471.198, 44284.316, 2.07389
400, 8.22, 1.0989, 920.0, 5.16848, 1.08, 8447.972, 44376.918, 2.05419
401, 8.204, 1.10976, 1043.95604, 4.99474, 1.06818, 8462.0, 44438.458, 2.06143
402, 8.188, 1.10526, 900.0, 5.09524, 1.04124, 8450.038, 44525.746, 2.09606
403, 8.216, 1.05682, 849.46237, 5.39873, 1.05952, 8422.18, 44596.744, 2.1025
404, 8.274, 1.07778, 969.07216, 4.85638, 1.07407, 8452.542, 44639.616, 2.07576
405, 8.288, 1.03797, 987.80488, 4.85185, 1.02667, 8461.314, 44677.814, 2.06549
406, 8.284, 1.10976, 1000.0, 4.8956, 1.05155, 8441.054, 44765.768, 2.02244
407, 8.29, 1.11392, 1062.5, 5.31551, 1.08696, 8499.524, 44780.416, 2.0172
408, 8.28, 1.07246, 898.64865, 4.94737, 1.04878, 8465.074, 44833.486, 1.99022
409, 8.264, 1.06742, 826.31579, 5.12102, 1.11458, 8421.644, 44918.53, 1.95652
410, 8.25, 1.08163, 886.79245, 5.19149, 1.14458, 8421.014, 44991.494, 2.00484
411, 8.236, 1.09302, 1090.42553, 5.06341, 1.04706, 8456.676, 45044.832, 1.99525
412, 8.25, 1.09677, 995.09804, 5.15764, 1.08421, 8461.876, 45127.036, 1.9952
413, 8.234, 1.11905, 962.76596, 5.06077, 1.10345, 8469.448, 45184.554, 2.00959
414, 8.232, 1.09091, 901.04167, 4.83237, 1.06818, 8456.412, 45255.268, 1.99762
415, 8.218, 1.08642, 1000.0, 5.24432, 1.09877, 8453.406, 45317.646, 2.00711
416, 8.232, 1.07792, 951.80723, 5.18987, 1.02597, 8460.87, 45352.18, 2.00952
417, 8.244, 1.03846, 907.40741, 5.51701, 1.07792, 8434.826, 45408.138, 1.99523
418, 8.242, 1.10465, 868.42105, 5.26061, 1.10112, 8427.978, 45463.41, 2.0292
419, 8.246, 1.09639, 1060.43956, 5.29016, 1.10227, 8401.374, 45566.332, 2.01956
420, 8.244, 1.10227, 989.69072, 5.03646, 1.13158, 8412.372, 45630.082, 2.05392
421, 8.28, 1.075, 965.11628, 5.13253, 1.06579, 8411.896, 45680.426, 2.00243
422, 8.252, 1.10959, 925.92593, 5.28, 1.11628, 8394.216, 45732.094, 2.02956
423, 8.276, 1.09783, 861.38614, 5.36207, 1.12346, 8381.888, 45802.004, 2.01966
424, 8.288, 1.06494, 902.43902, 5.14865, 1.11688, 8374.31, 45840.308, 2.0099
425, 8.296, 1.16438, 829.41176, 5.12057, 1.09302, 8325.92, 45913.05, 1.98756
426, 8.3, 1.10976, 994.50549, 5.0884, 1.1194, 8368.198, 45934.064, 2.00246
427, 8.278, 1.10769, 826.38889, 5.42017, 1.06098, 8325.402, 45977.838, 2.01244
428, 8.29, 1.09412, 930.10753, 5.46821, 1.08219, 8339.518, 46018.528, 2.11111
429, 8.288, 1.09459, 1067.90123, 5.10405, 1.08537, 8332.198, 46081.754, 2.07161
430, 8.34, 1.05556, 894.73684, 5.32353, 1.04918, 8349.386, 46083.518, 2.03061
431, 8.382, 1.07042, 1019.73684, 5.36774, 1.07595, 8344.772, 46125.86, 1.9641
432, 8.376, 1.07042, 894.73684, 5.19118, 1.10811, 8320.11, 46168.378, 1.94643
433, 8.352, 1.08081, 901.86916, 5.31088, 1.14444, 8328.074, 46235.276, 1.98724
434, 8.32, 1.12903, 980.95238, 5.2767, 1.11, 8330.746, 46320.748, 1.98741
435, 8.336, 1.13095, 915.78947, 5.06322, 1.09333, 8349.106, 46357.828, 1.98005
436, 8.34, 1.04878, 936.04651, 5.00621, 1.08046, 8341.918, 46407.766, 1.96491
437, 8.318, 1.09756, 1061.11111, 5.33508, 1.09722, 8381.496, 46441.628, 2.015
438, 8.364, 1.09677, 1014.70588, 5.44203, 1.01667, 8396.724, 46445.954, 1.98492
439, 8.298, 1.0625, 1017.64706, 4.97688, 1.08081, 8371.756, 46525.664, 1.98267
440, 8.288, 1.11905, 994.68085, 5.34759, 1.08861, 8390.526, 46574.984, 2.04523
441, 8.264, 1.07895, 1024.39024, 5.26786, 1.10588, 8390.576, 46623.958, 1.99022
442, 8.216, 1.10465, 789.47368, 5.41333, 1.07368, 8335.82, 46709.664, 2.05185
443, 8.226, 1.07, 1084.11215, 5.03017, 1.04444, 8398.592, 46760.24, 2.09227
444, 8.218, 1.12245, 1063.63636, 5.13248, 1.12632, 8458.638, 46815.17, 2.08889
445, 8.234, 1.07778, 876.28866, 5.22353, 1.04545, 8450.482, 46873.79, 2.06618
446, 8.246, 1.07792, 1024.09639, 5.07059, 1.13095, 8464.948, 46909.88, 1.98795
447, 8.244, 1.15909, 975.4902, 5.41709, 1.06173, 8494.998, 46958.838, 2.00955
448, 8.218, 1.07407, 954.02299, 5.34337, 1.10465, 8484.66, 47014.958, 2.03606
449, 8.204, 1.075, 930.23256, 5.01875, 1.08861, 8500.708, 47038.496, 2.03333
450, 8.176, 1.04938, 923.52941, 5.5414, 1.07792, 8495.882, 47080.076, 2.06161
451, 8.178, 1.075, 1122.09302, 4.97927, 1.0814, 8514.698, 47134.484, 2.05728
452, 8.178, 1.1, 954.54545, 5.12169, 1.12644, 8510.654, 47207.492, 2.07452
453, 8.202, 1.07527, 925.0, 5.62703, 1.19231, 8497.496, 47285.84, 2.0625
454, 8.218, 1.1039, 976.47059, 5.8012, 1.08889, 8476.724, 47352.27, 2.06667
455, 8.246, 1.07843, 1045.45455, 5.06522, 1.0375, 8541.248, 47397.566, 2.06813
456, 8.242, 1.04167, 1020.0, 5.01961, 1.06818, 8523.4, 47447.26, 2.05679
457, 8.256, 1.09877, 915.73034, 5.02454, 1.05682, 8491.272, 47521.964, 2.055
458, 8.258, 1.0875, 919.54023, 5.3, 1.12346, 8458.504, 47593.672, 2.02228
459, 8.254, 1.18391, 1053.39806, 4.97696, 1.12346, 8480.912, 47667.424, 2.06203
460, 8.254, 1.02469, 957.83133, 5.77358, 1.04, 8479.118, 47706.806, 2.08479
461, 8.232, 1.13333, 901.96078, 5.25, 1.09091, 8451.134, 47797.78, 2.09726
462, 8.22, 1.06667, 1031.25, 5.77576, 1.03448, 8451.736, 47840.892, 2.07178
463, 8.236, 1.10588, 893.61702, 5.29762, 1.04878, 8441.494, 47898.004, 2.06158
464, 8.23, 1.07143, 905.55556, 5.3865, 1.07955, 8433.436, 47947.376, 2.04156
465, 8.212, 1.05263, 935.0, 5.24599, 1.13187, 8428.914, 48017.252, 2.07654
466, 8.194, 1.18391, 1024.27184, 4.98578, 1.13636, 8453.758, 48081.362, 2.10617
467, 8.208, 1.12048, 919.35484, 5.44444, 1.08333, 8478.462, 48105.284, 2.09489
468, 8.228, 1.13043, 916.66667, 5.39161, 1.10843, 8451.972, 48153.11, 2.04645
469, 8.204, 1.09302, 867.02128, 5.63804, 1.07692, 8460.668, 48184.844, 2.03555
470, 8.24, 1.07042, 1032.89474, 5.36943, 1.07042, 8470.22, 48209.944, 2.02163
471, 8.244, 1.07143, 988.88889, 5.97191, 1.09302, 8470.124, 48265.272, 2.02179
472, 8.212, 1.1236, 970.0, 5.2732, 1.10753, 8458.96, 48347.714, 2.02871
473, 8.218, 1.10843, 978.26087, 5.45556, 1.11392, 8443.754, 48420.198, 2.02143
474, 8.212, 1.08537, 831.46067, 5.13514, 1.06742, 8411.906, 48478.488, 2.05839
475, 8.214, 1.07143, 828.57143, 5.31609, 1.04301, 8400.374, 48540.748, 2.10099
476, 8.224, 1.06667, 1015.625, 5.64103, 1.04651, 8416.554, 48596.324, 2.10864
477, 8.232, 1.16176, 943.03797, 5.6443, 1.15294, 8370.244, 48669.652, 2.0932
478, 8.254, 1.03297, 909.57447, 5.54386, 1.12346, 8386.174, 48701.836, 2.07305
479, 8.208, 1.10989, 995.0495, 5.45771, 1.08511, 8386.228, 48778.806, 2.10199
480, 8.196, 1.10588, 952.12766, 5.61453, 1.10588, 8385.59, 48835.33, 2.07056
