time, seeders, joined, request_count, response_size, left, awareness, bad_data, leechers
0, 0.0, 0.0, 0.0, 0.0, 0.0, 1001.0, 0.0, 0.0
1, 0.0, 1031.826, 485.6187, 23.19098, 0.0, 443341.952, 0.0, 1031.826
2, 0.0, 491.04, 443.76833, 55.529, 51.692, 610276.528, 23434.302, 1472.174
3, 0.0, 473.546, 427.52341, 75.67581, 48.178, 765675.988, 44666.594, 1897.542
4, 0.0, 457.412, 412.82476, 94.64971, 58.154, 901284.76, 69918.858, 2296.8
5, 0.0, 444.352, 400.99516, 112.45697, 67.822, 1020755.93, 98900.824, 2673.33
6, 0.0, 430.604, 389.41348, 129.22228, 76.7, 1125695.696, 131097.286, 3027.234
7, 0.0, 416.216, 379.88448, 144.88136, 84.426, 1218209.948, 165909.67, 3359.024
8, 0.0, 403.716, 370.63183, 159.73057, 92.912, 1299540.088, 203755.26, 3669.828
9, 0.0, 388.424, 364.49601, 173.55128, 100.24, 1371196.53, 243928.136, 3958.012
10, 0.0, 375.958, 355.54769, 186.70448, 107.134, 1433876.858, 286225.712, 4226.836
11, 803.72, 363.68, 349.63704, 198.12947, 93.52, 1482186.15, 318580.574, 3693.276
12, 1040.488, 352.82, 345.3489, 207.99241, 236.738, 1483176.006, 410772.944, 3572.59
13, 1277.93, 339.596, 345.03646, 217.28624, 219.094, 1488542.232, 492792.032, 3455.65
14, 1479.964, 329.278, 343.06574, 226.14151, 238.214, 1487995.138, 580366.528, 3344.68
15, 1654.82, 319.208, 342.5854, 234.62237, 253.572, 1483411.192, 671381.982, 3235.46
16, 1803.52, 307.11, 342.28778, 243.02188, 266.128, 1474935.46, 764840.536, 3127.742
17, 1927.11, 297.45, 342.95176, 250.89151, 275.902, 1463843.014, 859899.642, 3025.7
18, 2030.386, 287.39, 344.65709, 258.63615, 285.446, 1450272.008, 956385.568, 2924.368
19, 2112.408, 277.982, 345.8893, 266.07918, 292.112, 1434944.626, 1053106.468, 2828.216
20, 2178.822, 268.408, 346.89354, 273.20272, 295.618, 1418183.672, 1149359.13, 2734.592
21, 2229.718, 260.516, 349.59849, 280.3035, 300.06, 1399845.66, 1244268.852, 2644.152
22, 2267.446, 252.804, 349.52374, 286.88186, 301.83, 1379926.852, 1337015.972, 2557.398
23, 2292.172, 244.124, 352.28818, 293.04157, 303.0, 1358665.842, 1427805.176, 2473.796
24, 2307.616, 236.006, 354.81301, 298.88002, 301.132, 1336792.782, 1515967.448, 2393.226
25, 2314.932, 228.948, 357.2689, 304.42753, 300.23, 1314472.61, 1601836.97, 2314.628
26, 2312.442, 220.302, 357.52285, 309.80669, 298.166, 1290893.056, 1685619.758, 2239.254
27, 2304.512, 213.47, 359.87727, 314.7487, 295.11, 1267284.882, 1766905.572, 2165.544
28, 2288.57, 206.722, 364.18475, 319.34352, 292.884, 1243801.034, 1845997.202, 2095.324
29, 2268.368, 198.54, 365.07001, 323.95265, 288.094, 1219874.44, 1922493.936, 2025.972
30, 2242.436, 193.672, 366.76959, 328.22316, 284.854, 1196140.688, 1996987.208, 1960.722
31, 2213.736, 187.258, 369.31399, 332.32887, 279.494, 1172580.426, 2069028.702, 1897.186
32, 2182.688, 180.12, 371.07484, 336.30718, 273.88, 1148938.25, 2138419.99, 1834.474
33, 2148.292, 174.628, 374.82534, 339.91692, 269.124, 1125619.792, 2205528.506, 1774.374
34, 2111.482, 169.024, 376.7749, 343.3971, 264.216, 1102348.122, 2270294.972, 1715.992
35, 2073.272, 163.122, 379.6974, 346.66645, 258.232, 1079435.464, 2332340.172, 1659.092
36, 2031.184, 158.032, 383.03635, 349.88269, 254.458, 1056518.504, 2392444.156, 1604.754
37, 1989.89, 152.736, 383.98937, 352.87204, 247.572, 1033606.694, 2450175.8, 1551.212
38, 1946.156, 148.958, 386.59219, 355.52671, 242.472, 1011244.654, 2505716.004, 1501.432
39, 1901.678, 142.868, 388.87645, 358.24551, 236.518, 988735.128, 2558970.718, 1452.26
40, 1858.088, 138.9, 392.4406, 360.51746, 230.158, 966977.148, 2609912.62, 1404.592
41, 1814.36, 132.28, 394.95011, 362.68463, 223.7, 945148.072, 2658338.304, 1356.9
42, 1768.452, 129.958, 395.30464, 364.76398, 219.458, 923654.85, 2705173.406, 1313.308
43, 1723.95, 125.808, 398.47228, 366.71876, 212.906, 902842.988, 2749621.738, 1270.712
44, 1678.586, 120.608, 400.79431, 368.4864, 208.076, 881732.074, 2792393.014, 1228.608
45, 1633.626, 115.872, 403.89395, 370.11598, 201.842, 861164.686, 2832673.52, 1187.598
46, 1589.848, 112.408, 404.31286, 371.52024, 195.44, 840862.004, 2871046.644, 1148.344
47, 1546.864, 108.778, 406.56199, 372.90055, 189.844, 821030.098, 2907367.26, 1110.262
48, 1504.92, 105.588, 409.18476, 374.01412, 184.94, 801392.09, 2942249.284, 1072.854
49, 1464.192, 102.56, 411.78822, 375.21175, 178.834, 782706.672, 2974805.96, 1037.308
50, 1423.808, 99.272, 412.63398, 376.06018, 173.96, 764079.12, 3005811.354, 1003.004
51, 1382.092, 95.55, 416.13815, 376.89238, 169.312, 745649.478, 3035231.642, 970.958
52, 1342.134, 92.256, 416.89429, 377.67003, 164.46, 727253.34, 3063167.932, 938.712
53, 1303.848, 89.542, 418.71971, 378.24074, 159.412, 709206.114, 3089559.578, 907.128
54, 1266.104, 85.658, 420.8597, 378.61051, 154.192, 691305.42, 3114218.14, 876.338
55, 1227.692, 83.782, 423.49192, 379.00254, 150.19, 674086.176, 3137404.924, 848.342
56, 1190.546, 81.516, 425.87958, 379.43879, 145.338, 657392.694, 3159121.326, 821.666
57, 1154.762, 78.148, 426.74157, 379.51792, 140.524, 640917.572, 3179103.716, 795.074
58, 1119.29, 75.664, 429.6495, 379.56609, 137.458, 624607.866, 3197989.7, 768.752
59, 1085.616, 73.352, 431.37201, 379.73937, 132.838, 608500.998, 3215695.412, 742.94
60, 1052.314, 70.998, 433.61785, 379.61856, 128.958, 592769.206, 3232071.566, 718.282
61, 1019.498, 68.656, 434.26649, 379.25863, 124.642, 577593.432, 3246778.904, 695.112
62, 988.156, 66.842, 435.68415, 379.01233, 120.386, 562777.264, 3260376.24, 672.91
63, 957.688, 64.42, 438.73021, 378.88359, 116.902, 548228.1, 3272765.116, 650.896
64, 926.744, 61.728, 439.33061, 378.19632, 113.352, 533575.872, 3284112.924, 630.216
65, 897.772, 60.098, 441.3458, 377.96886, 109.574, 519562.662, 3294141.682, 609.712
66, 870.166, 57.908, 442.90944, 377.26513, 106.24, 505791.3, 3303031.724, 588.986
67, 842.192, 56.436, 442.90878, 376.73608, 103.314, 492316.018, 3310931.062, 570.082
68, 815.714, 54.518, 446.01783, 376.01711, 99.232, 479465.306, 3317471.918, 551.846
69, 790.24, 53.316, 447.44542, 375.49736, 95.718, 467090.904, 3323065.958, 534.918
70, 765.592, 51.084, 449.49495, 374.59673, 93.468, 454648.534, 3327877.434, 517.182
71, 741.608, 49.188, 450.51639, 373.29197, 89.934, 442545.708, 3331551.862, 500.42
72, 718.154, 47.384, 451.18605, 372.62533, 87.864, 430245.542, 3334685.844, 483.394
73, 695.184, 45.616, 453.32778, 371.73442, 84.756, 418280.46, 3336821.59, 467.224
74, 672.38, 44.384, 454.06002, 370.43879, 82.174, 406646.372, 3338131.686, 452.238
75, 651.284, 43.128, 455.96828, 369.75922, 78.982, 395720.81, 3338239.88, 437.48
76, 630.286, 41.654, 456.16267, 368.32061, 76.782, 384778.852, 3337780.34, 423.35
77, 610.346, 40.51, 457.24512, 367.17422, 74.296, 374169.216, 3336562.552, 409.504
78, 590.764, 39.13, 458.75288, 365.74258, 72.018, 363773.794, 3334623.476, 396.198
79, 572.414, 37.266, 458.21929, 364.63416, 69.608, 353329.478, 3331955.818, 382.206
80, 554.008, 36.786, 461.86049, 363.10848, 67.606, 343558.398, 3328562.78, 369.792
81, 536.4, 35.088, 462.7223, 361.76595, 64.694, 334057.582, 3324230.882, 357.794
82, 518.524, 34.052, 463.3208, 360.53324, 63.612, 324358.202, 3319731.712, 346.11
83, 501.754, 32.484, 463.55129, 358.88949, 60.896, 314923.506, 3314347.3, 334.468
84, 485.538, 32.05, 461.99688, 357.69589, 59.008, 305923.27, 3308375.354, 323.726
85, 469.84, 31.15, 464.97592, 356.01705, 57.268, 297227.702, 3301853.752, 313.306
86, 454.324, 29.912, 467.63841, 354.5153, 55.65, 288631.184, 3294813.888, 303.084
87, 440.552, 28.742, 469.55675, 352.88715, 52.99, 280446.98, 3286989.034, 292.608
88, 426.574, 27.724, 468.87174, 351.2861, 51.556, 272335.148, 3278713.29, 282.754
89, 412.344, 27.226, 469.25733, 349.53882, 50.266, 264433.758, 3270132.218, 273.944
90, 399.014, 26.118, 469.36978, 347.70626, 48.754, 256588.952, 3261090.302, 264.638
91, 385.962, 25.374, 469.06282, 346.25013, 46.714, 249132.648, 3251398.572, 256.35
92, 373.512, 24.026, 472.40489, 344.48141, 45.092, 241742.664, 3241257.156, 247.734
93, 360.622, 23.496, 473.48485, 342.97204, 44.134, 234478.416, 3230893.726, 239.986
94, 349.166, 22.68, 472.22222, 340.98805, 42.224, 227470.506, 3219985.634, 231.898
95, 338.132, 22.004, 475.00454, 339.21192, 40.806, 220787.42, 3208613.732, 224.13
96, 327.022, 21.274, 478.47137, 337.22468, 39.988, 214169.918, 3197027.66, 216.526
97, 316.254, 20.56, 476.94553, 335.49949, 38.294, 207782.946, 3184994.7, 209.56
98, 306.286, 19.524, 477.66851, 334.15044, 36.696, 201575.662, 3172430.884, 202.356
99, 296.138, 19.372, 477.44167, 331.85825, 36.104, 195540.278, 3159780.674, 195.772
100, 287.162, 18.742, 478.55085, 330.3996, 34.286, 189874.942, 3146607.386, 189.204
101, 277.892, 18.18, 480.033, 328.52229, 33.778, 184164.296, 3133394.04, 182.876
102, 268.716, 17.546, 479.71048, 326.1718, 32.406, 178671.034, 3119789.536, 177.192
103, 259.924, 17.204, 480.52778, 324.46426, 31.446, 173421.102, 3105948.538, 171.742
104, 251.478, 16.85, 480.0, 323.12821, 30.25, 168509.31, 3091734.894, 166.788
105, 243.328, 15.704, 480.25981, 320.61376, 29.478, 163305.102, 3077435.02, 161.164
106, 235.234, 15.382, 481.34183, 319.18733, 28.822, 158264.482, 3062980.726, 155.818
107, 227.7, 14.676, 482.55655, 316.86769, 27.544, 153422.26, 3048182.822, 150.484
108, 219.974, 14.494, 484.06237, 314.98204, 26.508, 148899.606, 3033138.586, 146.196
109, 212.742, 13.952, 483.80161, 312.95644, 25.746, 144426.874, 3017942.046, 141.634
110, 205.984, 13.436, 483.84936, 311.09491, 24.818, 140064.974, 3002538.596, 137.01
111, 199.41, 12.866, 485.85419, 308.83939, 24.226, 135705.104, 2987045.206, 132.224
112, 192.804, 12.668, 483.97537, 307.79481, 23.44, 131568.448, 2971372.552, 128.058
113, 186.636, 12.298, 485.77004, 305.5087, 22.668, 127601.45, 2955530.274, 123.856
114, 180.728, 11.972, 486.3849, 303.16607, 22.022, 123751.368, 2939565.682, 119.714
115, 174.646, 11.28, 485.10638, 301.44974, 21.338, 119806.026, 2923530.384, 115.738
116, 168.65, 11.154, 488.34499, 300.03378, 20.786, 116080.762, 2907413.002, 112.102
117, 163.03, 10.648, 488.26071, 297.38584, 19.912, 112481.412, 2891072.852, 108.458
118, 158.224, 10.176, 488.30582, 295.66593, 18.814, 109053.796, 2874479.454, 104.626
119, 152.954, 9.97194, 489.85129, 293.49805, 18.74, 105610.182, 2857999.514, 101.108
120, 148.248, 9.904, 487.98465, 291.38113, 17.666, 102531.406, 2841237.144, 98.052
121, 143.078, 9.3, 489.24731, 289.81143, 17.648, 99196.602, 2824636.012, 94.874
122, 138.526, 9.05, 487.9558, 288.01563, 16.56, 96212.052, 2807713.404, 91.916
123, 133.79, 8.44, 488.62559, 285.67507, 16.516, 92972.304, 2790933.74, 88.576
124, 129.242, 8.374, 490.08837, 284.2539, 16.056, 89879.446, 2774161.08, 85.442
125, 124.752, 8.216, 489.89776, 282.17516, 15.34, 87027.192, 2757207.104, 82.808
126, 120.856, 8.078, 489.97277, 279.98964, 14.714, 84352.244, 2740164.894, 80.068
127, 116.862, 7.854, 491.21467, 278.93805, 14.318, 81749.7, 2723117.424, 77.598
128, 112.766, 7.428, 490.44157, 276.0667, 13.792, 79193.064, 2705964.848, 75.33
129, 108.892, 7.05, 491.06383, 274.37493, 13.42, 76583.068, 2688866.192, 72.834
130, 105.332, 6.57916, 490.70972, 272.30168, 13.138, 73886.74, 2671771.554, 69.822
131, 101.79, 6.664, 492.04682, 270.35987, 12.594, 71474.2, 2654590.858, 67.434
132, 98.528, 6.392, 492.17772, 268.9555, 11.884, 69234.246, 2637276.74, 65.204
133, 94.98, 6.194, 494.51082, 266.64708, 11.662, 66989.58, 2620040.214, 63.284
134, 91.826, 5.91365, 492.19015, 264.04726, 11.302, 64769.448, 2602793.646, 61.026
135, 89.05, 5.87776, 494.71531, 263.02205, 10.664, 62794.554, 2585456.454, 59.004
136, 86.412, 5.6994, 493.14346, 261.38859, 10.318, 60916.276, 2568093.97, 57.012
137, 83.592, 5.44869, 491.87592, 259.12387, 10.218, 58953.41, 2550829.83, 55.03
138, 80.814, 5.1328, 496.07997, 256.91031, 10.006, 56922.116, 2533663.576, 52.904
139, 78.304, 4.91549, 497.95334, 255.48294, 9.344, 55075.202, 2516375.288, 50.956
140, 75.644, 4.9519, 494.53662, 253.57774, 9.006, 53402.498, 2499062.322, 49.552
141, 73.218, 4.72323, 498.71685, 250.93439, 8.83, 51703.24, 2481844.296, 47.824
142, 70.766, 4.57172, 497.12771, 250.42533, 8.586, 50007.162, 2464698.948, 46.216
143, 68.364, 4.54361, 497.76786, 247.10269, 8.29659, 48425.4, 2447569.558, 44.818
144, 66.076, 4.44242, 500.45475, 246.16084, 7.99, 46941.15, 2430471.92, 43.514
145, 64.132, 4.24696, 499.04671, 244.34145, 7.614, 45532.25, 2413335.222, 42.04
146, 62.096, 4.02012, 501.001, 243.16583, 7.584, 44039.686, 2396355.03, 40.488
147, 60.048, 3.82186, 502.11864, 239.97521, 7.21643, 42617.602, 2379356.876, 39.11
148, 57.92, 3.81314, 504.30802, 240.08863, 6.974, 41265.048, 2362404.476, 37.978
149, 55.828, 3.57292, 507.28863, 236.87184, 6.85, 39857.146, 2345546.854, 36.65
150, 53.98, 3.63445, 507.51445, 235.3115, 6.666, 38542.984, 2328735.468, 35.292
151, 52.274, 3.55052, 507.83972, 233.54545, 6.186, 37417.05, 2311872.556, 34.256
152, 50.626, 3.41176, 513.85468, 231.2882, 6.056, 36275.08, 2295128.186, 33.096
153, 48.888, 3.34591, 511.2782, 229.94608, 6.01406, 35137.294, 2278475.406, 32.036
154, 47.162, 3.15918, 510.33592, 227.57215, 5.96185, 33981.748, 2261923.488, 30.92
155, 45.744, 3.15823, 513.69405, 226.85371, 5.55242, 32945.274, 2245386.604, 29.824
156, 44.196, 3.04904, 515.03497, 224.11881, 5.34469, 31936.658, 2228893.838, 28.898
157, 42.738, 2.97468, 520.21277, 222.53102, 5.12475, 31009.632, 2212448.244, 28.082
158, 41.208, 2.98911, 521.13703, 221.80979, 5.21573, 30025.762, 2196195.63, 27.182
159, 39.662, 2.76522, 524.37107, 219.73388, 4.95372, 29064.106, 2179950.81, 26.348
160, 38.45, 2.58936, 527.93755, 217.84436, 4.68081, 28153.65, 2163734.77, 25.36
161, 37.172, 2.65795, 530.7377, 216.79382, 4.51717, 27346.248, 2147574.736, 24.606
162, 35.968, 2.62667, 531.30288, 213.60271, 4.37931, 26566.104, 2131497.35, 23.856
163, 34.726, 2.43177, 544.61822, 213.94932, 4.3697, 25704.552, 2115568.05, 22.946
164, 33.644, 2.35177, 538.09972, 211.05245, 4.1373, 24916.982, 2099666.208, 22.116
165, 32.604, 2.48322, 550.45045, 208.66448, 4.03491, 24272.534, 2083835.23, 21.446
166, 31.486, 2.30162, 557.45968, 207.11935, 4.00206, 23507.902, 2068154.49, 20.658
167, 30.572, 2.37246, 554.7098, 206.45712, 3.6135, 22988.244, 2052419.766, 20.14
168, 29.636, 2.24429, 556.45982, 204.46435, 3.70393, 22353.526, 2036858.954, 19.464
169, 28.614, 2.1687, 562.00676, 202.60181, 3.6341, 21681.006, 2021370.088, 18.764
170, 27.574, 2.26379, 572.56356, 201.84459, 3.44172, 21136.624, 2005988.232, 18.326
171, 26.668, 2.03951, 576.87651, 200.12592, 3.30928, 20523.718, 1990668.996, 17.674
172, 25.874, 2.12814, 586.77686, 198.81187, 3.19751, 20012.52, 1975414.088, 17.086
173, 24.806, 2.03171, 582.23289, 196.39691, 3.34447, 19406.1, 1960370.806, 16.616
174, 24.0, 2.04134, 575.94937, 195.93187, 3.06624, 18864.428, 1945326.684, 16.132
175, 23.406, 1.90657, 589.40397, 194.56292, 2.88578, 18431.352, 1930292.196, 15.558
176, 22.476, 1.89924, 611.40584, 192.80043, 3.07856, 17929.444, 1915480.778, 15.096
177, 21.832, 1.83288, 608.08824, 190.84401, 2.81345, 17454.932, 1900680.93, 14.506
178, 21.108, 1.85263, 612.92614, 190.43221, 2.78205, 17004.704, 1886029.828, 14.034
179, 20.432, 1.82228, 607.7147, 187.60599, 2.7236, 16586.782, 1871435.214, 13.66
180, 19.864, 1.78904, 638.59112, 185.83094, 2.71558, 16208.492, 1856927.84, 13.128
181, 19.098, 1.76638, 642.74194, 184.40025, 2.52043, 15803.108, 1842532.062, 12.79
182, 18.404, 1.81231, 649.40577, 184.63791, 2.51345, 15419.788, 1828207.6, 12.42
183, 17.966, 1.69477, 649.22813, 182.61955, 2.40139, 15087.606, 1813940.946, 11.954
184, 17.354, 1.70623, 666.95652, 179.70926, 2.4977, 14693.964, 1799867.09, 11.548
185, 16.74, 1.60615, 684.8659, 179.11608, 2.37443, 14302.92, 1785858.338, 11.126
186, 16.09, 1.62939, 642.15686, 177.71603, 2.34081, 13848.31, 1771989.98, 10.708
187, 15.594, 1.64127, 682.7853, 176.71246, 2.14252, 13569.794, 1758106.72, 10.404
188, 15.166, 1.5674, 710.0, 175.07183, 2.19175, 13308.892, 1744318.952, 10.026
189, 14.698, 1.52159, 717.24891, 173.76712, 2.13527, 12958.988, 1730692.244, 9.66132
190, 14.302, 1.57576, 722.22222, 170.59467, 1.9951, 12722.142, 1717086.122, 9.346
191, 13.892, 1.46494, 712.84635, 170.10071, 2.02764, 12379.878, 1703590.324, 8.936
192, 13.44, 1.53169, 728.73563, 169.15931, 2.01018, 12133.686, 1690179.636, 8.678
193, 13.05, 1.46758, 747.67442, 166.52566, 1.84988, 11881.516, 1676912.274, 8.4
194, 12.766, 1.55273, 763.46604, 167.34663, 1.78906, 11726.876, 1663652.548, 8.164
195, 12.232, 1.45283, 770.12987, 165.93929, 1.96447, 11418.46, 1650612.774, 7.93587
196, 11.834, 1.36803, 763.58696, 164.51779, 1.84293, 11131.682, 1637617.2, 7.646
197, 11.478, 1.39852, 744.06332, 162.91135, 1.79576, 10895.45, 1624678.328, 7.406
198, 11.186, 1.40755, 786.86327, 161.84497, 1.75543, 10697.004, 1611841.972, 7.152
199, 10.656, 1.38189, 762.10826, 160.98505, 1.85079, 10402.894, 1599152.706, 6.97
200, 10.37, 1.43621, 830.94556, 159.10517, 1.75371, 10241.698, 1586490.35, 6.78557
201, 9.986, 1.4257, 822.53521, 158.09075, 1.65896, 10101.526, 1573911.192, 6.73146
202, 9.69, 1.37759, 834.33735, 155.87545, 1.7125, 9981.114, 1561384.02, 6.582
203, 9.238, 1.33043, 834.96732, 155.90998, 1.71709, 9749.372, 1549033.35, 6.43287
204, 8.922, 1.31674, 852.23368, 154.04435, 1.65976, 9513.938, 1536785.218, 6.20842
205, 8.58, 1.30088, 836.73469, 151.59553, 1.65361, 9315.73, 1524600.556, 6.04008
206, 8.31, 1.30531, 884.74576, 150.49808, 1.59197, 9191.81, 1512479.21, 5.95984
207, 8.056, 1.26977, 847.98535, 149.60691, 1.6045, 8986.228, 1500476.542, 5.7495
208, 7.814, 1.20853, 843.13725, 150.84419, 1.57097, 8784.052, 1488540.582, 5.53815
209, 7.558, 1.22099, 927.60181, 148.27805, 1.54181, 8575.248, 1476685.396, 5.33468
210, 7.32, 1.23164, 954.12844, 147.64904, 1.54082, 8353.828, 1464952.2, 5.09054
211, 7.07, 1.22727, 965.02058, 145.47761, 1.45875, 8215.564, 1453290.0, 4.92184
212, 6.868, 1.23913, 1039.47368, 144.23418, 1.45714, 8129.302, 1441679.704, 4.77309
213, 6.634, 1.16867, 958.76289, 144.14516, 1.46048, 7919.76, 1430192.952, 4.55332
214, 6.46, 1.14935, 1019.77401, 141.29917, 1.37597, 7772.658, 1418719.702, 4.37022
215, 6.184, 1.24138, 1043.98148, 142.17517, 1.4291, 7643.572, 1407419.126, 4.32929
216, 6.0, 1.18182, 958.97436, 141.5508, 1.393, 7468.83, 1396178.346, 4.17269
217, 5.75752, 1.22581, 1005.26316, 138.67016, 1.41418, 7247.004, 1385107.092, 4.04427
218, 5.56225, 1.24818, 1055.55556, 136.70914, 1.3, 7119.286, 1374003.358, 3.9496
219, 5.34274, 1.19595, 1209.03955, 137.1028, 1.37705, 7050.502, 1363003.152, 3.91039
220, 5.17206, 1.19178, 1103.44828, 135.38802, 1.33184, 7012.12, 1352018.486, 3.86122
221, 5.01411, 1.20863, 1053.57143, 133.65819, 1.33, 6945.21, 1341117.282, 3.8
222, 4.83636, 1.11258, 1303.57143, 133.13242, 1.31878, 6899.716, 1330371.334, 3.71633
223, 4.66329, 1.18182, 1032.54438, 132.72206, 1.33796, 6758.742, 1319736.056, 3.69547
224, 4.42566, 1.16, 1113.7931, 131.39009, 1.27876, 6626.5, 1309142.116, 3.64344
225, 4.19836, 1.11382, 1138.68613, 129.85256, 1.27751, 6505.004, 1298621.504, 3.61554
226, 4.1373, 1.1145, 1167.80822, 128.90909, 1.2191, 6472.968, 1288126.806, 3.53265
227, 3.94661, 1.13861, 1173.91304, 126.94074, 1.32338, 6282.842, 1277805.472, 3.44353
228, 3.88613, 1.1, 1090.90909, 127.18182, 1.20112, 6194.968, 1267470.61, 3.36364
229, 3.81895, 1.11881, 1340.70796, 125.85479, 1.28824, 6096.314, 1257269.232, 3.28838
230, 3.67722, 1.17117, 1361.53846, 125.87288, 1.24848, 6050.752, 1247148.402, 3.27801
231, 3.4926, 1.15888, 1189.51613, 123.84746, 1.2459, 5924.336, 1237122.386, 3.26458
232, 3.32627, 1.13761, 1455.64516, 123.33241, 1.28144, 5880.724, 1227170.216, 3.22774
233, 3.21627, 1.14563, 1338.98305, 122.62975, 1.22093, 5807.016, 1217299.048, 3.17149
234, 3.10684, 1.09195, 1431.57895, 121.62132, 1.26282, 5737.51, 1207455.792, 3.07261
235, 3.03922, 1.10989, 1509.90099, 119.8918, 1.23871, 5630.69, 1197765.498, 3.01247
236, 2.95595, 1.18182, 1581.19658, 119.36216, 1.21477, 5640.73, 1188101.41, 2.97723
237, 2.83956, 1.09756, 2183.33333, 117.89567, 1.17778, 5738.672, 1178451.752, 2.90779
238, 2.76351, 1.10227, 1680.41237, 117.12883, 1.16312, 5729.564, 1168934.136, 2.90965
239, 2.67117, 1.07292, 1461.16505, 114.49834, 1.15038, 5697.004, 1159488.698, 2.92723
240, 2.60369, 1.03896, 1625.0, 114.17308, 1.15493, 5623.114, 1150127.738, 2.88703
241, 2.48028, 1.025, 1524.39024, 113.468, 1.15217, 5532.426, 1140851.816, 2.83576
242, 2.35849, 1.13235, 1714.28571, 113.07576, 1.15748, 5479.97796, 1131638.98, 2.83368
243, 2.32227, 1.08696, 1740.0, 111.22989, 1.2069, 5413.66934, 1122492.67735, 2.7631
244, 2.28537, 1.08333, 1211.53846, 112.39153, 1.12745, 5301.2992, 1113418.58317, 2.7364
245, 2.26471, 1.09589, 1700.0, 112.28676, 1.1, 5191.40845, 1104484.68072, 2.69392
246, 2.19902, 1.11268, 2088.60759, 110.10909, 1.125, 5223.94355, 1095544.93964, 2.68632
247, 2.16792, 1.07463, 1506.94444, 108.94009, 1.125, 5128.09514, 1086704.12097, 2.61378
248, 2.1, 1.05, 2182.53968, 108.62545, 1.10204, 5126.46154, 1077873.44939, 2.58281
249, 2.09235, 1.04412, 1873.23944, 107.52632, 1.13131, 5133.92901, 1069128.37449, 2.61734
250, 2.07008, 1.08889, 1316.32653, 106.58915, 1.09783, 5034.75051, 1060383.18053, 2.59315
251, 2.03846, 1.06977, 1750.0, 106.88199, 1.14433, 4975.69796, 1051799.41379, 2.53132
252, 2.02254, 1.07143, 1675.0, 105.28856, 1.09302, 4877.70757, 1043253.14694, 2.51515
253, 1.98023, 1.01887, 1990.74074, 102.54884, 1.15714, 4932.49897, 1034719.38037, 2.48812
254, 1.92308, 1.03509, 2813.55932, 102.83133, 1.06383, 4996.71047, 1026320.67967, 2.46104
255, 1.89535, 1.07692, 2785.71429, 102.00321, 1.06024, 5084.66255, 1017980.65298, 2.45752
256, 1.87988, 1.07547, 1333.33333, 100.41447, 1.10588, 4992.54451, 1009743.04115, 2.43886
257, 1.81212, 1.03448, 2433.33333, 100.96918, 1.10753, 5013.01656, 1001523.75569, 2.40087
258, 1.7619, 1.0, 2423.91304, 99.54709, 1.1134, 4973.75365, 993497.34369, 2.375
259, 1.72903, 1.02083, 1969.38776, 97.54922, 1.07246, 4952.63883, 985351.00209, 2.38274
260, 1.73443, 1.08889, 4091.83673, 98.19202, 1.05556, 5180.62815, 977358.35073, 2.34889
261, 1.72937, 1.02564, 1862.5, 96.20134, 1.01449, 5091.11814, 969427.89076, 2.30872
262, 1.68966, 1.01852, 2281.81818, 95.8008, 1.1375, 5137.17058, 961600.01477, 2.31461
263, 1.64626, 1.02703, 2065.78947, 94.80892, 1.09589, 5048.05556, 953708.98507, 2.26424
264, 1.64894, 1.07692, 2089.28571, 94.8547, 1.03226, 5010.61456, 945896.55128, 2.2357
265, 1.60949, 1.03125, 3545.45455, 94.23932, 1.07042, 5062.84582, 938163.53105, 2.21759
266, 1.55762, 1.0, 2629.03226, 93.57055, 1.11667, 5080.69697, 930584.52677, 2.18519
267, 1.53903, 1.06061, 2700.0, 90.51323, 1.07018, 4998.48156, 923080.43506, 2.15654
268, 1.55472, 1.07143, 2400.0, 91.38889, 1.08163, 4990.45534, 915542.65076, 2.11737
269, 1.56078, 1.03125, 1924.24242, 89.92913, 1.06383, 4986.19518, 908036.28758, 2.12028
270, 1.55952, 1.04762, 4636.36364, 90.76471, 1.13208, 5032.07539, 900687.74342, 2.07674
271, 1.51822, 1.02778, 1675.67568, 90.69355, 1.07143, 4968.57143, 893337.85366, 2.06475
272, 1.47177, 1.0, 2583.33333, 88.57258, 1.08, 4954.64494, 886091.55804, 2.05122
273, 1.43033, 1.04545, 3021.73913, 85.89928, 1.10714, 4957.43379, 878910.61124, 2.02978
274, 1.40506, 1.04545, 1239.13043, 86.94737, 1.08, 4863.50346, 871631.8653, 2.00249
275, 1.41593, 1.03333, 2709.67742, 84.75, 1.07547, 4825.43925, 864645.91686, 1.98992
276, 1.4717, 1.0, 1800.0, 85.33333, 1.02041, 4680.23821, 857602.88785, 1.93862
277, 1.42925, 1.06667, 5468.75, 84.60571, 1.10417, 4697.91647, 850701.04245, 1.8863
278, 1.42584, 1.04762, 2363.63636, 84.57692, 1.07143, 4633.61205, 843745.21718, 1.86877
279, 1.46, 1.0, 1692.30769, 84.71591, 1.0, 4602.78484, 836857.4, 1.87936
280, 1.4697, 1.07143, 1933.33333, 81.75862, 1.02222, 4441.11663, 830134.8533, 1.84341
281, 1.42211, 1.04545, 3913.04348, 83.03333, 1.06, 4440.25126, 823389.11166, 1.82303
282, 1.42708, 1.0625, 2117.64706, 81.48611, 1.11905, 4250.45178, 816724.69095, 1.78917
283, 1.39267, 1.0, 7576.92308, 79.62944, 1.06667, 4320.84478, 809928.27411, 1.75783
284, 1.40331, 1.0, 3777.77778, 81.11029, 1.12766, 4284.9383, 803395.69211, 1.73178
285, 1.41071, 1.0, 1650.0, 82.0303, 1.09524, 4213.18182, 796820.65039, 1.69617
286, 1.39634, 1.0, 1678.57143, 79.74468, 1.16129, 4188.99206, 790309.51948, 1.68468
287, 1.36943, 1.0, 6850.0, 80.05109, 1.05882, 4156.52011, 783861.65344, 1.66869
288, 1.38312, 1.0, 1500.0, 78.9, 1.0303, 4035.79019, 777389.13405, 1.64174
289, 1.36, 1.0, 4909.09091, 76.49074, 1.05714, 4099.97784, 770912.82834, 1.61905
290, 1.33784, 1.0, 2300.0, 78.44928, 1.0, 4162.01705, 764582.42382, 1.61564
291, 1.35461, 1.0, 1863.63636, 75.58537, 1.03448, 4142.56936, 758239.39205, 1.61333
292, 1.31429, 1.0, 1950.0, 77.71795, 1.03333, 4027.09677, 752010.82659, 1.57718
293, 1.28148, 1.0, 1812.5, 75.51724, 1.0, 3831.80952, 746026.4868, 1.53425
294, 1.29323, 1.0, 4500.0, 73.39683, 1.03571, 3877.05167, 739895.16964, 1.51418
295, 1.2619, 1.0, 4000.0, 74.64583, 1.04, 3867.43963, 733787.08815, 1.51625
296, 1.25217, 1.0, 4000.0, 71.69444, 1.03571, 3875.73016, 727860.11146, 1.52015
297, 1.27523, 1.0, 2125.0, 76.08824, 1.1, 3803.6039, 721835.81905, 1.4794
298, 1.24752, 1.0, 2291.66667, 68.76364, 1.0, 3787.61589, 715909.82468, 1.48302
299, 1.21, 1.0, 5214.28571, 72.43836, 1.10345, 3708.95973, 709985.47351, 1.44015
300, 1.22826, 1.0, 7333.33333, 69.44318, 1.04545, 3832.47569, 704182.05369, 1.44444
301, 1.21111, 1.0, 1250.0, 78.4, 1.0, 3733.12411, 698345.40278, 1.41463
302, 1.22826, 1.0, 5100.0, 68.47059, 1.0, 3803.05036, 692512.01773, 1.39583
303, 1.20238, 1.0, 6250.0, 69.93333, 1.04762, 3872.89377, 686807.92806, 1.39662
304, 1.2987, 1.0, 2928.57143, 68.09756, 1.0, 3831.37453, 681247.79121, 1.39655
305, 1.22785, 1.0, 2500.0, 63.0, 1.125, 3745.03788, 675645.18727, 1.35498
306, 1.24, 1.0, 6500.0, 64.57692, 1.0, 3837.42412, 670065.99242, 1.33921
307, 1.18919, 1.0, 4642.85714, 65.96923, 1.08333, 3907.90945, 664490.41634, 1.34667
308, 1.15278, 1.0, 1200.0, 68.0, 1.0, 3888.68675, 658989.81496, 1.32735
309, 1.09589, 1.0, 13700.0, 66.87591, 1.0, 4171.09504, 653557.49799, 1.33333
310, 1.11594, 1.0, 1666.66667, 64.7, 1.0, 4181.98268, 648357.38017, 1.33333
311, 1.14063, 1.0, 8500.0, 63.43697, 1.0, 4401.55804, 642900.30736, 1.34653
312, 1.13043, 1.0, 6875.0, 65.87273, 1.0, 4428.41935, 637649.43304, 1.35789
313, 1.1129, 1.0, 3642.85714, 61.43137, 1.0, 4405.4554, 632373.58986, 1.37566
314, 1.11667, 1.2, 3666.66667, 60.38636, 1.0, 4473.53883, 627252.12676, 1.39459
315, 1.12281, 1.0, 11833.33333, 61.14085, 1.0625, 4484.31188, 622017.96117, 1.37222
316, 1.08772, 1.0, 8500.0, 62.88235, 1.0, 4526.65482, 617037.46535, 1.36782
317, 1.05263, 1.0, 5000.0, 61.45, 1.07143, 4444.98454, 611896.8731, 1.32749
318, 1.05357, 1.0, 500.0, 59.0, 1.0, 4374.60638, 607007.95361, 1.29518
319, 1.07692, 1.0, 2000.0, 61.75, 1.0, 4211.86339, 602182.28723, 1.28395
320, 1.07547, 1.0, 9500.0, 62.42105, 1.0, 4239.95506, 597257.6776, 1.28947
321, 1.06122, 1.0, 1000.0, 59.0, 1.0, 4201.22414, 592230.19101, 1.28859
322, 1.08889, 1.0, 2000.0, 59.5, 1.0, 4184.11176, 587359.60345, 1.28966
323, 1.08696, 1.0, 750.0, 64.66667, 1.0, 4073.95808, 582576.11765, 1.28571
324, 1.08696, 1.0, 4250.0, 54.0, 1.0, 4178.96894, 577764.69461, 1.27737
325, 1.06977, 1.0, 22000.0, 55.47727, 1.0, 4311.86709, 572862.19255, 1.26471
326, 1.07895, 1.0, 1500.0, 64.66667, 1.0, 4282.20395, 568327.70886, 1.24427
327, 1.05128, 1.0, 1833.33333, 54.54545, 1.0, 4267.44295, 563599.18421, 1.23622
328, 1.02857, 0.0, 0.0, 0.0, 1.0, 4260.00694, 558751.74497, 1.224
329, 1.03448, 1.0, 8500.0, 55.82353, 1.0, 4368.35036, 554269.52778, 1.22314
330, 1.03226, 0.0, 0.0, 0.0, 1.0, 4212.96324, 549417.49635, 1.19328
331, 1.03571, 1.0, 15500.0, 53.0, 1.0, 4339.4812, 544824.875, 1.2069
332, 1.08, 1.0, 2000.0, 54.25, 1.0, 4454.8189, 540481.34586, 1.20354
333, 1.08696, 0.0, 0.0, 0.0, 1.0, 4419.42857, 535675.55118, 1.18584
334, 1.09091, 1.0, 2500.0, 51.2, 1.0, 4433.87805, 531348.85714, 1.19266
335, 1.07692, 1.0, 1000.0, 51.5, 1.0, 4220.925, 527109.44715, 1.19417
336, 1.04545, 1.0, 5000.0, 55.4, 1.125, 4184.32456, 522616.275, 1.17647
337, 1.0, 0.0, 0.0, 0.0, 1.0, 4169.84821, 518107.7807, 1.17347
338, 1.0, 0.0, 0.0, 0.0, 1.0, 4046.625, 513824.67857, 1.14433
339, 1.04762, 0.0, 0.0, 0.0, 1.0, 3768.98131, 510061.30357, 1.12766
340, 1.04167, 0.0, 0.0, 0.0, 1.0, 3792.50476, 505396.81308, 1.1236
341, 1.04348, 1.0, 1500.0, 59.66667, 1.0, 3868.10784, 501146.94286, 1.12644
342, 1.0, 0.0, 0.0, 0.0, 1.0, 3889.52525, 496879.37255, 1.08333
343, 1.0, 0.0, 0.0, 0.0, 1.0, 3876.94681, 493059.32323, 1.07595
344, 1.0, 0.0, 0.0, 0.0, 1.0, 3823.89011, 488953.05319, 1.0641
345, 1.0, 0.0, 0.0, 0.0, 1.0, 3777.03333, 484892.40659, 1.06494
346, 1.0, 0.0, 0.0, 0.0, 1.0, 3817.09091, 480950.32222, 1.06667
347, 1.11111, 0.0, 0.0, 0.0, 1.0, 3828.54118, 476982.70455, 1.02703
348, 1.05882, 0.0, 0.0, 0.0, 1.25, 3621.84337, 473036.29412, 1.01389
349, 1.05882, 1.0, 2000.0, 43.5, 1.0, 3658.1, 469153.40964, 1.02985
350, 1.05556, 1.0, 1500.0, 40.0, 1.0, 3500.6, 465704.2875, 1.03279
351, 1.0, 0.0, 0.0, 0.0, 1.0, 3512.61429, 461742.54667, 1.03509
352, 1.0, 0.0, 0.0, 0.0, 1.0, 3454.03077, 458184.01429, 1.03636
353, 1.0, 0.0, 0.0, 0.0, 1.0, 3421.25, 453993.24615, 1.03846
354, 1.0, 0.0, 0.0, 0.0, 1.0, 3515.78333, 450452.89063, 1.04082
355, 1.0, 0.0, 0.0, 0.0, 1.0, 3329.5614, 446955.26667, 1.04651
356, 1.0, 0.0, 0.0, 0.0, 1.0, 3245.98246, 442827.68421, 1.02326
357, 1.0, 0.0, 0.0, 0.0, 1.0, 3237.26786, 439208.78947, 1.02326
358, 1.0625, 1.0, 2000.0, 40.0, 1.0, 3095.55769, 435981.44643, 1.05263
359, 1.07143, 0.0, 0.0, 0.0, 1.0, 3140.4, 432108.46154, 1.05405
360, 1.07143, 0.0, 0.0, 0.0, 1.0, 3007.7234, 428493.98, 1.05882
361, 1.0625, 0.0, 0.0, 0.0, 0.0, 2982.3617, 424199.80851, 1.0625
362, 1.0625, 0.0, 0.0, 0.0, 1.0, 2954.71739, 420748.21277, 1.03226
363, 1.0625, 0.0, 0.0, 0.0, 0.0, 2930.63043, 417262.6087, 1.03226
364, 1.06667, 0.0, 0.0, 0.0, 1.0, 2964.75556, 413799.36957, 1.03226
365, 1.07143, 0.0, 0.0, 0.0, 1.0, 2920.43902, 410817.48889, 1.03571
366, 1.06667, 1.0, 9000.0, 41.16667, 0.0, 3115.02439, 406716.12195, 1.03571
367, 1.06667, 0.0, 0.0, 0.0, 1.0, 2994.325, 403531.87805, 1.03704
368, 1.06667, 0.0, 0.0, 0.0, 0.0, 2969.7, 399966.275, 1.03704
369, 1.06667, 0.0, 0.0, 0.0, 1.0, 3009.02564, 396682.875, 1.03846
370, 1.07143, 0.0, 0.0, 0.0, 1.0, 3055.63158, 393365.79487, 1.03846
371, 1.07143, 0.0, 0.0, 0.0, 1.0, 2998.83784, 389831.26316, 1.04
372, 1.07143, 1.0, 2000.0, 39.75, 1.0, 2993.97222, 386780.62162, 1.04
373, 1.07143, 0.0, 0.0, 0.0, 1.0, 2946.88235, 383705.75, 1.0
374, 1.07692, 0.0, 0.0, 0.0, 1.0, 2983.9697, 380288.76471, 1.0
375, 1.07692, 0.0, 0.0, 0.0, 1.33333, 2727.90323, 377534.75758, 1.0
376, 1.08333, 0.0, 0.0, 0.0, 1.0, 2868.10714, 374376.09677, 1.0
377, 1.08333, 0.0, 0.0, 0.0, 0.0, 2845.39286, 371216.28571, 1.0
378, 1.08333, 0.0, 0.0, 0.0, 0.0, 2821.53571, 368104.35714, 1.0
379, 1.08333, 0.0, 0.0, 0.0, 1.0, 2852.2963, 365071.35714, 1.0
380, 1.11111, 0.0, 0.0, 0.0, 1.0, 2891.41667, 362444.51852, 1.0
381, 1.125, 0.0, 0.0, 0.0, 1.0, 2479.77273, 359992.5, 1.0
382, 1.125, 0.0, 0.0, 0.0, 0.0, 2459.18182, 356306.77273, 1.0
383, 1.125, 0.0, 0.0, 0.0, 1.0, 2475.61905, 353473.40909, 1.0
384, 1.125, 0.0, 0.0, 0.0, 0.0, 2453.42857, 350507.80952, 1.0
385, 1.0, 0.0, 0.0, 0.0, 1.0, 2600.57895, 347766.52381, 1.0
386, 1.0, 0.0, 0.0, 0.0, 1.0, 2686.05556, 344519.0, 1.0
387, 1.0, 0.0, 0.0, 0.0, 0.0, 2663.77778, 341594.27778, 1.0
388, 1.0, 0.0, 0.0, 0.0, 0.0, 2640.33333, 338741.05556, 1.0
389, 1.0, 0.0, 0.0, 0.0, 1.0, 2741.52941, 336071.05556, 1.0
390, 1.125, 0.0, 0.0, 0.0, 1.0, 2835.5625, 333297.52941, 1.0
391, 1.125, 0.0, 0.0, 0.0, 0.0, 2810.5625, 330521.3125, 1.0
392, 1.2, 0.0, 0.0, 0.0, 1.0, 2127.16667, 329370.6875, 1.0
393, 1.0, 0.0, 0.0, 0.0, 1.0, 2207.45455, 325571.16667, 1.0
394, 1.0, 0.0, 0.0, 0.0, 0.0, 2190.0, 322847.54545, 1.0
395, 1.0, 0.0, 0.0, 0.0, 0.0, 2170.54545, 320175.0, 1.0
396, 1.0, 0.0, 0.0, 0.0, 1.0, 2342.7, 317568.09091, 1.0
397, 1.0, 0.0, 0.0, 0.0, 1.0, 2492.11111, 315354.7, 1.0
398, 1.0, 0.0, 0.0, 0.0, 1.0, 2452.5, 313216.77778, 1.0
399, 1.0, 0.0, 0.0, 0.0, 1.0, 2558.14286, 310509.0, 1.0
400, 1.0, 0.0, 0.0, 0.0, 0.0, 2537.28571, 307875.0, 1.0
401, 1.0, 0.0, 0.0, 0.0, 0.0, 2514.0, 305321.71429, 1.0
402, 1.0, 0.0, 0.0, 0.0, 1.0, 2820.66667, 303132.42857, 1.0
403, 1.0, 0.0, 0.0, 0.0, 0.0, 2797.66667, 300829.16667, 1.0
404, 1.0, 0.0, 0.0, 0.0, 0.0, 2771.83333, 298382.16667, 1.0
405, 1.0, 0.0, 0.0, 0.0, 0.0, 2751.66667, 295888.16667, 1.0
406, 1.0, 0.0, 0.0, 0.0, 0.0, 2727.33333, 293428.0, 1.0
407, 1.0, 0.0, 0.0, 0.0, 1.0, 3199.6, 291168.66667, 1.0
408, 1.0, 0.0, 0.0, 0.0, 0.0, 3175.0, 287953.4, 1.0
409, 1.0, 0.0, 0.0, 0.0, 1.0, 1033.5, 288080.0, 1.0
410, 1.0, 0.0, 0.0, 0.0, 0.0, 1025.75, 283947.0, 1.0
411, 1.0, 0.0, 0.0, 0.0, 0.0, 1019.75, 281558.25, 1.0
412, 1.0, 0.0, 0.0, 0.0, 0.0, 1009.75, 279172.5, 1.0
413, 1.0, 0.0, 0.0, 0.0, 1.0, 974.0, 277286.0, 1.0
414, 1.0, 0.0, 0.0, 0.0, 0.0, 964.33333, 275185.33333, 1.0
415, 1.0, 0.0, 0.0, 0.0, 0.0, 958.0, 272845.33333, 1.0
416, 1.0, 0.0, 0.0, 0.0, 0.0, 949.66667, 270598.66667, 1.0
417, 0.0, 0.0, 0.0, 0.0, 1.0, 1023.0, 269148.33333, 1.0
418, 0.0, 0.0, 0.0, 0.0, 0.0, 1018.0, 265554.5, 1.0
419, 0.0, 0.0, 0.0, 0.0, 0.0, 1008.0, 263340.5, 1.0
420, 0.0, 0.0, 0.0, 0.0, 0.0, 1000.0, 261054.5, 1.0
421, 0.0, 0.0, 0.0, 0.0, 0.0, 990.0, 258777.5, 1.0
422, 0.0, 0.0, 0.0, 0.0, 0.0, 982.0, 256567.0, 1.0
423, 0.0, 0.0, 0.0, 0.0, 0.0, 973.5, 254426.0, 1.0
424, 0.0, 0.0, 0.0, 0.0, 0.0, 966.0, 252379.5, 1.0
425, 0.0, 0.0, 0.0, 0.0, 0.0, 961.0, 250180.5, 1.0
426, 0.0, 0.0, 0.0, 0.0, 0.0, 955.5, 248105.0, 1.0
427, 0.0, 0.0, 0.0, 0.0, 0.0, 946.0, 246112.0, 1.0
428, 0.0, 0.0, 0.0, 0.0, 0.0, 939.0, 244081.5, 1.0
429, 0.0, 0.0, 0.0, 0.0, 0.0, 932.0, 242017.0, 1.0
430, 0.0, 0.0, 0.0, 0.0, 0.0, 926.5, 240007.0, 1.0
431, 0.0, 0.0, 0.0, 0.0, 1.0, 1094.0, 238482.0, 1.0
432, 0.0, 0.0, 0.0, 0.0, 0.0, 1088.0, 233606.0, 1.0
433, 0.0, 0.0, 0.0, 0.0, 0.0, 1078.0, 231629.0, 1.0
434, 0.0, 0.0, 0.0, 0.0, 0.0, 1072.0, 229784.0, 1.0
435, 0.0, 0.0, 0.0, 0.0, 0.0, 1065.0, 227832.0, 1.0
436, 0.0, 0.0, 0.0, 0.0, 0.0, 1055.0, 225840.0, 1.0
437, 0.0, 0.0, 0.0, 0.0, 0.0, 1047.0, 223980.0, 1.0
438, 0.0, 0.0, 0.0, 0.0, 0.0, 1036.0, 222201.0, 1.0
439, 0.0, 0.0, 0.0, 0.0, 0.0, 1029.0, 220406.0, 1.0
440, 0.0, 0.0, 0.0, 0.0, 0.0, 1025.0, 218593.0, 1.0
441, 0.0, 0.0, 0.0, 0.0, 0.0, 1020.0, 216764.0, 1.0
442, 0.0, 0.0, 0.0, 0.0, 0.0, 1011.0, 215015.0, 1.0
443, 0.0, 0.0, 0.0, 0.0, 0.0, 1006.0, 213310.0, 1.0
444, 1.0, 0.0, 0.0, 0.0, 0.0, 1000.0, 211456.0, 0.0
445, 1.0, 0.0, 0.0, 0.0, 0.0, 989.0, 209654.0, 0.0
446, 1.0, 0.0, 0.0, 0.0, 0.0, 983.0, 207805.0, 0.0
447, 1.0, 0.0, 0.0, 0.0, 0.0, 973.0, 206089.0, 0.0
448, 1.0, 0.0, 0.0, 0.0, 0.0, 967.0, 204522.0, 0.0
449, 1.0, 0.0, 0.0, 0.0, 0.0, 955.0, 202775.0, 0.0
450, 1.0, 0.0, 0.0, 0.0, 0.0, 945.0, 201108.0, 0.0
451, 1.0, 0.0, 0.0, 0.0, 0.0, 942.0, 199535.0, 0.0
452, 1.0, 0.0, 0.0, 0.0, 0.0, 937.0, 197963.0, 0.0
453, 0.0, 0.0, 0.0, 0.0, 1.0, 0.0, 197631.0, 0.0
