time, seeders, joined, request_count, response_size, left, awareness, bad_data, leechers
0, 0.0, 0.0, 0.0, 0.0, 0.0, 1001.0, 0.0, 0.0
1, 0.0, 1419.66, 132.71558, 1.80377, 0.0, 171387.82, 0.0, 1419.66
2, 0.0, 673.64, 97.60851, 4.11487, 70.554, 223948.894, 9257.152, 2023.746
3, 0.0, 653.69, 95.30083, 5.38459, 65.91, 276721.136, 16345.202, 2611.526
4, 0.0, 631.702, 93.85565, 6.61, 80.388, 324951.28, 24766.636, 3162.84
5, 0.0, 609.47, 92.88661, 7.77221, 92.37, 369056.964, 34391.09, 3679.94
6, 0.0, 590.114, 92.0795, 8.88859, 105.676, 409556.736, 45146.662, 4164.378
7, 0.0, 570.486, 91.22082, 9.96045, 117.442, 446541.336, 57000.01, 4617.422
8, 0.0, 551.808, 90.5246, 10.97798, 128.218, 480528.162, 69680.608, 5041.012
9, 0.0, 532.818, 89.8791, 11.95797, 137.28, 511584.25, 83200.856, 5436.55
10, 0.0, 517.398, 89.23614, 12.89915, 146.368, 540150.658, 97479.974, 5807.58
11, 1106.538, 499.318, 88.66534, 13.79244, 128.482, 568175.25, 109058.26, 5071.878
12, 1593.97, 482.632, 88.25938, 14.64132, 161.674, 590946.024, 124432.406, 4905.404
13, 2068.394, 466.834, 87.76524, 15.44093, 154.81, 613009.142, 138750.442, 4743.004
14, 2518.864, 454.128, 87.34498, 16.20555, 158.306, 633633.014, 153194.524, 4588.356
15, 2943.652, 438.088, 86.86063, 16.96741, 160.902, 652572.812, 167761.274, 4440.754
16, 3347.292, 424.0, 86.49481, 17.68696, 165.82, 669954.336, 182574.308, 4295.294
17, 3727.924, 408.134, 86.12956, 18.36115, 168.074, 685691.414, 197620.01, 4154.722
18, 4089.102, 395.894, 85.79721, 19.02171, 170.276, 700260.8, 212698.12, 4019.162
19, 4429.44, 382.224, 85.63408, 19.64038, 173.634, 713486.062, 227985.266, 3887.414
20, 4753.064, 370.86, 85.32923, 20.24392, 174.332, 725744.692, 243216.07, 3760.318
21, 5057.452, 358.02, 85.19524, 20.82783, 176.58, 736805.574, 258587.106, 3637.37
22, 5343.928, 346.178, 84.90083, 21.38378, 178.51, 746839.382, 273938.868, 3518.562
23, 5613.046, 334.324, 84.71602, 21.9048, 181.272, 755686.668, 289527.838, 3402.496
24, 5867.922, 324.048, 84.32208, 22.40257, 182.072, 763663.256, 305043.762, 3289.596
25, 6106.78, 312.486, 84.11257, 22.92907, 182.362, 770727.556, 320513.718, 3180.862
26, 6331.02, 303.03, 83.86496, 23.35952, 184.64, 776873.006, 336130.916, 3075.012
27, 6538.336, 294.95, 83.89897, 23.8324, 186.542, 782370.742, 351776.18, 2976.104
28, 6732.262, 284.762, 83.69516, 24.27071, 187.042, 787052.422, 367406.492, 2879.898
29, 6914.522, 273.192, 83.87801, 24.68619, 186.104, 791072.43, 382847.894, 2784.726
30, 7083.72, 265.518, 83.72916, 25.08501, 187.294, 794467.812, 398287.966, 2693.752
31, 7240.446, 256.78, 83.62879, 25.46217, 187.496, 797189.092, 413725.11, 2606.31
32, 7385.198, 248.17, 83.13898, 25.82519, 188.566, 799175.722, 429152.64, 2521.162
33, 7520.022, 240.636, 83.34497, 26.20232, 187.676, 800695.236, 444502.622, 2439.298
34, 7643.202, 233.316, 83.38219, 26.48617, 188.786, 801736.398, 459788.594, 2360.648
35, 7755.494, 223.08, 83.40775, 26.85575, 188.792, 802068.094, 475018.42, 2282.644
36, 7858.666, 217.81, 83.28727, 27.16336, 188.208, 802078.806, 490127.118, 2209.074
37, 7955.102, 209.816, 83.19861, 27.437, 188.036, 801608.28, 505105.758, 2134.418
38, 8042.068, 204.064, 83.18175, 27.7245, 186.936, 800831.59, 519925.512, 2064.58
39, 8117.33, 196.248, 83.422, 28.00594, 188.186, 799459.146, 534815.856, 1997.38
40, 8186.98, 189.584, 83.30872, 28.26381, 187.04, 797751.456, 549497.022, 1930.274
41, 8247.156, 183.698, 83.27908, 28.52281, 187.312, 795649.192, 564116.86, 1866.484
42, 8301.262, 178.934, 83.11556, 28.74976, 185.462, 793295.332, 578570.416, 1805.85
43, 8348.228, 172.012, 83.42441, 28.99208, 184.428, 790609.634, 592874.034, 1746.468
44, 8387.712, 166.788, 83.30935, 29.21645, 184.738, 787563.436, 607129.024, 1689.034
45, 8418.636, 160.576, 83.39478, 29.40589, 184.044, 784206.402, 621218.47, 1634.642
46, 8446.48, 155.036, 83.63348, 29.59797, 182.414, 780587.906, 635169.094, 1579.42
47, 8466.602, 150.322, 83.70032, 29.80734, 181.896, 776722.47, 648998.478, 1527.724
48, 8482.516, 146.804, 83.48546, 29.98957, 179.808, 772766.718, 662594.66, 1478.806
49, 8492.142, 140.688, 83.65745, 30.166, 179.166, 768475.596, 676065.278, 1430.702
50, 8496.796, 135.778, 83.60706, 30.34253, 177.472, 763961.892, 689363.296, 1384.354
51, 8496.908, 132.47, 83.86201, 30.50076, 176.744, 759286.902, 702589.01, 1339.968
52, 8493.022, 127.284, 83.81729, 30.63249, 176.038, 754368.71, 715633.812, 1295.1
53, 8485.706, 124.374, 84.10922, 30.77115, 173.604, 749492.878, 728402.588, 1253.186
54, 8473.254, 118.494, 84.22199, 30.91136, 173.0, 744239.466, 741109.248, 1211.132
55, 8456.2, 114.948, 84.29551, 31.03616, 172.252, 738869.574, 753646.656, 1170.882
56, 8435.492, 111.414, 84.24974, 31.17975, 170.194, 733413.454, 765963.728, 1132.81
57, 8411.326, 107.198, 84.46053, 31.25986, 169.014, 727756.598, 778153.288, 1095.16
58, 8384.534, 104.894, 84.42618, 31.43309, 167.836, 722047.068, 790188.108, 1059.01
59, 8354.432, 100.96, 84.55626, 31.4997, 165.808, 716203.156, 802052.392, 1024.264
60, 8319.904, 96.858, 84.62491, 31.57973, 165.068, 710187.802, 813752.196, 990.582
61, 8285.178, 94.13, 84.74663, 31.64266, 162.694, 704160.402, 825227.798, 956.744
62, 8245.464, 91.278, 84.61623, 31.73127, 162.034, 697933.958, 836662.976, 925.702
63, 8204.31, 88.592, 85.02122, 31.82504, 160.576, 691724.49, 847870.506, 894.872
64, 8159.968, 85.472, 85.40341, 31.87202, 158.674, 685489.86, 858851.252, 866.012
65, 8112.574, 82.068, 85.41941, 31.97161, 158.528, 678986.568, 869839.902, 836.946
66, 8063.166, 79.968, 85.38665, 32.02264, 156.33, 672507.668, 880603.358, 809.992
67, 8011.502, 78.066, 85.83506, 32.15527, 155.092, 666054.494, 891186.574, 784.63
68, 7960.174, 75.068, 85.79688, 32.20759, 152.312, 659590.618, 901505.048, 758.714
69, 7905.228, 72.42, 85.75532, 32.28568, 151.944, 652966.488, 911753.202, 734.136
70, 7848.594, 70.058, 85.73468, 32.29529, 149.88, 646323.522, 921815.668, 710.948
71, 7791.212, 68.432, 85.84288, 32.30812, 148.58, 639650.046, 931762.284, 688.182
72, 7731.668, 65.052, 86.17721, 32.33664, 147.57, 632876.962, 941539.78, 665.208
73, 7671.722, 63.576, 85.79967, 32.45868, 144.912, 626200.388, 951042.136, 643.818
74, 7610.166, 61.018, 86.43023, 32.43597, 144.016, 619398.338, 960486.938, 622.376
75, 7547.288, 58.842, 86.44506, 32.49161, 142.098, 612620.904, 969706.238, 601.998
76, 7483.202, 57.372, 86.77752, 32.52521, 140.68, 605829.388, 978825.302, 582.776
77, 7419.764, 55.882, 86.43212, 32.5058, 138.842, 599047.256, 987771.108, 563.254
78, 7355.138, 53.824, 86.78285, 32.55851, 136.46, 592321.204, 996479.272, 545.244
79, 7288.59, 52.182, 86.8652, 32.55343, 136.22, 585533.4, 1005106.032, 527.754
80, 7222.132, 50.45, 87.34192, 32.61125, 134.142, 578794.242, 1013539.424, 510.52
81, 7155.532, 48.154, 87.12464, 32.56428, 132.874, 571974.864, 1021842.098, 492.4
82, 7087.49, 46.734, 88.03441, 32.63244, 130.974, 565248.54, 1029943.55, 476.202
83, 7019.026, 45.414, 87.58092, 32.62981, 129.554, 558528.812, 1037886.928, 460.526
84, 6949.666, 43.188, 87.84848, 32.65356, 127.778, 551771.778, 1045676.398, 445.296
85, 6879.886, 42.386, 88.09041, 32.5822, 126.512, 545037.146, 1053383.098, 430.95
86, 6808.958, 40.534, 87.56599, 32.58782, 125.726, 538267.956, 1060921.946, 416.686
87, 6738.57, 40.156, 88.06156, 32.64725, 124.178, 531603.55, 1068325.89, 403.052
88, 6668.882, 38.368, 87.81276, 32.61653, 121.602, 524984.68, 1075504.864, 389.506
89, 6598.638, 37.254, 88.3073, 32.67451, 120.33, 518377.302, 1082573.594, 376.674
90, 6527.478, 35.718, 88.04524, 32.63215, 119.738, 511725.506, 1089544.944, 363.814
91, 6456.398, 35.02, 88.69218, 32.55306, 117.682, 505213.002, 1096314.602, 352.232
92, 6385.222, 33.504, 88.84312, 32.49654, 116.412, 498651.276, 1102990.632, 340.5
93, 6314.412, 32.722, 89.15714, 32.52629, 114.386, 492224.844, 1109453.5, 329.646
94, 6242.92, 31.45, 89.41176, 32.53869, 113.104, 485797.678, 1115802.752, 319.484
95, 6172.448, 30.524, 89.20849, 32.56328, 111.364, 479418.882, 1122004.608, 309.116
96, 6102.226, 29.586, 89.29899, 32.53407, 109.742, 473102.61, 1128044.456, 299.182
97, 6032.368, 28.08, 89.51567, 32.51695, 108.434, 466744.764, 1133995.78, 288.686
98, 5961.94, 27.628, 89.62647, 32.44286, 107.426, 460475.976, 1139805.068, 279.316
99, 5890.832, 26.29, 89.87448, 32.47782, 106.804, 454168.482, 1145546.466, 269.91
100, 5820.624, 25.728, 89.69216, 32.47079, 104.642, 447982.41, 1151091.08, 261.204
101, 5751.288, 24.824, 90.06607, 32.34762, 103.026, 441833.394, 1156510.112, 252.338
102, 5682.43, 24.028, 89.93674, 32.44137, 101.052, 435829.298, 1161697.286, 244.172
103, 5613.916, 23.138, 89.80897, 32.32859, 100.082, 429819.642, 1166801.902, 235.742
104, 5544.87, 22.79, 90.21501, 32.37062, 99.122, 423842.488, 1171841.668, 228.456
105, 5476.522, 21.894, 90.25304, 32.23725, 97.632, 417929.258, 1176733.768, 221.066
106, 5408.84, 20.726, 90.92927, 32.28547, 96.102, 412050.686, 1181485.054, 213.372
107, 5340.23, 20.39, 90.82884, 32.17516, 95.554, 406204.67, 1186166.53, 206.818
108, 5273.262, 19.454, 91.3334, 32.18978, 93.65, 400371.48, 1190756.55, 199.59
109, 5207.184, 18.684, 90.79426, 32.06862, 91.518, 394663.356, 1195122.768, 192.834
110, 5141.2, 18.334, 90.80397, 32.00841, 91.08, 389020.312, 1199391.268, 186.072
111, 5075.222, 17.904, 91.08579, 31.98602, 89.846, 383431.096, 1203559.462, 180.108
112, 5009.282, 17.27, 91.24493, 31.95037, 88.83, 377891.048, 1207624.666, 174.488
113, 4943.436, 16.772, 91.9151, 31.90828, 87.85, 372390.816, 1211604.132, 169.256
114, 4879.13, 16.142, 91.57477, 32.04898, 86.482, 366948.168, 1215462.236, 163.222
115, 4815.468, 15.546, 91.74064, 31.94517, 84.77, 361563.256, 1219196.812, 157.66
116, 4752.052, 15.756, 91.07642, 31.82857, 83.276, 356287.482, 1222822.972, 153.556
117, 4689.372, 14.408, 91.69906, 31.77566, 82.452, 351023.858, 1226318.766, 148.192
118, 4627.028, 13.896, 92.09845, 31.94327, 81.148, 345799.784, 1229726.776, 143.284
119, 4564.576, 13.632, 92.38556, 31.83103, 80.452, 340621.65, 1233072.218, 138.916
120, 4502.608, 13.26, 92.23228, 31.77285, 79.68, 335495.534, 1236319.87, 134.464
121, 4441.756, 12.778, 92.84708, 31.49225, 78.12, 330437.414, 1239457.422, 129.974
122, 4380.96, 12.466, 92.73223, 31.50865, 77.264, 325450.208, 1242492.11, 125.972
123, 4321.038, 11.826, 92.49112, 31.57543, 76.172, 320490.83, 1245432.56, 121.548
124, 4261.478, 11.422, 92.66328, 31.57407, 75.16, 315550.572, 1248320.006, 117.37
125, 4203.098, 11.174, 92.51835, 31.50145, 73.164, 310749.858, 1251027.432, 113.76
126, 4145.302, 10.978, 93.60539, 31.56578, 72.978, 305986.332, 1253688.028, 109.556
127, 4087.422, 10.56, 92.78409, 31.32966, 71.83, 301237.758, 1256293.436, 106.166
128, 4030.694, 10.188, 93.16843, 31.23009, 70.17, 296620.27, 1258724.276, 102.912
129, 3974.688, 9.57, 93.64681, 31.22807, 69.134, 292031.01, 1261075.024, 99.354
130, 3918.68, 9.274, 93.68126, 31.1593, 68.708, 287463.292, 1263376.644, 95.928
131, 3864.482, 9.206, 93.46079, 31.1934, 66.544, 283070.026, 1265488.854, 92.788
132, 3810.618, 8.66, 93.99538, 31.07346, 65.846, 278680.822, 1267554.79, 89.466
133, 3757.056, 8.51, 93.79553, 30.96617, 64.964, 274354.778, 1269535.502, 86.574
134, 3703.822, 8.424, 93.73219, 30.98835, 64.318, 270077.072, 1271454.776, 83.914
135, 3651.364, 8.07, 93.70508, 30.64242, 63.106, 265862.242, 1273278.548, 81.336
136, 3599.15, 7.73, 93.89392, 30.8782, 62.858, 261632.072, 1275091.012, 78.422
137, 3548.278, 7.502, 94.40149, 30.74838, 61.116, 257535.26, 1276745.384, 75.68
138, 3497.446, 7.52505, 94.91345, 30.62065, 60.648, 253491.144, 1278355.144, 73.374
139, 3447.202, 7.08016, 95.35805, 30.71356, 59.438, 249486.894, 1279881.526, 71.246
140, 3397.552, 6.656, 95.22236, 30.77248, 58.786, 245497.092, 1281357.688, 68.766
141, 3348.44, 6.68675, 94.95495, 30.48735, 57.784, 241610.236, 1282728.822, 66.754
142, 3299.858, 6.384, 95.30075, 30.59993, 56.794, 237769.716, 1284024.878, 64.926
143, 3252.658, 6.31663, 95.24112, 30.38941, 55.376, 234035.494, 1285213.11, 63.054
144, 3205.836, 6.294, 95.55132, 30.53874, 54.982, 230343.804, 1286357.45, 61.188
145, 3158.816, 5.81363, 96.31162, 30.22906, 54.77, 226617.884, 1287498.378, 59.24
146, 3112.05, 5.56627, 95.59885, 30.07057, 54.368, 222925.34, 1288584.22, 57.182
147, 3066.082, 5.362, 95.93435, 30.10381, 53.214, 219297.078, 1289582.422, 55.298
148, 3021.168, 5.08635, 96.40742, 30.07658, 52.122, 215723.01, 1290505.606, 53.156
149, 2976.012, 5.08434, 95.0237, 30.12012, 51.946, 212175.712, 1291396.14, 51.43
150, 2931.522, 4.73695, 96.22721, 30.01542, 50.978, 208680.308, 1292211.99, 49.66
151, 2887.724, 4.80282, 96.94177, 30.11495, 50.226, 205249.088, 1292973.12, 48.006
152, 2845.016, 4.38259, 96.76674, 29.64535, 48.766, 201887.114, 1293621.586, 46.278
153, 2802.97, 4.52727, 96.87639, 29.87563, 48.06, 198613.918, 1294193.306, 44.746
154, 2761.082, 4.18737, 97.90856, 29.73522, 47.782, 195310.848, 1294774.148, 42.964
155, 2719.694, 4.24797, 96.69856, 29.8664, 47.018, 192084.912, 1295280.914, 41.514
156, 2678.852, 4.06571, 97.12121, 29.96516, 46.22, 188880.982, 1295743.1, 40.096
157, 2638.572, 3.9878, 97.14577, 29.86044, 45.528, 185733.622, 1296148.234, 38.772
158, 2598.958, 3.71281, 97.88536, 29.71461, 44.486, 182665.846, 1296445.474, 37.494
159, 2559.86, 3.69565, 98.48739, 29.55347, 43.968, 179640.274, 1296705.452, 36.194
160, 2521.426, 3.39627, 97.80086, 29.61649, 43.066, 176660.732, 1296887.564, 34.836
161, 2482.99, 3.52092, 97.74213, 29.59392, 42.998, 173686.266, 1297083.544, 33.64
162, 2445.332, 3.4958, 98.4375, 29.42002, 41.842, 170817.018, 1297173.194, 32.784
163, 2408.666, 3.15177, 98.7467, 29.40882, 40.864, 167981.304, 1297200.854, 31.618
164, 2372.086, 3.27479, 100.31546, 29.24025, 40.606, 165210.188, 1297186.614, 30.762
165, 2335.85, 3.1343, 99.3408, 29.44326, 40.184, 162435.216, 1297159.792, 29.848
166, 2300.34, 3.02101, 100.62587, 29.19005, 39.394, 159716.532, 1297065.23, 28.84
167, 2264.912, 3.00853, 98.29908, 29.28911, 39.196, 157001.9, 1296964.898, 27.894
168, 2230.044, 2.8312, 99.69811, 29.32475, 38.31, 154360.732, 1296783.386, 27.102
169, 2195.798, 2.9375, 100.95378, 29.17733, 37.708, 151777.24, 1296558.614, 26.366
170, 2161.542, 2.80087, 102.08655, 29.05602, 37.398, 149220.19, 1296298.144, 25.812
171, 2128.29, 2.64565, 98.68529, 29.06162, 36.508, 146682.526, 1296003.72, 24.99
172, 2095.826, 2.52444, 101.49648, 28.75976, 35.6, 144218.146, 1295625.066, 24.126
173, 2063.684, 2.47991, 103.33033, 28.76916, 35.024, 141799.692, 1295209.646, 23.466
174, 2031.978, 2.54788, 101.3986, 28.76034, 34.798, 139406.506, 1294775.576, 22.662
175, 2000.558, 2.48984, 103.26383, 28.44249, 34.33, 137032.046, 1294316.12, 21.958
176, 1969.902, 2.34467, 102.51451, 28.58491, 33.5, 134713.28, 1293791.124, 21.182
177, 1939.822, 2.20366, 102.28453, 28.60609, 32.82, 132436.242, 1293217.63, 20.368
178, 1909.386, 2.38928, 104.0, 28.50281, 32.95, 130185.072, 1292638.786, 19.904
179, 1880.04, 2.19082, 103.30761, 28.4397, 31.952, 127955.218, 1292019.94, 19.112
180, 1850.884, 2.10465, 104.86188, 28.56059, 31.666, 125776.668, 1291355.554, 18.412
181, 1821.92, 1.9768, 105.86854, 28.22284, 31.334, 123604.994, 1290674.848, 17.746
182, 1793.814, 2.09615, 104.70183, 28.4195, 30.312, 121522.758, 1289914.604, 17.284
183, 1765.446, 1.97959, 108.11856, 28.34207, 30.53, 119417.432, 1289163.896, 16.674
184, 1737.876, 1.94272, 107.86241, 28.01822, 29.792, 117348.406, 1288390.832, 16.08
185, 1711.066, 1.90439, 106.64858, 28.08779, 28.916, 115339.284, 1287547.916, 15.448
186, 1684.29, 1.93367, 108.70712, 27.82524, 28.848, 113362.182, 1286682.37, 14.892
187, 1657.922, 1.81944, 109.16031, 28.08112, 28.3, 111400.176, 1285786.1, 14.27
188, 1631.844, 1.87154, 104.71063, 27.8162, 27.966, 109492.47, 1284847.322, 13.868
189, 1606.67, 1.88347, 109.64029, 28.06037, 26.948, 107649.286, 1283857.956, 13.484
190, 1581.048, 1.76984, 107.32436, 28.03621, 27.356, 105768.796, 1282900.022, 13.088
191, 1556.454, 1.79887, 111.65354, 27.74612, 26.234, 103965.106, 1281862.772, 12.718
192, 1532.276, 1.72917, 112.22031, 27.41564, 25.824, 102197.912, 1280782.182, 12.234
193, 1508.164, 1.71304, 112.18274, 27.44042, 25.544, 100440.042, 1279702.274, 11.984
194, 1484.346, 1.62286, 113.02817, 27.52025, 25.348, 98700.528, 1278601.864, 11.59
195, 1460.91, 1.68454, 114.04494, 27.66667, 24.872, 96981.67, 1277480.392, 11.222
196, 1438.208, 1.56748, 115.85127, 27.48986, 24.092, 95325.708, 1276302.868, 10.854
197, 1415.564, 1.60568, 113.94892, 27.97414, 23.966, 93673.774, 1275117.558, 10.55
198, 1393.366, 1.47213, 113.58575, 27.47843, 23.6, 92046.448, 1273900.454, 10.046
199, 1371.458, 1.55519, 115.86639, 27.4036, 23.214, 90452.866, 1272665.594, 9.698
200, 1349.564, 1.58804, 118.82845, 27.14437, 23.228, 88864.38, 1271433.266, 9.32
201, 1328.338, 1.49825, 121.07728, 27.24758, 22.414, 87321.404, 1270158.632, 8.986
202, 1307.234, 1.45645, 118.66029, 27.23992, 22.252, 85779.612, 1268880.36, 8.674
203, 1286.384, 1.43729, 118.86792, 27.2004, 21.996, 84264.958, 1267581.39, 8.376
204, 1265.762, 1.45318, 119.58763, 26.81897, 21.692, 82785.54, 1266241.902, 8.082
205, 1245.626, 1.40959, 123.56021, 26.84958, 21.136, 81349.768, 1264867.8, 7.846
206, 1225.804, 1.42857, 121.35135, 26.37416, 20.768, 79943.098, 1263461.664, 7.64
207, 1206.106, 1.37594, 125.13661, 27.08079, 20.698, 78531.228, 1262069.726, 7.372
208, 1186.782, 1.39669, 123.07692, 26.65625, 20.222, 77162.62, 1260629.632, 7.15
209, 1168.356, 1.43874, 130.21978, 26.64346, 19.366, 75850.668, 1259153.062, 6.9519
210, 1149.494, 1.39004, 127.76119, 26.57009, 19.826, 74485.442, 1257721.91, 6.6841
211, 1131.21, 1.36889, 125.64935, 26.27907, 19.132, 73179.144, 1256230.704, 6.4507
212, 1113.292, 1.3133, 128.10458, 26.43878, 18.722, 71906.666, 1254712.026, 6.22
213, 1095.246, 1.31731, 131.0219, 26.50975, 18.858, 70625.4, 1253205.518, 5.96794
214, 1077.762, 1.30769, 124.5098, 26.61942, 18.182, 69396.372, 1251659.586, 5.88176
215, 1060.334, 1.30137, 129.82456, 26.44595, 18.166, 68172.032, 1250104.998, 5.73642
216, 1043.166, 1.30244, 130.71161, 25.97135, 17.898, 66961.564, 1248542.478, 5.5504
217, 1026.258, 1.28922, 144.86692, 25.81102, 17.626, 65785.248, 1246958.532, 5.35685
218, 1009.622, 1.30151, 136.29344, 26.28895, 17.27, 64628.624, 1245353.484, 5.22938
219, 993.152, 1.23611, 141.1985, 25.75597, 17.174, 63482.236, 1243748.88, 5.04819
220, 977.128, 1.27568, 125.84746, 26.14478, 16.7, 62348.502, 1242118.122, 4.87273
221, 961.496, 1.27684, 134.95575, 25.97049, 16.228, 61247.294, 1240459.774, 4.73684
222, 945.87, 1.25143, 143.83562, 26.34603, 16.232, 60165.878, 1238791.966, 4.58537
223, 930.9, 1.23567, 134.02062, 25.75385, 15.522, 59110.418, 1237097.846, 4.40974
224, 915.88, 1.17143, 146.34146, 25.19, 15.576, 58068.94, 1235402.71, 4.27902
225, 901.302, 1.2, 146.66667, 26.42208, 15.152, 57057.304, 1233685.146, 4.11382
226, 886.732, 1.2, 151.04167, 25.56552, 15.11, 56037.412, 1231969.324, 3.95528
227, 872.604, 1.2963, 151.42857, 25.24528, 14.644, 55067.84, 1230221.16, 3.9134
228, 858.4, 1.28682, 158.43373, 25.5057, 14.702, 54088.702, 1228479.822, 3.76556
229, 844.752, 1.09091, 136.30952, 25.48908, 14.132, 53136.944, 1226705.574, 3.63466
230, 831.248, 1.11538, 147.58621, 25.53738, 13.942, 52185.858, 1224933.402, 3.49476
231, 817.842, 1.21918, 149.4382, 25.27444, 13.888, 51253.464, 1223164.352, 3.35565
232, 804.774, 1.20741, 147.23926, 25.32083, 13.474, 50354.864, 1221365.186, 3.31356
233, 791.758, 1.16935, 143.44828, 25.75, 13.396, 49456.668, 1219555.558, 3.23881
234, 779.294, 1.19531, 150.98039, 25.84848, 12.848, 48612.658, 1217703.762, 3.16916
235, 766.65, 1.12143, 164.33121, 25.15116, 13.046, 47757.898, 1215874.524, 3.06838
236, 754.08, 1.09924, 163.88889, 25.35593, 12.926, 46906.096, 1214044.394, 3.04121
237, 741.76, 1.10484, 145.25547, 25.0402, 12.69, 46058.76, 1212207.766, 2.89936
238, 729.592, 1.13208, 187.5, 24.28889, 12.486, 45231.22, 1210362.784, 2.85249
239, 717.772, 1.07921, 149.54128, 25.37423, 12.148, 44414.284, 1208497.87, 2.7451
240, 706.106, 1.1165, 171.30435, 24.90863, 11.954, 43623.5, 1206623.704, 2.68777
241, 694.882, 1.13636, 177.6, 25.14865, 11.556, 42850.648, 1204738.994, 2.61538
242, 683.48, 1.13542, 158.7156, 24.86127, 11.696, 42079.04, 1202853.264, 2.56
243, 672.554, 1.12088, 146.07843, 25.19463, 11.212, 41330.818, 1200942.084, 2.55402
244, 661.808, 1.16, 169.82759, 24.45178, 11.046, 40612.008, 1199021.06, 2.48157
245, 651.152, 1.11494, 156.70103, 25.55921, 10.976, 39885.344, 1197097.898, 2.35267
246, 640.596, 1.13636, 183.0, 25.3388, 10.822, 39189.208, 1195150.57, 2.28671
247, 630.5, 1.11688, 179.06977, 24.15584, 10.35, 38504.552, 1193200.406, 2.20657
248, 620.212, 1.06098, 188.50575, 25.5122, 10.496, 37827.872, 1191246.888, 2.18203
249, 609.992, 1.06329, 180.95238, 24.38816, 10.426, 37145.146, 1189301.812, 2.13712
250, 600.016, 1.11268, 187.34177, 24.87838, 10.21, 36477.746, 1187349.084, 2.10706
251, 590.428, 1.10811, 186.58537, 24.49673, 9.828, 35843.104, 1185365.308, 2.05459
252, 580.862, 1.14103, 213.48315, 24.32105, 9.778, 35217.148, 1183388.928, 2.03769
253, 571.596, 1.08219, 202.53165, 24.6875, 9.482, 34598.472, 1181406.232, 2.01028
254, 562.382, 1.07353, 195.89041, 24.00699, 9.448, 33980.804, 1179425.612, 1.95238
255, 553.084, 1.075, 219.76744, 24.07937, 9.502, 33377.256, 1177443.008, 1.92533
256, 543.952, 1.1, 197.4026, 24.02632, 9.324, 32772.554, 1175461.216, 1.87467
257, 534.89, 1.08696, 190.66667, 23.77622, 9.242, 32176.094, 1173473.144, 1.8445
258, 526.308, 1.06579, 213.58025, 24.36994, 8.76, 31616.188, 1171460.164, 1.85286
259, 517.672, 1.08197, 213.63636, 24.61702, 8.794, 31054.692, 1169450.128, 1.86313
260, 509.246, 1.05263, 228.33333, 24.10219, 8.574, 30502.338, 1167436.736, 1.85511
261, 500.982, 1.05357, 261.01695, 24.22727, 8.418, 29967.146, 1165410.372, 1.81429
262, 493.034, 1.08, 188.88889, 23.60784, 8.108, 29444.162, 1163368.926, 1.8125
263, 485.058, 1.01724, 252.54237, 23.04698, 8.124, 28930.988, 1161334.646, 1.77844
264, 477.42, 1.06, 201.88679, 25.00935, 7.778, 28431.326, 1159281.948, 1.73273
265, 469.744, 1.03636, 184.21053, 23.4381, 7.852, 27920.37, 1157243.274, 1.66972
266, 462.0, 1.07843, 241.81818, 23.27068, 7.876, 27424.004, 1155205.424, 1.6411
267, 454.528, 1.01818, 262.5, 23.19728, 7.61, 26945.858, 1153155.388, 1.63125
268, 447.154, 1.07895, 202.43902, 24.78313, 7.532, 26464.142, 1151110.24, 1.61333
269, 439.782, 1.04167, 228.0, 24.36842, 7.501, 25984.948, 1149064.676, 1.57947
270, 432.442, 1.03704, 250.0, 22.76429, 7.436, 25526.784, 1147007.066, 1.56958
271, 425.45, 1.02703, 223.68421, 23.42353, 7.108, 25068.72, 1144948.816, 1.57095
272, 418.388, 1.03774, 254.54545, 22.40714, 7.2024, 24624.876, 1142889.428, 1.54915
273, 411.57, 1.02632, 266.66667, 23.38462, 6.918, 24185.688, 1140825.884, 1.50676
274, 405.068, 1.0, 255.55556, 22.55652, 6.64458, 23770.99, 1138742.878, 1.44333
275, 398.268, 1.08333, 233.33333, 23.17582, 6.91, 23327.684, 1136691.346, 1.43299
276, 391.676, 1.04167, 284.0, 22.64789, 6.71743, 22903.448, 1134623.492, 1.43494
277, 385.488, 1.0, 321.73913, 22.83784, 6.31124, 22498.626, 1132539.206, 1.38996
278, 379.11, 1.0, 340.0, 22.70588, 6.4759, 22100.954, 1130462.586, 1.37023
279, 373.108, 1.03226, 493.75, 22.06329, 6.112, 21727.348, 1128377.488, 1.36032
280, 367.026, 1.02564, 327.5, 23.31298, 6.19238, 21346.624, 1126297.288, 1.32927
281, 361.0, 1.0, 332.0, 22.43373, 6.106, 20962.518, 1124219.348, 1.32203
282, 355.018, 1.0, 272.0, 23.64706, 6.11446, 20578.892, 1122141.396, 1.26339
283, 349.262, 1.03571, 393.10345, 22.92105, 5.87702, 20221.446, 1120051.59, 1.24434
284, 343.47, 1.0, 282.75862, 22.73171, 5.886, 19849.512, 1117973.748, 1.24155
285, 337.844, 1.0, 415.0, 23.12048, 5.70942, 19500.492, 1115883.15, 1.18137
286, 332.238, 1.03448, 256.66667, 22.1039, 5.68072, 19147.53, 1113796.12, 1.18932
287, 326.77, 1.0, 410.71429, 22.84348, 5.54217, 18812.866, 1111706.644, 1.19903
288, 321.402, 1.04167, 288.0, 22.18056, 5.46881, 18476.976, 1109614.082, 1.22051
289, 315.998, 1.0, 333.33333, 22.44286, 5.51008, 18138.244, 1107531.85, 1.2
290, 310.828, 1.03704, 342.85714, 23.11458, 5.30303, 17819.846, 1105434.058, 1.24855
291, 305.698, 1.11111, 255.0, 22.45098, 5.182, 17482.362, 1103356.864, 1.28049
292, 300.826, 1.05, 280.95238, 23.18644, 4.96169, 17179.366, 1101249.434, 1.24096
293, 295.756, 1.05, 395.2381, 22.42169, 5.1697, 16868.96, 1099156.894, 1.26875
294, 290.738, 1.0, 427.27273, 22.12766, 5.14228, 16566.788, 1097062.41, 1.25926
295, 285.872, 1.0, 280.0, 22.19643, 4.94153, 16266.432, 1094965.842, 1.2956
296, 281.216, 1.04762, 227.27273, 22.26, 4.76923, 15978.728, 1092858.672, 1.33333
297, 276.774, 1.05556, 378.94737, 21.86111, 4.58045, 15703.24, 1090751.946, 1.27333
298, 272.29, 1.0625, 470.58824, 22.8375, 4.5625, 15428.152, 1088654.336, 1.27211
299, 267.848, 1.0, 357.14286, 22.52, 4.54564, 15160.01, 1086554.238, 1.27027
300, 263.44, 1.0, 342.85714, 22.41667, 4.5081, 14887.868, 1084454.78, 1.21769
301, 259.14, 1.0, 650.0, 21.04615, 4.39192, 14625.732, 1082357.002, 1.21324
302, 254.922, 1.0, 300.0, 22.0, 4.3313, 14363.214, 1080251.74, 1.17829
303, 250.82, 1.0, 316.66667, 22.50877, 4.21996, 14114.286, 1078152.696, 1.15504
304, 246.52, 1.0, 358.33333, 21.95349, 4.39192, 13841.79, 1076079.75, 1.13223
305, 242.514, 1.0, 360.0, 21.16667, 4.10366, 13594.1, 1073979.714, 1.15929
306, 238.558, 1.0, 240.0, 23.58333, 4.04665, 13353.272, 1071877.11, 1.12174
307, 234.7, 1.0, 270.58824, 22.1087, 3.97143, 13117.706, 1069776.098, 1.09322
308, 230.802, 1.0, 408.69565, 21.70213, 4.04107, 12884.818, 1067690.564, 1.12712
309, 226.826, 1.0, 236.36364, 21.57692, 4.10838, 12636.98, 1065611.718, 1.17143
310, 223.066, 1.0, 833.33333, 21.36, 3.96234, 12423.948, 1063513.462, 1.15238
311, 219.452, 1.0, 400.0, 22.88462, 3.75052, 12204.686, 1061424.91, 1.0991
312, 215.908, 1.0, 314.28571, 22.36364, 3.67423, 11982.492, 1059329.36, 1.10185
313, 212.434, 1.11111, 370.0, 22.45946, 3.57637, 11770.054, 1057233.538, 1.08911
314, 208.846, 1.0, 453.84615, 20.61017, 3.65587, 11552.486, 1055153.766, 1.07767
315, 205.498, 1.0, 371.42857, 21.5, 3.51042, 11345.474, 1053062.834, 1.04902
316, 202.084, 1.0, 442.85714, 22.32258, 3.55579, 11134.402, 1050981.232, 1.04167
317, 198.824, 1.0, 414.28571, 22.72414, 3.43841, 10939.696, 1048888.11, 1.05882
318, 195.464, 1.07692, 671.42857, 20.85106, 3.51033, 10751.21, 1046807.75, 1.0625
319, 192.246, 1.0, 283.33333, 22.52941, 3.34504, 10555.79, 1044722.978, 1.06579
320, 189.034, 1.0, 328.57143, 20.95652, 3.31352, 10361.348, 1042643.414, 1.08451
321, 185.926, 1.0, 171.42857, 18.08333, 3.27406, 10171.842, 1040565.804, 1.07353
322, 182.89, 1.0, 428.57143, 19.53333, 3.26824, 9986.766, 1038485.758, 1.08696
323, 179.7, 1.0, 740.0, 21.02703, 3.38186, 9799.648, 1036428.592, 1.11594
324, 176.642, 1.0, 450.0, 22.77778, 3.26216, 9618.73, 1034352.342, 1.09836
325, 173.826, 1.0, 675.0, 21.68519, 3.05172, 9453.666, 1032271.85, 1.11667
326, 170.896, 1.0, 985.71429, 21.44928, 3.11653, 9289.412, 1030200.208, 1.13333
327, 168.06, 1.0, 620.0, 20.29032, 3.08658, 9121.734, 1028133.922, 1.16071
328, 165.348, 1.0, 180.0, 22.11111, 2.9568, 8958.966, 1026056.868, 1.05556
329, 162.71, 1.0, 566.66667, 20.41176, 2.88478, 8800.292, 1023986.208, 1.06122
330, 159.994, 1.0, 400.0, 20.6875, 2.91453, 8629.19, 1021923.914, 1.04167
331, 157.316, 1.0, 500.0, 20.88, 2.87821, 8470.304, 1019858.702, 1.04444
332, 154.706, 1.0, 700.0, 21.28571, 2.82328, 8317.734, 1017800.204, 1.06818
333, 152.074, 1.0, 733.33333, 20.34091, 2.89083, 8164.24, 1015747.742, 1.07143
334, 149.578, 1.25, 700.0, 19.42857, 2.718, 8021.14, 1013687.294, 1.09756
335, 147.106, 1.0, 1100.0, 20.18182, 2.66167, 7881.23, 1011630.918, 1.10256
336, 144.712, 1.0, 175.0, 19.14286, 2.66372, 7740.514, 1009572.338, 1.08108
337, 142.32, 1.0, 166.66667, 21.8, 2.66075, 7602.57, 1007518.258, 1.02632
338, 139.986, 1.0, 720.0, 19.52778, 2.63371, 7471.136, 1005463.702, 1.08333
339, 137.648, 1.0, 240.0, 23.16667, 2.61024, 7333.86, 1003417.224, 1.10811
340, 135.384, 1.0, 233.33333, 21.14286, 2.51214, 7194.322, 1001373.956, 1.11765
341, 133.198, 1.0, 600.0, 20.19444, 2.50801, 7064.852, 999336.132, 1.07895
342, 131.014, 1.0, 400.0, 21.33333, 2.45964, 6932.024, 997301.47, 1.08333
343, 128.828, 1.0, 442.85714, 18.87097, 2.51716, 6807.718, 995265.576, 1.05405
344, 126.702, 1.0, 1200.0, 19.58333, 2.43736, 6689.052, 993226.93, 1.0625
345, 124.548, 1.0, 625.0, 20.76, 2.46136, 6570.622, 991190.804, 1.03226
346, 122.53, 1.0, 1175.0, 19.34043, 2.34259, 6461.256, 989156.768, 1.0
347, 120.404, 1.0, 1100.0, 21.30303, 2.45853, 6347.048, 987135.888, 1.0
348, 118.42, 1.0, 800.0, 22.1875, 2.29425, 6227.974, 985117.726, 1.0
349, 116.45, 1.0, 1260.0, 19.38095, 2.29002, 6129.528, 983090.836, 1.0
350, 114.574, 1.0, 300.0, 18.33333, 2.20141, 6018.5, 981068.224, 1.02778
351, 112.718, 1.0, 933.33333, 17.96429, 2.15741, 5917.37, 979047.472, 1.02857
352, 110.906, 1.0, 700.0, 21.42857, 2.20097, 5800.124, 977037.89, 1.0303
353, 109.15, 1.0, 1100.0, 20.18182, 2.05581, 5701.792, 975019.41, 1.03571
354, 107.36, 1.0, 950.0, 20.15789, 2.14833, 5603.866, 973006.882, 1.03704
355, 105.538, 1.0, 250.0, 18.8, 2.19185, 5496.816, 971003.63, 1.03846
356, 103.744, 1.0, 1050.0, 20.02381, 2.12766, 5404.458, 968994.456, 1.07692
357, 101.968, 1.0, 900.0, 21.72222, 2.19656, 5299.57, 967003.556, 1.0
358, 100.232, 1.0, 200.0, 25.0, 2.13447, 5197.78, 965004.644, 1.0
359, 98.59, 0.0, 0.0, 0.0, 2.04975, 5097.682, 963010.832, 1.0
360, 96.968, 1.0, 1000.0, 18.83333, 2.04762, 5008.614, 961018.424, 1.07692
361, 95.344, 0.0, 0.0, 0.0, 2.0529, 4915.856, 959022.02, 1.0
362, 93.768, 1.0, 100.0, 18.0, 1.99747, 4821.952, 957037.074, 1.0
363, 92.138, 1.0, 550.0, 18.72727, 2.05542, 4731.844, 955056.218, 1.0
364, 90.56, 1.0, 900.0, 20.77778, 1.98744, 4645.672, 953071.724, 1.0
365, 89.014, 1.0, 600.0, 18.33333, 1.935, 4559.852, 951090.464, 1.0
366, 87.524, 1.0, 3300.0, 18.24242, 1.89594, 4480.57, 949115.884, 1.0
367, 86.064, 1.0, 433.33333, 18.84615, 1.89378, 4401.758, 947137.366, 1.0
368, 84.616, 1.0, 300.0, 21.33333, 1.81, 4323.134, 945161.684, 1.0
369, 83.272, 1.0, 550.0, 19.54545, 1.79467, 4248.282, 943191.272, 1.0
370, 81.864, 1.0, 550.0, 16.63636, 1.86544, 4170.084, 941226.768, 1.0
371, 80.564, 1.0, 700.0, 16.42857, 1.7663, 4099.102, 939259.312, 1.0
372, 79.258, 1.0, 1900.0, 18.42105, 1.7967, 4024.222, 937299.184, 1.0
373, 77.972, 1.0, 1450.0, 18.17241, 1.80952, 3960.168, 935338.68, 1.0
374, 76.768, 1.0, 533.33333, 17.3125, 1.675, 3892.762, 933383.8, 1.0
375, 75.544, 0.0, 0.0, 0.0, 1.69806, 3824.918, 931429.806, 1.0
376, 74.348, 1.0, 1966.66667, 19.32203, 1.64384, 3767.514, 929479.288, 1.0
377, 73.062, 0.0, 0.0, 0.0, 1.77961, 3698.59, 927528.756, 1.0
378, 71.918, 0.0, 0.0, 0.0, 1.65418, 3634.428, 925581.94, 1.0
379, 70.766, 1.0, 725.0, 18.75862, 1.66092, 3576.064, 923642.014, 1.0
380, 69.638, 1.0, 150.0, 14.33333, 1.64244, 3507.824, 921710.296, 1.0
381, 68.51, 0.0, 0.0, 0.0, 1.70695, 3437.98, 919783.612, 1.0
382, 67.424, 1.0, 300.0, 21.0, 1.68421, 3379.13, 917847.258, 1.0
383, 66.334, 1.0, 1500.0, 17.63333, 1.64264, 3323.196, 915918.082, 1.0
384, 65.26, 1.0, 2500.0, 16.28, 1.61862, 3270.242, 913991.768, 1.0
385, 64.23, 1.0, 1000.0, 20.8, 1.57012, 3210.978, 912071.548, 1.0
386, 63.166, 1.0, 1333.33333, 19.525, 1.66875, 3161.598, 910150.002, 1.0
387, 62.12, 0.0, 0.0, 0.0, 1.63438, 3104.442, 908232.858, 1.0
388, 61.078, 1.0, 100.0, 20.0, 1.57229, 3044.122, 906329.708, 1.0
389, 60.06, 1.0, 1100.0, 17.63636, 1.55758, 2992.552, 904425.464, 1.0
390, 59.078, 0.0, 0.0, 0.0, 1.63245, 2942.784, 902514.788, 1.0
391, 58.09, 1.0, 100.0, 23.0, 1.61765, 2887.13, 900619.348, 1.0
392, 57.09, 1.0, 200.0, 18.5, 1.59554, 2830.886, 898725.442, 1.0
393, 56.142, 1.0, 1750.0, 19.65714, 1.57096, 2785.658, 896831.812, 1.0
394, 55.188, 0.0, 0.0, 0.0, 1.5487, 2734.452, 894943.586, 1.0
395, 54.318, 0.0, 0.0, 0.0, 1.49828, 2687.792, 893052.194, 1.0
396, 53.46, 1.0, 700.0, 19.0, 1.49135, 2642.178, 891167.592, 1.0
397, 52.502, 0.0, 0.0, 0.0, 1.58609, 2589.094, 889290.508, 1.0
398, 51.7, 1.0, 800.0, 16.5, 1.44086, 2548.884, 887410.374, 1.0
399, 50.858, 1.0, 3850.0, 18.16883, 1.51254, 2515.268, 885538.764, 1.0
400, 50.024, 1.0, 1300.0, 16.23077, 1.48227, 2464.146, 883679.288, 1.0
401, 49.186, 1.0, 6775.0, 17.53506, 1.43197, 2472.536, 881816.12, 1.0
402, 48.418, 0.0, 0.0, 0.0, 1.38989, 2430.562, 879952.988, 1.0
403, 47.626, 0.0, 0.0, 0.0, 1.43682, 2376.618, 878100.788, 1.0
404, 46.814, 1.0, 1400.0, 18.57143, 1.43972, 2326.6, 876253.456, 1.0
405, 46.03, 0.0, 0.0, 0.0, 1.4, 2281.374, 874404.438, 1.0
406, 45.322, 1.0, 1600.0, 15.9375, 1.40316, 2245.768, 872554.556, 1.0
407, 44.584, 1.0, 1800.0, 18.77778, 1.4879, 2210.632, 870705.864, 1.0
408, 43.868, 0.0, 0.0, 0.0, 1.3861, 2171.98, 868857.496, 1.0
409, 43.098, 0.0, 0.0, 0.0, 1.4566, 2132.55, 867020.564, 1.0
410, 42.394, 0.0, 0.0, 0.0, 1.40637, 2094.868, 865181.656, 1.0
411, 41.668, 0.0, 0.0, 0.0, 1.43359, 2058.136, 863347.206, 1.0
412, 40.96, 1.0, 800.0, 18.625, 1.416, 2025.294, 861516.306, 1.0
413, 40.32, 0.0, 0.0, 0.0, 1.34454, 1990.592, 859686.55, 1.0
414, 39.672, 1.0, 7100.0, 17.47887, 1.35983, 1969.316, 857859.224, 1.0
415, 39.024, 0.0, 0.0, 0.0, 1.35565, 1936.59, 856041.52, 1.0
416, 38.358, 0.0, 0.0, 0.0, 1.40928, 1902.212, 854225.782, 1.0
417, 37.73, 0.0, 0.0, 0.0, 1.39823, 1869.874, 852406.522, 1.0
418, 37.13, 0.0, 0.0, 0.0, 1.36818, 1822.612, 850609.046, 1.0
419, 36.5, 0.0, 0.0, 0.0, 1.32911, 1788.94, 848805.234, 1.0
420, 35.904, 0.0, 0.0, 0.0, 1.31858, 1744.434, 847012.022, 1.0
421, 35.308, 0.0, 0.0, 0.0, 1.27234, 1706.932, 845221.384, 0.0
422, 34.722, 1.0, 900.0, 17.66667, 1.27948, 1678.106, 843425.98, 1.0
423, 34.172, 0.0, 0.0, 0.0, 1.25, 1645.528, 841634.9, 1.0
424, 33.614, 0.0, 0.0, 0.0, 1.30986, 1618.298, 839843.2, 1.0
425, 33.096, 1.0, 1300.0, 16.0, 1.23333, 1591.5, 838060.558, 1.0
426, 32.494, 0.0, 0.0, 0.0, 1.36818, 1562.018, 836278.408, 1.0
427, 31.972, 0.0, 0.0, 0.0, 1.31818, 1535.264, 834497.054, 1.0
428, 31.466, 0.0, 0.0, 0.0, 1.28426, 1487.764, 832741.272, 1.0
429, 30.942, 0.0, 0.0, 0.0, 1.29703, 1456.52, 830972.072, 1.0
430, 30.456, 0.0, 0.0, 0.0, 1.22727, 1430.462, 829200.722, 1.0
431, 29.994, 0.0, 0.0, 0.0, 1.25543, 1404.694, 827431.69, 1.0
432, 29.542, 0.0, 0.0, 0.0, 1.25414, 1381.868, 825669.034, 1.0
433, 29.07, 0.0, 0.0, 0.0, 1.25532, 1357.904, 823913.014, 1.0
434, 28.638, 0.0, 0.0, 0.0, 1.27811, 1335.276, 822155.586, 1.0
435, 28.168, 0.0, 0.0, 0.0, 1.24211, 1303.672, 820411.184, 0.0
436, 27.696, 0.0, 0.0, 0.0, 1.26882, 1278.05, 818666.224, 0.0
437, 27.22, 0.0, 0.0, 0.0, 1.24607, 1253.224, 816920.678, 0.0
438, 26.802, 0.0, 0.0, 0.0, 1.32278, 1231.932, 815178.226, 0.0
439, 26.378, 0.0, 0.0, 0.0, 1.25444, 1209.706, 813440.23, 0.0
440, 25.996, 1.0, 6500.0, 17.30769, 1.19375, 1202.402, 811702.934, 1.0
441, 25.57, 1.0, 3500.0, 16.77143, 1.21714, 1184.54, 809976.574, 1.0
442, 25.134, 0.0, 0.0, 0.0, 1.23034, 1154.238, 808257.162, 1.0
443, 24.722, 0.0, 0.0, 0.0, 1.2561, 1132.99, 806533.806, 1.0
444, 24.316, 1.0, 15100.0, 15.69536, 1.2378, 1143.464, 804808.388, 1.0
445, 23.932, 0.0, 0.0, 0.0, 1.19255, 1122.39, 803095.324, 1.0
446, 23.518, 0.0, 0.0, 0.0, 1.25455, 1102.318, 801381.146, 1.0
447, 23.13, 0.0, 0.0, 0.0, 1.23567, 1083.434, 799666.328, 1.0
448, 22.742, 0.0, 0.0, 0.0, 1.11494, 1064.688, 797960.532, 1.0
449, 22.316, 0.0, 0.0, 0.0, 1.22414, 1045.778, 796255.778, 1.0
450, 21.96, 1.0, 1000.0, 17.5, 1.19333, 1032.106, 794555.148, 1.0
451, 21.634, 0.0, 0.0, 0.0, 1.18116, 1012.268, 792860.634, 1.0
452, 21.248, 0.0, 0.0, 0.0, 1.14881, 994.666, 791164.136, 1.0
453, 20.93, 0.0, 0.0, 0.0, 1.23256, 980.006, 789471.216, 1.0
454, 20.6, 1.0, 6300.0, 16.15873, 1.18571, 975.766, 787784.122, 1.0
455, 20.248, 0.0, 0.0, 0.0, 1.25714, 958.536, 786096.634, 1.0
456, 19.876, 0.0, 0.0, 0.0, 1.1625, 939.916, 784416.76, 1.0
457, 19.556, 0.0, 0.0, 0.0, 1.13475, 925.586, 782737.944, 1.0
458, 19.252, 0.0, 0.0, 0.0, 1.13433, 910.954, 781065.51, 1.0
459, 18.942, 0.0, 0.0, 0.0, 1.17424, 893.55, 779396.068, 1.0
460, 18.638, 0.0, 0.0, 0.0, 1.14925, 866.768, 777741.932, 0.0
461, 18.354, 0.0, 0.0, 0.0, 1.15447, 852.02, 776079.304, 0.0
462, 18.028, 0.0, 0.0, 0.0, 1.18116, 837.01, 774418.45, 0.0
463, 17.758, 0.0, 0.0, 0.0, 1.14407, 821.058, 772762.59, 0.0
464, 17.428, 1.0, 2200.0, 15.63636, 1.15385, 809.696, 771107.674, 1.0
465, 17.158, 0.0, 0.0, 0.0, 1.10656, 796.426, 769456.098, 1.0
466, 16.882, 0.0, 0.0, 0.0, 1.09524, 783.486, 767808.244, 1.0
467, 16.612, 0.0, 0.0, 0.0, 1.18421, 767.626, 766171.222, 1.0
468, 16.392, 0.0, 0.0, 0.0, 1.15789, 743.984, 764539.038, 1.0
469, 16.092, 0.0, 0.0, 0.0, 1.14504, 723.27, 762908.97, 1.0
470, 15.892, 0.0, 0.0, 0.0, 1.0989, 713.892, 761270.122, 1.0
471, 15.6, 1.0, 2600.0, 15.42308, 1.13178, 706.194, 759640.826, 1.0
472, 15.322, 0.0, 0.0, 0.0, 1.13008, 690.996, 758014.85, 1.0
473, 15.066, 0.0, 0.0, 0.0, 1.13158, 670.838, 756397.944, 1.0
474, 14.83, 1.0, 2900.0, 15.13793, 1.09174, 666.46, 754772.732, 1.0
475, 14.572, 0.0, 0.0, 0.0, 1.13158, 653.606, 753156.296, 1.0
476, 14.308, 0.0, 0.0, 0.0, 1.21101, 641.714, 751539.876, 1.0
477, 14.034, 0.0, 0.0, 0.0, 1.14167, 629.926, 749927.998, 1.0
478, 13.788, 0.0, 0.0, 0.0, 1.13889, 618.652, 748322.164, 1.0
479, 13.576, 0.0, 0.0, 0.0, 1.15217, 608.91, 746718.362, 1.0
480, 13.348, 0.0, 0.0, 0.0, 1.07547, 599.44, 745119.832, 1.0
481, 13.146, 0.0, 0.0, 0.0, 1.12222, 590.466, 743519.5, 1.0
482, 12.934, 0.0, 0.0, 0.0, 1.11579, 576.414, 741930.5, 1.0
483, 12.728, 0.0, 0.0, 0.0, 1.09574, 567.25, 740337.182, 1.0
484, 12.504, 1.0, 1400.0, 14.0, 1.08654, 558.466, 738752.608, 1.0
485, 12.316, 0.0, 0.0, 0.0, 1.06818, 550.186, 737166.912, 1.0
486, 12.124, 0.0, 0.0, 0.0, 1.09091, 540.69, 735587.728, 1.0
487, 11.932, 0.0, 0.0, 0.0, 1.10345, 531.466, 734009.68, 1.0
488, 11.738, 0.0, 0.0, 0.0, 1.07778, 521.944, 732434.546, 1.0
489, 11.524, 1.0, 9600.0, 14.15625, 1.07, 532.142, 730862.62, 1.0
490, 11.35, 0.0, 0.0, 0.0, 1.11538, 525.046, 729295.49, 1.0
491, 11.184, 0.0, 0.0, 0.0, 1.09211, 514.962, 727731.822, 1.0
492, 11.0, 0.0, 0.0, 0.0, 1.12195, 504.578, 726170.088, 1.0
493, 10.842, 0.0, 0.0, 0.0, 1.12857, 497.74, 724611.02, 1.0
494, 10.686, 0.0, 0.0, 0.0, 1.08219, 488.44, 723059.306, 1.0
495, 10.494, 0.0, 0.0, 0.0, 1.06667, 453.928, 721532.918, 1.0
496, 10.316, 0.0, 0.0, 0.0, 1.1125, 446.608, 719985.452, 1.0
497, 10.152, 0.0, 0.0, 0.0, 1.10811, 439.982, 718438.214, 1.0
498, 9.998, 0.0, 0.0, 0.0, 1.11594, 433.108, 716894.184, 1.0
499, 9.86, 0.0, 0.0, 0.0, 1.04478, 427.068, 715353.27, 0.0
500, 9.694, 0.0, 0.0, 0.0, 1.05063, 420.288, 713816.66, 0.0
501, 9.506, 0.0, 0.0, 0.0, 1.175, 411.164, 712283.182, 0.0
502, 9.326, 0.0, 0.0, 0.0, 1.07143, 404.6, 710753.196, 0.0
503, 9.164, 0.0, 0.0, 0.0, 1.06579, 397.686, 709225.756, 0.0
504, 9.024, 0.0, 0.0, 0.0, 1.07692, 390.244, 707707.77, 0.0
505, 8.878, 0.0, 0.0, 0.0, 1.05797, 383.928, 706183.476, 0.0
506, 8.746, 0.0, 0.0, 0.0, 1.1, 378.094, 704666.76, 0.0
507, 8.598, 0.0, 0.0, 0.0, 1.07246, 372.356, 703149.744, 0.0
508, 8.452, 0.0, 0.0, 0.0, 1.01389, 365.884, 701640.25, 0.0
509, 8.296, 0.0, 0.0, 0.0, 1.08333, 354.506, 700137.852, 0.0
510, 8.162, 0.0, 0.0, 0.0, 1.09836, 331.024, 698651.63, 0.0
511, 8.04, 0.0, 0.0, 0.0, 1.0339, 325.788, 697147.002, 0.0
512, 7.936, 0.0, 0.0, 0.0, 1.04, 321.36, 695651.826, 0.0
513, 7.808, 0.0, 0.0, 0.0, 1.01587, 316.736, 694156.094, 0.0
514, 7.69, 0.0, 0.0, 0.0, 1.05357, 311.748, 692661.65, 0.0
515, 7.568, 0.0, 0.0, 0.0, 1.15094, 306.506, 691174.1, 0.0
516, 7.438, 0.0, 0.0, 0.0, 1.03175, 301.42, 689687.008, 0.0
517, 7.328, 0.0, 0.0, 0.0, 1.1, 293.28, 688203.59, 0.0
518, 7.196, 0.0, 0.0, 0.0, 1.03125, 288.158, 686728.77, 0.0
519, 7.066, 0.0, 0.0, 0.0, 1.04839, 282.858, 685251.384, 0.0
520, 6.942, 0.0, 0.0, 0.0, 1.05085, 277.892, 683779.58, 0.0
521, 6.86172, 0.0, 0.0, 0.0, 1.02174, 273.46493, 682314.174, 0.0
522, 6.73747, 0.0, 0.0, 0.0, 1.08772, 268.25451, 680846.17435, 0.0
523, 6.60922, 0.0, 0.0, 0.0, 1.06667, 252.71944, 679388.34269, 0.0
524, 6.52906, 0.0, 0.0, 0.0, 1.02564, 247.29459, 677929.06613, 0.0
525, 6.44578, 0.0, 0.0, 0.0, 1.02128, 244.13253, 676471.20441, 0.0
526, 6.32932, 0.0, 0.0, 0.0, 1.07407, 239.749, 675009.39558, 0.0
527, 6.21486, 0.0, 0.0, 0.0, 1.1875, 235.21486, 673555.79116, 0.0
528, 6.11647, 0.0, 0.0, 0.0, 1.06522, 231.69277, 672106.32731, 0.0
529, 6.02811, 0.0, 0.0, 0.0, 1.07317, 228.05422, 670659.24498, 0.0
530, 5.94578, 0.0, 0.0, 0.0, 1.025, 224.7992, 669215.44578, 0.0
531, 5.83936, 0.0, 0.0, 0.0, 1.10417, 219.84137, 667777.33534, 0.0
532, 5.751, 0.0, 0.0, 0.0, 1.0, 216.27912, 666339.12249, 0.0
533, 5.64659, 0.0, 0.0, 0.0, 1.15556, 212.71888, 664902.14257, 0.0
534, 5.55622, 0.0, 0.0, 0.0, 1.02273, 209.28715, 663474.01004, 0.0
535, 5.4498, 0.0, 0.0, 0.0, 1.01923, 205.30522, 662048.5502, 0.0
536, 5.36821, 0.0, 0.0, 0.0, 1.09524, 201.79276, 660621.92169, 0.0
537, 5.27565, 0.0, 0.0, 0.0, 1.06977, 197.96781, 659192.53924, 0.0
538, 5.20968, 0.0, 0.0, 0.0, 1.02703, 195.70363, 657772.5996, 0.0
539, 5.11492, 0.0, 0.0, 0.0, 1.06818, 192.02419, 656354.32056, 0.0
540, 5.04839, 0.0, 0.0, 0.0, 1.1, 189.31452, 654944.95766, 0.0
541, 4.99595, 0.0, 0.0, 0.0, 1.05882, 187.13968, 653536.59677, 0.0
542, 4.92915, 0.0, 0.0, 0.0, 1.03125, 184.37247, 652131.36437, 0.0
543, 4.84413, 0.0, 0.0, 0.0, 1.05, 181.7753, 650725.89271, 0.0
544, 4.77688, 0.0, 0.0, 0.0, 1.02703, 179.00203, 649327.96356, 0.0
545, 4.70994, 0.0, 0.0, 0.0, 1.06452, 173.91278, 647929.74848, 0.0
546, 4.63618, 0.0, 0.0, 0.0, 1.07895, 170.96341, 646539.04665, 0.0
547, 4.57841, 0.0, 0.0, 0.0, 1.06452, 168.56619, 645153.86382, 0.0
548, 4.53484, 0.0, 0.0, 0.0, 1.06061, 166.21926, 643761.5112, 0.0
549, 4.43852, 0.0, 0.0, 0.0, 1.02174, 162.625, 642377.16393, 0.0
550, 4.3642, 0.0, 0.0, 0.0, 1.02273, 158.30247, 640997.33607, 0.0
551, 4.29012, 0.0, 0.0, 0.0, 1.05882, 155.41358, 639618.66255, 0.0
552, 4.21443, 0.0, 0.0, 0.0, 1.025, 152.68866, 638238.31276, 0.0
553, 4.14227, 0.0, 0.0, 0.0, 1.02941, 150.14845, 636858.12577, 0.0
554, 4.09278, 0.0, 0.0, 0.0, 1.0, 148.28041, 635486.41237, 0.0
555, 4.00825, 0.0, 0.0, 0.0, 1.0, 144.08866, 634121.38557, 0.0
556, 3.92562, 0.0, 0.0, 0.0, 1.02326, 141.23554, 632760.23711, 0.0
557, 3.85507, 0.0, 0.0, 0.0, 1.05556, 138.40373, 631370.23967, 0.0
558, 3.7817, 0.0, 0.0, 0.0, 1.04878, 135.921, 630010.10973, 0.0
559, 3.73181, 0.0, 0.0, 0.0, 1.04348, 133.91476, 628654.03326, 0.0
560, 3.68399, 0.0, 0.0, 0.0, 1.0, 132.13098, 627300.16424, 0.0
561, 3.63542, 0.0, 0.0, 0.0, 1.0, 130.34583, 625949.36798, 0.0
562, 3.56667, 0.0, 0.0, 0.0, 1.0, 127.40833, 624598.38542, 0.0
563, 3.52092, 0.0, 0.0, 0.0, 1.03571, 125.45188, 623256.79792, 0.0
564, 3.46751, 0.0, 0.0, 0.0, 1.0, 123.28092, 621912.56485, 0.0
565, 3.43908, 0.0, 0.0, 0.0, 1.0, 122.2437, 620576.38365, 0.0
566, 3.38947, 0.0, 0.0, 0.0, 1.03846, 119.67158, 619243.09244, 0.0
567, 3.33755, 0.0, 0.0, 0.0, 1.07692, 118.07595, 617909.24632, 0.0
568, 3.2981, 0.0, 0.0, 0.0, 1.04762, 116.82241, 616578.37975, 0.0
569, 3.25581, 0.0, 0.0, 0.0, 1.05263, 115.30655, 615252.26216, 0.0
570, 3.19703, 0.0, 0.0, 0.0, 1.0, 113.0911, 613930.63636, 0.0
571, 3.15745, 0.0, 0.0, 0.0, 1.13636, 111.39362, 612610.44492, 0.0
572, 3.11514, 0.0, 0.0, 0.0, 1.0, 107.71429, 611291.33617, 0.0
573, 3.06197, 0.0, 0.0, 0.0, 1.03704, 106.08333, 609980.57569, 0.0
574, 3.01285, 0.0, 0.0, 0.0, 1.08333, 104.22912, 608666.02778, 0.0
575, 2.9743, 0.0, 0.0, 0.0, 1.05882, 103.05996, 607357.78373, 0.0
576, 2.93133, 0.0, 0.0, 0.0, 1.0, 101.51502, 606049.99358, 0.0
577, 2.89849, 0.0, 0.0, 0.0, 1.0, 100.40821, 604754.90343, 0.0
578, 2.85683, 0.0, 0.0, 0.0, 1.0, 98.99783, 603455.47516, 0.0
579, 2.81345, 0.0, 0.0, 0.0, 1.0, 97.3731, 602137.2603, 0.0
580, 2.78821, 0.0, 0.0, 0.0, 1.0, 96.52838, 600842.67896, 0.0
581, 2.75551, 0.0, 0.0, 0.0, 1.04, 95.4163, 599541.5655, 0.0
582, 2.69163, 0.0, 0.0, 0.0, 1.0, 93.54185, 598240.70485, 0.0
583, 2.65487, 0.0, 0.0, 0.0, 1.0, 92.26106, 596955.21366, 0.0
584, 2.61333, 0.0, 0.0, 0.0, 1.14286, 91.14444, 595661.94027, 0.0
585, 2.57623, 0.0, 0.0, 0.0, 1.03846, 90.02466, 594379.94889, 0.0
586, 2.53363, 0.0, 0.0, 0.0, 1.0, 88.44395, 593094.91928, 0.0
587, 2.50339, 0.0, 0.0, 0.0, 1.0, 86.95937, 591820.66816, 0.0
588, 2.4726, 0.0, 0.0, 0.0, 1.0, 86.13014, 590552.12867, 0.0
589, 2.46207, 0.0, 0.0, 0.0, 1.0, 86.05287, 589288.37671, 0.0
590, 2.42791, 0.0, 0.0, 0.0, 1.03846, 85.05116, 588028.13793, 0.0
591, 2.40235, 0.0, 0.0, 0.0, 1.04545, 83.89647, 586763.20465, 0.0
592, 2.36471, 0.0, 0.0, 0.0, 1.06667, 82.72941, 585479.85882, 0.0
593, 2.33175, 0.0, 0.0, 0.0, 1.0, 81.53791, 584221.40941, 0.0
594, 2.29594, 0.0, 0.0, 0.0, 1.0, 80.43675, 582964.19194, 0.0
595, 2.28019, 0.0, 0.0, 0.0, 1.0, 76.37923, 581711.93079, 0.0
596, 2.25182, 0.0, 0.0, 0.0, 1.0, 75.41889, 580448.51449, 0.0
597, 2.23114, 0.0, 0.0, 0.0, 1.0, 74.60584, 579200.71186, 0.0
598, 2.19268, 0.0, 0.0, 0.0, 1.0, 73.4561, 577947.84428, 0.0
599, 2.16296, 0.0, 0.0, 0.0, 1.0, 72.39753, 576712.59512, 0.0
600, 2.14392, 0.0, 0.0, 0.0, 1.0, 71.6799, 575450.60741, 0.0
601, 2.11692, 0.0, 0.0, 0.0, 1.0, 70.6194, 574205.40695, 0.0
602, 2.0875, 0.0, 0.0, 0.0, 1.0, 69.7675, 572968.10199, 0.0
603, 2.07035, 0.0, 0.0, 0.0, 1.0, 69.24623, 571735.0625, 0.0
604, 2.02799, 0.0, 0.0, 0.0, 1.03846, 67.90076, 570492.71106, 0.0
605, 1.99486, 0.0, 0.0, 0.0, 1.0, 66.66581, 569262.10687, 0.0
606, 1.98187, 0.0, 0.0, 0.0, 1.0, 66.15544, 568012.20051, 0.0
607, 1.97135, 0.0, 0.0, 0.0, 1.0, 65.78906, 566777.5285, 0.0
608, 1.95526, 0.0, 0.0, 0.0, 1.0, 65.16842, 565567.06771, 0.0
609, 1.92876, 0.0, 0.0, 0.0, 1.09091, 64.28496, 564349.16842, 0.0
610, 1.92, 0.0, 0.0, 0.0, 1.0, 63.976, 563145.12137, 0.0
611, 1.89544, 0.0, 0.0, 0.0, 1.0, 62.90349, 561922.528, 0.0
612, 1.88556, 0.0, 0.0, 0.0, 1.0, 62.6376, 560711.68097, 0.0
613, 1.87603, 0.0, 0.0, 0.0, 1.0, 62.3168, 559515.81199, 0.0
614, 1.85042, 0.0, 0.0, 0.0, 1.0, 61.48753, 558296.98072, 0.0
615, 1.8352, 0.0, 0.0, 0.0, 1.1, 59.92737, 557087.19114, 0.0
616, 1.81742, 0.0, 0.0, 0.0, 1.0, 59.23596, 555879.2933, 0.0
617, 1.80682, 0.0, 0.0, 0.0, 1.0, 58.97159, 554676.69382, 0.0
618, 1.78857, 0.0, 0.0, 0.0, 1.0, 58.33143, 553490.5, 0.0
619, 1.75862, 0.0, 0.0, 0.0, 1.0, 57.20115, 552287.85429, 0.0
620, 1.72254, 0.0, 0.0, 0.0, 1.0, 56.0289, 551106.91667, 0.0
621, 1.727, 0.0, 0.0, 0.0, 1.0, 56.26409, 549938.48266, 0.0
622, 1.7259, 0.0, 0.0, 0.0, 1.0, 56.25, 548730.00297, 0.0
623, 1.70821, 0.0, 0.0, 0.0, 1.0, 55.43769, 547547.31325, 0.0
624, 1.69018, 0.0, 0.0, 0.0, 1.0, 54.95399, 546358.90578, 0.0
625, 1.66358, 0.0, 0.0, 0.0, 1.0, 53.87037, 545198.88344, 0.0
626, 1.65217, 0.0, 0.0, 0.0, 1.0, 53.40683, 544020.83951, 0.0
627, 1.65094, 0.0, 0.0, 0.0, 1.0, 53.40566, 542848.61491, 0.0
628, 1.63722, 0.0, 0.0, 0.0, 1.0, 52.88644, 541683.20126, 0.0
629, 1.61076, 0.0, 0.0, 0.0, 1.0, 51.97468, 540510.19243, 0.0
630, 1.59873, 0.0, 0.0, 0.0, 1.0, 51.6051, 539350.62025, 0.0
631, 1.6039, 0.0, 0.0, 0.0, 1.0, 51.84416, 538196.16242, 0.0
632, 1.60596, 0.0, 0.0, 0.0, 1.0, 51.84768, 537012.93182, 0.0
633, 1.60133, 0.0, 0.0, 0.0, 1.0, 51.67442, 535840.18212, 0.0
634, 1.59396, 0.0, 0.0, 0.0, 1.0, 51.5, 534697.27907, 0.0
635, 1.58644, 0.0, 0.0, 0.0, 1.0, 51.30508, 533565.41275, 0.0
636, 1.5661, 0.0, 0.0, 0.0, 1.0, 50.67797, 532410.12203, 0.0
637, 1.56747, 0.0, 0.0, 0.0, 1.0, 50.70242, 531278.64746, 0.0
638, 1.54861, 0.0, 0.0, 0.0, 1.0, 50.11111, 530138.92042, 0.0
639, 1.55516, 0.0, 0.0, 0.0, 1.0, 50.36299, 529009.10417, 0.0
640, 1.55556, 0.0, 0.0, 0.0, 1.0, 50.37634, 527848.3452, 0.0
641, 1.54545, 0.0, 0.0, 0.0, 1.0, 50.04727, 526726.95699, 0.0
642, 1.52768, 0.0, 0.0, 0.0, 1.0, 49.46125, 525595.48, 0.0
643, 1.52593, 0.0, 0.0, 0.0, 1.0, 49.43333, 524454.84133, 0.0
644, 1.5206, 0.0, 0.0, 0.0, 1.0, 49.40824, 523336.46667, 0.0
645, 1.51128, 0.0, 0.0, 0.0, 1.0, 48.8609, 522197.30337, 0.0
646, 1.5019, 0.0, 0.0, 0.0, 1.0, 48.58935, 521086.27068, 0.0
647, 1.49808, 0.0, 0.0, 0.0, 1.0, 48.41762, 519955.75285, 0.0
648, 1.49225, 0.0, 0.0, 0.0, 1.0, 48.26357, 518844.83908, 0.0
649, 1.48627, 0.0, 0.0, 0.0, 1.0, 48.16078, 517740.5, 0.0
650, 1.48207, 0.0, 0.0, 0.0, 1.0, 48.01992, 516623.86275, 0.0
651, 1.48193, 0.0, 0.0, 0.0, 1.0, 48.02811, 515492.88446, 0.0
652, 1.46721, 0.0, 0.0, 0.0, 1.0, 46.95082, 514400.26104, 0.0
653, 1.46473, 0.0, 0.0, 0.0, 1.25, 47.09959, 513262.47541, 0.0
654, 1.4625, 0.0, 0.0, 0.0, 1.0, 47.09583, 512157.6971, 0.0
655, 1.4661, 0.0, 0.0, 0.0, 1.0, 47.22458, 511068.9, 0.0
656, 1.46983, 0.0, 0.0, 0.0, 1.0, 47.34914, 509976.00847, 0.0
657, 1.44589, 0.0, 0.0, 0.0, 1.0, 46.87879, 508869.10776, 0.0
658, 1.43913, 0.0, 0.0, 0.0, 1.0, 46.6913, 507756.94372, 0.0
659, 1.43231, 0.0, 0.0, 0.0, 1.0, 46.50218, 506659.07826, 0.0
660, 1.4185, 0.0, 0.0, 0.0, 1.0, 45.98238, 505547.11354, 0.0
661, 1.42411, 0.0, 0.0, 0.0, 1.0, 46.11161, 504457.04405, 0.0
662, 1.41629, 0.0, 0.0, 0.0, 1.0, 45.86878, 503376.86161, 0.0
663, 1.41014, 0.0, 0.0, 0.0, 1.0, 45.553, 502299.1991, 0.0
664, 1.40376, 0.0, 0.0, 0.0, 1.0, 45.1831, 501199.07373, 0.0
665, 1.39336, 0.0, 0.0, 0.0, 1.0, 44.89573, 500111.35681, 0.0
666, 1.38095, 0.0, 0.0, 0.0, 1.33333, 44.47619, 499009.20853, 0.0
667, 1.38164, 0.0, 0.0, 0.0, 1.0, 44.49275, 497938.19048, 0.0
668, 1.37745, 0.0, 0.0, 0.0, 1.0, 44.42157, 496855.47343, 0.0
669, 1.36364, 0.0, 0.0, 0.0, 1.0, 44.12626, 495794.48529, 0.0
670, 1.35533, 0.0, 0.0, 0.0, 1.0, 43.81726, 494720.9899, 0.0
671, 1.36082, 0.0, 0.0, 0.0, 1.0, 44.00515, 493657.61929, 0.0
672, 1.35938, 0.0, 0.0, 0.0, 1.0, 44.0, 492604.82474, 0.0
673, 1.35789, 0.0, 0.0, 0.0, 1.0, 44.04737, 491517.80208, 0.0
674, 1.33511, 0.0, 0.0, 0.0, 1.0, 43.61702, 490449.52632, 0.0
675, 1.33514, 0.0, 0.0, 0.0, 1.0, 43.74595, 489396.87234, 0.0
676, 1.31148, 0.0, 0.0, 0.0, 1.0, 43.29508, 488355.74054, 0.0
677, 1.30939, 0.0, 0.0, 0.0, 1.0, 43.37569, 487287.33333, 0.0
678, 1.30337, 0.0, 0.0, 0.0, 1.0, 43.42697, 486211.75138, 0.0
679, 1.29944, 0.0, 0.0, 0.0, 1.0, 43.42938, 485171.44944, 0.0
680, 1.28814, 0.0, 0.0, 0.0, 1.0, 43.11864, 484133.63277, 0.0
681, 1.28571, 0.0, 0.0, 0.0, 1.0, 43.05714, 483096.35593, 0.0
682, 1.26744, 0.0, 0.0, 0.0, 1.0, 42.61047, 482072.77714, 0.0
683, 1.27108, 0.0, 0.0, 0.0, 1.0, 43.3494, 481043.26744, 0.0
684, 1.26061, 0.0, 0.0, 0.0, 1.0, 43.13333, 479964.37952, 0.0
685, 1.2622, 0.0, 0.0, 0.0, 1.0, 43.12805, 478932.12121, 0.0
686, 1.25309, 0.0, 0.0, 0.0, 1.0, 42.99383, 477912.18293, 0.0
687, 1.26623, 0.0, 0.0, 0.0, 1.0, 43.24026, 476906.41975, 0.0
688, 1.2649, 0.0, 0.0, 0.0, 1.0, 43.27815, 475826.13636, 0.0
689, 1.26174, 0.0, 0.0, 0.0, 1.0, 43.06711, 474786.0, 0.0
690, 1.26351, 0.0, 0.0, 0.0, 1.0, 43.10135, 473771.34228, 0.0
691, 1.25517, 0.0, 0.0, 0.0, 1.0, 43.14483, 472748.34459, 0.0
692, 1.23776, 0.0, 0.0, 0.0, 1.0, 42.67832, 471695.06897, 0.0
693, 1.22535, 0.0, 0.0, 0.0, 1.0, 42.24648, 470675.1049, 0.0
694, 1.21583, 0.0, 0.0, 0.0, 1.0, 42.16547, 469679.48592, 0.0
695, 1.21324, 0.0, 0.0, 0.0, 1.0, 42.27206, 468677.89209, 0.0
696, 1.21642, 0.0, 0.0, 0.0, 1.0, 42.10448, 467675.20588, 0.0
697, 1.20301, 0.0, 0.0, 0.0, 1.0, 41.69173, 466649.44776, 0.0
698, 1.19697, 0.0, 0.0, 0.0, 1.0, 41.68182, 465634.09023, 0.0
699, 1.18939, 0.0, 0.0, 0.0, 1.0, 41.37121, 464633.4697, 0.0
700, 1.17829, 0.0, 0.0, 0.0, 1.0, 41.42636, 463643.31818, 0.0
701, 1.18254, 0.0, 0.0, 0.0, 1.0, 41.66667, 462661.0155, 0.0
702, 1.176, 0.0, 0.0, 0.0, 1.0, 41.496, 461650.13492, 0.0
703, 1.168, 0.0, 0.0, 0.0, 1.0, 41.136, 460660.576, 0.0
704, 1.168, 0.0, 0.0, 0.0, 0.0, 41.104, 459671.488, 0.0
705, 1.16393, 0.0, 0.0, 0.0, 1.0, 41.13934, 458698.792, 0.0
706, 1.16667, 0.0, 0.0, 0.0, 1.0, 41.325, 457680.48361, 0.0
707, 1.16807, 0.0, 0.0, 0.0, 1.0, 41.42857, 456677.63333, 0.0
708, 1.16102, 0.0, 0.0, 0.0, 1.0, 41.16102, 455672.05042, 0.0
709, 1.15652, 0.0, 0.0, 0.0, 1.0, 41.4087, 454713.5, 0.0
710, 1.14912, 0.0, 0.0, 0.0, 1.0, 41.32456, 453698.66087, 0.0
711, 1.15179, 0.0, 0.0, 0.0, 1.0, 41.74107, 452736.03509, 0.0
712, 1.14545, 0.0, 0.0, 0.0, 1.0, 42.14545, 451756.15179, 0.0
713, 1.13761, 0.0, 0.0, 0.0, 1.0, 41.89908, 450751.59091, 0.0
714, 1.14019, 0.0, 0.0, 0.0, 1.0, 42.03738, 449800.43119, 0.0
715, 1.14151, 0.0, 0.0, 0.0, 1.0, 42.16038, 448803.70093, 0.0
716, 1.14151, 0.0, 0.0, 0.0, 0.0, 42.0566, 447801.20755, 0.0
717, 1.13208, 0.0, 0.0, 0.0, 1.0, 41.66038, 446838.90566, 0.0
718, 1.13333, 0.0, 0.0, 0.0, 1.0, 41.77143, 445880.66981, 0.0
719, 1.13462, 0.0, 0.0, 0.0, 1.0, 41.98077, 444894.89524, 0.0
720, 1.13462, 0.0, 0.0, 0.0, 0.0, 41.875, 443938.625, 0.0
721, 1.11538, 0.0, 0.0, 0.0, 1.0, 41.59615, 442983.29808, 0.0
722, 1.1165, 0.0, 0.0, 0.0, 1.0, 41.64078, 442035.84615, 0.0
723, 1.11765, 0.0, 0.0, 0.0, 1.0, 41.97059, 441069.56311, 0.0
724, 1.11881, 0.0, 0.0, 0.0, 1.0, 42.0198, 440127.02941, 0.0
725, 1.11881, 0.0, 0.0, 0.0, 0.0, 41.91089, 439199.0297, 0.0
726, 1.11111, 0.0, 0.0, 0.0, 1.0, 41.91919, 438262.33663, 0.0
727, 1.11111, 0.0, 0.0, 0.0, 0.0, 41.78788, 437322.47475, 0.0
728, 1.11111, 0.0, 0.0, 0.0, 0.0, 41.69697, 436376.24242, 0.0
729, 1.10101, 0.0, 0.0, 0.0, 1.0, 41.60606, 435435.09091, 0.0
730, 1.08247, 0.0, 0.0, 0.0, 1.0, 41.91753, 434509.0202, 0.0
731, 1.08247, 0.0, 0.0, 0.0, 0.0, 41.78351, 433578.8866, 0.0
732, 1.08247, 0.0, 0.0, 0.0, 0.0, 41.68041, 432645.63918, 0.0
733, 1.07368, 0.0, 0.0, 0.0, 1.0, 41.52632, 431724.23711, 0.0
734, 1.07368, 0.0, 0.0, 0.0, 0.0, 41.47368, 430752.29474, 0.0
735, 1.07447, 0.0, 0.0, 0.0, 1.0, 41.56383, 429832.74737, 0.0
736, 1.07527, 0.0, 0.0, 0.0, 1.0, 41.69892, 428892.85106, 0.0
737, 1.07692, 0.0, 0.0, 0.0, 1.0, 42.1978, 427986.53763, 0.0
738, 1.06667, 0.0, 0.0, 0.0, 1.0, 42.11111, 427072.89011, 0.0
739, 1.05556, 0.0, 0.0, 0.0, 1.0, 41.71111, 426159.81111, 0.0
740, 1.05682, 0.0, 0.0, 0.0, 1.0, 42.13636, 425252.21111, 0.0
741, 1.05814, 0.0, 0.0, 0.0, 1.0, 42.47674, 424349.09091, 0.0
742, 1.05882, 0.0, 0.0, 0.0, 1.0, 42.63529, 423434.7093, 0.0
743, 1.06024, 0.0, 0.0, 0.0, 1.0, 43.20482, 422563.64706, 0.0
744, 1.06098, 0.0, 0.0, 0.0, 1.0, 43.67073, 421635.22892, 0.0
745, 1.06098, 0.0, 0.0, 0.0, 0.0, 43.54878, 420705.9878, 0.0
746, 1.0641, 0.0, 0.0, 0.0, 1.0, 44.87179, 419825.54878, 0.0
747, 1.06494, 0.0, 0.0, 0.0, 1.0, 45.14286, 418919.80769, 0.0
748, 1.05263, 0.0, 0.0, 0.0, 1.0, 45.13158, 418054.24675, 0.0
749, 1.05263, 0.0, 0.0, 0.0, 0.0, 45.02632, 417152.30263, 0.0
750, 1.0411, 0.0, 0.0, 0.0, 1.0, 45.68493, 416274.57895, 0.0
751, 1.04167, 0.0, 0.0, 0.0, 1.0, 45.88889, 415373.28767, 0.0
752, 1.04225, 0.0, 0.0, 0.0, 1.0, 46.1831, 414448.31944, 0.0
753, 1.04286, 0.0, 0.0, 0.0, 1.0, 46.41429, 413556.43662, 0.0
754, 1.04348, 0.0, 0.0, 0.0, 1.0, 46.66667, 412655.17143, 0.0
755, 1.02985, 0.0, 0.0, 0.0, 1.0, 46.79104, 411760.08696, 0.0
756, 1.02985, 0.0, 0.0, 0.0, 0.0, 46.74627, 410831.37313, 0.0
757, 1.0303, 0.0, 0.0, 0.0, 1.0, 47.0303, 409951.22388, 0.0
758, 1.03077, 0.0, 0.0, 0.0, 1.0, 47.23077, 409075.27273, 0.0
759, 1.03125, 0.0, 0.0, 0.0, 1.0, 47.45313, 408225.18462, 0.0
760, 1.03333, 0.0, 0.0, 0.0, 1.0, 48.93333, 407374.26563, 0.0
761, 1.0339, 0.0, 0.0, 0.0, 1.0, 49.37288, 406354.33333, 0.0
762, 1.03448, 0.0, 0.0, 0.0, 1.0, 23.13793, 405482.22034, 0.0
763, 1.03448, 0.0, 0.0, 0.0, 0.0, 23.08621, 404560.87931, 0.0
764, 1.03571, 0.0, 0.0, 0.0, 1.0, 23.23214, 403696.94828, 0.0
765, 1.01786, 0.0, 0.0, 0.0, 1.0, 22.82143, 402793.96429, 0.0
766, 1.01818, 0.0, 0.0, 0.0, 1.0, 22.81818, 401939.71429, 0.0
767, 1.01852, 0.0, 0.0, 0.0, 1.0, 22.62963, 401088.83636, 0.0
768, 1.01852, 0.0, 0.0, 0.0, 0.0, 22.5, 400167.07407, 0.0
769, 1.01852, 0.0, 0.0, 0.0, 0.0, 22.46296, 399301.11111, 0.0
770, 1.01923, 0.0, 0.0, 0.0, 1.0, 22.40385, 398464.24074, 0.0
771, 1.01923, 0.0, 0.0, 0.0, 0.0, 22.36538, 397589.13462, 0.0
772, 1.01961, 0.0, 0.0, 0.0, 1.0, 22.39216, 396739.94231, 0.0
773, 1.02, 0.0, 0.0, 0.0, 1.0, 22.48, 395928.07843, 0.0
774, 1.02083, 0.0, 0.0, 0.0, 1.0, 22.33333, 395094.9, 0.0
775, 1.02128, 0.0, 0.0, 0.0, 1.0, 22.25532, 394231.77083, 0.0
776, 1.02128, 0.0, 0.0, 0.0, 0.0, 22.21277, 393412.95745, 0.0
777, 1.02128, 0.0, 0.0, 0.0, 0.0, 22.17021, 392566.44681, 0.0
778, 1.02174, 0.0, 0.0, 0.0, 1.0, 22.23913, 391725.14894, 0.0
779, 1.02222, 0.0, 0.0, 0.0, 1.0, 22.11111, 390880.0, 0.0
780, 1.0, 0.0, 0.0, 0.0, 1.0, 21.47727, 390071.66667, 0.0
781, 1.0, 0.0, 0.0, 0.0, 0.0, 21.36364, 389216.86364, 0.0
782, 1.0, 0.0, 0.0, 0.0, 0.0, 21.31818, 388372.81818, 0.0
783, 1.0, 0.0, 0.0, 0.0, 1.0, 21.78571, 387551.43182, 0.0
784, 1.0, 0.0, 0.0, 0.0, 1.0, 21.7561, 386733.7619, 0.0
785, 1.0, 0.0, 0.0, 0.0, 1.0, 21.53846, 385872.87805, 0.0
786, 1.0, 0.0, 0.0, 0.0, 0.0, 21.46154, 384993.28205, 0.0
787, 1.0, 0.0, 0.0, 0.0, 1.0, 19.91667, 384205.94872, 0.0
788, 1.0, 0.0, 0.0, 0.0, 1.0, 19.79412, 383398.72222, 0.0
789, 1.0, 0.0, 0.0, 0.0, 0.0, 19.76471, 382582.76471, 0.0
790, 1.0, 0.0, 0.0, 0.0, 0.0, 19.73529, 381765.35294, 0.0
791, 1.0, 0.0, 0.0, 0.0, 1.0, 19.375, 380948.55882, 0.0
792, 1.0, 0.0, 0.0, 0.0, 0.0, 19.3125, 380101.46875, 0.0
793, 1.0, 0.0, 0.0, 0.0, 0.0, 19.21875, 379286.96875, 0.0
794, 1.0, 0.0, 0.0, 0.0, 0.0, 19.15625, 378480.875, 0.0
795, 1.0, 0.0, 0.0, 0.0, 0.0, 19.15625, 377659.5625, 0.0
796, 1.0, 0.0, 0.0, 0.0, 1.0, 19.13333, 376862.5625, 0.0
797, 1.0, 0.0, 0.0, 0.0, 0.0, 19.13333, 375986.6, 0.0
798, 1.0, 0.0, 0.0, 0.0, 0.0, 19.13333, 375175.2, 0.0
799, 1.0, 0.0, 0.0, 0.0, 0.0, 19.03333, 374375.36667, 0.0
800, 1.0, 0.0, 0.0, 0.0, 0.0, 19.03333, 373564.53333, 0.0
801, 1.0, 0.0, 0.0, 0.0, 0.0, 19.0, 372752.33333, 0.0
802, 1.0, 0.0, 0.0, 0.0, 0.0, 18.96667, 371944.53333, 0.0
803, 1.0, 0.0, 0.0, 0.0, 1.0, 18.89655, 371165.26667, 0.0
804, 1.0, 0.0, 0.0, 0.0, 0.0, 18.89655, 370182.72414, 0.0
805, 1.0, 0.0, 0.0, 0.0, 1.0, 18.75, 369410.75862, 0.0
806, 1.0, 0.0, 0.0, 0.0, 0.0, 18.64286, 368632.39286, 0.0
807, 1.0, 0.0, 0.0, 0.0, 0.0, 18.57143, 367842.28571, 0.0
808, 1.0, 0.0, 0.0, 0.0, 0.0, 18.53571, 367050.21429, 0.0
809, 1.0, 0.0, 0.0, 0.0, 0.0, 18.5, 366254.17857, 0.0
810, 1.0, 0.0, 0.0, 0.0, 0.0, 18.39286, 365458.5, 0.0
811, 1.0, 0.0, 0.0, 0.0, 1.0, 18.03704, 364696.82143, 0.0
812, 1.0, 0.0, 0.0, 0.0, 1.0, 17.92308, 363948.77778, 0.0
813, 1.0, 0.0, 0.0, 0.0, 1.0, 18.6, 363120.57692, 0.0
814, 1.0, 0.0, 0.0, 0.0, 0.0, 18.6, 362368.8, 0.0
815, 1.0, 0.0, 0.0, 0.0, 1.0, 18.54167, 361586.76, 0.0
816, 1.0, 0.0, 0.0, 0.0, 0.0, 18.5, 360840.125, 0.0
817, 1.0, 0.0, 0.0, 0.0, 0.0, 18.5, 360063.875, 0.0
818, 1.0, 0.0, 0.0, 0.0, 0.0, 18.5, 359285.45833, 0.0
819, 1.0, 0.0, 0.0, 0.0, 0.0, 18.5, 358510.875, 0.0
820, 1.0, 0.0, 0.0, 0.0, 0.0, 18.5, 357730.25, 0.0
821, 1.0, 0.0, 0.0, 0.0, 1.0, 18.73913, 356972.625, 0.0
822, 1.0, 0.0, 0.0, 0.0, 0.0, 18.73913, 356137.04348, 0.0
823, 1.0, 0.0, 0.0, 0.0, 0.0, 18.73913, 355365.6087, 0.0
824, 1.0, 0.0, 0.0, 0.0, 0.0, 18.69565, 354601.04348, 0.0
825, 1.0, 0.0, 0.0, 0.0, 0.0, 18.6087, 353842.6087, 0.0
826, 1.0, 0.0, 0.0, 0.0, 0.0, 18.56522, 353084.73913, 0.0
827, 1.0, 0.0, 0.0, 0.0, 0.0, 18.52174, 352313.95652, 0.0
828, 1.0, 0.0, 0.0, 0.0, 0.0, 18.47826, 351550.21739, 0.0
829, 1.0, 0.0, 0.0, 0.0, 1.0, 18.5, 350812.73913, 0.0
830, 1.0, 0.0, 0.0, 0.0, 0.0, 18.36364, 349984.68182, 0.0
831, 1.0, 0.0, 0.0, 0.0, 0.0, 18.31818, 349236.36364, 0.0
832, 1.0, 0.0, 0.0, 0.0, 1.0, 17.90476, 348505.72727, 0.0
833, 1.0, 0.0, 0.0, 0.0, 0.0, 17.7619, 347803.33333, 0.0
834, 1.0, 0.0, 0.0, 0.0, 0.0, 17.71429, 347038.14286, 0.0
835, 1.0, 0.0, 0.0, 0.0, 0.0, 17.66667, 346296.52381, 0.0
836, 1.0, 0.0, 0.0, 0.0, 1.0, 18.5, 345550.28571, 0.0
837, 1.0, 0.0, 0.0, 0.0, 0.0, 18.3, 344824.35, 0.0
838, 1.0, 0.0, 0.0, 0.0, 0.0, 18.2, 344070.4, 0.0
839, 1.0, 0.0, 0.0, 0.0, 0.0, 18.2, 343327.5, 0.0
840, 1.0, 0.0, 0.0, 0.0, 0.0, 18.2, 342587.2, 0.0
841, 1.0, 0.0, 0.0, 0.0, 0.0, 18.2, 341848.85, 0.0
842, 1.0, 0.0, 0.0, 0.0, 0.0, 18.15, 341114.65, 0.0
843, 1.0, 0.0, 0.0, 0.0, 0.0, 18.05, 340384.5, 0.0
844, 1.0, 0.0, 0.0, 0.0, 0.0, 18.05, 339642.95, 0.0
845, 1.0, 0.0, 0.0, 0.0, 0.0, 18.05, 338906.0, 0.0
846, 1.0, 0.0, 0.0, 0.0, 0.0, 18.0, 338182.35, 0.0
847, 1.0, 0.0, 0.0, 0.0, 1.0, 18.05263, 337483.35, 0.0
848, 1.0, 0.0, 0.0, 0.0, 0.0, 17.94737, 336715.94737, 0.0
849, 1.0, 0.0, 0.0, 0.0, 0.0, 17.94737, 335997.31579, 0.0
850, 1.0, 0.0, 0.0, 0.0, 0.0, 17.94737, 335282.05263, 0.0
851, 1.0, 0.0, 0.0, 0.0, 0.0, 17.94737, 334554.10526, 0.0
852, 1.0, 0.0, 0.0, 0.0, 1.0, 17.77778, 333864.15789, 0.0
853, 1.0, 0.0, 0.0, 0.0, 0.0, 17.77778, 333200.88889, 0.0
854, 1.0, 0.0, 0.0, 0.0, 0.0, 17.77778, 332474.55556, 0.0
855, 1.0, 0.0, 0.0, 0.0, 1.0, 17.88235, 331780.33333, 0.0
856, 1.0, 0.0, 0.0, 0.0, 0.0, 17.88235, 331108.23529, 0.0
857, 1.0, 0.0, 0.0, 0.0, 0.0, 17.82353, 330388.58824, 0.0
858, 1.0, 0.0, 0.0, 0.0, 1.0, 17.5625, 329695.41176, 0.0
859, 1.0, 0.0, 0.0, 0.0, 0.0, 17.5, 329015.875, 0.0
860, 1.0, 0.0, 0.0, 0.0, 1.0, 17.2, 328343.3125, 0.0
861, 1.0, 0.0, 0.0, 0.0, 0.0, 17.2, 327507.0, 0.0
862, 1.0, 0.0, 0.0, 0.0, 0.0, 17.0, 326790.13333, 0.0
863, 1.0, 0.0, 0.0, 0.0, 1.0, 16.64286, 326130.33333, 0.0
864, 1.0, 0.0, 0.0, 0.0, 1.0, 16.23077, 325452.78571, 0.0
865, 1.0, 0.0, 0.0, 0.0, 0.0, 16.15385, 324744.92308, 0.0
866, 1.0, 0.0, 0.0, 0.0, 0.0, 16.15385, 324057.46154, 0.0
867, 1.0, 0.0, 0.0, 0.0, 0.0, 16.15385, 323362.61538, 0.0
868, 1.0, 0.0, 0.0, 0.0, 0.0, 16.07692, 322653.07692, 0.0
869, 1.0, 0.0, 0.0, 0.0, 0.0, 16.07692, 321968.0, 0.0
870, 1.0, 0.0, 0.0, 0.0, 0.0, 16.0, 321280.15385, 0.0
871, 1.0, 0.0, 0.0, 0.0, 0.0, 16.0, 320579.76923, 0.0
872, 1.0, 0.0, 0.0, 0.0, 0.0, 16.0, 319902.0, 0.0
873, 1.0, 0.0, 0.0, 0.0, 0.0, 15.92308, 319199.92308, 0.0
874, 1.0, 0.0, 0.0, 0.0, 0.0, 15.92308, 318518.0, 0.0
875, 1.0, 0.0, 0.0, 0.0, 0.0, 15.92308, 317846.15385, 0.0
876, 1.0, 0.0, 0.0, 0.0, 0.0, 15.92308, 317162.46154, 0.0
877, 1.0, 0.0, 0.0, 0.0, 1.0, 15.25, 316522.46154, 0.0
878, 1.0, 0.0, 0.0, 0.0, 1.0, 15.09091, 315861.83333, 0.0
879, 1.0, 0.0, 0.0, 0.0, 1.0, 16.5, 315252.0, 0.0
880, 1.0, 0.0, 0.0, 0.0, 1.0, 16.44444, 314673.5, 0.0
881, 1.0, 0.0, 0.0, 0.0, 0.0, 16.44444, 314107.11111, 0.0
882, 1.0, 0.0, 0.0, 0.0, 0.0, 16.44444, 313440.22222, 0.0
883, 1.0, 0.0, 0.0, 0.0, 0.0, 16.44444, 312771.66667, 0.0
884, 1.0, 0.0, 0.0, 0.0, 0.0, 16.44444, 312103.44444, 0.0
885, 1.0, 0.0, 0.0, 0.0, 0.0, 16.33333, 311441.0, 0.0
886, 1.0, 0.0, 0.0, 0.0, 1.0, 16.125, 310841.0, 0.0
887, 1.0, 0.0, 0.0, 0.0, 0.0, 16.125, 309920.5, 0.0
888, 1.0, 0.0, 0.0, 0.0, 0.0, 16.125, 309247.625, 0.0
889, 1.0, 0.0, 0.0, 0.0, 0.0, 16.125, 308588.875, 0.0
890, 1.0, 0.0, 0.0, 0.0, 0.0, 16.125, 307902.375, 0.0
891, 1.0, 0.0, 0.0, 0.0, 0.0, 16.125, 307236.5, 0.0
892, 1.0, 0.0, 0.0, 0.0, 0.0, 16.125, 306582.75, 0.0
893, 1.0, 0.0, 0.0, 0.0, 0.0, 16.125, 305948.125, 0.0
894, 1.0, 0.0, 0.0, 0.0, 0.0, 16.125, 305285.875, 0.0
895, 1.0, 0.0, 0.0, 0.0, 0.0, 16.125, 304636.5, 0.0
896, 1.0, 0.0, 0.0, 0.0, 1.0, 15.85714, 304034.375, 0.0
897, 1.0, 0.0, 0.0, 0.0, 0.0, 15.85714, 303424.57143, 0.0
898, 1.0, 0.0, 0.0, 0.0, 0.0, 15.85714, 302772.28571, 0.0
899, 1.0, 0.0, 0.0, 0.0, 0.0, 15.85714, 302143.71429, 0.0
900, 1.0, 0.0, 0.0, 0.0, 0.0, 15.85714, 301510.71429, 0.0
901, 1.0, 0.0, 0.0, 0.0, 0.0, 15.85714, 300854.57143, 0.0
902, 1.0, 0.0, 0.0, 0.0, 0.0, 15.85714, 300211.0, 0.0
903, 1.0, 0.0, 0.0, 0.0, 0.0, 15.85714, 299547.0, 0.0
904, 1.0, 0.0, 0.0, 0.0, 1.0, 15.66667, 298924.85714, 0.0
905, 1.0, 0.0, 0.0, 0.0, 0.0, 15.66667, 298125.33333, 0.0
906, 1.0, 0.0, 0.0, 0.0, 0.0, 15.66667, 297486.33333, 0.0
907, 1.0, 0.0, 0.0, 0.0, 0.0, 15.66667, 296847.5, 0.0
908, 1.0, 0.0, 0.0, 0.0, 0.0, 15.66667, 296208.33333, 0.0
909, 1.0, 0.0, 0.0, 0.0, 0.0, 15.66667, 295565.66667, 0.0
910, 1.0, 0.0, 0.0, 0.0, 0.0, 15.66667, 294919.16667, 0.0
911, 1.0, 0.0, 0.0, 0.0, 0.0, 15.66667, 294295.5, 0.0
912, 1.0, 0.0, 0.0, 0.0, 0.0, 15.66667, 293666.83333, 0.0
913, 1.0, 0.0, 0.0, 0.0, 0.0, 15.66667, 293024.16667, 0.0
914, 1.0, 0.0, 0.0, 0.0, 0.0, 15.66667, 292379.66667, 0.0
915, 1.0, 0.0, 0.0, 0.0, 0.0, 15.66667, 291739.5, 0.0
916, 1.0, 0.0, 0.0, 0.0, 0.0, 15.66667, 291104.16667, 0.0
917, 1.0, 0.0, 0.0, 0.0, 0.0, 15.66667, 290484.0, 0.0
918, 1.0, 0.0, 0.0, 0.0, 0.0, 15.66667, 289862.66667, 0.0
919, 1.0, 0.0, 0.0, 0.0, 0.0, 15.66667, 289248.0, 0.0
920, 1.0, 0.0, 0.0, 0.0, 0.0, 15.66667, 288630.5, 0.0
921, 1.0, 0.0, 0.0, 0.0, 0.0, 15.66667, 288000.0, 0.0
922, 1.0, 0.0, 0.0, 0.0, 0.0, 15.66667, 287387.0, 0.0
923, 1.0, 0.0, 0.0, 0.0, 1.0, 15.4, 286791.0, 0.0
924, 1.0, 0.0, 0.0, 0.0, 0.0, 15.4, 286259.4, 0.0
925, 1.0, 0.0, 0.0, 0.0, 0.0, 15.4, 285655.6, 0.0
926, 1.0, 0.0, 0.0, 0.0, 0.0, 15.4, 285031.0, 0.0
927, 1.0, 0.0, 0.0, 0.0, 0.0, 15.4, 284415.0, 0.0
928, 1.0, 0.0, 0.0, 0.0, 0.0, 15.2, 283805.2, 0.0
929, 1.0, 0.0, 0.0, 0.0, 0.0, 15.2, 283200.2, 0.0
930, 1.0, 0.0, 0.0, 0.0, 0.0, 15.2, 282593.0, 0.0
931, 1.0, 0.0, 0.0, 0.0, 0.0, 15.2, 281995.8, 0.0
932, 1.0, 0.0, 0.0, 0.0, 0.0, 15.2, 281370.8, 0.0
933, 1.0, 0.0, 0.0, 0.0, 0.0, 15.2, 280737.6, 0.0
934, 1.0, 0.0, 0.0, 0.0, 0.0, 15.2, 280106.2, 0.0
935, 1.0, 0.0, 0.0, 0.0, 0.0, 15.2, 279488.6, 0.0
936, 1.0, 0.0, 0.0, 0.0, 1.0, 13.5, 278962.2, 0.0
937, 1.0, 0.0, 0.0, 0.0, 0.0, 13.5, 278119.25, 0.0
938, 1.0, 0.0, 0.0, 0.0, 0.0, 13.5, 277518.5, 0.0
939, 1.0, 0.0, 0.0, 0.0, 0.0, 13.5, 276954.75, 0.0
940, 1.0, 0.0, 0.0, 0.0, 0.0, 13.5, 276341.75, 0.0
941, 1.0, 0.0, 0.0, 0.0, 0.0, 13.5, 275748.25, 0.0
942, 1.0, 0.0, 0.0, 0.0, 0.0, 13.5, 275149.75, 0.0
943, 1.0, 0.0, 0.0, 0.0, 0.0, 13.5, 274571.25, 0.0
944, 1.0, 0.0, 0.0, 0.0, 1.0, 10.66667, 274051.5, 0.0
945, 1.0, 0.0, 0.0, 0.0, 1.0, 15.0, 273500.33333, 0.0
946, 1.0, 0.0, 0.0, 0.0, 0.0, 15.0, 272631.0, 0.0
947, 1.0, 0.0, 0.0, 0.0, 0.0, 15.0, 272033.5, 0.0
948, 1.0, 0.0, 0.0, 0.0, 0.0, 15.0, 271404.0, 0.0
949, 1.0, 0.0, 0.0, 0.0, 0.0, 15.0, 270803.5, 0.0
950, 1.0, 0.0, 0.0, 0.0, 0.0, 15.0, 270223.0, 0.0
951, 1.0, 0.0, 0.0, 0.0, 0.0, 14.5, 269623.5, 0.0
952, 1.0, 0.0, 0.0, 0.0, 0.0, 14.5, 269039.0, 0.0
953, 1.0, 0.0, 0.0, 0.0, 0.0, 14.5, 268462.5, 0.0
954, 1.0, 0.0, 0.0, 0.0, 0.0, 14.5, 267858.5, 0.0
955, 1.0, 0.0, 0.0, 0.0, 0.0, 14.0, 267292.5, 0.0
956, 1.0, 0.0, 0.0, 0.0, 0.0, 14.0, 266727.0, 0.0
957, 1.0, 0.0, 0.0, 0.0, 1.0, 16.0, 266221.5, 0.0
958, 1.0, 0.0, 0.0, 0.0, 0.0, 16.0, 265422.0, 0.0
959, 1.0, 0.0, 0.0, 0.0, 0.0, 16.0, 264836.0, 0.0
960, 1.0, 0.0, 0.0, 0.0, 0.0, 16.0, 264254.0, 0.0
961, 1.0, 0.0, 0.0, 0.0, 0.0, 16.0, 263702.0, 0.0
962, 1.0, 0.0, 0.0, 0.0, 0.0, 16.0, 263135.0, 0.0
963, 1.0, 0.0, 0.0, 0.0, 0.0, 16.0, 262607.0, 0.0
964, 1.0, 0.0, 0.0, 0.0, 0.0, 16.0, 262065.0, 0.0
965, 1.0, 0.0, 0.0, 0.0, 0.0, 16.0, 261520.0, 0.0
966, 1.0, 0.0, 0.0, 0.0, 0.0, 16.0, 260986.0, 0.0
967, 1.0, 0.0, 0.0, 0.0, 0.0, 16.0, 260465.0, 0.0
968, 1.0, 0.0, 0.0, 0.0, 0.0, 16.0, 259846.0, 0.0
969, 1.0, 0.0, 0.0, 0.0, 0.0, 16.0, 259314.0, 0.0
970, 1.0, 0.0, 0.0, 0.0, 0.0, 16.0, 258729.0, 0.0
971, 1.0, 0.0, 0.0, 0.0, 0.0, 16.0, 258141.0, 0.0
972, 1.0, 0.0, 0.0, 0.0, 0.0, 16.0, 257627.0, 0.0
973, 0.0, 0.0, 0.0, 0.0, 1.0, 0.0, 257487.0, 0.0
